 - Execucao 0
 -- BestCostGenaration: [-208.79415658899848, -254.9447308765446, -323.8433679536238, -403.6640530059241, -521.604463123642, -565.0316894597477, -634.4236830834021, -683.3375363706737, -710.8791455362427, -732.1484037643405, -777.4273696040555, -787.9231368386105, -813.2894609868581, -823.270305980117, -832.6456948240361, -859.6428272650718, -896.7062989638914, -896.9917798896824, -907.3786842474271, -914.830490391799, -921.4053257128126, -926.0827752630942, -929.8510856925883, -930.5840397162985, -937.416855446296, -939.6397678062995, -941.5283116262978]
 -- BestCostElement: [-941.52831163 -941.52831163 -941.52831163 -941.52831163]
 -- BestRoute: [array([ 0, 12,  6,  5,  2]) array([ 0, 19, 14, 15,  9,  8,  3,  4])
 array([ 0, 27, 31, 34, 43, 41, 36, 25, 28, 40])
 array([ 0, 26, 33, 32, 39, 44, 42, 38, 30, 24, 29, 37])]
 -- Custo: 
 ---------14.192264328405384
 ---------19.46761933967883
 ---------22.785844453984343
 ---------26.672193971357014
 ---- Total: 83.11792209342558
 -- Premio: 
 ---------29.0
 ---------40.0
 ---------59.0
 ---------54.0
 ---- Total: 182.0
 - Execucao 1
 -- BestCostGenaration: [-138.31155992660763, -210.5866692953057, -343.974406083482, -381.21515966157034, -532.8905411329636, -582.7514373071342, -621.3746591332766, -634.237854725254, -701.6227209277089, -744.0669917956429, -748.2967738724333, -781.0745283503121, -795.5419654103692, -818.852623518183, -841.6569434891513, -876.946551350989, -886.8526235181831, -901.5741984480294, -912.510683486053, -919.9483281660699, -931.5830485468915, -941.2604466858882, -945.7190417952116, -954.8538292365608, -959.7190417952116, -968.2174628228015, -969.826332591112, -973.540120737576, -974.2174628228015]
 -- BestCostElement: [-974.21746282 -974.21746282 -974.21746282 -974.21746282]
 -- BestRoute: [array([ 0, 21, 18, 17, 13,  5,  2])
 array([ 0, 19, 14, 15,  9,  8,  3,  4])
 array([ 0, 27, 31, 34, 43, 41, 25, 28, 36, 40])
 array([ 0, 26, 24, 30, 32, 33, 44, 39, 42, 38, 29, 37])]
 -- Custo: 
 ---------14.883627011906741
 ---------19.46761933967883
 ---------23.436125993857228
 ---------25.908261948856808
 ---- Total: 83.69563429429961
 -- Premio: 
 ---------34.0
 ---------40.0
 ---------59.0
 ---------54.0
 ---- Total: 187.0
 - Execucao 2
 -- BestCostGenaration: [-197.87805040204032, -277.2389551869314, -322.02301699830184, -391.192588995212, -471.0704362615072, -549.8317650720205, -636.1883368253764, -695.9836598876855, -701.9106724672041, -743.1406148477256, -756.7063413961682, -780.2716609955202, -797.4492522749493, -826.5049803649501, -855.1061065244417, -856.8216484410655, -869.4755431134274, -887.8899041715736, -916.9270850319153, -923.8821605627547, -934.2732907944443, -944.4375154873163, -944.9906571656259, -948.8363893278248, -950.3152556864744, -950.4375154873163, -954.4189682576572]
 -- BestCostElement: [-954.41896826 -954.41896826 -954.41896826 -954.41896826]
 -- BestRoute: [array([ 0, 12,  6,  5,  2]) array([ 0, 19, 14,  7,  3,  8, 15,  9,  4])
 array([ 0, 27, 25, 28, 31, 34, 43, 41, 36, 40])
 array([ 0, 26, 30, 32, 33, 44, 39, 42, 38, 29, 24, 37])]
 -- Custo: 
 ---------14.192264328405384
 ---------18.7681824194246
 ---------21.362335676525817
 ---------27.322475511229904
 ---- Total: 81.6452579355857
 -- Premio: 
 ---------29.0
 ---------41.0
 ---------59.0
 ---------54.0
 ---- Total: 183.0
 - Execucao 3
 -- BestCostGenaration: [-139.4081305390611, -230.29753242852007, -289.66686780809624, -420.03939635065467, -420.98121152044877, -515.764526645635, -531.4216196164871, -596.4154481548774, -660.9891634731837, -681.7017458126769, -714.2845115784237, -728.7389266730186, -757.4948442652291, -779.6833854189322, -793.6833854189322, -827.712822670455, -841.712822670455, -843.6013664904533]
 -- BestCostElement: [-843.60136649 -843.60136649 -843.60136649 -843.60136649]
 -- BestRoute: [array([ 0, 21, 18, 17, 10,  2]) array([ 0, 19, 14, 15,  9,  8,  3,  4])
 array([ 0, 27, 25, 28, 36, 41, 43, 31, 34, 40])
 array([ 0, 12,  6, 11,  5, 13, 29, 37])]
 -- Custo: 
 ---------13.135562914111455
 ---------19.46761933967883
 ---------23.87433179682131
 ---------28.37214432677507
 ---- Total: 84.84965837738667
 -- Premio: 
 ---------23.0
 ---------40.0
 ---------59.0
 ---------47.0
 ---- Total: 169.0
 - Execucao 4
 -- BestCostGenaration: [-148.0559892434112, -275.21555953504975, -332.7772878616312, -397.02963518154195, -437.6847662143149, -514.7237627941043, -554.4018601777514, -606.9301594331562, -670.0625486151724, -713.2971977628088, -748.2549253817381, -765.4025731898319, -798.7346288944912, -826.4416152853893, -830.3688348574123, -848.922983975003, -860.2984104026478, -877.9552646521403, -888.8535142526991, -907.0710289432038, -914.9512714733262, -920.404227370898, -931.6765980397336, -933.565141859732, -944.2514333607471]
 -- BestCostElement: [-944.25143336 -944.25143336 -944.25143336 -944.25143336]
 -- BestRoute: [array([ 0, 12,  6,  5,  2]) array([ 0, 19, 14, 15,  8,  3,  9,  4])
 array([ 0, 27, 34, 31, 25, 28, 36, 41, 43, 40])
 array([ 0, 26, 24, 30, 29, 38, 42, 39, 32, 33, 44, 37])]
 -- Custo: 
 ---------14.192264328405384
 ---------18.044110562220304
 ---------21.257980408983922
 ---------28.942786360203613
 ---- Total: 82.43714165981322
 -- Premio: 
 ---------29.0
 ---------40.0
 ---------59.0
 ---------54.0
 ---- Total: 182.0
