 - Execucao 0
 -- BestCostGenaration: [-206.08023715496591, -304.79161534419444, -339.14552819000266, -379.6078983115691, -455.75834507907604, -505.4607743556014, -544.7176269203787, -577.2881011065366, -621.7117891724931, -656.9750900065175, -710.672038655225, -747.2662214443615, -776.2340038603584, -846.0728831482545, -858.9574762217153, -873.6700585612085, -878.7636719634017, -888.3991192877464, -907.326912810701, -928.4354094135721, -941.6404231400962, -954.1106127231343, -982.4382712560041, -999.7469658760126, -1002.0225820086553, -1009.4861464177347, -1025.403820125505, -1029.8144307536465, -1034.2923639455034, -1036.6217418574477, -1038.7710186094107, -1041.8122573887977, -1043.9615341407607]
 -- BestCostElement: [-1043.96153414 -1043.96153414 -1043.96153414 -1043.96153414]
 -- BestRoute: [array([ 0, 21, 18, 17, 13, 20, 10, 11, 12,  6,  5,  2])
 array([ 0, 19, 15,  8,  7,  3, 14, 22, 23, 16,  9,  4])
 array([ 0, 27, 31, 36, 41, 40, 28, 25, 34, 35, 44, 32, 26, 30, 38, 39, 37])]
 -- Custo: 
 ---------26.297840574279835
 ---------28.338100932346578
 ---------44.87367495818343
 ---- Total: 99.50961646480984
 -- Premio: 
 ---------63.0
 ---------48.0
 ---------95.0
 ---- Total: 206.0
 - Execucao 1
 -- BestCostGenaration: [-139.51379339195222, -232.69814461959996, -309.7984170079244, -355.2294091953247, -451.89233171993874, -507.44943532042385, -540.926140029393, -601.7146658880174, -652.6032883555704, -702.358313344613, -723.3882443678418, -771.4780936418497, -788.4554023096841, -807.1566569973002, -834.5289659919981, -858.5627415090389, -877.6184695990398, -894.1424505373628, -898.1162937067375, -900.8686065175631, -902.6355382586696, -925.7480419671895, -959.5836102201678, -981.4392898736303, -990.5585900973417, -1009.6727686519125, -1026.9017358478493, -1034.9662923025949, -1038.127185314354, -1042.209204242833, -1048.787371244959, -1050.127370582422, -1057.0004271847824, -1065.7687376142765, -1066.1264798479058, -1071.7833340973982, -1073.1339861432439, -1077.4773692072322, -1078.6265158182225, -1084.3205509280565, -1088.7984841199134]
 -- BestCostElement: [-1088.79848412 -1088.79848412 -1088.79848412 -1088.79848412]
 -- BestRoute: [array([ 0, 21, 12,  6, 11, 18, 17, 20, 13,  5, 10,  2])
 array([ 0, 19, 14, 22, 23, 16, 15,  8,  3,  9,  4])
 array([ 0, 27, 31, 25, 28, 36, 40, 41, 43, 34, 35, 26, 30, 38, 42, 44, 39,
       37])]
 -- Custo: 
 ---------25.8278989219059
 ---------24.516246517219884
 ---------44.95623353089587
 ---- Total: 95.30037897002165
 -- Premio: 
 ---------63.0
 ---------47.0
 ---------100.0
 ---- Total: 210.0
 - Execucao 2
 -- BestCostGenaration: [-155.6381866546871, -228.30037168633953, -280.7073098325353, -365.1300794721931, -411.8417795791155, -470.13137748734346, -592.5464069637743, -633.7328737794315, -679.7741033554661, -717.3265755522201, -761.5042259601446, -796.4849180890512, -832.6920284119747, -843.1638378070336, -905.4662340248194, -952.6430014601578, -960.8383010231962, -984.2345444543134, -1005.2345444543134, -1012.5219621148202, -1024.6909708393805, -1025.777773799548, -1034.4005936017434, -1041.416080819381, -1048.4083372105622, -1049.1689040312374, -1054.4083372105622, -1063.1766476400562]
 -- BestCostElement: [-1063.17664764 -1063.17664764 -1063.17664764 -1063.17664764]
 -- BestRoute: [array([ 0, 21, 11,  5, 10, 13, 20, 17, 18, 12,  6,  2])
 array([ 0, 22, 19, 14, 15, 16,  9,  8,  3,  4])
 array([ 0, 27, 25, 28, 31, 36, 40, 41, 43, 44, 38, 39, 32, 26, 24, 37])]
 -- Custo: 
 ---------28.697423167618396
 ---------24.51166563067375
 ---------44.99674929169378
 ---- Total: 98.20583808998592
 -- Premio: 
 ---------63.0
 ---------46.0
 ---------99.0
 ---- Total: 208.0
 - Execucao 3
 -- BestCostGenaration: [-167.3013800198993, -256.58043983437176, -341.55283384916265, -391.0279779924991, -482.950270237853, -537.4836915660866, -573.0326022419907, -609.8051271904051, -649.5172356539115, -722.365583584925, -742.0781659244183, -800.942479442487, -822.1932663872194, -856.5435272283383, -884.5594629856996, -922.3570971900274, -930.1853157242509, -939.682625682566, -953.682625682566, -980.3174094875552, -984.8098319900259, -988.0184019939267, -1006.0870857413121, -1028.6380753830774, -1039.4543702937533, -1039.7877460251045, -1054.2949296325698, -1067.6281584094095, -1080.307038524185, -1082.9524851358772, -1093.0872725772265, -1098.7813076870607, -1101.8370357770614, -1102.5496181165545]
 -- BestCostElement: [-1102.54961812 -1102.54961812 -1102.54961812 -1102.54961812]
 -- BestRoute: [array([ 0, 21, 12,  6, 11, 18, 17, 20, 13, 10,  5,  2])
 array([ 0, 19, 22, 14,  7,  3,  8,  9, 15,  4])
 array([ 0, 27, 25, 28, 31, 36, 40, 41, 43, 34, 35, 33, 44, 39, 30, 26, 32,
       38, 37])]
 -- Custo: 
 ---------25.932254189447793
 ---------23.781374547642187
 ---------43.89896673377136
 ---- Total: 93.61259547086134
 -- Premio: 
 ---------63.0
 ---------45.0
 ---------103.0
 ---- Total: 211.0
 - Execucao 4
 -- BestCostGenaration: [-146.71783571645824, -196.2109189308302, -290.6378413827754, -342.85769761708514, -415.70706601791653, -497.7547917046446, -527.423399371095, -584.5569459489467, -613.1504586405922, -672.5972272866608, -730.9908174034028, -766.4784106286354, -824.5587717202353, -838.99281821202, -879.7655208001015, -915.1784887029633, -933.0920560556658, -935.9101754208996, -976.8234130538616, -986.1986159238212, -1007.2856315990371, -1008.8703746926287, -1022.1166183139796, -1029.859533753258, -1031.0576076253592, -1053.9930927117193, -1061.1499109908953, -1067.0006342389322, -1070.3364757757079, -1079.6939806958562, -1084.45933154822, -1087.9580670950156, -1091.568044818377, -1105.7334236407694, -1108.7891517307703, -1111.844879820771]
 -- BestCostElement: [-1111.84487982 -1111.84487982 -1111.84487982 -1111.84487982]
 -- BestRoute: [array([ 0, 21, 18, 17, 20, 13, 10, 11, 12,  6,  5,  2])
 array([ 0, 19, 14, 22, 15, 16,  9,  8,  3,  4])
 array([ 0, 27, 31, 25, 28, 36, 40, 41, 43, 34, 35, 33, 26, 30, 32, 44, 39,
       38, 37])]
 -- Custo: 
 ---------25.533908551779625
 ---------23.93975529467841
 ---------43.56511619834917
 ---- Total: 93.03878004480721
 -- Premio: 
 ---------63.0
 ---------46.0
 ---------103.0
 ---- Total: 212.0
