 - Execucao 0
 -- BestCostGenaration: [-208.92825885355745, -304.84752955653806, -391.42473879274814, -547.486645483128, -653.7455234327801, -669.2311712774767, -720.7079362748636, -784.1709541456552, -858.6633305039386, -885.2277903501313, -917.0060630771259, -957.8072480990572, -980.2087058305343, -1016.0934147406647, -1066.3749864580122, -1071.377946035143, -1084.3038329079366, -1100.1979818731006, -1114.3253643581868, -1116.118131668878, -1122.8590256400444, -1131.0468159263487, -1194.043856349218, -1194.7564386887113, -1203.1229157005666, -1207.6008488924233, -1209.0554508229325, -1213.0787820842802, -1214.0787820842802, -1214.5333840147894]
 -- BestCostElement: [-1214.53338401 -1214.53338401 -1214.53338401 -1214.53338401]
 -- BestRoute: [array([ 0, 21, 17, 18, 12,  6, 11,  5, 10, 20, 13,  2])
 array([ 0, 19, 14, 22, 23, 16, 15,  8,  3,  9,  4])
 array([ 0, 27, 25, 28, 31, 34, 45, 43, 36, 41, 40])
 array([ 0, 33, 39, 42, 44, 32, 30, 26, 24, 29, 38, 37])]
 -- Custo: 
 ---------27.041677269321216
 ---------24.516246517219884
 ---------23.769976529279415
 ---------27.038753680482145
 ---- Total: 102.36665399630266
 -- Premio: 
 ---------63.0
 ---------47.0
 ---------68.0
 ---------54.0
 ---- Total: 232.0
 - Execucao 1
 -- BestCostGenaration: [-249.83576274524256, -281.7181803952178, -394.59889071023866, -514.3280906771733, -533.9928321565657, -602.45925521811, -671.3883137624737, -778.5136119580554, -805.6098775885457, -836.5799823584429, -900.562918447315, -931.6482908429884, -962.8309718512002, -987.4351098299871, -1020.2508737236435, -1052.5745814213828, -1075.9734552618913, -1084.8062709918886, -1095.3108457377243, -1095.4213039221088, -1106.0177324509355, -1124.257870170704, -1149.0184787818139, -1176.5923809360347, -1194.0548269102537, -1197.0301736904194, -1201.6002249797443, -1205.4847756209285, -1206.8756390307808, -1211.6409898831444, -1217.2187847812886]
 -- BestCostElement: [-1217.21878478 -1217.21878478 -1217.21878478 -1217.21878478]
 -- BestRoute: [array([ 0, 21, 18, 17, 12,  6, 11,  5, 13, 20, 10,  2])
 array([ 0, 19, 22, 14,  7,  3,  8, 15, 16,  9,  4])
 array([ 0, 27, 36, 41, 43, 45, 34, 31, 25, 28, 40])
 array([ 0, 26, 30, 32, 33, 44, 39, 42, 38, 24, 29, 37])]
 -- Custo: 
 ---------25.62746370694812
 ---------23.826104812051085
 ---------25.39139572944833
 ---------26.850339556230324
 ---- Total: 101.69530380467786
 -- Premio: 
 ---------63.0
 ---------47.0
 ---------68.0
 ---------54.0
 ---- Total: 232.0
 - Execucao 2
 -- BestCostGenaration: [-207.5890786549935, -280.12249074428985, -350.9691616983, -438.01239308453125, -556.4635708234637, -601.2735124496868, -681.1823083873851, -761.4255483513281, -828.148803669972, -863.4888593620115, -926.889495940002, -935.1468119534186, -989.2374223603322, -1035.5131464963624, -1046.4652691876884, -1077.5755770250018, -1117.5647739574106, -1121.6734776144315, -1123.9156633167372, -1132.9186228938675, -1147.5802611750482, -1176.5415425777048, -1185.5385830005744, -1190.016516192431, -1196.5167894762285, -1199.3029426835312, -1204.4143988635328, -1205.5725175662294, -1207.549186304882, -1212.3145371572455, -1213.3145371572455]
 -- BestCostElement: [-1213.31453716 -1213.31453716 -1213.31453716 -1213.31453716]
 -- BestRoute: [array([ 0, 21, 17,  5, 11,  6, 12, 18, 20, 13, 10,  2])
 array([ 0, 19, 14, 22, 23, 16, 15,  7,  3,  8,  9,  4])
 array([ 0, 27, 34, 45, 43, 41, 36, 31, 25, 28, 40])
 array([ 0, 24, 26, 32, 33, 44, 39, 42, 38, 30, 29, 37])]
 -- Custo: 
 ---------27.012617216398702
 ---------26.1376657173888
 ---------24.021912431484132
 ---------27.249170345416996
 ---- Total: 104.42136571068863
 -- Premio: 
 ---------63.0
 ---------48.0
 ---------68.0
 ---------54.0
 ---- Total: 233.0
 - Execucao 3
 -- BestCostGenaration: [-193.07642780023835, -262.6809027775287, -392.02813750093446, -494.89458517291354, -521.6278275534271, -589.1934854044647, -673.5121129871875, -746.8778991784701, -782.3558323703269, -820.6473567901809, -882.09639348058, -924.5556463331598, -940.824580187012, -983.9402163817422, -996.5273924404464, -1043.8536697400684, -1057.938835081592, -1066.049316934671, -1084.4689568589529, -1091.4123731592808, -1096.7629160333636, -1113.9193971174168, -1126.387166400053, -1129.7674930109024, -1134.4957791544402, -1140.416719803092, -1144.1263425654547, -1179.3858519870753, -1197.472447893093, -1209.7754532061283, -1214.0071427766343, -1215.8956865966325, -1220.3736197884891]
 -- BestCostElement: [-1220.37361979 -1220.37361979 -1220.37361979 -1220.37361979]
 -- BestRoute: [array([ 0, 21, 12,  6, 11, 18, 17, 20, 13, 10,  5,  2])
 array([ 0, 22, 23, 16, 15, 14, 19,  7,  3,  8,  9,  4])
 array([ 0, 27, 25, 28, 31, 36, 34, 45, 43, 41, 40])
 array([ 0, 26, 33, 44, 42, 39, 32, 30, 24, 29, 38, 37])]
 -- Custo: 
 ---------25.932254189447793
 ---------26.104024777920152
 ---------23.948122114152724
 ---------26.672193971357018
 ---- Total: 102.65659505287769
 -- Premio: 
 ---------63.0
 ---------48.0
 ---------68.0
 ---------54.0
 ---- Total: 233.0
 - Execucao 4
 -- BestCostGenaration: [-194.94335119350768, -264.05111405030266, -376.6054537938501, -445.71511483971636, -533.5192948082226, -619.6920640112592, -695.365152914203, -738.3261567300028, -771.0546928700778, -856.8346793560015, -901.0242967497779, -949.269420938014, -999.136504744407, -1018.0973603541744, -1042.1180189240642, -1044.2130020414572, -1067.6607659466265, -1069.2780742728835, -1089.0243905538591, -1094.1989150398936, -1100.746964889834, -1103.5260337427853, -1117.7371280125021, -1120.5462503078525, -1158.3550633481186, -1165.5648522217707, -1187.268693045421, -1188.4888528824438, -1191.337055948437, -1196.4034804867704, -1200.8246944192194, -1204.7466262372782, -1210.2245594291348, -1216.012250373439]
 -- BestCostElement: [-1216.01225037 -1216.01225037 -1216.01225037 -1216.01225037]
 -- BestRoute: [array([ 0, 21, 12,  6, 11, 10, 13, 20, 17, 18,  5,  2])
 array([ 0, 19, 22, 23, 16, 15, 14,  7,  3,  8,  9,  4])
 array([ 0, 27, 25, 28, 31, 34, 45, 43, 41, 36, 40])
 array([ 0, 33, 44, 39, 32, 26, 30, 24, 29, 42, 38, 37])]
 -- Custo: 
 ---------27.85846387211638
 ---------25.353968857051505
 ---------23.362335676525817
 ---------27.172169000946553
 ---- Total: 103.74693740664026
 -- Premio: 
 ---------63.0
 ---------48.0
 ---------68.0
 ---------54.0
 ---- Total: 233.0
