 - Execucao 0
 -- BestCostGenaration: [-51.89327901336739, -77.36555082661434, -105.13555358865068, -127.38487496830402, -154.7134518393911, -172.59784823441464, -236.98024588932165, -270.02322700241757, -316.0394597510092, -328.2162271863476, -352.0814397449985, -367.6861355307246, -378.31873039227935, -403.9062953677472, -404.5008968226289, -433.7925553063595, -467.67999171477237, -488.38935057174933, -519.822446345582, -537.0832459209396, -574.963550314927, -602.2509679754338, -634.4076561136367, -639.2551748085671, -660.814273562964, -700.2262965215486, -722.9534584771311, -732.7474200870365, -758.7893810670499, -761.1456349334833, -780.0395555792045, -794.7593574964797, -800.587706171676, -801.1524778898938, -839.4189642689528, -844.8898009308214, -853.6623600288808, -856.7674745265672, -870.7465223669317, -881.2725350326957, -895.5713985640573, -903.5213723782754, -910.5826772590899, -922.7081039355637, -925.4234637253958, -956.9013969172524, -958.6697073467467, -971.2039159747512, -977.7582001403848, -986.4606445857373, -991.7068882070882, -995.2289550152316, -1000.0380458113798, -1008.1385267512342, -1019.1417583825626, -1022.1614901375976, -1025.1417583825626, -1030.8629366336716, -1036.8629366336716, -1044.8629366336716, -1048.5569717435058, -1055.549228134687, -1062.2978068091459, -1063.8911893598186, -1066.9317624547607, -1067.9317624547607]
 -- BestCostElement: [-1067.93176245 -1067.93176245 -1067.93176245 -1067.93176245]
 -- BestRoute: [[ 0 31 25 28 43 36 40 41 34 27 35 33 26 30 32 44 39 42 38 37 29 24 19 14
  22 15 16  4  9  8  3  7 21 18 17 20 13 10  2 11 12  6  5  0]]
 -- Custo: 
 ---------125.01705938630984
 ---- Total: 125.01705938630984
 -- Premio: 
 ---------224.0
 ---- Total: 224.0
 - Execucao 1
 -- BestCostGenaration: [-40.533208188590095, -83.95441504773542, -108.75849157201822, -136.63985266179483, -164.77337113736783, -204.70119523956515, -238.9303323212636, -277.559662096421, -297.68921490351806, -302.4254888014473, -331.09145032371083, -363.44057569948853, -376.9623231710924, -415.5912843117879, -442.317719259128, -480.52047309694797, -485.33291714272843, -506.80317235316676, -527.4450325376971, -543.9336563747796, -553.1081684322845, -591.4047208169252, -618.3611842643977, -637.1028765822216, -682.5662350579994, -706.6394127621331, -725.0584569472887, -754.3088349223954, -783.651980672903, -787.4972963527152, -805.7429490171717, -807.4775752509267, -837.492952553686, -840.4913426190426, -867.4913426190426, -876.7745625389562, -891.9314286827366, -903.42452419242, -924.1289206916324, -933.5999168743048, -935.2485627119149, -951.4163383521392, -972.7031111416591, -981.4714215711532, -1007.1282758206455, -1015.4714215711532, -1018.7060707187895, -1029.2787326749542, -1032.5133818225906, -1035.5539549175328, -1036.9122556630991, -1038.5163899279426, -1039.874690673509, -1039.9528287580413, -1043.3517025985498, -1044.4536605537755, -1047.5865920828655, -1051.0479909628657, -1051.7291231330337, -1055.1905220130338, -1055.4174275518512, -1058.2310951079758, -1058.4580006467934]
 -- BestCostElement: [-1058.45800065 -1058.45800065 -1058.45800065 -1058.45800065]
 -- BestRoute: [[ 0 26 24 37 42 39 44 30 29 38 32 33 35 27 31 34 43 41 40 36 28 25 22 19
  14 12  6 11 13 20 17 21 18 10  2  5  1  7  3  8 16  4  9 15  0]]
 -- Custo: 
 ---------129.13549983830166
 ---- Total: 129.13549983830166
 -- Premio: 
 ---------225.0
 ---- Total: 225.0
 - Execucao 2
 -- BestCostGenaration: [-51.89327901336739, -83.88005332705198, -119.81925677562397, -154.23808903582537, -192.90882297428436, -222.6159666792052, -228.4571746300286, -245.58085467655306, -264.81732704168326, -287.16047279219094, -339.08576071007906, -379.75422480377154, -381.8686546250202, -390.47810513721527, -398.57603470652873, -414.4234216105567, -437.1281667117233, -443.31876118022006, -485.4372153069021, -545.0033518361206, -569.5394138688847, -586.5686182931202, -625.7759690890148, -636.4004953406279, -638.8626104504644, -649.2715894950754, -654.3684915356391, -677.8859350567895, -701.6948803188227, -705.9454284915703, -718.5028537051617, -747.5569968969762, -770.9078862563026, -815.4847988717925, -837.575767216061, -863.133909512466, -882.4198317278522, -896.5200242794265, -918.9067741263607, -922.4243859122528, -934.7278530687252, -952.1664055032688, -971.0796025431016, -974.7557948751273, -994.4126491246197, -997.6772823484498, -1006.0149810910821, -1010.4683772146204, -1023.6653444689209, -1033.7210725589216, -1037.1199463994303, -1039.285758861979, -1045.463092149938, -1054.0862278176905, -1060.2157504589752, -1067.332985856942, -1070.8871219117523, -1075.6761316074496, -1080.7350061104953, -1084.133879951004, -1086.7350061104953, -1091.133879951004, -1144.2453361310056, -1146.8464622904971, -1149.1896080410047, -1150.3196114506657, -1152.9207376101572, -1155.2638833606647]
 -- BestCostElement: [-1155.26388336 -1155.26388336 -1155.26388336 -1155.26388336]
 -- BestRoute: [[ 0 26 30 24 29 37 38 42 32 39 44 33 35 45 34 43 40 41 36 28 25 31 27 23
  16  9  4 14 19 22 15  8  3  7  1  6  2 10 13 20 17 21 18 11  5 12  0]]
 -- Custo: 
 ---------122.43402915983381
 ---- Total: 122.43402915983381
 -- Premio: 
 ---------235.0
 ---- Total: 235.0
 - Execucao 3
 -- BestCostGenaration: [-35.88779693587085, -81.24416837269388, -120.05760358788127, -140.66898254956666, -163.02367575984323, -203.03779530772644, -234.03413851960923, -243.49757116138613, -270.6518254068959, -300.16008162454693, -315.67393301620103, -349.3074560043459, -371.65060175485354, -406.26519928101345, -427.0862782233779, -459.71980121152274, -463.7823643197903, -529.9682722520919, -538.3934369310783, -591.5463408043559, -598.7647293543388, -600.8907181081108, -633.6427394321049, -653.3222080067544, -697.0416209886027, -710.5491984861321, -729.7637528005675, -739.6920941349875, -762.4774506891991, -783.9120959685557, -800.5976830359461, -824.2380175098743, -828.8038797002908, -859.2380175098743, -874.9019465922986, -883.9142099304933, -905.9358941828616, -907.1388633253251, -929.0563371008186, -954.7503722106527, -955.2985660662807, -962.6460770995845, -976.974345267663, -980.537229869806, -991.467156041949, -996.974345267663, -1001.4770683750243, -1022.7760805092455, -1025.9316703055338, -1034.2346756185689, -1046.8337554101247, -1048.9361460228206, -1062.4348815696162, -1067.4348815696162, -1071.538594140799, -1072.7640772862387, -1074.891121118769, -1081.1862823880947, -1084.2899949592775, -1088.2575981306243, -1092.6564719711328, -1097.3505070809667]
 -- BestCostElement: [-1097.35050708 -1097.35050708 -1097.35050708 -1097.35050708]
 -- BestRoute: [[ 0 14  7  3  8  9  4 16 15 22 19 12  6 11 21 18  5  2 10 13 17 20 24 29
  37 38 30 26 32 39 42 44 33 35 25 28 40 43 41 36 34 27 31  0]]
 -- Custo: 
 ---------117.6623732297583
 ---- Total: 117.6623732297583
 -- Premio: 
 ---------224.0
 ---- Total: 224.0
 - Execucao 4
 -- BestCostGenaration: [-51.89327901336739, -73.66908374669987, -115.24416837269388, -147.92506747183455, -171.90701401388134, -210.78791217033623, -241.2928175556524, -262.68794838283276, -293.13337422132423, -320.23512490483813, -366.0082631390617, -373.3324695240803, -403.2481325467454, -436.6554933579202, -485.1281079637777, -487.08075316645164, -489.77898762171776, -504.4155256242845, -526.0332551937915, -566.5845851676308, -583.9181079334053, -601.5845851676308, -627.3648466769467, -638.4709383498416, -666.7041454624787, -683.3685079408219, -686.6303790110254, -699.7102061528677, -709.8483177820766, -719.6167225664972, -741.5336903482581, -745.644345234137, -778.0858885071194, -785.4666430621347, -798.0858885071194, -809.4731677853202, -814.8097888126423, -851.1899519730769, -879.6121570749328, -895.216680164497, -915.2798382012879, -943.5476517744295, -957.6706376879144, -959.4680287674613, -978.6573389048973, -993.4680287674613, -1001.4981296809632, -1002.5744947491568, -1015.0701692158394, -1026.6721013301644, -1027.4489402386077, -1039.6567841298654, -1047.5399261414075, -1053.7056585146836, -1054.227725322827, -1059.5994403560728, -1063.6084766196436, -1070.2857318570882, -1071.852723134392, -1074.2947681206588, -1080.9720233581033, -1081.7342150561094, -1086.9720233581033, -1091.3708971986118, -1093.001460609626, -1093.7272519790972]
 -- BestCostElement: [-1093.72725198 -1093.72725198 -1093.72725198 -1093.72725198]
 -- BestRoute: [[ 0 25 27 33 32 30 26 24 29 37 38 42 39 44 35 36 40 41 43 34 31 28 23 22
  15 16  9  4  8  3  7 14 19 12  6 11  5  2 10 20 13 17 18 21  0]]
 -- Custo: 
 ---------120.31818700522572
 ---- Total: 120.31818700522572
 -- Premio: 
 ---------225.0
 ---- Total: 225.0
