 - Execucao 0
 -- BestCostGenaration: [-156.41006008265134, -185.4139550017365, -237.47541252104884, -346.41383145145073, -358.22599648503774, -415.418479167015, -442.1659281840067, -482.9944960584562, -515.8702005482312, -590.0025377955593, -595.8381060485376, -654.2657897581896, -679.4765400488646, -696.7368728708364, -718.7119912020546, -722.4868512084173, -758.2642153354307, -768.546848964249, -790.2215010786791, -804.6553455671202, -815.4390522958995, -820.828733228346, -860.0700086793537, -882.4131544298614, -886.7869820780954, -897.7187263475876, -918.5475488987707, -924.5755368510505, -932.2374049795192, -940.8111208800293, -958.3175564420666, -978.0534700429073, -980.2803755817249, -1000.3170420241659, -1007.272631972906, -1024.7684079425712, -1029.8058605972938, -1031.9955899163622, -1047.7561567370374, -1054.5634678408385, -1059.1255933260231, -1067.7087347846623, -1070.0616676414288, -1074.5160458884634, -1076.8036872324446, -1078.3029052856773, -1082.8474067404318, -1083.676229291615]
 -- BestCostElement: [-1083.67622929 -1083.67622929 -1083.67622929 -1083.67622929]
 -- BestRoute: [[ 0 19 14 22 15  9  4  8  3  7 12  5 10 17 18  6 11 13  2]
 [ 0 27 31 25 28 36 40 41 43 34 35 44 32 38 29 24 26 39 37]]
 -- Custo: 
 ---------48.64641112937806
 ---------49.68453154771818
 ---- Total: 98.33094267709623
 -- Premio: 
 ---------103.0
 ---------108.0
 ---- Total: 211.0
 - Execucao 1
 -- BestCostGenaration: [-139.23223685756528, -174.17443172321072, -231.1747463839564, -251.4881916988326, -346.53644001526305, -431.2296643546939, -451.3153578980559, -515.3527864855728, -551.700846800107, -585.2456818376947, -628.0457286843562, -665.6795303163741, -680.0598569272234, -701.819167681495, -733.5339235201321, -796.9173350018309, -801.9470696889747, -809.9955934468856, -834.6906570600333, -858.5622760157293, -877.1326697610084, -892.4925882863021, -910.0320976106211, -921.1459964176206, -932.6332237701126, -952.5448702581292, -971.652719057829, -986.7568603060338, -997.8161528978269, -997.8667489010738, -1030.2150267383354, -1046.1316779878937, -1061.955492823914, -1071.1553054695203, -1082.91678103109, -1088.020518028171, -1093.4193918686797, -1097.1053917900083, -1103.274505258341, -1107.7768198756514, -1113.1994146599084, -1117.0839653010926, -1119.4271110516001, -1122.4151024695861, -1125.4708305595873, -1133.2481899939644, -1139.2919095019515]
 -- BestCostElement: [-1139.2919095 -1139.2919095 -1139.2919095 -1139.2919095]
 -- BestRoute: [array([ 0, 19, 14, 22, 15,  9,  4,  8,  3,  7, 12, 11, 13, 10, 20, 17, 18,
        6,  5,  2])
 array([ 0, 25, 28, 36, 40, 41, 43, 34, 31, 27, 33, 44, 39, 32, 42, 38, 30,
       26, 24, 29, 37])]
 -- Custo: 
 ---------49.21243272916789
 ---------49.21458989534423
 ---- Total: 98.42702262451212
 -- Premio: 
 ---------106.0
 ---------113.0
 ---- Total: 219.0
 - Execucao 2
 -- BestCostGenaration: [-132.41199376447733, -172.49655880424496, -234.9830594253546, -278.0436612622043, -339.5838973627477, -389.0993403235243, -471.26314365249186, -507.4909928376839, -574.5836620169787, -591.5259165931311, -627.2349291053945, -678.1677909281452, -692.427800108322, -737.0630358304633, -758.6072450722007, -795.9176337535155, -798.9185837492159, -807.4155911182202, -837.2027534259587, -863.5721900149442, -895.9710638554527, -905.5191243258101, -929.2584815159596, -930.6952219067516, -945.5988314803299, -953.3232141196694, -957.2253573466453, -982.9193924564794, -987.6360123406716, -999.3373712077041, -1013.1584501500685, -1031.7150732777727, -1051.8448227743265, -1054.7712096240039, -1068.847879972577, -1086.3258131644338, -1086.9593361525785, -1091.5960991448833, -1091.7427454206768, -1099.90447851711, -1104.2673352399333]
 -- BestCostElement: [-1104.26733524 -1104.26733524 -1104.26733524 -1104.26733524]
 -- BestRoute: [array([ 0, 19, 14,  8,  3,  4,  9, 15, 22, 21, 18, 17, 13, 10,  5, 11, 12,
        6,  2])
 array([ 0, 27, 25, 28, 36, 40, 41, 43, 31, 34, 35, 44, 29, 24, 26, 30, 32,
       39, 38, 37])]
 -- Custo: 
 ---------48.760124160009546
 ---------49.67304203000711
 ---- Total: 98.43316619001666
 -- Premio: 
 ---------104.0
 ---------110.0
 ---- Total: 214.0
 - Execucao 3
 -- BestCostGenaration: [-131.31925444094705, -136.0783708014094, -192.3839229794151, -269.8354851200122, -296.6467100898276, -361.61623005655736, -409.4244546514773, -442.24482449680545, -526.4072338807945, -567.506253871931, -595.4843146443318, -637.4680745559408, -675.8659632471393, -745.8418926089703, -780.2529011805651, -791.4749893253949, -807.9398556000158, -844.4943014463719, -858.3126278657555, -879.3914808250493, -901.2626118758659, -910.082312684644, -917.801158286398, -936.0436174542424, -951.0423958823886, -966.7237590114107, -982.186104550739, -992.879084446969, -1008.1708782596434, -1020.6211040379851, -1032.0870710927786, -1038.9612902113622, -1060.642847481398, -1070.8883002498749, -1076.4034143020733, -1082.314769070223, -1084.736974172079, -1094.5944431219111, -1097.9933169624196, -1100.5944431219111, -1111.814395904784, -1118.621707008585, -1121.2228331680767, -1121.5179944374022, -1123.2433210038098, -1124.8738844148243, -1125.916868277911, -1127.5474316889251]
 -- BestCostElement: [-1127.54743169 -1127.54743169 -1127.54743169 -1127.54743169]
 -- BestRoute: [array([ 0, 19, 22, 15, 16,  9,  4,  8,  3,  7, 14, 12,  6,  5, 11, 18, 17,
       10, 13,  2])
 array([ 0, 27, 25, 28, 31, 36, 40, 41, 43, 34, 35, 44, 39, 42, 38, 32, 30,
       24, 26, 29, 37])]
 -- Custo: 
 ---------48.491191330347675
 ---------49.37195074742104
 ---- Total: 97.86314207776871
 -- Premio: 
 ---------105.0
 ---------112.0
 ---- Total: 217.0
 - Execucao 4
 -- BestCostGenaration: [-175.37553165177528, -192.78231117361673, -283.6076382940642, -312.56177881284634, -367.40303759173526, -438.9773541656492, -509.2680387670375, -543.5390692896601, -594.3774909957469, -619.5602782663252, -699.9199864118697, -714.6821953876129, -739.1993713793413, -773.4508440050006, -790.3870927098112, -824.1716740970307, -852.3722068206519, -867.8541636893037, -879.6326984562165, -899.4074945424397, -922.10538565518, -927.8194769665795, -946.2292224246232, -965.7458983300012, -971.8724034299222, -986.7559561640824, -995.2597197274479, -1001.6886705310988, -1021.12668540782, -1031.470557304743, -1035.4676849923394, -1035.7628462616651, -1058.7288118143683, -1068.6575956609322, -1070.4754286011582, -1076.6288496731902, -1084.2965075435227, -1092.5421463021166, -1095.7041585945337, -1098.7284737734485, -1104.7912645421316, -1107.7803745202677, -1118.7530500801063, -1124.8759058526184, -1125.5962318009306, -1130.8759058526184, -1133.6442162821122, -1136.245342441604]
 -- BestCostElement: [-1136.24534244 -1136.24534244 -1136.24534244 -1136.24534244]
 -- BestRoute: [array([ 0, 19, 14, 22, 15, 16,  9,  4,  8,  3,  7, 12,  6, 11, 18, 17, 20,
       13,  5, 10,  2])
 array([ 0, 27, 43, 41, 40, 36, 28, 25, 31, 34, 35, 26, 24, 29, 30, 32, 44,
       39, 38, 37])]
 -- Custo: 
 ---------48.01029490370358
 ---------49.428369485895445
 ---- Total: 97.43866438959903
 -- Premio: 
 ---------108.0
 ---------110.0
 ---- Total: 218.0
