 - Execucao 0
 -- BestCostGenaration: [-378.89760938730416, -409.77643902030366, -535.9902386581056, -674.3648311166759, -710.6964980733273, -740.7298894286216, -785.4463154621958, -823.9306922783161, -878.4719090196379, -931.2298481650255, -948.5522738527238, -965.2269007490407, -981.9282472355868, -1034.7698259743909, -1056.6367899503705, -1066.5878277600045, -1093.5732364115559, -1124.6501728004605, -1134.439996808224, -1167.4588853998175, -1199.6524537625905, -1214.1845017895973, -1214.5568082722684, -1227.5873248048767, -1265.042905879949, -1303.7646088961624, -1310.729918385786, -1341.9727601511713, -1349.449588869157, -1364.1926559866945, -1390.1769106370505, -1398.162015602482, -1426.7894326004514, -1452.8767932416758, -1454.7202688944662, -1456.9053137709402, -1458.173069415339, -1492.676087727296, -1506.6898775007112, -1510.4511272961624, -1510.9098297819487, -1510.986045707683, -1515.3383046649735, -1526.3023085475697, -1533.0986890793642, -1533.137876800548, -1536.9824940584099, -1541.395857209532, -1541.5747782671679, -1545.5383882597002, -1550.1874989003736]
 -- BestCostElement: [-1550.1874989 -1550.1874989 -1550.1874989 -1550.1874989]
 -- BestRoute: [array([ 0,  6,  5,  4,  7,  9, 12, 10, 11,  8,  0])
 array([ 1, 15, 13, 18, 36, 38, 39, 41, 40, 37, 34, 33, 22, 20, 19, 17,  1])
 array([ 2, 29, 28, 26, 25, 23, 24, 27, 30, 31, 32,  2])]
 -- Custo: 
 ---------20.536631057245557
 ---------39.96564959804237
 ---------21.950844619618657
 ---- Total: 82.45312527490658
 -- Premio: 
 ---------49.0
 ---------85.0
 ---------54.0
 ---- Total: 188.0
 - Execucao 1
 -- BestCostGenaration: [-276.11828920229306, -398.9359491393466, -521.5434927292506, -612.1975431800386, -833.1425331238659, -870.958828034542, -883.4659620749574, -934.5343706786282, -1010.2033205574353, -1012.4349775792484, -1083.7345765187486, -1087.1026279422113, -1108.1160528173514, -1143.1512487998607, -1152.0251339281801, -1156.9739844039307, -1212.6570848544145, -1230.5639705655103, -1241.5645311585513, -1244.0595677378265, -1291.0585892173453, -1337.801186038914, -1353.6281465092704, -1356.3222184666647, -1365.3828555156147, -1374.1605480183684, -1421.7055236313865, -1428.9339059482306, -1447.3513074689029, -1490.9062685034005, -1496.4430310075672, -1513.754032174307, -1520.010331701491, -1520.3843433404359, -1520.510541075937, -1522.932746177793, -1523.4500289542477, -1527.502797467118, -1527.793480052334]
 -- BestCostElement: [-1527.79348005 -1527.79348005 -1527.79348005 -1527.79348005]
 -- BestRoute: [array([ 0,  8,  6,  5,  4,  7,  9, 12, 11, 10,  0])
 array([ 1, 13, 15, 18, 22, 35, 36, 38, 39, 41, 40, 37, 34, 33, 19, 17,  1])
 array([ 2, 24, 23, 25, 26, 28, 29, 32, 31, 30, 27,  2])]
 -- Custo: 
 ---------21.36505818199175
 ---------39.53781676259571
 ---------22.148755042329043
 ---- Total: 83.05162998691651
 -- Premio: 
 ---------49.0
 ---------83.0
 ---------54.0
 ---- Total: 186.0
 - Execucao 2
 -- BestCostGenaration: [-234.40521135023283, -402.6509865402585, -527.9782809799435, -654.881172280525, -764.9475515614056, -840.0020740439554, -918.975805663195, -950.119288714239, -974.5316864274423, -981.4387107975724, -1042.0574503736527, -1057.3937191233003, -1076.2614031990631, -1092.2239439740774, -1113.856261296989, -1122.0939050894103, -1166.9738833519139, -1208.9061659484473, -1234.153280714184, -1301.5521545546926, -1309.3204649841864, -1312.2971337228391, -1312.332947433958, -1317.6994198761754, -1389.4673795901685, -1411.4673795901685, -1429.3181028382055, -1449.2026082886541, -1450.9272780426882, -1454.3095327929182, -1454.4379424272388, -1471.5003005691538, -1478.639798489002, -1481.014623768478, -1485.5240408469624, -1493.0409279194462, -1505.605763953112, -1506.6345473496453, -1516.5740784025195, -1516.9355644171296, -1518.133282807848, -1518.8527524057217, -1527.4149617042058, -1530.1957998628002, -1535.240779487523, -1537.1477721184617, -1538.5544879865079, -1541.4929659767959, -1546.1420766174692, -1547.3207906209552]
 -- BestCostElement: [-1547.32079062 -1547.32079062 -1547.32079062 -1547.32079062]
 -- BestRoute: [array([ 0,  9,  7,  4,  5,  6,  8, 17, 16, 20, 19, 11, 12, 10,  0])
 array([ 1, 15, 13, 14, 18, 22, 33, 35, 36, 38, 39, 41, 40, 37, 34,  1])
 array([ 2, 29, 28, 26, 25, 23, 24, 27, 30, 32, 31,  2])]
 -- Custo: 
 ---------37.37565640921858
 ---------39.323536478086844
 ---------23.97060945745574
 ---- Total: 100.66980234476117
 -- Premio: 
 ---------67.0
 ---------74.0
 ---------54.0
 ---- Total: 195.0
 - Execucao 3
 -- BestCostGenaration: [-284.7118974371379, -453.6343617317474, -592.0017563690552, -607.0689620205671, -697.2683826600153, -731.3691967906445, -743.3301886455934, -838.2432777747426, -928.9306911758383, -931.3001277648241, -951.1901485470775, -962.0257168000558, -1006.1660683813354, -1014.5796792812519, -1074.4670576890908, -1092.3630244210394, -1113.8445677725126, -1152.6102118772687, -1185.0695302358886, -1236.2924426408267, -1291.4954065179054, -1330.941432859062, -1350.3511103204107, -1359.2163228790614, -1397.0230197763483, -1405.688589161543, -1408.0509149524537, -1421.5254145741328, -1430.8910314777793, -1442.553200864573, -1449.7673427005275, -1458.386375347659, -1480.157409439165, -1492.0547023584202, -1503.5022567176673, -1510.710100608925, -1514.3079991706068, -1518.5667704324646, -1523.13682172179, -1525.9782016639729, -1530.0504505732954, -1532.3517178327963, -1538.8637859068408, -1542.4415808049848, -1546.7847265554924, -1547.4722236639586, -1566.5158561246449, -1577.5283837651523]
 -- BestCostElement: [-1552.53273579 -1552.53273579 -1552.53273579 -1552.53273579]
 -- BestRoute: [array([ 0,  7,  4,  5,  6,  8, 17, 16, 11, 10, 12,  9,  0])
 array([ 1, 15, 13, 14, 18, 21, 36, 38, 39, 41, 40, 37, 34, 33, 22, 20, 19,
        1])
 array([ 2, 24, 23, 25, 26, 28, 29, 32, 31, 30, 27,  2])]
 -- Custo: 
 ---------32.9667786007946
 ---------40.50237041558832
 ---------22.148755042329043
 ---- Total: 95.61790405871196
 -- Premio: 
 ---------55.0
 ---------87.0
 ---------54.0
 ---- Total: 196.0
 - Execucao 4
 -- BestCostGenaration: [-211.65539054902877, -383.8771257875382, -527.9927027592817, -697.2238051027708, -698.6690959369671, -741.2324548924555, -791.8857722533734, -846.6150783561827, -890.3164748147866, -976.4018039473035, -1144.9973845881252, -1165.9858094781516, -1192.3182767762482, -1235.76353805788, -1274.8612481803966, -1276.0817519356915, -1299.6914678010314, -1335.6399669597054, -1344.7906101628557, -1408.5835522465165, -1419.6660420154524, -1422.2468219028042, -1460.9975183155798, -1484.1094699195555, -1504.849189423719, -1508.4239617992441, -1512.7220005188112, -1517.1064943671108, -1525.5714204236524, -1525.8464442846328, -1531.1025913555445, -1531.8829150076454, -1532.010623786769, -1541.4862550821288, -1546.0462484127522, -1547.639630963425, -1549.5869076412903, -1551.180290191963, -1563.03975560212, -1564.6331381527928, -1568.6582233838199]
 -- BestCostElement: [-1568.65822338 -1568.65822338 -1568.65822338 -1568.65822338]
 -- BestRoute: [array([ 0,  6,  5,  4,  7,  8, 17, 16, 20, 19, 11, 10, 12,  9,  0])
 array([ 1, 15, 13, 14, 18, 21, 36, 38, 39, 41, 40, 42, 37, 33, 34, 22,  1])
 array([ 2, 24, 23, 25, 26, 28, 29, 32, 27, 30, 31,  2])]
 -- Custo: 
 ---------38.903520454219006
 ---------39.585258234786615
 ---------24.346665465039436
 ---- Total: 102.83544415404505
 -- Premio: 
 ---------67.0
 ---------77.0
 ---------54.0
 ---- Total: 198.0
 - Execucao 5
 -- BestCostGenaration: [-256.6617628469909, -415.1592400101938, -553.1447373371285, -628.9414960579778, -714.1227665831025, -759.8243104436299, -792.7033223095561, -837.9495192881476, -889.2855039138132, -933.9809273170802, -975.4501787480699, -1004.3580607391946, -1029.0186309751948, -1052.4695169191962, -1092.896229529174, -1093.6684076300749, -1107.388401839628, -1116.4213563493386, -1141.1167114239597, -1148.6460612271394, -1173.521000600959, -1183.8635072861246, -1189.439205355955, -1198.040476427893, -1240.7100582799726, -1274.6861314804182, -1275.6806210284499, -1276.8742148086626, -1326.3832229592788, -1333.8093432571427, -1387.715832047569, -1394.9316857011088, -1414.7492078800283, -1416.584304985996, -1434.7777355949531, -1440.992369270881, -1464.6092671647918, -1481.5860790715892, -1485.1876592492504, -1485.8543091591396, -1486.2656654494197, -1493.6798634514432, -1503.752971697623, -1503.8013316645406, -1510.9891384570542, -1516.7581496193754, -1529.1188694260568, -1533.6686195160432, -1539.5639737780677, -1547.760488702797, -1561.888738142778, -1568.931555962483, -1569.888738142778, -1573.202446641763, -1574.2473711109235]
 -- BestCostElement: [-1574.24737111 -1574.24737111 -1574.24737111 -1574.24737111]
 -- BestRoute: [array([ 0,  6,  5,  4,  7,  9, 12, 10, 11,  8,  0])
 array([ 1, 15, 13, 14, 18, 21, 36, 38, 35, 34, 33, 22, 20, 19, 17, 16,  1])
 array([ 2, 29, 28, 26, 25, 23, 24, 37, 39, 41, 40, 42, 27, 30, 31,  2])]
 -- Custo: 
 ---------20.536631057245557
 ---------37.82858705265109
 ---------38.072939112372495
 ---- Total: 96.43815722226914
 -- Premio: 
 ---------49.0
 ---------67.0
 ---------80.0
 ---- Total: 196.0
 - Execucao 6
 -- BestCostGenaration: [-264.080028315772, -374.9040474099458, -527.6952643848288, -607.4246779050691, -666.9795929285083, -756.2592409830727, -796.3636062355308, -855.5396142317243, -877.9864903706218, -959.1085201536437, -989.8846461018882, -1132.2542992140866, -1154.4687267719123, -1181.7238561302083, -1213.4707401045312, -1278.7037623077617, -1287.5689748664124, -1297.4445965822244, -1323.6715021210418, -1341.3184377749099, -1353.8056642900938, -1356.6915749449336, -1367.4307987498123, -1377.7793189790277, -1386.50955030448, -1387.456412549411, -1399.9393352241618, -1404.096913266001, -1411.929001263416, -1443.7829810887001, -1446.4620795923465, -1461.2320728312197, -1472.4149311547744, -1491.4536979999673, -1495.1197996359415, -1497.2227479296946, -1498.7064364848193, -1500.0640715459408, -1501.213742187968, -1508.126032083203, -1509.4836671443245, -1509.6773498602038, -1510.9936479787082, -1512.8489027947562, -1513.3590266486485]
 -- BestCostElement: [-1513.35902665 -1513.35902665 -1513.35902665 -1513.35902665]
 -- BestRoute: [array([ 0,  8, 17, 16,  6,  5,  4,  7,  9, 12, 10, 11,  0])
 array([ 1, 13, 15, 18, 33, 34, 37, 40, 41, 39, 38, 36, 22, 20, 19,  1])
 array([ 2, 24, 23, 25, 26, 28, 29, 32, 30, 31, 27,  2])]
 -- Custo: 
 ---------32.92233316973836
 ---------39.63388539017939
 ---------24.10402477792015
 ---- Total: 96.66024333783788
 -- Premio: 
 ---------55.0
 ---------81.0
 ---------54.0
 ---- Total: 190.0
 - Execucao 7
 -- BestCostGenaration: [-263.4939625966682, -374.12353977117994, -498.7930540707297, -644.6194787026739, -654.9115325491028, -700.543595483148, -809.5535181878145, -854.0861422773241, -983.2385841756118, -985.0362013754641, -1020.6901751124801, -1035.432085497309, -1112.7429732828195, -1116.9619145995355, -1138.5135824501947, -1144.520809588244, -1162.1877921560272, -1177.98326263456, -1203.1400795578188, -1216.6870345076659, -1267.3793305718698, -1275.8140784161922, -1315.546757414299, -1324.7511307484094, -1339.707367556298, -1352.6035940316062, -1354.0447036243215, -1387.1066123435633, -1412.404122560854, -1428.6501494851277, -1432.0243883546348, -1440.7684495234494, -1452.9184639213286, -1459.6290692180405, -1471.2700521206466, -1472.2115734637114, -1484.7191076980844, -1486.2279290127863, -1491.0394399726651, -1492.4807978080953, -1497.4504714151785, -1506.2045309064422, -1515.411288403348, -1515.5240421943947, -1526.167001654157, -1527.9380528421561, -1532.2811985926637, -1534.8396553196812, -1541.7723723498164, -1544.8281004398173, -1546.1539045681168, -1547.3865571668348, -1548.5818650332405, -1548.6580365479053, -1549.8145176319586]
 -- BestCostElement: [-1549.81451763 -1549.81451763 -1549.81451763 -1549.81451763]
 -- BestRoute: [array([ 0,  6,  5,  4,  7,  9, 12, 10, 11, 17,  8,  0])
 array([ 1, 16, 13, 15, 14, 18, 21, 36, 38, 39, 35, 33, 22, 20, 19,  1])
 array([ 2, 25, 26, 28, 29, 32, 31, 30, 42, 40, 41, 37, 34, 24, 27,  2])]
 -- Custo: 
 ---------28.73467008443113
 ---------39.38214722334149
 ---------39.42955328423773
 ---- Total: 107.54637059201035
 -- Premio: 
 ---------53.0
 ---------68.0
 ---------77.0
 ---- Total: 198.0
 - Execucao 8
 -- BestCostGenaration: [-238.31326521757018, -438.6302153249205, -670.9737698179808, -749.5820182790002, -818.825417034031, -850.0271583840051, -891.1967474239538, -898.2464093974488, -934.3513576352871, -1032.058996299397, -1080.6009211867731, -1097.2872126877885, -1140.6309808293784, -1153.4598033805617, -1166.5515060447708, -1171.7450649665507, -1175.2148371295814, -1197.8739383562252, -1205.814083069382, -1215.7121702824193, -1223.8281459295072, -1234.2069944700006, -1269.2696543236777, -1310.3693234247917, -1342.878006350978, -1347.4336128516852, -1349.410452271145, -1377.0476743366535, -1392.5217559948746, -1422.9460481568829, -1437.140916982297, -1446.1473741795267, -1447.0276599728052, -1470.422868216486, -1482.7964848202, -1508.187144659388, -1520.0640714573474, -1527.2539546311887, -1530.9508435864263, -1537.1424984511868, -1538.440719732534, -1542.8852225826467, -1558.8118082468445, -1560.1100295281917]
 -- BestCostElement: [-1542.88522258 -1542.88522258 -1542.88522258 -1542.88522258]
 -- BestRoute: [array([ 0,  6,  5,  4,  7,  9, 12, 10, 11, 17, 16,  8,  0])
 array([ 1, 13, 15, 14, 18, 22, 33, 34, 37, 40, 41, 39, 38, 36, 19, 20,  1])
 array([ 2, 29, 28, 26, 25, 23, 24, 27, 30, 31, 32,  2])]
 -- Custo: 
 ---------31.04986413321144
 ---------41.971783865121964
 ---------21.950844619618657
 ---- Total: 94.97249261795207
 -- Premio: 
 ---------55.0
 ---------85.0
 ---------54.0
 ---- Total: 194.0
 - Execucao 9
 -- BestCostGenaration: [-260.08140165299653, -417.6789190751635, -599.9753920547737, -615.9690709202116, -647.7112298220052, -714.9750560204807, -771.3344454524295, -848.6160714449126, -894.8959794257505, -915.179836564913, -969.3902074661319, -989.3871190822182, -1048.4561924857435, -1061.785843062774, -1089.684862921626, -1111.1346622051558, -1129.229473000026, -1149.2928894546903, -1175.8955244085835, -1185.9403645295893, -1206.5325400662196, -1220.9966424170857, -1228.7785753745816, -1252.0953507817756, -1259.1533982644294, -1296.8451955393148, -1330.5069976114887, -1340.179871443071, -1366.0316746286942, -1411.3422204657513, -1438.0375138277338, -1453.5480941655503, -1463.3534755244193, -1489.134065329983, -1493.8203568309982, -1533.107774491505, -1542.272206238527, -1549.107774491505, -1554.0520464015044, -1557.365754900489]
 -- BestCostElement: [-1557.3657549 -1557.3657549 -1557.3657549 -1557.3657549]
 -- BestRoute: [array([ 0,  6,  5,  4,  7,  9, 12, 10, 11,  8,  0])
 array([ 1, 18, 14, 15, 13, 16, 17, 19, 34, 37, 40, 41, 39, 38, 36, 22,  1])
 array([ 2, 31, 30, 27, 24, 23, 25, 26, 28, 29, 32,  2])]
 -- Custo: 
 ---------20.536631057245557
 ---------39.48636730352073
 ---------23.135562914111457
 ---- Total: 83.15856127487774
 -- Premio: 
 ---------49.0
 ---------86.0
 ---------54.0
 ---- Total: 189.0
