 - Execucao 0
 -- BestCostGenaration: [-253.07836311427178, -416.24393213023723, -559.969644445325, -647.80232200306773, -681.03383251933587, -754.0001826304499, -792.58001806420089, -825.00099445710771, -899.45560597554004, -938.87601624475019, -945.46754759199973, -977.59301985912043, -1031.7314547465089, -1053.8757924359861, -1083.8757924359861, -1124.9587527460317, -1137.3839192669243, -1153.1642900340789, -1190.2233099560049, -1219.5431949300432, -1231.0558660868435, -1255.6891153607619, -1302.9683596090299, -1303.5691351416137, -1315.3447640028035, -1321.9115419356508, -1340.2502884098515, -1352.3058103332346, -1372.2605112413285, -1384.4032504733541, -1396.8971310276806, -1398.300336077813, -1404.7226598762529, -1408.6768230531716, -1421.4440998979851, -1442.3914459640671, -1451.9452022786454, -1455.0873458543458, -1457.6867610741594, -1466.660438321609, -1478.0103317014909, -1495.2830529972343, -1504.7348458793058, -1525.1042824682913, -1529.0163646037868, -1532.3765013495949, -1538.9276115191969, -1540.9316458197056, -1544.8689238520656, -1545.412538588693, -1549.4653071015632, -1550.7635283829104, -1551.3538509215618, -1552.6520722029086]
 -- BestCostElement: [-1552.6520722 -1552.6520722 -1552.6520722 -1552.6520722]
 -- BestRoute: [array([ 0,  6,  5,  4,  7,  9, 12, 10, 11, 17, 16,  8,  0]), array([ 1, 15, 13, 14, 18, 22, 35, 36, 38, 39, 41, 40, 37, 34, 19, 20,  1]), array([ 2, 27, 24, 23, 25, 26, 28, 29, 32, 42, 31, 30,  2])]
 -- Custo: 
 ---------31.0498641332
 ---------39.9958499514
 ---------35.3841736687
 ---- Total: 106.429887753
 -- Premio: 
 ---------55.0
 ---------84.0
 ---------56.0
 ---- Total: 195.0
 - Execucao 1
 -- BestCostGenaration: [-260.44116166603828, -437.56285200585592, -535.042862794097, -614.01027515518501, -680.29489252113945, -740.70892135670658, -793.82459273808354, -840.41516063652364, -862.11610741522918, -913.15881647967274, -916.53184757354893, -955.12193714812724, -983.64861374882366, -1019.0993465604778, -1035.5332064194045, -1051.7135288722766, -1068.530350438504, -1087.3907014869037, -1091.2271361437397, -1100.3771121333455, -1140.8902406918073, -1141.5742020369398, -1142.2314678798696, -1176.4678205162506, -1183.6833107295488, -1192.1300483674549, -1233.2557406414248, -1240.4432811109909, -1258.5900154882684, -1294.9262424083054, -1299.2316307845604, -1316.9054001719633, -1329.6884062974812, -1338.6829029615365, -1372.5612112066358, -1391.4499979163197, -1415.9823587746564, -1421.583298739404, -1430.4977395078163, -1438.5093339815307, -1453.6296955854286, -1455.6779120932606, -1470.6746430995104, -1488.9877048034009, -1506.0562529073002, -1506.9250012815387, -1517.9884741792007, -1521.6538114561135, -1521.8793950364441, -1529.8608910699413, -1532.6447459774008, -1543.4600123847631, -1550.7102491849282, -1552.7804213062141, -1554.5534705766609, -1556.1617047023924, -1561.5185488220466, -1563.8616945725544]
 -- BestCostElement: [-1563.86169457 -1563.86169457 -1563.86169457 -1563.86169457]
 -- BestRoute: [array([ 0,  7,  4,  5,  6,  8, 11, 10, 12,  9,  0]), array([ 1, 18, 14, 15, 13, 16, 17, 19, 20, 33, 35, 38, 36, 21, 22,  1]), array([ 2, 29, 28, 26, 25, 23, 24, 34, 37, 39, 41, 40, 42, 30, 31, 27,  2])]
 -- Custo: 
 ---------22.1289902045
 ---------38.4826055778
 ---------38.4229805746
 ---- Total: 99.0345763569
 -- Premio: 
 ---------49.0
 ---------63.0
 ---------84.0
 ---- Total: 196.0
 - Execucao 2
 -- BestCostGenaration: [-295.90518920512989, -399.01381784715323, -618.0544937121947, -645.79151721431231, -730.40772258511993, -761.07973182967112, -816.3704539310686, -829.38127316515568, -854.37068958494967, -933.52219661707886, -954.61605110318283, -991.85345822426552, -997.20538291533717, -1045.2645454828526, -1067.6965001278991, -1156.3837545461997, -1159.7660676407622, -1223.8453185100334, -1242.7331233071836, -1249.8037033798421, -1255.6278964662602, -1323.8263830097235, -1347.7654067636154, -1362.1689526213652, -1370.1970309384392, -1376.1786993669994, -1404.2057811469444, -1417.8381424370723, -1424.088335974081, -1424.3723429956588, -1431.3540599918838, -1438.9681458467333, -1444.412415436436, -1449.9699876626523, -1454.2305164859345, -1466.1714781918956, -1475.6124807154272, -1488.4350789971666, -1489.0510979420048, -1497.0543561290972, -1500.4906009205495, -1509.4686194470632, -1520.3564163829342, -1523.6387007003364, -1529.703266453238, -1533.1802450012274, -1534.5528280032577]
 -- BestCostElement: [-1534.552828 -1534.552828 -1534.552828 -1534.552828]
 -- BestRoute: [array([ 0, 11, 20, 16, 17,  8,  6,  5,  4,  7,  9, 12, 10,  0]), array([ 1, 15, 13, 14, 18, 22, 35, 36, 38, 39, 41, 40, 37, 34, 19,  1]), array([ 2, 24, 25, 26, 28, 29, 32, 31, 23, 30, 27,  2])]
 -- Custo: 
 ---------37.3477047075
 ---------39.3653332494
 ---------30.8677703849
 ---- Total: 107.580808342
 -- Premio: 
 ---------58.0
 ---------81.0
 ---------54.0
 ---- Total: 193.0
 - Execucao 3
 -- BestCostGenaration: [-238.31670928640304, -371.82207722741214, -665.19783264667149, -689.31260724548542, -724.6951675672417, -765.91470988939886, -800.27954928261045, -881.80921758727789, -887.68760591234968, -906.13274249612675, -988.80290839878387, -1000.9111015216681, -1032.7125024193251, -1060.8364189730751, -1079.6706065105263, -1103.1921521156828, -1126.0699404875331, -1172.5223766816403, -1181.7939338021395, -1195.8759529301383, -1218.8720594290107, -1238.4223638865101, -1266.4396806295322, -1276.3200558448241, -1276.9583101996359, -1306.850331650099, -1311.2725367519549, -1330.9025679655736, -1338.4300479246276, -1341.1499109537199, -1344.2438260213858, -1349.824713104585, -1398.6232028633895, -1403.2135032562264, -1424.6235861610567, -1426.2989982326053, -1439.2452325138659, -1453.6080091009248, -1465.0234253264227, -1466.5184536177769, -1470.729170559852, -1470.8783833094353, -1471.1721139256742, -1476.671273745595, -1485.1504202829703, -1504.1974068571283, -1511.7130601860556, -1512.7435525163369, -1534.082332984048]
 -- BestCostElement: [-1524.9312592  -1524.9312592  -1523.80327379 -1523.80327379]
 -- BestRoute: [array([ 0,  9,  7,  4,  5,  6,  8, 17, 16, 19, 11, 10, 12,  0]), array([ 1, 15, 13, 14, 18, 22, 33, 35, 36, 38, 39, 41, 40, 37, 20,  1]), array([ 2, 42, 34, 24, 23, 25, 26, 28, 29, 32, 31, 30, 27,  2])]
 -- Custo: 
 ---------35.311161307
 ---------39.3505623782
 ---------36.6054615152
 ---- Total: 111.2671852
 -- Premio: 
 ---------64.0
 ---------73.0
 ---------60.0
 ---- Total: 197.0
 - Execucao 4
 -- BestCostGenaration: [-284.67043962260254, -387.05374486118831, -515.87231335255842, -609.82971472281133, -665.96038382657821, -698.32141149099925, -760.04495792132002, -766.40032879301157, -841.36218268587322, -886.24372855919114, -932.51161957301656, -957.33869770924014, -963.40558415412852, -999.46688577601503, -1042.1390272216263, -1046.4268799965737, -1055.2068125001647, -1099.7990969264847, -1125.0420363596968, -1157.5186380850212, -1178.9795304353795, -1201.6940667917909, -1235.2477099751879, -1273.1594066072921, -1303.2182811103378, -1310.0468280920463, -1319.3692379609088, -1351.6029146468795, -1366.3634814675547, -1398.3815398832894, -1410.5182079587019, -1417.0194677536751, -1425.6528537548722, -1428.9039732041233, -1436.9160688334382, -1457.7024706163199, -1462.286397378929, -1467.2995008465646, -1478.5581823070979, -1488.8047376431514, -1489.9370169249305, -1490.977502773052, -1491.4607213517172, -1509.5195958547629, -1525.6091715561461, -1528.6189562059299, -1529.3436341747379, -1548.1643542754207, -1548.4330378703539, -1549.5895189544071]
 -- BestCostElement: [-1549.58951895 -1549.58951895 -1549.58951895 -1549.58951895]
 -- BestRoute: [array([ 0,  6,  5,  4,  7,  9, 10, 16, 11, 12,  8,  0]), array([ 1, 15, 13, 14, 18, 21, 36, 38, 39,  3, 34, 33, 22, 20, 19, 17,  1]), array([ 2, 24, 23, 25, 26, 28, 29, 32, 31, 30, 42, 40, 41, 37, 27,  2])]
 -- Custo: 
 ---------36.3773642444
 ---------39.5339085518
 ---------39.2960126749
 ---- Total: 115.207285471
 -- Premio: 
 ---------51.0
 ---------73.0
 ---------74.0
 ---- Total: 198.0
 - Execucao 5
 -- BestCostGenaration: [-277.56084142135268, -396.42460438057412, -523.93403068638111, -624.01209237205478, -668.88928191340301, -686.55726459798348, -726.58150476249511, -764.68375373768504, -800.23860863302923, -831.9824488932361, -891.46459600891808, -916.03995624705908, -924.85975817077122, -977.08697446789154, -1037.4887020465683, -1057.8615639370139, -1062.2798371700887, -1119.6210661719247, -1143.2330141241937, -1143.4015975620362, -1211.3556738032444, -1226.4692182477283, -1263.5659773354312, -1309.1238339364504, -1310.6755017871096, -1317.0607976334859, -1324.9204215223942, -1353.5031900396989, -1388.430919564709, -1395.26878595576, -1419.740898375378, -1423.2407976730597, -1437.4288128644096, -1446.6236245620044, -1481.2411418229967, -1485.6158809531855, -1512.7125962464279, -1514.7803429996784, -1517.3710559153296, -1520.5412887446978, -1521.9160219736277, -1523.0400057941365, -1532.0697072715438, -1543.3399810451633]
 -- BestCostElement: [-1526.71855369 -1526.71855369 -1526.71855369 -1526.71855369]
 -- BestRoute: [array([ 0,  6,  5,  4,  7,  9, 12, 10,  8, 17, 16, 20, 11,  0]), array([ 1, 13, 15, 18, 21, 35, 36, 38, 39, 41, 40, 37, 34, 33, 22, 19,  1]), array([ 2, 23, 25, 26, 28, 29, 32, 31, 30, 27, 24,  2])]
 -- Custo: 
 ---------37.3477047075
 ---------39.3239018286
 ---------24.1487550423
 ---- Total: 100.820361578
 -- Premio: 
 ---------58.0
 ---------81.0
 ---------54.0
 ---- Total: 193.0
 - Execucao 6
 -- BestCostGenaration: [-256.7307839589833, -432.20136035514668, -566.1222291027583, -612.51762979016212, -640.05356316482562, -746.02053112425006, -799.69645615056857, -847.35636142460919, -875.74117549672974, -896.21987488331229, -974.33012462498323, -1038.0815254434615, -1070.9682630636819, -1088.898277600304, -1099.0249708059268, -1141.3200895847092, -1150.482899687355, -1174.6684209130131, -1174.9775027967439, -1210.5243737674944, -1251.6235226666499, -1255.8091475085862, -1283.0060266134576, -1292.3061315236409, -1317.7717882138113, -1350.7878978450037, -1353.2168938393902, -1375.3236648809832, -1384.4842190579025, -1402.9174779726154, -1404.4966716321076, -1414.5074200087925, -1430.4406812438017, -1437.3365094988735, -1441.4220476131193, -1455.0517062292329, -1478.3307286419431, -1489.0699524468218, -1490.1803237975726, -1497.5900012589213, -1506.557821016675, -1515.67091481532, -1517.2970448215538, -1519.5655646254936, -1522.9659947003611, -1522.980026118531, -1525.2345145043009, -1525.9781717139604, -1526.9859153227794, -1528.6489759973379, -1529.6567196061569, -1533.5041892686413]
 -- BestCostElement: [-1529.65671961 -1529.65671961 -1529.65671961 -1529.65671961]
 -- BestRoute: [array([ 0,  7,  4,  5,  6,  8, 17, 16, 20, 11, 10,  9, 12,  0]), array([ 1, 13, 15, 18, 21, 36, 38, 39, 41, 40, 37, 34, 33, 22, 19,  1]), array([ 2, 29, 28, 26, 25, 23, 24, 27, 30, 42, 31, 32,  2])]
 -- Custo: 
 ---------38.8110736502
 ---------38.2411392983
 ---------31.6193935875
 ---- Total: 108.671606536
 -- Premio: 
 ---------58.0
 ---------80.0
 ---------56.0
 ---- Total: 194.0
 - Execucao 7
 -- BestCostGenaration: [-212.84825410931589, -366.19887246306331, -523.89996967807042, -668.60633222506897, -724.82639529816993, -756.06821098908313, -828.61661741510272, -845.95871253167309, -892.92114130356117, -952.92114130356117, -968.64593589591209, -988.77183674239382, -1016.9293155159087, -1038.4697163162562, -1052.1970545145009, -1089.9139609434405, -1115.6315699381421, -1122.1797637937702, -1140.7871597344304, -1180.8770639169065, -1183.1516485007344, -1196.9730328792707, -1207.1240445490694, -1216.5890085976489, -1243.747523432276, -1280.7047469158874, -1289.8423788126556, -1312.4759469915364, -1334.8207652388455, -1344.981822041598, -1345.4887158631961, -1354.0742209503603, -1355.0782414239184, -1374.2615527117712, -1389.0738453536981, -1399.7997545709177, -1407.3927864946827, -1429.3409957591939, -1448.6910489863176, -1462.2028548506503, -1472.6017456227653, -1472.9227837475592, -1479.321614324911, -1481.1815550094173, -1483.4830864948021, -1488.3322710863647, -1488.6808049741135, -1488.8539872676004, -1496.7686581350836, -1496.8931394418864, -1498.4286155344641, -1500.1863865690023, -1506.7977014965422, -1509.1408472470498]
 -- BestCostElement: [-1509.14084725 -1509.14084725 -1509.14084725 -1509.14084725]
 -- BestRoute: [array([ 0,  9,  7,  4,  5,  6,  8, 17, 16, 20, 19, 11, 10, 12,  0]), array([ 1, 15, 13, 14, 18, 22, 33, 35, 36, 38, 39, 41, 40, 37,  1]), array([ 2, 24, 23, 25, 26, 28, 29, 32, 27, 34, 42, 30, 31,  2])]
 -- Custo: 
 ---------37.311161307
 ---------39.2629710461
 ---------38.6406558352
 ---- Total: 115.214788188
 -- Premio: 
 ---------67.0
 ---------70.0
 ---------60.0
 ---- Total: 197.0
 - Execucao 8
 -- BestCostGenaration: [-231.9081702593349, -394.94734512555408, -516.24024326211759, -687.77013252111215, -724.10140851985511, -773.06579427729821, -820.64047302995755, -895.06860867987484, -895.5181396884625, -908.28199815152504, -964.83170413572475, -987.40901184216295, -1054.1869119892945, -1055.7495708834995, -1058.2460944729346, -1107.6196985858983, -1122.6393171429081, -1147.4614563990876, -1161.0922501064856, -1177.5940479497913, -1201.9398557552036, -1225.7516001300176, -1262.1077794196506, -1323.8357175845422, -1324.0694195953877, -1370.7528435471186, -1378.7039839142285, -1386.7463635608356, -1390.1798039557148, -1407.0485656244184, -1411.1570407579486, -1424.3440203489172, -1429.3869208662672, -1466.5405405781548, -1466.9371094444168, -1470.5196883742492, -1475.1175891454204, -1475.1384698068948, -1478.626547358477, -1483.7133051279084, -1489.3822550067157, -1493.1756054765008, -1493.2329711851453, -1493.5978105783568, -1497.2753960224877, -1514.5413368262175]
 -- BestCostElement: [-1500.97617683 -1500.59185704 -1500.59185704 -1500.59185704]
 -- BestRoute: [array([ 0,  6,  3,  5,  4,  8, 11, 10, 12,  9,  7,  0]), array([ 1, 35, 13, 15, 18, 21, 36, 38, 39, 41, 40, 33, 22, 20, 19, 17,  1]), array([ 2, 32, 16, 29, 26, 28, 25, 23, 24, 34, 37, 30, 31, 27,  2])]
 -- Custo: 
 ---------54.2006164605
 ---------55.4362094596
 ---------64.8002260333
 ---- Total: 174.437051953
 -- Premio: 
 ---------49.0
 ---------78.0
 ---------66.0
 ---- Total: 193.0
 - Execucao 9
 -- BestCostGenaration: [-253.67366342561706, -383.06341929419636, -542.26406341176357, -639.30250438358087, -709.5266724123519, -777.31492521647488, -852.49363921996064, -882.20059076199618, -919.21100666323923, -922.78880156138325, -946.44840833385638, -1016.5667046627186, -1019.9738940406374, -1028.3955455273253, -1068.8064068857061, -1089.4733001711197, -1102.7752826671701, -1104.3240770480359, -1130.6742445688537, -1200.328107700961, -1202.6036118011004, -1215.585850451235, -1221.8207945738172, -1252.6898694696206, -1256.23683381412, -1274.0163871424384, -1296.0486277647615, -1299.9278846851801, -1304.9297136306714, -1315.3191256952907, -1323.5832120944499, -1326.993234674414, -1367.3562613648967, -1367.7144000294866, -1378.9248300683471, -1398.5537415254303, -1404.3398862597951, -1410.9147215808084, -1415.9953496799167, -1421.0324713017878, -1423.2041584976246, -1425.1614641249025, -1432.8804404343891, -1434.167858094896, -1452.8729578477389, -1456.5299388661149, -1456.9332891976919, -1458.4408807806676, -1463.3381002206438, -1469.0299619578955, -1475.4784578982294, -1478.8138600399184, -1484.6397842461413, -1487.8996449434367, -1488.2802439487964, -1498.05934806291, -1519.7990005529014, -1520.7683576939276, -1521.0864182134083, -1522.1316069084528, -1523.2121108128608, -1524.2572995079058, -1525.9669222702682]
 -- BestCostElement: [-1525.96692227 -1525.96692227 -1525.96692227 -1525.96692227]
 -- BestRoute: [array([ 0,  7,  4,  5,  6,  8, 16, 17, 19, 11, 10, 12,  9,  0]), array([ 1, 15, 13, 14, 18, 20, 33, 34, 40, 41, 39, 38, 35, 36, 22,  1]), array([ 2, 23, 25, 26, 28, 29, 32, 27, 24, 37, 42, 30, 31,  2])]
 -- Custo: 
 ---------34.6422232805
 ---------39.7145902044
 ---------36.6514559475
 ---- Total: 111.008269432
 -- Premio: 
 ---------64.0
 ---------71.0
 ---------62.0
 ---- Total: 197.0
 - Execucao 10
 -- BestCostGenaration: [-234.26889389799197, -412.66723889969694, -487.91702966002288, -571.39822063810584, -659.23096209483765, -731.19640548524967, -768.95604616677588, -805.63185953191294, -832.07388983803048, -873.66926300922637, -923.36310392978908, -979.85353971615575, -1013.5828432209755, -1046.599920137179, -1168.4940229626213, -1196.6992348587351, -1210.5132166415169, -1221.2049183195359, -1229.9175458497648, -1278.2597651211447, -1349.1357663304807, -1373.3388526813744, -1390.5948900355429, -1396.4809962570748, -1400.543722293756, -1402.137850506567, -1440.8159589824127, -1479.5351795586446, -1491.5351795586446, -1498.9620758619762, -1501.1888397556152, -1503.35780328944, -1503.5177038959359, -1511.5847540189932, -1514.5039406979654, -1518.5567092108358, -1519.0039543529829]
 -- BestCostElement: [-1519.00395435 -1519.00395435 -1519.00395435 -1519.00395435]
 -- BestRoute: [array([ 0,  7,  4,  5,  6,  8, 17, 16, 20, 19, 11, 10, 12,  9,  0]), array([ 1, 15, 13, 14, 18, 21, 22, 35, 36, 38, 39, 40, 41,  1]), array([ 2, 25, 26, 28, 29, 32, 27, 24, 33, 34, 37, 42, 30, 31,  2])]
 -- Custo: 
 ---------36.9035204542
 ---------39.711454541
 ---------38.6340364166
 ---- Total: 115.249011412
 -- Premio: 
 ---------67.0
 ---------64.0
 ---------67.0
 ---- Total: 198.0
 - Execucao 11
 -- BestCostGenaration: [-258.17828134601598, -397.09744328217141, -551.67829549946282, -579.72350558631615, -692.38722373243058, -738.09274414893366, -766.0184942149499, -801.05872535462936, -865.16672763254564, -900.22424297038367, -934.83346237079809, -955.99778910772739, -1002.4813962862121, -1004.2790160953629, -1006.0038615270246, -1034.2804623376674, -1067.4362859745122, -1079.8793937776049, -1126.4655342700585, -1162.037223178027, -1202.43689715138, -1216.3639334464974, -1245.2811065421176, -1248.0863291132387, -1254.3130930068774, -1262.9214876117658, -1286.068011260601, -1294.7262888165078, -1310.8369526456672, -1333.1470419569478, -1333.8580591761024, -1362.947756304429, -1395.0688294802085, -1404.606283139316, -1411.426912861788, -1414.7712815178115, -1422.0147473143052, -1428.615809992405, -1441.108562797609, -1474.2989550803754, -1489.2462298306616, -1492.5599383296462, -1502.5075204436832, -1511.299162134525, -1511.9854536355401, -1516.2846728239113, -1529.4106183145266, -1533.4593289083518, -1548.9931972443592, -1550.2509705991934]
 -- BestCostElement: [-1550.2509706 -1550.2509706 -1550.2509706 -1550.2509706]
 -- BestRoute: [array([ 0,  5,  4,  7,  9, 12, 10, 11, 14,  8,  6,  0]), array([ 1, 13, 15, 16, 17, 19, 20, 22, 33, 34, 37, 40, 41, 39, 38, 36, 18,
        1]), array([ 2, 23, 24, 27, 30, 31, 25, 26, 28, 29, 32,  2])]
 -- Custo: 
 ---------39.9771356537
 ---------39.535568111
 ---------26.892922227
 ---- Total: 106.405625992
 -- Premio: 
 ---------53.0
 ---------87.0
 ---------54.0
 ---- Total: 194.0
 - Execucao 12
 -- BestCostGenaration: [-292.26004802960938, -439.28721564339088, -551.91601698513114, -749.358633554888, -754.4832570569414, -828.71853076670163, -849.85667167524548, -935.63884187062649, -964.58132767945017, -973.01642787129595, -1005.246703184044, -1036.0576707354355, -1045.6058213279071, -1065.8936419248942, -1093.7627053484407, -1115.4514022585931, -1151.3001527549627, -1153.7532074534265, -1216.7556609734702, -1242.2936003005027, -1245.5024196997806, -1277.9925559002409, -1320.2877171695663, -1328.5039440861822, -1337.2472252312045, -1344.1783120452862, -1350.2658230214083, -1359.3912675502188, -1377.6654761807479, -1395.179343156703, -1400.5998679502436, -1405.4174357576617, -1419.5162428498465, -1431.4650805088945, -1440.0678930046874, -1440.265265045774, -1450.0178174860469, -1457.2879565955018, -1469.6359906540779, -1473.5782682159333, -1486.6684252895725, -1492.9109978123347, -1493.8131019987095, -1495.1389061270088, -1500.4862514303304, -1506.8032701333532, -1517.5425115425101, -1519.9403415506681, -1524.4869924342379, -1530.1559423130452, -1530.4740028325259]
 -- BestCostElement: [-1530.47400283 -1530.15594231 -1530.15594231 -1530.15594231]
 -- BestRoute: [array([ 0,  9,  7,  4,  5,  6,  8, 17, 16, 20, 19, 12, 10, 11,  0]), array([ 1, 15, 13, 14, 21, 35, 36, 38, 39, 41, 40, 33, 22, 18,  1]), array([ 2, 27, 24, 23, 25, 26, 28, 29, 32, 31, 30, 42, 37, 34,  2])]
 -- Custo: 
 ---------38.11163673
 ---------39.0968686121
 ---------37.6729939498
 ---- Total: 114.881499292
 -- Premio: 
 ---------67.0
 ---------66.0
 ---------66.0
 ---- Total: 199.0
 - Execucao 13
 -- BestCostGenaration: [-187.42007328344124, -363.50737383725186, -566.23671958890941, -577.49463942536465, -668.73307939803112, -687.72001378789105, -772.98757226965961, -840.63423380290374, -882.58164548224613, -887.1351783574305, -919.64302220465038, -973.43766875195126, -989.16072814086465, -1045.8223878231074, -1090.8781159131083, -1105.899421085413, -1126.7188636241151, -1142.2558393010779, -1201.0091451711776, -1234.0450186818589, -1244.7842424867376, -1261.7285143967367, -1275.2126252307617, -1303.2596467946582, -1305.5065098869209, -1311.2717811689063, -1366.6734656256992, -1388.0490669795386, -1388.848613710044, -1408.6784082321224, -1410.3309708183392, -1425.9265113633753, -1432.2756670821843, -1443.5240471890061, -1464.0817540632793, -1473.3460915369487, -1478.4719296511012, -1489.3501672479604, -1492.0200802435729, -1492.8314087162762, -1514.8314087162762, -1520.6671840234039, -1523.6330079309284, -1542.3722317358072, -1542.6329646677718, -1548.7788491851345, -1552.0466764296295, -1555.2158922083397, -1559.5920744991204, -1559.7859434976649, -1560.2405454281741, -1580.0849442971648, -1588.2465802580493]
 -- BestCostElement: [-1588.24658026 -1588.24658026 -1588.24658026 -1588.24658026]
 -- BestRoute: [array([ 0,  8,  6,  5,  4,  7,  9, 12, 11, 10,  0]), array([ 1, 18, 21, 35, 36, 38, 39, 41, 40, 37, 34, 33, 22, 20, 19, 17, 16,
       13, 15,  1]), array([ 2, 24, 42, 23, 25, 26, 28, 29, 27, 30, 31, 32,  2])]
 -- Custo: 
 ---------21.365058182
 ---------39.6298632103
 ---------38.5988080041
 ---- Total: 99.5937293964
 -- Premio: 
 ---------49.0
 ---------90.0
 ---------56.0
 ---- Total: 195.0
 - Execucao 14
 -- BestCostGenaration: [-299.78806451027685, -422.88819246518199, -544.72580464665202, -630.32157388678195, -757.91135283514132, -846.55840030009631, -882.03281632679386, -929.22058671905745, -951.03788331684927, -1026.7745521556335, -1083.3477653518871, -1123.7967583787804, -1138.1163823223415, -1146.9815948809921, -1153.9288617614068, -1178.2820172237318, -1216.4381932286155, -1248.0075369862539, -1256.6135753305746, -1275.0888404728948, -1279.1841134964184, -1308.7346924812539, -1315.8232802460852, -1325.7466192661404, -1340.1444126825506, -1347.9689341578157, -1349.7584990144728, -1357.878955791077, -1375.8109714776874, -1386.2033526167829, -1405.5081116999779, -1415.9868979890803, -1416.8693626375257, -1426.417513229997, -1432.0134831285286, -1433.5028551487894, -1449.3351241251153, -1449.8135368860103, -1471.6444206963938, -1479.1438747724183, -1486.9327713241735, -1487.6602938195563, -1493.4798600072413, -1511.0280105997131, -1515.7297893183659, -1536.5510753148801, -1548.0345144402304]
 -- BestCostElement: [-1528.59250102 -1528.59250102 -1528.59250102 -1523.39031261]
 -- BestRoute: [array([ 0,  6,  5,  4,  7,  9, 12, 10,  8, 20, 16, 17, 11,  0]), array([ 1, 13, 15, 18, 21, 36, 38, 39, 41, 40, 37, 34, 33, 22, 19,  1]), array([ 2, 32, 29, 28, 26, 25, 23, 42, 24, 27, 30, 31,  2])]
 -- Custo: 
 ---------37.8924100015
 ---------38.2411392983
 ---------37.290937375
 ---- Total: 113.424486675
 -- Premio: 
 ---------58.0
 ---------80.0
 ---------56.0
 ---- Total: 194.0
