 - Execucao 0
 -- BestCostGenaration: [-134.11145618000168, -226.72467796880795, -276.6809433566346, -361.65189218250015, -456.98646302068289, -462.83747152860877, -517.21700719799082, -604.78796622728328, -640.57905575615678, -690.43059647382893, -758.06769216041494, -785.4327088206652, -831.84592131434545, -844.24504739973929, -932.16429042492689, -947.89692596371253, -999.20628560504929, -1036.820386516953, -1053.140289897817, -1066.427560219307, -1077.181848443327, -1091.5249941938346, -1118.040785556406, -1192.4866468417074, -1195.4662840110352, -1213.7182168144259, -1279.7933826685933, -1333.3365631990043, -1355.2301622770588, -1357.6993855818009, -1372.1552574931493, -1378.9272536124167, -1409.4422711897068, -1415.2192656889306, -1417.3811083535297, -1428.2331903142308, -1456.3672698792584, -1460.4827192380744, -1487.1474821829145, -1487.4546743413237, -1505.2774915367424, -1520.9240030514304, -1532.3171285662256, -1532.5839662295264, -1540.5434389715974, -1544.4279896127814, -1548.4214236772937, -1551.5642717413702, -1559.0705624516072, -1559.0902873545974, -1562.3842709505921, -1563.3393183477915, -1564.6275549948123, -1567.8622041424487, -1567.9412634937971, -1571.6759714871869, -1573.0017756154862, -1573.0748001369595, -1575.9897661876753, -1576.0627907091484, -1577.6528268622337, -1577.7258513837071, -1580.6016959680069, -1580.6747204894803]
 -- BestCostElement: [-1580.67472049 -1580.60169597 -1579.27589184 -1578.70084754]
 -- BestRoute: [array([ 0,  7,  4,  5,  6,  8, 11, 19, 17, 16, 13, 15, 14, 18, 21,  1, 20,
       22, 35, 36, 38, 39, 41, 40, 42, 37,  3, 33, 34, 24, 25, 26, 28, 29,
       32, 31, 30, 27,  2, 23, 12, 10,  9,  0])]
 -- Premio: 
 ---------102.331319878
 -- Custo: 
 ---------199.0
 - Execucao 1
 -- BestCostGenaration: [-134.11145618000168, -210.68953672053283, -310.99049620006144, -372.67487392492762, -416.876272581808, -485.10573508010839, -559.40335783078967, -576.08964933180494, -609.56300290767285, -660.36712172507669, -712.79565247831374, -777.7099633927744, -801.84881411295714, -832.53169753493034, -899.49244759552562, -929.82938692096695, -932.93265256271093, -969.40616365816811, -1017.3652164911221, -1108.1087992196867, -1131.6645524100873, -1200.3847004071999, -1208.5526914217294, -1265.1808573695314, -1277.7556926905449, -1286.6595410553891, -1295.5254401760831, -1322.8451217235267, -1333.0338629305934, -1337.5461095402893, -1408.0264341062423, -1431.2266671472264, -1438.5262376538071, -1449.4122708627392, -1464.1754819914286, -1480.0463375337622, -1484.7673152772938, -1494.8762983365741, -1502.8493690546352, -1509.3301112949298, -1519.1961155522522, -1523.5883408141485, -1524.7739104503962, -1532.2970756004543, -1539.4614417197131, -1543.0576424211295, -1545.0229414435905, -1552.4881408283222, -1554.4373586334236, -1557.4324127383213, -1560.5425450322568, -1561.2937117913866, -1562.516417984772]
 -- BestCostElement: [-1562.51641798 -1561.29371179 -1560.54254503 -1559.46068989]
 -- BestRoute: [array([ 0,  6,  5,  4,  7,  9, 10, 11,  8, 13, 15, 14, 18, 21,  1, 16, 17,
       19, 20, 22, 33, 34,  3, 36, 35, 38, 39, 41, 40, 42, 37, 30, 31, 32,
        2, 24, 23, 25, 26, 28, 29, 27, 12,  0])]
 -- Premio: 
 ---------106.870895504
 -- Custo: 
 ---------199.0
 - Execucao 2
 -- BestCostGenaration: [-134.11145618000168, -226.72467796880795, -316.47358664380977, -361.28716316730623, -414.19343242139166, -460.12519305852288, -485.89618183775974, -560.37960035798812, -567.39226741215271, -612.38773775588106, -670.73961795135665, -672.04986725952836, -758.59962092076853, -778.08366010280065, -828.27819290561774, -836.6759198139199, -888.91224724046197, -939.614025959115, -958.07595215208244, -1010.9700715812637, -1054.7644658057832, -1085.8143643856686, -1119.9311257927457, -1134.2393653949509, -1166.8243286659845, -1210.9155138115566, -1274.6251640748762, -1289.4968106127496, -1340.1835575545308, -1372.7560171834648, -1379.8751522526804, -1424.7890975803039, -1436.7890975803039, -1439.8069136678614, -1450.5426479488729, -1474.8080436878481, -1481.7811396583172, -1496.1182957696856, -1502.8624541349454, -1511.8832050785991, -1527.3042043734845, -1537.3617117273075, -1542.6042228876674, -1549.776830900978, -1551.4073943119924, -1556.211295423142, -1557.518850491994, -1561.2499800611463, -1562.8805434721608, -1567.8248153821601, -1570.247020484016, -1570.9596028235092, -1572.3847675024956]
 -- BestCostElement: [-1572.3847675  -1571.67218516 -1570.95960282 -1570.24702048]
 -- BestRoute: [array([ 0,  5,  4,  7,  9,  6,  8, 10, 11, 17, 19, 20,  1, 16, 13, 15, 14,
       18, 21, 22, 33,  3, 40, 41, 39, 38, 36, 35, 34, 37, 42, 27, 30, 31,
       32,  2, 29, 28, 26, 25, 23, 24, 12,  0])]
 -- Premio: 
 ---------104.403808124
 -- Custo: 
 ---------199.0
 - Execucao 3
 -- BestCostGenaration: [-134.11145618000168, -214.63352298814488, -302.01795641623283, -379.11490438828343, -449.13535652770594, -466.42662746887117, -545.82923185102868, -563.40510907492489, -565.98757622331493, -642.76407661896928, -667.89747547590309, -736.50880005357817, -759.16712943519337, -801.23942518334411, -826.46210047748673, -842.85548352043952, -954.6634698338994, -985.97557132543022, -997.85072310670569, -1016.9699225958773, -1088.8263649235037, -1105.4955143683628, -1132.6782693122823, -1145.8898951930153, -1171.0068372543651, -1213.8926971284727, -1241.0343375360596, -1270.9094247283815, -1275.1634120471444, -1281.6058200114646, -1301.2730050158389, -1315.1713303684296, -1332.2781119448296, -1357.7210519806285, -1361.9375846351306, -1397.1204720869707, -1434.3523865899874, -1440.9543548660604, -1455.9017053699363, -1462.8433657009784, -1506.8907507187682, -1508.9585843878676, -1525.0376483063869, -1535.1770830359119, -1538.5267809367274, -1541.6521871506143, -1548.1152156647186, -1555.6074697356034, -1564.5638302053098, -1564.7205183435128, -1567.6195582953108, -1567.7762464335137]
 -- BestCostElement: [-1567.77624643 -1567.6195583  -1565.80237348 -1565.64568534]
 -- BestRoute: [array([ 0,  5,  6,  8, 10, 11, 19, 17, 16, 13, 15, 14, 18, 21,  1, 20, 22,
       33, 34, 40, 41, 39, 38, 36, 35,  3, 37, 42, 31, 32, 29, 28, 26, 25,
        2, 27, 30, 24, 23, 12,  7,  4,  9,  0])]
 -- Premio: 
 ---------105.555938392
 -- Custo: 
 ---------199.0
 - Execucao 4
 -- BestCostGenaration: [-134.11145618000168, -209.87127611654941, -300.60549581068204, -372.76349584517396, -410.37702743116802, -453.69900007418522, -488.89280051872936, -558.54877018255934, -607.25858676286884, -645.64892644387487, -667.29689954153082, -729.53715434702883, -745.71603487817652, -804.43315251070317, -842.9552193188465, -867.92114759540254, -919.00471779726979, -960.69704819221272, -995.7181962893801, -1017.6285471093692, -1054.8289805597997, -1149.1420568872031, -1152.419942136599, -1167.3791545241465, -1213.1548547078078, -1257.6312336030792, -1282.2555018091919, -1343.9217192798642, -1356.1186305015508, -1365.8198248114254, -1392.8665851811688, -1430.477473906979, -1438.5428601416909, -1442.7955483350374, -1455.582399119919, -1477.4126795234386, -1488.3815621924027, -1512.7801462560533, -1527.0750335735531, -1539.1813705056952, -1544.3514800274311, -1554.6654841328836, -1563.9774456013176, -1572.6281124763498, -1577.1602175238488, -1577.427795946222, -1578.0410177350282, -1578.7536000745215, -1579.750640497391, -1580.1902944869912, -1581.1758051763775, -1585.7054085391896, -1588.0113734293557]
 -- BestCostElement: [-1588.01137343 -1587.29879109 -1586.6855693  -1586.41799088]
 -- BestRoute: [array([ 0,  7,  4,  5,  6,  8, 10, 11, 17, 19, 20, 22,  1, 16, 13, 15, 14,
       18, 21, 35, 36, 38, 39, 41, 40, 42, 37,  3, 33, 34, 24, 27, 30, 31,
       32,  2, 29, 28, 26, 25, 23, 12,  9,  0])]
 -- Premio: 
 ---------100.497156643
 -- Custo: 
 ---------199.0
 - Execucao 5
 -- BestCostGenaration: [-134.11145618000168, -203.86281887735171, -290.00342384246244, -362.38962931874659, -404.30322213853896, -486.78214778415906, -546.76001535620117, -550.54939561669903, -596.47603681977807, -637.79425558578305, -676.19804918233945, -711.00834452179254, -746.03509326358403, -769.32512709591606, -830.61254475642284, -951.14226780228307, -955.91431152642463, -1011.2274287205303, -1028.5108080114871, -1035.4225751730701, -1105.9427224032561, -1114.7384312306226, -1117.7529112134507, -1161.6671463196485, -1182.9467271037011, -1203.104578396003, -1212.1947313720611, -1217.8616824237365, -1251.9645156882916, -1283.1956875680607, -1293.10939467598, -1318.7208481101234, -1322.6002774471638, -1364.8837854796334, -1366.3887902906888, -1379.2467202459243, -1379.4006894442932, -1394.8533280890592, -1420.4199850063328, -1439.8463493653699, -1444.8171675345752, -1449.352349850991, -1464.2167983370807, -1468.5969185625204, -1474.2342924155607, -1479.8195635213967, -1490.3501161495383, -1501.7756314554324, -1504.4711198426983, -1516.4552763054148, -1520.4341891743732, -1525.3412802240305, -1529.9113315133559, -1535.0150440845387, -1540.3767370647054]
 -- BestCostElement: [-1540.37673706 -1539.58509537 -1538.86241387 -1538.07077217]
 -- BestRoute: [array([ 0,  9,  7,  4,  5,  6, 17, 16, 13, 15, 14, 18, 21,  1, 19, 20, 22,
       33, 30, 27, 24, 23, 25, 26, 28, 29,  2, 32, 31, 42, 41, 40, 39, 38,
       36, 35,  3, 37, 34, 12, 11, 10,  8,  0])]
 -- Premio: 
 ---------112.405815734
 -- Custo: 
 ---------199.0
 - Execucao 6
 -- BestCostGenaration: [-134.11145618000168, -214.8828788616901, -289.50569587031418, -361.52300526761195, -408.8046207810936, -464.91885836430532, -509.69298439807892, -533.73559671869521, -596.08253418490426, -660.12497240978701, -734.12497240978701, -743.13986215303089, -800.61629581621219, -816.39338345620899, -879.97348595095707, -890.55320141278594, -914.85131868771089, -941.60157109983697, -988.78726339025548, -1028.877305532465, -1037.6426563848286, -1109.3097999851791, -1133.6529457356867, -1138.7802523566163, -1142.9135159942123, -1167.1843467077197, -1169.5380105358734, -1192.1954304621697, -1221.160851981922, -1225.1164814186207, -1273.7670116797676, -1285.0619727453927, -1293.487333447257, -1302.2526842996206, -1331.5980767234948, -1359.8955730749847, -1371.0024611603835, -1389.3059595998343, -1390.4566925335598, -1412.1972077673479, -1420.8834992683633, -1434.1232286097409, -1434.6530512061006, -1437.1589285650914, -1446.2481945312836, -1454.8587095453781, -1471.1243721346577, -1500.3605230070884, -1506.0428871735753, -1515.1480865782878, -1521.5219067230876, -1525.0287726108454, -1534.1921093276603, -1546.826413026326, -1554.079151511178, -1556.6680822527412, -1560.5755321440804, -1564.9065822652733]
 -- BestCostElement: [-1564.90658227 -1564.56822055 -1563.8512048  -1563.77214545]
 -- BestRoute: [array([ 0,  7,  4,  5,  6,  8, 10, 12, 11, 17, 19, 20,  1, 16, 13, 15, 14,
       18, 21, 22, 33, 34, 40, 41, 39, 38, 36, 35,  3, 37, 42, 30, 31, 32,
       27, 24, 23, 25,  2, 29, 28, 26,  9,  0])]
 -- Premio: 
 ---------106.273354434
 -- Custo: 
 ---------199.0
 - Execucao 7
 -- BestCostGenaration: [-134.11145618000168, -199.23471438777278, -289.36327102742598, -390.77891182235606, -427.61447067552797, -456.30076217654317, -525.79345489462048, -614.31771329599826, -632.90868229606326, -682.3039548352383, -716.99087843483107, -752.55078798178738, -824.10863757580046, -856.7462086667997, -897.24579897826129, -939.80978383220668, -961.37340320230237, -1000.2313216877229, -1008.4023731019001, -1058.7680221889361, -1080.1144880730753, -1093.0916383208241, -1105.6671449697933, -1139.5554144763339, -1165.6646511879651, -1166.1797198844081, -1175.6529774010326, -1209.5114842905887, -1222.8029068266978, -1242.273218492101, -1278.3584020647411, -1282.2801197579929, -1284.3627774636282, -1298.8666224133935, -1358.0396845038335, -1373.0208380609147, -1389.3420853104533, -1406.1327545346639, -1410.1469515010303, -1417.1802403503475, -1424.3411824758136, -1436.9050136295109, -1446.6495782909392, -1459.9512941587968, -1471.7614553662042, -1486.4662508337219, -1491.8623721512495, -1495.6164986548456, -1500.112401897265, -1509.4807401443359, -1513.088412736492, -1520.1969093393632, -1521.8800544273336, -1525.932822940204, -1527.3916820588888, -1529.1013048212515]
 -- BestCostElement: [-1529.10130482 -1527.39168206 -1526.97426099 -1526.67909972]
 -- BestRoute: [array([ 0,  7,  4,  5,  6,  8, 11, 19, 17, 15, 13, 14, 18, 21, 24, 27,  2,
       23, 25, 26, 28, 29, 32, 31, 30, 40, 41, 39, 38, 36, 35,  3, 42, 37,
       34, 33, 22, 20,  1, 16, 10, 12,  9,  0])]
 -- Premio: 
 ---------115.224673795
 -- Custo: 
 ---------199.0
 - Execucao 8
 -- BestCostGenaration: [-134.11145618000168, -224.55179899199644, -276.53976727203303, -451.39380582041105, -477.91633083307835, -535.25617730693364, -584.53565149153769, -645.86236608307968, -680.08258651495794, -696.58328977652445, -775.60546585580323, -812.81241646849048, -853.49853691878559, -936.22032105996971, -944.90661256098497, -986.27395642830811, -996.15152205492552, -1041.169225574464, -1067.184581919028, -1088.7336559867606, -1127.4236248155471, -1148.5906626775113, -1229.0532998667732, -1234.7453629444485, -1273.1392915110641, -1278.2364556614955, -1316.9742610631906, -1347.0502622767594, -1354.6381172474744, -1362.3424411304891, -1376.1828227573747, -1422.7943744377894, -1439.6122067571123, -1445.0638039197556, -1467.7990465321466, -1474.2622086855511, -1502.3904581255324, -1518.9389154354774, -1523.3546774099268, -1533.4765698961492, -1543.1814950278472, -1546.0044925024513, -1553.3085388603774, -1555.1230800008939, -1557.3613073732479, -1562.3581609602029, -1565.9681024949837, -1568.4701578896552, -1570.0208710078541, -1572.4802569700519, -1575.0813831295432, -1576.5957063288677, -1579.6514344188686, -1582.7071625088693]
 -- BestCostElement: [-1582.70716251 -1580.73328956 -1579.73049377 -1579.73049377]
 -- BestRoute: [array([ 0,  8,  6,  5,  4,  7,  9, 12, 10, 11, 19, 17, 16, 13, 15, 14, 18,
       21,  1, 20, 22, 33, 34,  3, 35, 36, 38, 39, 41, 40, 42, 37, 24, 23,
       25, 26, 28, 29, 32, 31, 30, 27,  2,  0])]
 -- Premio: 
 ---------101.823209373
 -- Custo: 
 ---------199.0
 - Execucao 9
 -- BestCostGenaration: [-134.11145618000168, -220.26408639915928, -290.73782483050104, -356.94002675910599, -470.36564565586718, -482.25227267726689, -522.32332069350423, -583.54177934165932, -694.37309770911975, -697.95089260726377, -719.50450733191997, -744.60273117998122, -789.44672895555118, -833.46373755699119, -865.01417673685819, -885.83727474262059, -897.07658026311879, -960.10601751464151, -983.49069357677399, -1017.3368524330084, -1030.4153477186621, -1048.531934354653, -1060.1806540297953, -1162.6577859355946, -1182.478864877959, -1220.7407668856008, -1262.54520087888, -1269.1484099845195, -1298.0267496000661, -1309.1361105563835, -1340.1770360260903, -1353.7455888166953, -1358.122631991245, -1360.5081046561227, -1381.3261977144386, -1396.1340963601558, -1410.5041757502818, -1426.6399400918781, -1439.9362189695044, -1455.0083849976497, -1456.2302853784374, -1461.8094609921086, -1470.0302374872706, -1476.0548108085654, -1483.0084246727213, -1486.8784202688689, -1496.9222582607674, -1500.6753780026102, -1511.9216557646778, -1516.4723698770681, -1518.363666220047, -1524.0995798208878, -1529.8726742820702, -1535.2343672622369, -1537.8129521076569, -1537.8920114590051, -1538.0709325166408, -1541.1266606066415, -1541.2057199579899]
 -- BestCostElement: [-1541.20571996 -1541.12666061 -1540.49313762 -1539.78055528]
 -- BestRoute: [array([ 0,  9,  7,  4,  5,  6, 19, 20, 22, 21, 18,  1, 15, 14, 13, 16, 17,
        8, 11, 10, 12, 25, 26, 28, 29,  2, 32, 31, 27, 30, 42, 37, 40, 41,
       39, 38, 36, 35,  3, 33, 34, 24, 23,  0])]
 -- Premio: 
 ---------112.198570011
 -- Custo: 
 ---------199.0
 - Execucao 10
 -- BestCostGenaration: [-134.11145618000168, -181.24959708854544, -310.05584172842526, -382.26742158720913, -437.50948445409301, -498.77219240505747, -513.77900611850816, -578.04889824218174, -643.38047392174906, -665.7216468707494, -705.69094177675311, -731.30273381932159, -789.64635180962568, -817.75762923701018, -880.4489344914557, -903.0664792893175, -922.88755823168185, -969.27863719194704, -1005.7992342351467, -1015.2057555492313, -1085.8912096340944, -1113.3266447138724, -1140.7950062120249, -1150.2614340215996, -1173.5041138062936, -1212.8589758544979, -1226.7243070502357, -1251.0446243943065, -1291.9087782844385, -1293.7989217156194, -1313.7032211356609, -1327.0291662280526, -1330.5039894623783, -1338.8969746105881, -1376.4809742747427, -1383.6058000227272, -1397.6555957447113, -1426.004694274588, -1435.1776370574266, -1436.9257502825144, -1439.4793210754806, -1460.5573152775858, -1462.8657078222641, -1471.0295790673185, -1481.1379072386039, -1488.2822128943631, -1509.3467805598038, -1512.4389810102596, -1530.4219849982205, -1535.775633950135, -1544.4105773604203, -1556.0153675488932, -1558.3585132994008, -1560.2172330474195, -1560.5854188382184, -1560.6644781895668]
 -- BestCostElement: [-1560.66447819 -1560.58541884 -1560.21723305 -1560.1381737 ]
 -- BestRoute: [array([ 0,  5,  4,  7,  9, 12, 10, 11,  8, 17, 16, 13, 14, 15,  1, 18, 21,
       33, 34, 24, 23, 25, 26, 28, 29,  2, 32, 31, 27, 30, 37, 42, 40, 41,
       39, 38, 36, 35,  3, 22, 20, 19,  6,  0])]
 -- Premio: 
 ---------107.333880453
 -- Custo: 
 ---------199.0
 - Execucao 11
 -- BestCostGenaration: [-134.11145618000168, -224.55179899199644, -306.50518945126703, -380.25253917329917, -441.34103730754066, -527.03196353953012, -535.92054670469133, -569.87859812734223, -623.77197699147064, -652.64691228998868, -725.86448432354609, -794.83728034152659, -810.89244257890709, -854.76090823546224, -869.06556099385648, -921.56961775710215, -937.48483353978406, -944.63201631081768, -975.36982440797112, -1000.4106623605215, -1013.2959996101255, -1034.8945093523489, -1066.673926780476, -1067.1138154540663, -1084.5010602487071, -1186.5085737425125, -1186.5673231426783, -1209.2760554707479, -1258.4262915544743, -1273.5925943371899, -1275.678104864978, -1306.9127594553195, -1328.6271488216066, -1338.3799087952195, -1347.4863251684742, -1355.927925751336, -1371.9360738118298, -1382.3583168109717, -1396.912185904393, -1398.0291789442722, -1457.8061399120434, -1478.2746567217746, -1484.8384707955352, -1498.4449355310189, -1511.0988909606981, -1523.2445189988491, -1532.8531959259608, -1539.5705761066247, -1545.0898923193663, -1554.4527849016995, -1557.481022551056, -1559.3607891605516, -1562.4165172505525, -1562.88846060375, -1563.6368360308186, -1564.9182828593571, -1569.24933298055, -1570.7907378712266, -1572.1704973126762, -1572.3050610705509, -1574.7272661724069, -1575.9481889696326, -1576.3130283628443, -1577.0710159398741, -1577.4358553330858, -1578.3139030212847]
 -- BestCostElement: [-1578.31390302 -1578.31390302 -1577.94906363 -1577.94906363]
 -- BestRoute: [array([ 0,  7,  4,  5,  6,  8, 10, 11, 13, 15, 14, 18,  1, 16, 17, 19, 20,
       22, 21, 33, 34, 35, 36, 38, 39, 41, 40,  3, 37, 42, 30, 27, 31, 32,
        2, 29, 28, 26, 25, 23, 24, 12,  9,  0])]
 -- Premio: 
 ---------102.921524245
 -- Custo: 
 ---------199.0
 - Execucao 12
 -- BestCostGenaration: [-134.11145618000168, -201.24959708854544, -313.97404985014202, -383.11628111801184, -441.00857259716793, -480.92447707759334, -517.7939189178951, -589.39777337891167, -611.00175264574455, -643.19701794543289, -658.95979150311246, -699.2321387890504, -757.39215653374117, -838.19573456658031, -898.10630307089309, -941.44306617960478, -979.3471276483499, -990.77850137313601, -1002.1929079005487, -1074.6231773383111, -1079.0302620883663, -1126.7504240078565, -1171.0382724497622, -1187.6543465501627, -1190.00842159378, -1210.2898555219015, -1220.2324559169406, -1233.8253966204447, -1243.8128672418432, -1282.8084380763889, -1283.2834381052739, -1284.2927066458362, -1294.5488551912167, -1315.0419800528216, -1318.187095259163, -1318.7139446132778, -1335.5300889095668, -1337.8030172594599, -1337.8570279592041, -1353.5241270349561, -1406.636715112895, -1412.8733872293985, -1428.3704673946245, -1430.5165629241224, -1456.4878720034781, -1459.6513971558907, -1494.4574501072318, -1501.1990110679526, -1507.9277629311198, -1514.5396446968721, -1522.5940939360469, -1531.5727091298158, -1538.3304877251171, -1543.5500607546514, -1545.5666031396406, -1548.7013905809897, -1549.704186367127, -1551.179100089372, -1552.2609552268577, -1557.7079773395412, -1557.8868983971768]
 -- BestCostElement: [-1557.8868984  -1557.70797734 -1557.70797734 -1556.45295651]
 -- BestRoute: [array([ 0,  5,  6,  4,  7,  9, 10, 11,  8, 19, 17, 16, 13, 15, 14, 18, 21,
        1, 20, 22, 33, 35, 36, 38, 39, 41, 40,  3, 34, 37, 42, 30, 27, 31,
       32,  2, 24, 23, 25, 26, 29, 28, 12,  0])]
 -- Premio: 
 ---------108.028275401
 -- Custo: 
 ---------199.0
 - Execucao 13
 -- BestCostGenaration: [-134.11145618000168, -193.95626890756569, -287.4407391951919, -384.53469925193559, -384.9012976791592, -451.47338362763355, -517.90024193166096, -560.0431870237685, -611.06424080242084, -651.6489574088655, -668.06582620491076, -724.10972462931568, -781.75965817714973, -804.17715627343455, -839.68047544077217, -862.07668229252681, -878.01819053178247, -948.43505433777204, -983.04883460036967, -1028.2239408393293, -1072.2992066282645, -1094.0101581167828, -1132.9572981906731, -1185.7602706764546, -1188.9023925372246, -1198.5472927445012, -1208.5696811913276, -1211.7880016825279, -1255.2786959404311, -1280.0765418430015, -1299.4169393814118, -1335.5415701865472, -1343.2548486007011, -1343.3652076502653, -1363.4348068487134, -1376.2688943988783, -1382.3496915774381, -1397.6382366224298, -1401.7809980938378, -1439.7349082441165, -1441.5646222954745, -1443.5537282045698, -1466.5858572192901, -1474.5858572192901, -1479.4645533162454, -1490.2520989669133, -1493.8753711323709, -1506.0656794757369, -1508.6478263943768, -1510.6357307650621, -1510.7147901164105]
 -- BestCostElement: [-1510.71479012 -1510.63573077 -1510.00220778 -1509.28962544]
 -- BestRoute: [array([ 0,  6,  5,  4,  7,  9, 10, 11,  8, 19, 17, 16, 13, 14, 15,  1, 18,
       21, 36, 39, 41, 40, 37, 23, 25, 26, 28, 29,  2, 32, 31, 27, 30, 42,
        3, 38, 35, 34, 33, 22, 20, 24, 12,  0])]
 -- Premio: 
 ---------119.821302471
 -- Custo: 
 ---------199.0
 - Execucao 14
 -- BestCostGenaration: [-134.11145618000168, -187.58111331695619, -295.19096653438157, -406.13878770237898, -461.64636519990836, -486.86524803850745, -550.72491282484623, -612.57223073918487, -618.75098637650012, -704.34664715885424, -779.43700386596129, -830.8211151354875, -882.60215325920785, -883.49538559890595, -891.36882752502913, -922.64438995242438, -959.45495405052463, -1018.3179846085679, -1059.2819046841046, -1097.3707075007364, -1135.9067980540108, -1142.0690553597574, -1154.0370271308607, -1162.9020299468807, -1169.0058433860443, -1183.2350281006206, -1233.1072489107491, -1260.1168926250134, -1290.2749551351094, -1316.7594010736102, -1330.5272079147364, -1331.8351549752415, -1339.8162161256844, -1368.1602442298451, -1379.0323791340529, -1381.4607370316016, -1399.9318351183574, -1417.8561269240281, -1435.2620674038681, -1473.2590245463771, -1473.5587729914305, -1491.1193452875143, -1509.2744666941644, -1513.1019403751638, -1520.0905903420278, -1520.5049946633305, -1533.5829144624763, -1540.8811769541112, -1542.2042418217302, -1545.3971829628147, -1549.7209669171277, -1553.7472577556059, -1561.8627523051573, -1566.1641199995493, -1569.8674499358222, -1570.0044925024513, -1574.848902706163, -1579.7736942197103, -1580.5335565885348, -1580.696358888029, -1584.5122135727383, -1588.7814378285293, -1589.8739065529053, -1591.0874027186951, -1594.1431308086958, -1594.40111121768]
 -- BestCostElement: [-1594.40111122 -1594.14313081 -1592.41320685 -1591.41041106]
 -- BestRoute: [array([ 0,  5,  4,  7,  9,  6,  8, 10, 11, 19, 17, 16, 13, 15, 14, 18, 21,
        1, 20, 22, 33, 34, 37,  3, 35, 36, 38, 39, 41, 40, 42, 30, 31, 27,
        2, 32, 29, 28, 26, 25, 23, 24, 12,  0])]
 -- Premio: 
 ---------98.8997221956
 -- Custo: 
 ---------199.0
 - Execucao 15
 -- BestCostGenaration: [-134.11145618000168, -219.85347577101777, -299.13323667943951, -428.23488779190222, -435.91587262855421, -525.64075997183136, -548.9392616277903, -579.72219099056542, -629.31264123418237, -667.58161040513005, -688.64291807148288, -732.68706252984259, -771.20132002191144, -824.34953556533458, -863.29992955399666, -889.29992955399655, -958.06687262561434, -979.2367281848459, -1006.9211585793192, -1029.6490375091876, -1116.8325290144867, -1124.6290612356647, -1130.2028661537684, -1167.3632920840951, -1202.2032348746711, -1227.3728047519066, -1229.7834153800482, -1240.5803872435408, -1258.647506604209, -1305.6020484475557, -1308.6017971577501, -1316.1968267144198, -1334.1348819268435, -1350.5028819975455, -1354.6030469374139, -1368.2774340213637, -1397.4799480660231, -1415.9723885488243, -1427.6408159688367, -1431.2545835817343, -1459.2950446431857, -1459.7221979666274, -1481.5721488448301, -1505.7274070648166, -1526.9939219354935, -1532.8385011901612, -1534.0281319584294, -1555.8315516471919, -1559.3237306952628, -1560.9278164318848, -1562.7919154336307, -1566.1997468747538, -1567.224924156327, -1570.7596989950896, -1571.6776800666107, -1573.0002305163291, -1573.039418237513, -1575.4824256943079, -1576.1153723861044, -1576.8643899238007, -1579.9201180138016, -1582.6806848344768, -1585.1028899363328, -1587.3297954751504, -1589.7520005770064]
 -- BestCostElement: [-1589.75200058 -1588.3268359  -1588.06885549 -1587.32979548]
 -- BestRoute: [array([ 0,  7,  4,  5,  6,  8, 17, 19, 20,  1, 16, 13, 15, 14, 18, 21, 22,
       33, 34, 37, 40, 41, 39, 38, 36, 35,  3, 42, 30, 27, 31, 32,  2, 29,
       28, 26, 25, 23, 24, 12,  9, 11, 10,  0])]
 -- Premio: 
 ---------100.061999856
 -- Custo: 
 ---------199.0
 - Execucao 16
 -- BestCostGenaration: [-134.11145618000168, -200.13063620316828, -280.31889340590419, -367.07821805802791, -443.17447545882646, -454.82375840568727, -537.4223830822674, -582.50979529778681, -628.67861329978155, -680.38990649025379, -735.49145269477458, -759.8996456241174, -766.00614473598921, -810.27480350866472, -849.34690865740606, -929.62883223964059, -938.98202937062933, -1029.3769219730405, -1091.162091775655, -1108.561868394167, -1131.7843998836527, -1162.1692944135057, -1176.3090117138695, -1211.4735138037361, -1225.9189679038939, -1252.8527801799676, -1255.2808871598716, -1300.1991856124873, -1325.4753759142741, -1342.1511378257001, -1364.937255171571, -1372.8582222382727, -1382.0121217559922, -1392.7483991220149, -1409.4346906230303, -1422.9428672004049, -1428.4846004509955, -1436.3457139353616, -1460.0565548736565, -1467.2896431305196, -1476.8857539325559, -1486.602531856852, -1507.2392787912104, -1518.1235359772213, -1523.4454847883744, -1534.9530622859038, -1538.7010715160591, -1544.5798340347269, -1544.9873261424943, -1547.6675116533343, -1550.7232397433349, -1551.4740581105214, -1553.2814252706244, -1554.7820278453573, -1556.8357510906881, -1556.9148104420365, -1559.6472404040082]
 -- BestCostElement: [-1559.6472404  -1558.76919272 -1558.14663783 -1558.1329172 ]
 -- BestRoute: [array([ 0,  6,  5,  4,  9, 12, 11, 10,  8, 17, 16, 13, 15, 14, 18, 21,  1,
       19, 20, 22, 33, 34, 35, 36, 38, 39, 41, 40,  3, 37, 42, 30, 27, 31,
       32, 29, 28, 26,  2, 25, 23, 24,  7,  0])]
 -- Premio: 
 ---------107.588189899
 -- Custo: 
 ---------199.0
 - Execucao 17
 -- BestCostGenaration: [-134.11145618000168, -225.61001700841854, -301.06755949343153, -425.1417445656881, -436.18762407615822, -495.75286881207791, -558.9769756285225, -591.0354219973517, -646.15756741648079, -651.10119082965389, -676.34055730519526, -703.58444870529229, -775.12988145313648, -780.7161173999624, -817.64482398752341, -887.210266775013, -898.37796957621424, -933.37988232801513, -976.78432582966809, -1014.0543219765586, -1036.2911862164824, -1063.3993291334787, -1109.7030583690134, -1196.1916277088662, -1211.75670632111, -1240.8797013569629, -1243.6653642286383, -1286.1656102686397, -1313.0726898162748, -1315.5798967836829, -1321.9096178681184, -1338.254475913594, -1354.5856593540793, -1363.692984125254, -1369.7252209126088, -1372.1156819548771, -1406.9869115883139, -1417.4952108501489, -1440.0995609536112, -1455.423538723137, -1458.5208980715704, -1469.3300979073399, -1482.4242209687732, -1491.3923029804209, -1503.094730001171, -1523.0017489564868, -1524.4419250802464, -1524.4564576540167, -1529.6454993577165, -1532.3987246307529, -1539.4903415726208, -1540.2630040226109, -1541.5653347452151, -1542.2947967457112, -1544.2827011163968, -1546.9000190339698, -1548.9318117570701, -1550.3934116342598]
 -- BestCostElement: [-1550.39341163 -1548.95946974 -1548.95946974 -1548.93181176]
 -- BestRoute: [array([ 0,  7,  4,  5,  6, 16,  1, 18, 21, 17, 13, 15, 14, 19, 20, 22, 33,
       35, 36, 38, 39, 41, 40,  3, 34, 37, 42, 30, 27, 31, 32,  2, 29, 28,
       26, 25, 23, 24, 12,  9, 10, 11,  8,  0])]
 -- Premio: 
 ---------109.901647091
 -- Custo: 
 ---------199.0
 - Execucao 18
 -- BestCostGenaration: [-134.11145618000168, -239.24959708854544, -310.35545761250017, -360.3634601813589, -404.59970752226832, -442.98052091634383, -536.14863158540652, -609.80969253397268, -706.54340353865473, -769.5459630012956, -811.71384665500045, -846.98034631220389, -883.38548621804296, -924.18185613339745, -994.11703273128728, -996.93996945095137, -1023.4959531057198, -1099.7545027676179, -1108.0470370918713, -1124.4624280015157, -1155.4708985507418, -1181.8815091788833, -1186.2664372742981, -1201.1252481812603, -1201.8632183947984, -1223.4866641864126, -1248.5528612810804, -1272.8960070315879, -1273.0166898032676, -1279.3396650608254, -1290.5533180916445, -1332.9787031781334, -1346.9834798965121, -1357.2844521203733, -1362.4841486074679, -1364.2815935527742, -1403.9005290113428, -1414.3799185528674, -1437.3405280383058, -1438.8161821691283, -1463.0258507948151, -1475.2734542020428, -1479.5616536368652, -1484.8470448870344, -1497.5021751168597, -1512.4273855958218, -1518.2915645527889, -1522.3266326017695, -1529.1228240484279, -1538.8974747439688, -1546.2494191820535, -1551.8272140801976, -1555.2571627908724, -1557.48406832969, -1560.6188557710393, -1563.6095559278617, -1564.6065963507313, -1565.3191786902246, -1566.0317610297177]
 -- BestCostElement: [-1566.03176103 -1565.95270168 -1565.31917869 -1564.60659635]
 -- BestRoute: [array([ 0,  4,  7,  5,  6,  8, 10, 11, 17, 16, 13, 14, 15,  1, 18, 21, 22,
       20, 19, 24, 23, 25, 26, 28, 29,  2, 32, 31, 27, 30, 42, 40, 41, 39,
       38, 36, 35,  3, 37, 34, 33, 12,  9,  0])]
 -- Premio: 
 ---------105.992059743
 -- Custo: 
 ---------199.0
 - Execucao 19
 -- BestCostGenaration: [-134.11145618000168, -212.10494283301833, -305.05116356041844, -382.8985310063461, -459.22609143923984, -476.44105059691645, -510.45557103938603, -610.41923795458547, -622.14239012492601, -653.8899958929685, -671.05079874484068, -709.07763756467739, -792.68543092222296, -799.73631977761545, -802.89530374390949, -836.75437390314278, -877.11657511366707, -905.09738306229428, -977.77777533671997, -1002.8460437547724, -1035.9809137945199, -1078.2408648099799, -1094.5402938468756, -1128.6382048289904, -1147.9814606753739, -1155.2845897503903, -1204.2020332572833, -1210.9629349483537, -1239.0700528319576, -1264.838933996863, -1268.0058914296526, -1288.1531916315955, -1297.8472267414295, -1304.9588540554701, -1322.4582102648064, -1334.8701857778372, -1353.1255624049309, -1395.4124855840337, -1432.6210573579351, -1451.5944047065045, -1457.4098712264442, -1472.7071246289952, -1487.5023214578987, -1499.3586496335388, -1536.2894658346081, -1538.0416733627928, -1546.0761017001539, -1551.0504081410188, -1560.2007467979502, -1564.6641258503689, -1571.9583540414949, -1574.3232932277551, -1578.2788514168381, -1581.4887659603551, -1584.5444940503558, -1587.5351942071784]
 -- BestCostElement: [-1587.53519421 -1586.27885142 -1584.54449405 -1584.47946612]
 -- BestRoute: [array([ 0,  7,  4,  5,  6,  8, 10, 11, 19,  1, 21, 18, 14, 15, 13, 16, 17,
       20, 22, 33,  3, 35, 36, 38, 39, 41, 40, 42, 37, 34, 24, 27, 30, 31,
       32,  2, 29, 28, 26, 25, 23, 12,  9,  0])]
 -- Premio: 
 ---------100.616201448
 -- Custo: 
 ---------199.0
 - Execucao 20
 -- BestCostGenaration: [-134.11145618000168, -214.83613414880966, -308.80294544481296, -376.37349337547238, -453.71605234310744, -455.20650190409776, -504.89235756519537, -576.00415966213529, -631.38598068031479, -667.35127660810053, -702.292717154363, -759.55847025815467, -781.55847025815467, -832.03184894820447, -907.32607641800098, -914.3612183857407, -988.77829774753991, -1021.8229045912401, -1071.1760174410965, -1117.0304474067586, -1145.0515664003149, -1172.1755225708682, -1195.6524352853157, -1203.9603341104453, -1218.4322774636428, -1262.3203091805108, -1305.2336198332091, -1313.274053403542, -1354.8291884236426, -1365.2769382552274, -1366.1944526480479, -1379.6877990753853, -1388.1111201786912, -1397.3219170412276, -1399.8897635380367, -1446.579735131068, -1473.0911979973414, -1474.2284294335159, -1499.2171508631361, -1503.4221124419435, -1509.6650077381278, -1522.8555017038102, -1539.2216475716075, -1546.3612838734693, -1552.0660577753195, -1562.5730609926727, -1567.3475784273796, -1570.3551582452055, -1571.4003469402501, -1571.7716873588681, -1571.8404030346887, -1573.8283074053738, -1575.2534720843603]
 -- BestCostElement: [-1575.25347208 -1574.99549168 -1573.82830741 -1573.570327  ]
 -- BestRoute: [array([ 0,  5,  4,  7,  9,  6,  8, 17, 19, 20,  1, 16, 13, 15, 14, 18, 21,
       22, 33, 34, 35, 36, 38, 39, 41, 40,  3, 37, 42, 30, 27, 31, 32,  2,
       29, 28, 26, 25, 23, 24, 11, 10, 12,  0])]
 -- Premio: 
 ---------103.686631979
 -- Custo: 
 ---------199.0
 - Execucao 21
 -- BestCostGenaration: [-134.11145618000168, -194.88016049955985, -287.27517551556679, -338.59200133434609, -406.70957101263554, -495.42177581033468, -544.03747782651214, -598.67757263814019, -643.68652185440999, -690.61437853896291, -707.98765856051159, -740.63276215081419, -798.62346542924206, -813.36110430289546, -855.56297556703396, -857.73514434679169, -916.37770747219918, -924.4754784249667, -985.01194242766985, -1030.6616148330295, -1050.4314150239495, -1068.0140335746532, -1143.5895242021882, -1158.077833821048, -1166.3721894907494, -1181.7096655801658, -1193.3900097555438, -1210.3290592685785, -1217.3733640990217, -1246.3625765510483, -1253.4588791721721, -1272.0864487265671, -1275.6626713879691, -1277.6355958091935, -1297.902914042199, -1323.0722720755778, -1344.4208147271388, -1370.2844260580425, -1389.8868048451468, -1413.2112857161133, -1416.665250823926, -1434.9891262716121, -1439.7153182773834, -1461.6512887932417, -1464.3480264716916, -1487.3611655338191, -1512.8691824136981, -1526.895607093157, -1528.5210803823002, -1546.3603895769406, -1548.1681408989748, -1553.2718534701576, -1556.1681408989748, -1561.8249951484672, -1564.0519006872846, -1565.7672622137961]
 -- BestCostElement: [-1565.76726221 -1565.46636218 -1564.05190069 -1563.87297963]
 -- BestRoute: [array([ 0,  6,  5,  4,  7,  9, 10, 11,  8, 19, 20, 22, 21, 18, 14, 13, 15,
        1, 16, 17, 33,  3, 35, 38, 36, 39, 41, 40, 42, 37, 34, 24, 26, 28,
       29, 32, 31, 30, 27,  2, 25, 23, 12,  0])]
 -- Premio: 
 ---------106.058184447
 -- Custo: 
 ---------199.0
 - Execucao 22
 -- BestCostGenaration: [-134.11145618000168, -232.11145618000168, -282.2848553310991, -380.55197925238372, -421.49151729979889, -465.82980466486646, -564.88661633423044, -575.63874133645209, -604.41371775595064, -633.85900714734385, -704.45395206923604, -722.40183626627481, -796.67015696432577, -801.14137050056661, -831.19745571251337, -870.20808455163569, -929.18644311986714, -955.60113935979632, -1017.8491168781801, -1036.311893788446, -1103.8218930066978, -1141.0628917103245, -1197.589833418142, -1205.6709279560923, -1220.282852994535, -1236.7204286573112, -1248.4145518527848, -1255.4208231716548, -1277.1669704116571, -1286.4308407343301, -1293.9389687733619, -1313.2071563547229, -1314.7912367830559, -1316.1938439606197, -1345.4559069260531, -1349.9633349329706, -1374.3134861618437, -1390.7034992161721, -1391.0468907018512, -1409.7651694167621, -1416.7806422216659, -1428.9239412326574, -1438.5296991911978, -1448.502380308699, -1459.7369294693228, -1474.465990837703, -1476.0392315898425, -1485.1446120528744, -1488.9459288742298, -1493.5055150857654, -1497.1967328437945, -1501.1933412554715, -1502.431482426322, -1506.8441606750889, -1510.2583167319542, -1510.5271419720661, -1512.5010149245813, -1515.3864575222703, -1518.0848446526004, -1521.4979137022719]
 -- BestCostElement: [-1521.4979137  -1520.07274902 -1519.9835905  -1519.90453115]
 -- BestRoute: [array([ 0,  7,  4,  5,  6,  8, 11, 17, 16, 13, 15, 14, 18, 21,  1, 22, 20,
       19, 10,  9, 12, 24, 23, 25, 26, 28, 29,  2, 32, 31, 27, 30, 42, 37,
       34, 33,  3, 35, 36, 38, 39, 40, 41,  0])]
 -- Premio: 
 ---------117.125521574
 -- Custo: 
 ---------199.0
 - Execucao 23
 -- BestCostGenaration: [-134.11145618000168, -199.4049456698333, -328.79284345191263, -401.59944726035047, -451.72105245830846, -510.53521366983631, -565.61706880732197, -604.22303036297103, -616.34590532981292, -661.75765530508534, -716.52655955128932, -784.6032974127404, -820.34320802830712, -861.34120481013304, -952.14300079982286, -952.33844152311406, -959.53830966537691, -1013.579596964747, -1032.2695806956046, -1076.2563479974142, -1110.2563479974142, -1115.4499891788537, -1146.8044518734719, -1173.6686822851962, -1201.6720123417065, -1264.8273986263634, -1269.9462425226495, -1279.4241757145064, -1290.2219244255948, -1310.8505632938818, -1326.8864447736726, -1332.0360963550443, -1341.4148911065749, -1353.5614725000157, -1381.1829296986614, -1391.7772908423367, -1413.7700372726413, -1428.8988180114357, -1461.9080278569359, -1463.5992652530533, -1489.6836849324386, -1495.3982365330075, -1513.1738523096294, -1513.5773031276765, -1522.3016438204704, -1525.346668724522, -1533.5500346004101, -1536.4998813949717, -1536.9751700305389, -1541.5294824374878, -1550.0894346464165, -1551.4641138973857, -1552.0604560251888, -1554.2873615640065, -1554.8121160663063, -1556.2008908264183, -1558.4277963652357, -1558.5068557165841]
 -- BestCostElement: [-1558.50685572 -1558.50685572 -1558.42779637 -1558.42779637]
 -- BestRoute: [array([ 0,  6,  5,  4,  7,  9, 12, 10, 11,  8, 19, 17, 16, 13, 14, 15,  1,
       18, 21, 20, 22, 33, 34, 37,  3, 35, 36, 38, 39, 41, 40, 42, 24, 23,
       25, 26, 28, 29,  2, 32, 30, 27, 31,  0])]
 -- Premio: 
 ---------107.873286071
 -- Custo: 
 ---------199.0
 - Execucao 24
 -- BestCostGenaration: [-134.11145618000168, -192.42912730516895, -298.44626499094761, -371.62371246566909, -404.92313509849447, -462.69627162953986, -512.3080348149183, -564.18328717289546, -592.05901308481452, -635.73936981845168, -657.59510704669401, -693.57228051354957, -745.39452652815453, -796.3896913195282, -818.62824883076303, -835.29154117964731, -844.0437820503505, -899.55198898890569, -939.92080405470165, -948.77984723264933, -1064.9019250595231, -1069.4640455260683, -1091.4047857392561, -1105.5302389826716, -1145.109614129819, -1147.4573909755741, -1180.7975776623207, -1189.3540886708772, -1192.8680424822714, -1226.4330771572786, -1229.6764088671894, -1234.8681526633427, -1242.4244915521672, -1242.7591874701334, -1254.4178770229041, -1282.9560346657368, -1287.5811706692007, -1307.0162220569043, -1332.0105792747158, -1335.6580757528036, -1369.8908405256061, -1384.8126823236626, -1389.3943263667684, -1402.9551219787709, -1406.704282306813, -1410.5699984689322, -1427.786120933773, -1442.6184125134389, -1452.2908544154598, -1456.7357726327111, -1477.8091364463708, -1479.6181779119038, -1485.3483740450074, -1493.4068075953066, -1500.3467909070428, -1507.1796066370403, -1512.9155202378809, -1515.5834303530989, -1516.8412037079331, -1518.0056354549549, -1519.8178724465856, -1522.7890361392765, -1525.6658431716419, -1527.3754659340045, -1528.0089889221495, -1528.0880482734979]
 -- BestCostElement: [-1528.08804827 -1528.00898892 -1527.37546593 -1526.37842551]
 -- BestRoute: [array([ 0,  7,  4,  5,  6,  8, 10, 11, 17, 16, 13, 14, 15,  1, 18, 21, 33,
       34, 24, 27, 30, 31,  2, 23, 25, 26, 28, 29, 32, 42, 37,  3, 35, 40,
       41, 39, 38, 36, 22, 20, 19, 12,  9,  0])]
 -- Premio: 
 ---------115.477987932
 -- Custo: 
 ---------199.0
 - Execucao 25
 -- BestCostGenaration: [-134.11145618000168, -208.80977940098035, -291.58719745236021, -400.98743856310034, -413.20753201815694, -455.3188585673621, -504.35339369152899, -559.77890408430653, -640.18786575878562, -673.25929903185101, -715.89127465619788, -738.25157014200033, -889.82618934204288, -910.16312866748422, -934.28675870919801, -966.54486814946688, -1020.6671642496934, -1040.4352606726948, -1055.0800561964775, -1102.3890887116531, -1120.1924896582755, -1159.744631005578, -1182.5244624787952, -1208.305114443921, -1209.7384570886215, -1210.1515054099543, -1246.6432456128032, -1293.8556618410071, -1312.2082891641508, -1328.6807700957431, -1348.4401311094475, -1360.7910865120398, -1370.191827349101, -1377.1722989481425, -1416.0510510851038, -1424.3452805022503, -1425.5531046409574, -1439.7454407471751, -1459.8891844431537, -1471.9238696053865, -1485.4536520743611, -1499.5246152257075, -1516.9722899529193, -1523.0809936099402, -1530.7838373574464, -1535.5223567104745, -1546.4085449703023, -1550.4913107829084, -1553.2841106412438, -1554.7135552166008, -1557.9708526508086, -1565.7547507328313, -1566.7624943416502, -1571.6215010284836, -1572.5548829166191]
 -- BestCostElement: [-1572.55488292 -1571.62150103 -1570.96150037 -1570.96150037]
 -- BestRoute: [array([ 0,  9,  7,  4,  5,  6,  8, 11, 10, 12, 26, 28, 29, 32, 31, 30, 27,
        2, 25, 23, 24, 37, 42, 41, 40, 39, 38, 36, 35,  3, 34, 33, 21, 18,
       14, 13, 15,  1, 22, 20, 19, 17, 16,  0])]
 -- Premio: 
 ---------104.361279271
 -- Custo: 
 ---------199.0
 - Execucao 26
 -- BestCostGenaration: [-134.11145618000168, -214.0444815305824, -298.29708500290621, -352.47686511196338, -416.72521567081748, -476.34071715013516, -498.3081275124905, -540.57097501137673, -592.83709829788768, -624.23820334502284, -712.11047132367253, -739.60870571486794, -766.40305476226217, -807.42669950187246, -848.09772905467116, -893.19524855168129, -925.38257789877025, -974.13923439153143, -1009.331429334135, -1034.2757023634731, -1135.9518477591168, -1161.2235531855845, -1175.7090365032718, -1218.6474076146765, -1244.4089522612733, -1252.6050452558693, -1262.5811146942376, -1289.2394849688044, -1309.6089215577899, -1314.7477047537363, -1316.4681631291446, -1338.0836935903062, -1343.0684552078258, -1360.7410205451517, -1366.2266355461397, -1376.4383202109286, -1395.6930668597797, -1414.6319279677991, -1416.5422381703643, -1430.0842218175053, -1430.2479231604589, -1464.3945733187725, -1469.8876749677879, -1481.9747634864307, -1492.4965007476083, -1514.5410082342942, -1516.2547642923546, -1529.6607775252023, -1542.3851341933103, -1545.845842782735, -1557.8663782579451, -1569.734486949031, -1572.1320604853133, -1578.1805460335024, -1578.5897260085571, -1583.0821485110278, -1585.3361357411973, -1585.5043536128837]
 -- BestCostElement: [-1585.50435361 -1585.50435361 -1585.33613574 -1585.33613574]
 -- BestRoute: [array([ 0,  7,  4,  5,  6,  8, 11, 10, 19, 17, 16,  1, 15, 13, 14, 18, 21,
       20, 22, 33, 35, 36, 38, 39, 41, 40, 42,  3, 37, 34, 24, 27, 30, 31,
       32,  2, 29, 28, 26, 25, 23, 12,  9,  0])]
 -- Premio: 
 ---------101.123911597
 -- Custo: 
 ---------199.0
 - Execucao 27
 -- BestCostGenaration: [-134.11145618000168, -202.86251948355221, -274.61949794286301, -347.657823213916, -420.86100707026992, -483.64674154560868, -505.71060279508765, -536.9207143765916, -605.60119503661599, -649.55714464959215, -679.14471429517971, -710.02296265819245, -779.66770310763161, -794.66792664096579, -809.42033407711097, -880.04624652015559, -891.18787970221729, -913.42609723871692, -953.14720780684138, -989.60654857830343, -1002.5771317408293, -1055.224845760835, -1081.4555209105633, -1112.8990985410899, -1129.7301372601996, -1205.5709741474457, -1225.1614498981476, -1228.5892165894429, -1245.3349210896922, -1252.7177052216034, -1288.7331924392411, -1290.8265530224303, -1301.8171424163802, -1349.8173644248404, -1350.554232959196, -1352.0374460422795, -1360.8542846533126, -1391.4514186430442, -1398.3759223957936, -1421.6883142768843, -1431.9865052092239, -1443.5789289755137, -1454.4722201927484, -1466.5014543602213, -1472.6919698915713, -1487.2146586221138, -1490.8300253308184, -1515.4804076982641, -1523.5892547285232, -1530.5781828874835, -1534.6558582736297, -1536.7456906218406, -1539.8690690270278, -1542.8597691838502, -1544.4606783704712, -1544.6963353438523, -1549.8688835894752, -1552.2539078309896, -1554.0904739909915, -1555.399398458288, -1559.4521669711585, -1559.7523379416134, -1561.921510457167, -1562.0005698085154]
 -- BestCostElement: [-1562.00056981 -1561.92151046 -1561.28798747 -1559.83139729]
 -- BestRoute: [array([ 0,  6,  5,  4,  7,  9, 10, 11,  8, 17, 16, 13, 14, 15,  1, 18, 21,
       22, 20, 19, 24, 25, 26, 28, 29, 32, 31, 30, 42, 40, 41, 39, 38, 36,
       35,  3, 33, 34, 37, 27,  2, 23, 12,  0])]
 -- Premio: 
 ---------106.999857548
 -- Custo: 
 ---------199.0
 - Execucao 28
 -- BestCostGenaration: [-134.11145618000168, -204.50223341762791, -265.22912724109824, -361.11870410566911, -405.79356656170899, -471.2302647356637, -535.38078798633387, -535.59583169725602, -590.76400689912248, -656.12407772389975, -699.71843840125757, -809.25184949326899, -821.54326727607895, -875.54326727607895, -909.92877794411743, -910.36173048476212, -918.41704263504789, -973.77453891926177, -985.78940803180922, -1013.616022199081, -1095.1825926593874, -1121.4564852657729, -1126.1607155722722, -1161.3713800689602, -1186.4084494071867, -1199.9273744332029, -1220.5870244688326, -1240.0547190940686, -1268.0694800313656, -1314.0602852365357, -1337.3043258203661, -1350.6544339776917, -1355.430629661183, -1376.9574752178696, -1381.6715404013594, -1418.7328097400987, -1424.9682697076792, -1425.7147627315574, -1447.0054631846824, -1458.789423224815, -1467.6916707757127, -1479.0758993042352, -1492.3843046953998, -1494.5502906239112, -1497.2424043262292, -1507.1238285412619, -1524.435439208743, -1547.5731207296585, -1548.0472030566198, -1548.3640167583617, -1558.1262211976803, -1560.3112482454912, -1566.4120012395435, -1569.3311872722384, -1570.7239969791367, -1573.4122082936933, -1574.0377054781216, -1584.4476351843555, -1587.6196034860463, -1588.1032838263968, -1589.6075078567317]
 -- BestCostElement: [-1589.60750786 -1588.89492552 -1588.18234318 -1588.10328383]
 -- BestRoute: [array([ 0,  7,  4,  5,  6,  8, 10, 11, 17, 19, 20,  1, 16, 13, 15, 14, 18,
       21, 22, 33, 34, 35, 36, 38, 39, 41, 40,  3, 37, 42, 30, 27, 31, 32,
       29, 28, 26,  2, 25, 23, 24, 12,  9,  0])]
 -- Premio: 
 ---------100.098123036
 -- Custo: 
 ---------199.0
 - Execucao 29
 -- BestCostGenaration: [-134.11145618000168, -208.56993109190927, -321.15303265441656, -370.6142597588842, -477.26347006288165, -538.97015096305847, -554.94402391557367, -612.66971347269737, -655.20396364994849, -689.46753563120706, -712.92478343299922, -739.31079736640004, -785.61716511495183, -844.80067962572753, -883.41995675765827, -906.13954573499734, -936.68803973124238, -939.4163884104496, -963.09232986154598, -980.78369283941299, -1025.9962561626057, -1036.6145682514925, -1114.493955658917, -1144.3336262248749, -1170.3419308318425, -1180.6688381724798, -1200.2232836394796, -1223.6001869220959, -1279.1667686838878, -1279.3675067649806, -1322.7582303933996, -1333.3350843354644, -1338.3092495647863, -1376.073808721605, -1385.0598353888063, -1390.7852179647989, -1417.101506922073, -1423.5816641244644, -1437.6390254085677, -1443.5569646960553, -1460.8471286290446, -1470.4334740257514, -1475.2351955306035, -1489.749729578873, -1491.5930376458748, -1501.4922071732597, -1507.0943054171883, -1517.131586712421, -1532.2507865012417, -1535.4668427000104, -1539.2886626462823, -1541.9711124495536, -1544.0981562820839, -1547.3592831041128, -1547.438342455461, -1549.1214875434316]
 -- BestCostElement: [-1549.12148754 -1549.04242819 -1548.4089052  -1547.69632286]
 -- BestRoute: [array([ 0,  4,  5,  6,  8, 19, 17, 16, 13, 14, 15,  1, 18, 21, 22, 20, 24,
       23, 25, 26, 28, 29,  2, 32, 31, 27, 30, 42, 40, 41, 39, 38, 36, 35,
        3, 37, 34, 33, 12,  9,  7, 11, 10,  0])]
 -- Premio: 
 ---------110.219628114
 -- Custo: 
 ---------199.0
