 - Execucao 0
 -- BestCostGenaration: [-114.48550977183866, -166.90413996708634, -218.4080669485331, -330.866427946396, -387.2556430820534, -436.72914286912936, -462.17892396221316, -514.0318066306887, -530.5186353483598, -584.8133805533396, -601.7212625444643, -615.2875633151916, -674.9692359783091, -691.6632710881431, -695.5139943361803, -713.857570824312, -750.2147751478093, -762.7484364296669, -787.1339648950923, -795.3719675099233, -812.5587973514996, -820.8388036257666, -824.6895268738035, -827.7452549638043, -840.1212734635917, -841.1290170724105, -843.6510838805538, -882.598665994591, -884.6510838805538, -888.7774231726403]
 -- BestCostElement: [-888.77742317 -888.77742317 -888.77742317 -888.77742317]
 -- BestRoute: [array([ 0, 17, 11,  6,  9, 16, 21, 20, 10,  5,  1])
 array([ 0, 12, 18, 22, 19, 14, 13,  7,  2])
 array([ 0, 26, 27, 25, 29, 36, 33, 30,  3])
 array([ 0, 23, 24, 28, 31, 32, 39, 38, 34, 35,  4])]
 -- Custo: 
 ---------23.86775908720181
 ---------21.970738061930923
 ---------21.562968604702142
 ---------23.654178453005045
 ---- Total: 91.05564420683993
 -- Premio: 
 ---------52.0
 ---------26.0
 ---------45.0
 ---------56.0
 ---- Total: 179.0
 - Execucao 1
 -- BestCostGenaration: [-88.81806859883979, -169.53188978170192, -225.40053162133438, -275.11601819865916, -304.03773896538274, -375.87271077566885, -439.6354148367785, -503.3173640658813, -528.7162379063898, -547.6761144324653, -570.9756225758233, -618.9393914813934, -626.0622521011595, -641.3696888913967, -645.9059611396494, -683.9074698454576, -707.6496964906235, -753.1732370011273, -786.4922008118343, -789.2899484928512, -798.7682323116156, -806.0628097822167, -837.0586095492528, -841.3074239560401, -859.7858680352743, -864.7395860015602, -881.1264499126223, -883.3296653336818, -900.3976973807153, -923.7393343368215, -935.4692201773944, -935.8866412475619, -947.6891729602672, -956.1814086268234, -962.476406105156, -968.4686624963372, -972.8597927280267]
 -- BestCostElement: [-972.85979273 -972.85979273 -972.85979273 -972.85979273]
 -- BestRoute: [array([ 0, 12,  6, 11, 17, 16, 21, 20, 10,  9,  5,  1])
 array([ 0, 18, 22, 19, 15, 14, 13,  7,  8,  2])
 array([ 0, 26, 27, 25, 29, 30, 37, 33, 36,  3])
 array([ 0, 23, 24, 28, 31, 32, 39, 38, 34, 35,  4])]
 -- Custo: 
 ---------26.212141793379818
 ---------20.556395895082648
 ---------22.362335676525813
 ---------23.654178453005045
 ---- Total: 92.78505181799332
 -- Premio: 
 ---------56.0
 ---------31.0
 ---------49.0
 ---------56.0
 ---- Total: 192.0
 - Execucao 2
 -- BestCostGenaration: [-77.69645507212368, -175.19894996518133, -240.04336016889323, -345.6367638125439, -392.5276427437448, -429.2412135194194, -474.29613697136625, -475.7063902495716, -524.4728196216399, -549.401721857628, -557.7137530922223, -617.832737612119, -669.6042146728932, -695.8977383235754, -716.424088654084, -740.7953140915608, -788.0778828915552, -809.9322500389312, -811.5737034718092, -828.0762452729116, -830.0142689674099, -854.0437062189328, -898.7377413287668, -902.0514498277516, -912.7377413287668]
 -- BestCostElement: [-912.73774133 -912.73774133 -912.73774133 -912.73774133]
 -- BestRoute: [array([ 0, 11,  9,  5, 10, 20, 21, 16, 17,  1])
 array([ 0, 23, 22, 18, 12, 13, 14, 19, 15,  8,  2])
 array([ 0, 26, 27, 25, 29, 30, 37, 33, 36,  3])
 array([ 0, 24, 28, 31, 32, 39, 38, 34, 35,  4])]
 -- Custo: 
 ---------27.18671486175162
 ---------22.453545524828723
 ---------22.362335676525813
 ---------23.56296860470214
 ---- Total: 95.56556466780829
 -- Premio: 
 ---------49.0
 ---------37.0
 ---------49.0
 ---------50.0
 ---- Total: 185.0
 - Execucao 3
 -- BestCostGenaration: [-100.99177436575289, -203.51044152353973, -240.76556568155172, -387.62747267669704, -399.0263465172055, -403.3215077865312, -484.3682169913254, -531.9867913698214, -550.7976264252716, -575.2525153876242, -638.3311873608313, -662.1749482682546, -683.7095180690399, -727.5676342989881, -728.3829013526276, -743.7879377087686, -753.5677778717459, -763.7055248902255, -774.6716974970784, -774.9929425507324, -779.9885524091081, -783.3283446924212, -786.0628277287681]
 -- BestCostElement: [-786.06282773 -786.06282773 -786.06282773 -786.06282773]
 -- BestRoute: [array([ 0, 17, 11,  6,  9,  5, 20, 21, 16, 10,  1])
 array([ 0, 24, 22, 14, 13,  7,  2])
 array([ 0, 26, 27, 30, 33, 36, 29, 25,  3])
 array([ 0, 18, 23, 28, 31, 32, 38, 34, 35,  4])]
 -- Custo: 
 ---------27.56296860470214
 ---------22.299077529950218
 ---------23.271172537201508
 ---------20.851074395954114
 ---- Total: 93.98429306780798
 -- Premio: 
 ---------52.0
 ---------24.0
 ---------45.0
 ---------45.0
 ---- Total: 166.0
 - Execucao 4
 -- BestCostGenaration: [-76.40994185706816, -132.57143203954564, -172.1963639385809, -259.97248641734757, -296.81186026587903, -335.42623508015106, -397.84528919932416, -479.76741479535764, -502.8161627160819, -544.4733080471059, -584.6969967683959, -594.4182362311471, -648.8419055168156, -679.861702229644, -691.2914439747623, -721.2303911036224, -741.1406285663247, -758.6844091468141, -760.9300303468767, -771.950464404169, -786.5120699999804, -794.5722066359341, -807.7104727129072, -816.2550442348638, -839.4447486951044, -851.6568142964006, -859.5267676235833, -864.2169518685217, -869.2053155157796, -891.3099160630195, -908.1379929520642, -919.4075678347626, -924.8962042125688, -930.0938593357778, -935.582495713584, -941.5747521047651, -945.8064416752711, -946.81418528409]
 -- BestCostElement: [-946.81418528 -946.81418528 -946.81418528 -946.81418528]
 -- BestRoute: [array([ 0, 17, 16, 21, 20, 10, 11,  6,  9,  5,  1])
 array([ 0, 22, 18, 12,  7, 13, 14, 19, 15,  8,  2])
 array([ 0, 26, 27, 30, 33, 36, 29, 25,  3])
 array([ 0, 23, 24, 28, 31, 32, 39, 38, 34, 35,  4])]
 -- Custo: 
 ---------22.705481427033437
 ---------22.66562126173752
 ---------23.271172537201508
 ---------23.654178453005045
 ---- Total: 92.29645367897751
 -- Premio: 
 ---------52.0
 ---------35.0
 ---------45.0
 ---------56.0
 ---- Total: 188.0
 - Execucao 5
 -- BestCostGenaration: [-39.46943106441424, -144.3624144366243, -201.92220256946587, -240.18665823758542, -321.6262958523091, -381.96196553939126, -466.7905915475644, -469.608761161442, -493.2969103273545, -552.2501955298467, -566.047227594257, -611.6507146383551, -636.0525836028919, -654.4438657037448, -697.0210392945978, -709.93796079161, -735.6519349281912, -746.0110221194741, -761.0319505670707, -782.0509244487866, -792.2189833772293, -799.130300777518, -814.7153000077519, -814.7375329271847, -816.4472205183716, -817.003114719662, -817.8839149308415]
 -- BestCostElement: [-817.88391493 -817.88391493 -817.88391493 -817.88391493]
 -- BestRoute: [array([ 0, 17, 16, 21, 20, 11,  6,  9, 10,  5,  1])
 array([ 0, 23, 22, 18, 12,  7, 13,  2])
 array([ 0, 26, 27, 25, 29, 30, 37, 33, 36,  3])
 array([ 0, 31, 28, 24, 35, 34, 38,  4])]
 -- Custo: 
 ---------22.95741732923815
 ---------20.86118637758232
 ---------22.362335676525813
 ---------23.34808188394334
 ---- Total: 89.52902126728962
 -- Premio: 
 ---------52.0
 ---------28.0
 ---------49.0
 ---------39.0
 ---- Total: 168.0
 - Execucao 6
 -- BestCostGenaration: [-61.96291516155276, -156.3178696008402, -249.4938061082727, -301.28668038805483, -353.1005682318358, -446.7619542758647, -454.6771283913659, -509.8629618966414, -548.2528863213602, -593.8379481628601, -599.0802098908106, -635.4731087696485, -664.1318571371659, -669.4809304564853, -675.3343163850092, -725.0731992947576, -727.0963869833472, -740.0250712408177, -753.0173276319989, -753.8461501831822, -758.9322710561052, -777.4660737643495, -778.4764641644222, -781.1512259319541, -795.2354177955273, -798.2184837554382, -806.3389233125604, -815.511098668401, -825.7455407618877]
 -- BestCostElement: [-825.74554076 -825.74554076 -825.74554076 -825.74554076]
 -- BestRoute: [array([ 0, 22, 13,  7, 12,  6, 11, 10,  9,  5,  1])
 array([ 0, 16, 17, 18, 14, 19, 15,  8,  2])
 array([ 0, 26, 25, 27, 33, 36, 29, 30,  3])
 array([ 0, 23, 24, 28, 31, 38, 35, 34,  4])]
 -- Custo: 
 ---------27.07326211449112
 ---------21.404918347287666
 ---------22.26240552495637
 ---------23.82302882279292
 ---- Total: 94.56361480952808
 -- Premio: 
 ---------50.0
 ---------32.0
 ---------45.0
 ---------45.0
 ---- Total: 172.0
 - Execucao 7
 -- BestCostGenaration: [-64.47494760783674, -173.2445791249183, -242.8213459817162, -288.2812361155787, -401.6030898224364, -516.2587288951578, -528.9180047186202, -568.597615919078, -589.0793255031682, -622.3008519953333, -633.1569625497318, -700.3726249840292, -711.7153202259874, -730.0063371752443, -738.7180727489681, -759.8405180015957, -785.5080120809351, -786.2881240382934, -802.732562059582, -807.0494169716117, -821.2879169841436, -835.2879169841436, -844.1608731516134, -844.694534433471, -845.5753346446504, -866.5830782534694, -871.9078405653111, -874.7281286548013, -917.9636690902028, -930.25404632784, -931.668507820877]
 -- BestCostElement: [-931.66850782 -931.66850782 -931.66850782 -931.66850782]
 -- BestRoute: [array([ 0, 17, 16, 21, 20, 11,  6,  9,  5, 10,  1])
 array([ 0, 22, 18, 12,  7, 13, 14, 19, 15,  8,  2])
 array([ 0, 26, 27, 33, 36, 29, 30, 25,  3])
 array([ 0, 23, 24, 28, 31, 32, 39, 38, 34, 35,  4])]
 -- Custo: 
 ---------25.970609457455737
 ---------22.66562126173752
 ---------23.792463872582434
 ---------23.654178453005045
 ---- Total: 96.08287304478074
 -- Premio: 
 ---------52.0
 ---------35.0
 ---------45.0
 ---------56.0
 ---- Total: 188.0
 - Execucao 8
 -- BestCostGenaration: [-47.81988961188746, -140.20397090936802, -223.14391955943586, -290.26059103002456, -327.2388639591019, -353.4318375209845, -400.646719528007, -439.79673152351677, -468.58446963303993, -493.9279734475491, -530.810655221379, -558.3475988146039, -591.8249506167457, -602.2983103661643, -623.4916601509768, -634.3287439094561, -652.1950548100218, -673.7782311710039, -695.0312636320166, -708.6137561608255, -747.0484807320729, -792.5668248308227, -799.797319024824, -812.5099013643173, -818.4808127235297, -827.8495036503768, -843.8912817064925, -857.7123606488569, -870.0402693737435, -873.1750568150926, -885.4593280625545, -891.4499468350923, -935.5847342764414, -938.6404623664423]
 -- BestCostElement: [-938.64046237 -938.64046237 -938.64046237 -938.64046237]
 -- BestRoute: [array([ 0, 23, 18, 12, 11, 17, 16, 20, 10,  9,  5,  1])
 array([ 0, 22, 19, 15, 14, 13,  7,  8,  2])
 array([ 0, 26, 27, 25, 30, 33, 37, 36, 29,  3])
 array([ 0, 24, 28, 31, 32, 39, 38, 34, 35,  4])]
 -- Custo: 
 ---------27.910501685868567
 ---------19.186912597118447
 ---------23.679501520700303
 ---------23.56296860470214
 ---- Total: 94.33988440838945
 -- Premio: 
 ---------61.0
 ---------28.0
 ---------49.0
 ---------50.0
 ---- Total: 188.0
 - Execucao 9
 -- BestCostGenaration: [-111.96695766650629, -154.62012082660868, -220.58159511292646, -276.97414634916464, -311.8342550981908, -352.04340426022344, -424.4796181811653, -460.879317343961, -549.9975386064662, -598.5316806566999, -653.3511004147531, -681.5021660152074, -751.1079242486308, -778.7384876596452, -794.7841156750583, -815.4954902443881, -820.238114494206, -833.3134227737075, -843.2086772426833, -862.4388289875944, -863.6922122008043, -870.6951717779348, -909.4310853787756, -911.6951717779348, -919.4047945402974, -933.4047945402974]
 -- BestCostElement: [-933.40479454 -933.40479454 -933.40479454 -933.40479454]
 -- BestRoute: [array([ 0,  6, 11, 17, 16, 21, 20, 10,  5,  9,  1])
 array([ 0, 23, 22, 18, 12, 13, 14, 19, 15,  8,  2])
 array([ 0, 26, 27, 25, 29, 30, 37, 33, 36,  3])
 array([ 0, 24, 28, 31, 32, 39, 38, 34, 35,  4])]
 -- Custo: 
 ---------27.26995155886895
 ---------22.453545524828723
 ---------22.362335676525813
 ---------23.56296860470214
 ---- Total: 95.64880136492562
 -- Premio: 
 ---------52.0
 ---------37.0
 ---------49.0
 ---------50.0
 ---- Total: 188.0
 - Execucao 10
 -- BestCostGenaration: [-68.27141189126958, -134.18673677705414, -212.5832016004777, -273.50008016617755, -322.3830801347874, -351.38190989336096, -392.8649788992532, -437.817698958515, -448.61230788828414, -477.93611546766533, -511.2055782933978, -545.8676430813939, -567.2025865927876, -574.2553118425013, -618.6940076170542, -641.9127931538746, -645.3828728136793, -645.4577142209571, -659.6400720769234, -665.9312306790926, -677.9751417772413, -695.8330077784765, -707.4003495940947, -729.6641858012374, -753.543887670502, -764.9221229470647, -778.0610452201404, -782.5442382974095, -798.1401045714886, -803.8879880648769, -809.3206798101901, -812.8762417889016, -823.6560819518791, -831.9847383917727, -845.9847383917727, -856.7645785547502]
 -- BestCostElement: [-856.76457855 -856.76457855 -856.76457855 -856.76457855]
 -- BestRoute: [array([ 0, 26, 20, 21, 16, 17, 11,  6,  9, 10,  5,  1])
 array([ 0, 22, 18, 12,  7, 13, 14, 19, 15,  8,  2])
 array([ 0, 33, 36, 29, 30, 27, 25,  3])
 array([ 0, 23, 28, 24, 35, 34, 38,  4])]
 -- Custo: 
 ---------24.946328004297904
 ---------22.66562126173752
 ---------23.767498446010624
 ---------20.67940764926642
 ---- Total: 92.05885536131247
 -- Premio: 
 ---------60.0
 ---------35.0
 ---------37.0
 ---------43.0
 ---- Total: 175.0
 - Execucao 11
 -- BestCostGenaration: [-49.739328596896094, -183.0837228943226, -242.15556061551595, -297.9411994049177, -322.7286166727073, -373.03704722025395, -412.4369752859898, -443.0082983415451, -483.89032210300866, -493.36266911196196, -517.7318308804931, -550.5825541285301, -563.2951364680232, -585.1164224645374, -592.031302524712, -607.5565249130518, -627.9140089508802, -634.5873238959609, -655.7091550436163, -682.5786516593487, -695.1258674980267, -709.1258674980267, -731.5788606410777, -752.1270112335492, -758.025718962768, -764.8690308245652, -765.1220634108674]
 -- BestCostElement: [-765.12206341 -765.12206341 -765.12206341 -765.12206341]
 -- BestRoute: [array([ 0, 26, 27, 25, 16, 21, 20,  5,  9, 10,  1])
 array([ 0, 17, 11, 12, 18, 13,  7,  2])
 array([ 0, 23, 37, 33, 36, 30,  3])
 array([ 0, 22, 24, 28, 31, 32, 38, 34, 35,  4])]
 -- Custo: 
 ---------27.24777455592183
 ---------22.64222328045784
 ---------22.622808875947918
 ---------23.206677434955527
 ---- Total: 95.71948414728311
 -- Premio: 
 ---------54.0
 ---------33.0
 ---------29.0
 ---------48.0
 ---- Total: 164.0
 - Execucao 12
 -- BestCostGenaration: [-74.1633024394956, -132.28216297777135, -227.3642362584601, -306.4176330947606, -345.82017388318206, -390.6072618919084, -413.48035364149, -444.3533480379533, -516.4355190121703, -542.9051679343507, -564.0921936948754, -576.6446718982297, -595.500249856825, -637.0876086075078, -655.344266259066, -662.7673097739585, -700.8028612797964, -719.761413526414, -742.968134216929, -747.6255298900169, -761.2524054643909, -770.9349783883501, -772.5267191880419, -774.6118845295655, -775.4954372637258]
 -- BestCostElement: [-775.49543726 -775.49543726 -775.49543726 -775.49543726]
 -- BestRoute: [array([ 0, 26, 27, 25, 20, 21,  6,  9, 10,  5,  1])
 array([ 0, 17, 16, 11, 12,  7, 13,  2])
 array([ 0, 30, 29, 33, 37, 36,  3])
 array([ 0, 23, 28, 34, 38, 32, 39, 35,  4])]
 -- Custo: 
 ---------25.63657250649893
 ---------21.543203766865055
 ---------20.407021150565008
 ---------22.03934326013955
 ---- Total: 89.62614068406855
 -- Premio: 
 ---------50.0
 ---------37.0
 ---------28.0
 ---------47.0
 ---- Total: 162.0
