 - Execucao 0
 -- BestCostGenaration: [-211.12728693188544, -284.1376419008231, -366.76237571691814, -464.0190118704455, -500.13195690905394, -549.1429203466557, -625.2252821348434, -678.0099924979295, -718.712193679799, -760.9838259244771, -787.8066791823342, -810.0918396713503, -853.0117098705189, -865.4253853668238, -881.2492002028441, -913.3606563828457, -927.0177343158127, -967.5848260280075, -990.302192399189, -1014.459619048551, -1033.0324752025722, -1061.1459105495662, -1070.0294632837265, -1087.4744707443376, -1100.2611528542325, -1107.0899754054158, -1109.5046439526025, -1117.601514576868, -1119.154449201028, -1132.441866861535, -1135.7555753605197, -1147.1250119495053, -1167.8568676313007, -1168.8568676313007, -1187.263485080628, -1203.7700646711332, -1204.7700646711332]
 -- BestCostElement: [-1204.77006467 -1204.77006467 -1204.77006467 -1204.77006467]
 -- BestRoute: [array([ 0, 19, 14, 22, 15, 16,  9,  8,  3,  4])
 array([ 0, 21, 12,  6, 11, 18, 17, 20, 10, 13,  5,  2])
 array([ 0, 33, 44, 39, 32, 30, 26, 24, 29, 42, 38, 37])
 array([ 0, 27, 25, 28, 31, 34, 36, 41, 43, 45, 40])]
 -- Custo: 
 ---------23.93975529467841
 ---------26.696186211948003
 ---------26.58638256331965
 ---------25.835159762270596
 ---- Total: 103.05748383221665
 -- Premio: 
 ---------46.0
 ---------63.0
 ---------54.0
 ---------68.0
 ---- Total: 231.0
 - Execucao 1
 -- BestCostGenaration: [-225.32467937908166, -322.0873226747248, -390.4021238735566, -469.84897860681383, -569.5047610408026, -671.8514806271664, -702.6609818137345, -741.3573934881449, -804.6345710288113, -828.499783587462, -881.0094858761066, -919.6973726073722, -955.6467479160153, -963.3510642124451, -1005.7180317736291, -1029.9470340231069, -1052.759081797793, -1055.624294356444, -1075.4778629789382, -1079.3025920566236, -1083.519937299217, -1101.4286802741997, -1102.2917285433018, -1115.4286802741997, -1121.4286802741997, -1126.1149717752148, -1128.4209366653806, -1131.1815034860558]
 -- BestCostElement: [-1131.18150349 -1131.18150349 -1131.18150349 -1131.18150349]
 -- BestRoute: [array([ 0, 19, 22, 14,  9,  3,  8, 15,  4])
 array([ 0, 21, 18, 17, 20, 13, 11, 12,  6,  5, 10,  2])
 array([ 0, 26, 33, 44, 39, 32, 30, 24, 29, 42, 38, 37])
 array([ 0, 27, 25, 28, 36, 41, 34, 43, 31, 40])]
 -- Custo: 
 ---------24.89892194340167
 ---------24.66562126173752
 ---------27.45589083169431
 ---------25.184190091652514
 ---- Total: 102.20462412848602
 -- Premio: 
 ---------44.0
 ---------63.0
 ---------54.0
 ---------59.0
 ---- Total: 220.0
 - Execucao 2
 -- BestCostGenaration: [-231.87459794050469, -314.64781927633607, -403.50389028604087, -473.7962114669309, -588.4340512352229, -652.981402305735, -719.883203455288, -783.3132354169938, -859.9266407414696, -889.8936409239628, -915.4418223395389, -959.230606527388, -986.5180241878948, -1018.0465923097764, -1052.4976578945962, -1064.5274851673566, -1082.6578741634576, -1089.2815559766186, -1115.4567188022606, -1138.1560867527692, -1143.4513484569857, -1147.2206567935036, -1154.2129131846848, -1155.4364652563077, -1164.0525393567082, -1175.6835421628095, -1178.4441089834847, -1182.6757985539907, -1186.7795111251735, -1191.0112006956795]
 -- BestCostElement: [-1191.0112007 -1191.0112007 -1191.0112007 -1191.0112007]
 -- BestRoute: [[ 0 22 19 14  7  3  8 15 16  9  4]
 [ 0 21 12  6  5 10 13 17 18 11  2]
 [ 0 26 24 29 30 32 33 44 39 38 37]
 [ 0 27 25 28 31 36 41 43 34 45 40]]
 -- Custo: 
 ---------23.81222871041952
 ---------24.769976529279415
 ---------24.607698869111037
 ---------26.307295717270176
 ---- Total: 99.49719982608015
 -- Premio: 
 ---------47.0
 ---------60.0
 ---------52.0
 ---------68.0
 ---- Total: 227.0
 - Execucao 3
 -- BestCostGenaration: [-222.17068138718003, -302.63918541889456, -406.8989414821523, -528.3407932220657, -604.4854069991331, -614.853996346159, -692.8388157096235, -744.3615585363511, -843.7515814761152, -882.6663165454978, -924.7497087858573, -965.1519024435399, -976.9255698314714, -1041.6447619744372, -1046.380056927691, -1067.8991152020003, -1088.0092552418557, -1093.3592147524987, -1106.1207114218573, -1109.519585262366, -1120.6985063200016, -1127.2632424720255, -1127.9859239805082, -1133.580097384055, -1134.1021641921984, -1135.5243692940542, -1138.1549327050686, -1139.5448571297875]
 -- BestCostElement: [-1139.54485713 -1139.54485713 -1139.54485713 -1139.54485713]
 -- BestRoute: [array([ 0, 19, 14, 22, 15, 16,  9,  8,  3,  4])
 array([ 0, 21, 20, 10, 13, 17, 18, 12,  6, 11,  5,  2])
 array([ 0, 26, 24, 29, 38, 42, 30, 32, 33, 39, 44, 37])
 array([ 0, 27, 25, 28, 31, 34, 41, 43, 36, 40])]
 -- Custo: 
 ---------23.93975529467841
 ---------26.71862684627243
 ---------30.356999922576705
 ---------22.598403654025606
 ---- Total: 103.61378571755314
 -- Premio: 
 ---------46.0
 ---------63.0
 ---------54.0
 ---------59.0
 ---- Total: 222.0
 - Execucao 4
 -- BestCostGenaration: [-250.78282379759986, -298.9500161081701, -425.01880076894446, -503.5273241127036, -562.6222040394222, -652.3824923554004, -761.4478746591811, -803.0771230558832, -851.3312264697981, -926.4008697139345, -979.6914879780286, -1023.1646371381969, -1036.502998857016, -1046.9680678914842, -1077.5224638829825, -1086.790940423766, -1088.202665469898, -1093.8878425529226, -1106.4477946732584, -1112.4477946732584, -1121.2161051027524, -1125.1343098577481, -1130.3920665832575, -1131.1898142642744, -1136.3920665832575, -1138.477231924781, -1141.0783580842726]
 -- BestCostElement: [-1141.07835808 -1141.07835808 -1141.07835808 -1141.07835808]
 -- BestRoute: [array([ 0, 22, 19, 14, 15, 16,  9,  3,  8,  4])
 array([ 0, 21, 18, 17, 20, 13, 10,  5, 12,  6, 11,  2])
 array([ 0, 26, 32, 33, 44, 39, 42, 38, 29, 24, 30, 37])
 array([ 0, 27, 25, 28, 36, 41, 43, 31, 34, 40])]
 -- Custo: 
 ---------24.836220951010507
 ---------26.65632604665209
 ---------27.86353168444791
 ---------23.87433179682131
 ---- Total: 103.23041047893182
 -- Premio: 
 ---------46.0
 ---------63.0
 ---------54.0
 ---------59.0
 ---- Total: 222.0
 - Execucao 5
 -- BestCostGenaration: [-195.6057659870169, -305.252195122122, -376.47271496385065, -465.4723291183107, -577.5717628657352, -673.4453023230909, -752.1526189435425, -789.9546856733568, -831.9320928361672, -887.2770506038917, -921.1101374201642, -959.3513589763857, -982.7809417782604, -1000.3178493548047, -1054.0260135714097, -1067.0182699625907, -1076.1079326182467, -1086.4699547482464, -1095.3993434575677, -1096.9537556830792, -1107.7211470231587, -1111.2050215833178, -1127.5115904904437, -1132.0816417797687, -1132.877363050448, -1146.4775560431467, -1146.7727173124722, -1155.1236066717988, -1195.3505122106162, -1202.8361890112922, -1203.1313502806177, -1209.1236066717988]
 -- BestCostElement: [-1209.12360667 -1209.12360667 -1209.12360667 -1209.12360667]
 -- BestRoute: [array([ 0, 19, 14, 22, 15, 16,  9,  8,  3,  4])
 array([ 0, 21, 18, 12,  6, 11, 17, 20, 13, 10,  5,  2])
 array([ 0, 26, 32, 39, 44, 33, 30, 24, 29, 38, 42, 37])
 array([ 0, 27, 25, 28, 31, 34, 35, 45, 43, 41, 36, 40])]
 -- Custo: 
 ---------23.93975529467841
 ---------26.248685193898492
 ---------28.168322166947583
 ---------25.36233567652582
 ---- Total: 103.7190983320503
 -- Premio: 
 ---------46.0
 ---------63.0
 ---------54.0
 ---------69.0
 ---- Total: 232.0
 - Execucao 6
 -- BestCostGenaration: [-208.71856410009107, -289.3594855856399, -375.20064785156967, -460.3170474654433, -495.3430023340307, -614.8412299175453, -683.8151964862154, -784.6165740288512, -838.559293217028, -888.8259117695997, -923.9049745306821, -954.7278946153167, -982.6217421499957, -997.174876362003, -1038.810951992733, -1057.35412316551, -1080.7653878119527, -1098.8768439919545, -1105.2576032602738, -1113.7653878119527, -1125.5568224486447, -1134.1903454367894, -1139.1903454367894, -1140.7124122449327, -1147.3318785799338, -1151.7307524204423, -1205.7307524204423, -1206.7307524204423, -1206.7862568269684]
 -- BestCostElement: [-1206.78625683 -1206.78625683 -1206.78625683 -1206.78625683]
 -- BestRoute: [array([ 0, 22, 19, 14,  7,  3,  8, 15, 16,  9,  4])
 array([ 0, 21, 18, 17, 12,  6, 11, 13, 10,  5,  2])
 array([ 0, 26, 24, 30, 39, 32, 33, 44, 42, 38, 29, 37])
 array([ 0, 27, 31, 34, 45, 43, 41, 36, 25, 28, 40])]
 -- Custo: 
 ---------23.81222871041952
 ---------23.553673389616712
 ---------26.90168923923731
 ---------24.785844453984343
 ---- Total: 99.05343579325789
 -- Premio: 
 ---------47.0
 ---------60.0
 ---------54.0
 ---------68.0
 ---- Total: 229.0
 - Execucao 7
 -- BestCostGenaration: [-210.66954693260692, -283.89882676314517, -417.72390080305985, -483.5608329471715, -530.8915231515135, -594.7289213076758, -666.2535417061754, -724.7123086613353, -761.2593609787945, -818.5980167060359, -861.9840599186067, -894.3308701839359, -933.0648414298378, -974.1127950545024, -987.5194125038297, -1006.1909619192434, -1035.4339608427, -1049.4739049415348, -1074.7680331624258, -1082.4941968954427, -1100.0740289172322, -1110.308471010719, -1126.5658717460763, -1129.5246368380476, -1132.902720722133, -1142.9269851502734, -1143.8793731909113, -1148.3377679837022, -1178.0033118206845, -1179.5391870175342, -1204.5009871861362, -1204.5362274404038, -1213.6875519709488, -1214.2096187790917, -1214.2448590333595, -1217.6875519709488, -1218.7227922252164, -1219.6055330424697]
 -- BestCostElement: [-1219.60553304 -1219.60553304 -1219.60553304 -1219.60553304]
 -- BestRoute: [array([ 0, 19, 22, 23, 16, 15, 14,  7,  3,  8,  9,  4])
 array([ 0, 21, 12,  6, 11, 18, 17, 20, 13, 10,  5,  2])
 array([ 0, 26, 33, 32, 39, 44, 42, 38, 24, 30, 29, 37])
 array([ 0, 27, 25, 28, 31, 34, 45, 43, 41, 36, 40])]
 -- Custo: 
 ---------25.353968857051505
 ---------25.932254189447793
 ---------28.200058016357435
 ---------23.362335676525817
 ---- Total: 102.84861673938255
 -- Premio: 
 ---------48.0
 ---------63.0
 ---------54.0
 ---------68.0
 ---- Total: 233.0
 - Execucao 8
 -- BestCostGenaration: [-167.20641108778645, -345.987839024341, -415.42683593400363, -419.1213650536656, -566.5663659788892, -668.5871244150718, -753.4171500697828, -800.6596022249914, -816.1505696130776, -853.0668846231351, -881.8870540674011, -922.7537661516535, -967.9907666385838, -988.8079947160527, -1037.314574217965, -1040.8246080181962, -1051.5734165741635, -1078.3916997303907, -1104.767007424218, -1110.767007424218, -1126.3075215803783, -1126.5907497234336, -1134.8176552622513, -1140.295588454108, -1146.295588454108, -1148.6387342046155]
 -- BestCostElement: [-1148.6387342 -1148.6387342 -1148.6387342 -1148.6387342]
 -- BestRoute: [array([ 0, 19, 14, 22, 15, 16,  9,  8,  3,  4])
 array([ 0, 21, 12,  6,  5, 11, 18, 17, 20, 13, 10,  2])
 array([ 0, 33, 44, 42, 32, 30, 26, 24, 29, 38, 39, 37])
 array([ 0, 27, 25, 28, 31, 36, 41, 34, 43, 40])]
 -- Custo: 
 ---------23.93975529467841
 ---------24.76997652927942
 ---------29.62454011810905
 ---------23.006044506779208
 ---- Total: 101.34031644884608
 -- Premio: 
 ---------46.0
 ---------63.0
 ---------54.0
 ---------59.0
 ---- Total: 222.0
 - Execucao 9
 -- BestCostGenaration: [-196.04048200421, -295.83005357049694, -369.2259706672793, -513.8049888893067, -579.2585477275038, -635.2058453795273, -667.298708924366, -730.7309432047176, -808.2041347971629, -833.8872866718659, -864.9585982246266, -890.6362572268802, -941.8180371779638, -981.3159843139795, -997.1221895879233, -1019.1661071710517, -1050.456484408689, -1072.2802992447093, -1078.9629635643037, -1098.7996301591966, -1112.497723188076, -1114.2295788698714, -1125.5968201591563, -1128.9068694769096, -1136.362334802513, -1145.2803158740342, -1148.0486263035282, -1149.6791897145426, -1149.734694121069]
 -- BestCostElement: [-1149.73469412 -1149.73469412 -1149.73469412 -1149.73469412]
 -- BestRoute: [array([ 0, 22, 19, 14,  7,  3,  8,  9, 15,  4])
 array([ 0, 21, 18, 11,  5,  6, 12, 17, 20, 13, 10,  2])
 array([ 0, 24, 26, 30, 32, 33, 44, 39, 42, 38, 29, 37])
 array([ 0, 27, 28, 25, 31, 36, 43, 34, 41, 40])]
 -- Custo: 
 ---------23.767498446010624
 ---------25.62746370694812
 ---------26.077597470163187
 ---------23.843766846610826
 ---- Total: 99.31632646973276
 -- Premio: 
 ---------45.0
 ---------63.0
 ---------54.0
 ---------59.0
 ---- Total: 221.0
 - Execucao 10
 -- BestCostGenaration: [-243.1020938259251, -318.04830247064, -384.9710147196037, -495.1590598617344, -535.5955689240114, -615.9742182821111, -679.8917655320788, -749.6260228989848, -843.9616340224023, -884.3137834704615, -920.4063691387339, -969.9552070625389, -1015.3437799894398, -1042.8199909267028, -1071.572509982815, -1102.866573463475, -1113.118736239087, -1120.321482329776, -1133.8365963819745, -1142.3962410132694, -1147.672064753311, -1192.955796170795, -1196.8923244719754, -1201.9960370431581, -1202.370257663832, -1204.676222553998, -1206.9403089531572, -1207.0193683045056]
 -- BestCostElement: [-1207.0193683 -1207.0193683 -1207.0193683 -1207.0193683]
 -- BestRoute: [array([ 0, 19, 14, 22, 15, 16,  9,  8,  3,  4])
 array([ 0, 21, 18, 11, 12,  6,  5, 17, 20, 13, 10,  2])
 array([ 0, 33, 38, 42, 44, 39, 32, 30, 26, 24, 29, 37])
 array([ 0, 27, 28, 25, 31, 36, 41, 34, 45, 43, 40])]
 -- Custo: 
 ---------23.93975529467841
 ---------25.607698869111037
 ---------27.103936913473323
 ---------25.843766846610826
 ---- Total: 102.49515792387359
 -- Premio: 
 ---------46.0
 ---------63.0
 ---------54.0
 ---------68.0
 ---- Total: 231.0
 - Execucao 11
 -- BestCostGenaration: [-248.77939921325378, -333.8136714658547, -419.24319894053315, -516.8915717856487, -613.3864795431716, -669.3131493951678, -731.1424351709019, -817.4178057412196, -869.6859021660802, -891.6195342462323, -912.8989581059036, -974.4894998849295, -995.8364959470836, -1021.954936387921, -1036.8510815028196, -1057.8803059982536, -1059.0807828277746, -1070.4115632576377, -1103.6675741767956, -1114.3940620281783, -1119.755755008345, -1127.5965659233068, -1135.8511928650962, -1139.892366904252, -1143.0271543456015, -1147.5903527606238, -1148.0595511742545, -1149.854439159783, -1152.989226601132]
 -- BestCostElement: [-1152.9892266 -1152.9892266 -1152.9892266 -1152.9892266]
 -- BestRoute: [array([ 0, 19, 22, 14,  7,  3,  8,  9, 15,  4])
 array([ 0, 21, 18, 17, 11, 12,  6,  5, 10, 13,  2])
 array([ 0, 33, 26, 24, 29, 30, 32, 39, 42, 38, 37])
 array([ 0, 27, 25, 28, 31, 34, 36, 41, 43, 45, 40])]
 -- Custo: 
 ---------23.781374547642187
 ---------22.977182167075235
 ---------24.158976872728967
 ---------25.835159762270596
 ---- Total: 96.75269334971698
 -- Premio: 
 ---------45.0
 ---------60.0
 ---------47.0
 ---------68.0
 ---- Total: 220.0
 - Execucao 12
 -- BestCostGenaration: [-230.02288885035455, -313.27852763435567, -394.9288103197192, -478.2905660663899, -545.3944369027732, -628.2323800389472, -734.4717772069982, -799.7920238768354, -817.2781115120349, -870.9147076095102, -914.7314734645332, -960.5384820555729, -962.141661005367, -983.1474919124686, -1007.6195465577467, -1014.7552239027323, -1056.6405127036787, -1066.3300592237458, -1100.5032630829003, -1117.9315741749315, -1128.9315575456067, -1142.3135384930174, -1142.6296024635799, -1154.6473029274696, -1163.7673494820594, -1164.4799318215528, -1167.1447165157783, -1171.4584250147632, -1176.3793656634148, -1180.1369729069593, -1180.8495552464528]
 -- BestCostElement: [-1180.84955525 -1180.84955525 -1180.84955525 -1180.84955525]
 -- BestRoute: [array([ 0, 19, 22, 14,  9,  8,  3, 15,  4])
 array([ 0, 21, 18, 12,  6,  5, 11, 17, 20, 13, 10,  2])
 array([ 0, 26, 33, 44, 42, 38, 29, 24, 30, 32, 39, 37])
 array([ 0, 27, 28, 25, 31, 34, 36, 41, 43, 45, 40])]
 -- Custo: 
 ---------25.106127581197487
 ---------25.08640753373011
 ---------28.672193971357014
 ---------26.672882102102214
 ---- Total: 105.53761118838682
 -- Premio: 
 ---------44.0
 ---------63.0
 ---------54.0
 ---------68.0
 ---- Total: 229.0
 - Execucao 13
 -- BestCostGenaration: [-193.84606553166773, -293.18158219025577, -398.65216735288595, -466.7743331322504, -575.4243522138554, -633.0143004024368, -712.4839904814888, -786.8720785739545, -854.3563635428421, -889.2883559833211, -928.708418041936, -967.56301401378, -990.5062523220955, -1046.1092307234453, -1069.1337193214067, -1093.106402744721, -1100.4511782503962, -1106.4511782503962, -1125.6985280102353, -1126.949821779026, -1141.05307189582, -1150.2396366806327]
 -- BestCostElement: [-1150.23963668 -1150.23963668 -1150.23963668 -1150.23963668]
 -- BestRoute: [array([ 0, 22, 19, 14, 15,  8,  9,  3,  4])
 array([ 0, 21, 12,  6,  5, 11, 18, 17, 20, 13, 10,  2])
 array([ 0, 33, 44, 39, 32, 26, 24, 29, 30, 42, 38, 37])
 array([ 0, 27, 34, 31, 25, 28, 36, 43, 41, 40])]
 -- Custo: 
 ---------24.259729728469033
 ---------24.76997652927942
 ---------27.15240416310947
 ---------21.257980408983922
 ---- Total: 97.44009082984185
 -- Premio: 
 ---------44.0
 ---------63.0
 ---------54.0
 ---------59.0
 ---- Total: 220.0
 - Execucao 14
 -- BestCostGenaration: [-209.26040731450504, -304.420381504549, -340.0444505550385, -435.1693824969319, -497.453619433678, -615.4376677368875, -684.579213204724, -746.7451598751534, -789.8724183452475, -836.6260249151571, -893.0828824356022, -939.6243872079206, -961.9966834923948, -1005.2599997217364, -1015.9976746618016, -1037.532800216065, -1075.2873474475882, -1075.2880518994389, -1118.3353319287703, -1131.6049068114685, -1150.71636299147, -1165.098327220963, -1176.7241066002891, -1179.6388413771235, -1183.452276592311, -1187.2771483969568, -1192.981987127631, -1193.6945694671244, -1198.3436801077978]
 -- BestCostElement: [-1198.34368011 -1198.34368011 -1198.34368011 -1198.34368011]
 -- BestRoute: [array([ 0, 19, 22, 14, 15, 16,  9,  8,  3,  4])
 array([ 0, 21, 12,  6,  5, 11, 18, 17, 20, 13, 10,  2])
 array([ 0, 26, 32, 33, 44, 39, 38, 30, 24, 29, 37])
 array([ 0, 27, 31, 25, 28, 36, 41, 43, 34, 45, 40])]
 -- Custo: 
 ---------24.525541732305314
 ---------24.76997652927942
 ---------25.66562126173752
 ---------26.202940449728278
 ---- Total: 101.16407997305053
 -- Premio: 
 ---------46.0
 ---------63.0
 ---------52.0
 ---------68.0
 ---- Total: 229.0
