 - Execucao 0
 -- BestCostGenaration: [-181.6612419931731, -269.72335892547676, -341.30955026292713, -460.45778383943883, -569.8482578245071, -647.9552865232886, -728.0249946946323, -745.3940376111161, -774.4766479753968, -813.1706830852308, -878.3098586297181, -884.3098586297181, -927.0776450281751, -948.0795289684074, -985.6602834436821, -1008.0034291941897, -1014.0034291941897, -1050.2464895549356, -1070.1407090302823, -1075.5395828707906, -1086.7124122449327, -1095.8725647120777, -1106.558856213093, -1109.4210371002716, -1114.8989702921285, -1121.9067139009476, -1123.5372773119618, -1125.5155836692577, -1128.5713117592586, -1129.085634958583, -1130.085634958583]
 -- BestCostElement: [-1130.08563496 -1130.08563496 -1130.08563496 -1130.08563496]
 -- BestRoute: [array([ 0, 19, 14, 22, 15, 16,  9,  8,  3,  4])
 array([ 0, 21, 18, 17, 12,  6, 11,  5, 10, 13,  2])
 array([ 0, 29, 38, 42, 39, 44, 33, 32, 30, 26, 24, 37])
 array([ 0, 27, 31, 34, 43, 41, 28, 25, 36, 40])]
 -- Custo: 
 ---------23.93975529467841
 ---------23.175092589785624
 ---------30.251407699364428
 ---------23.362335676525817
 ---- Total: 100.72859126035428
 -- Premio: 
 ---------46.0
 ---------60.0
 ---------54.0
 ---------59.0
 ---- Total: 219.0
 - Execucao 1
 -- BestCostGenaration: [-195.90415096701554, -301.1250161764487, -449.9072964171628, -532.0997825031798, -549.1266169472566, -616.5640906471835, -677.0833700834835, -728.3347665538541, -820.1073892154895, -873.0174512785327, -911.1871233561279, -959.448693942832, -972.0775594544065, -1001.4092075293504, -1027.0700281462073, -1059.9531752462206, -1073.4633089280933, -1088.5287946387348, -1109.9690145662444, -1111.480603103403, -1122.4747962293, -1133.459044785778, -1139.5227807104818, -1149.104102355156, -1150.0602348546208, -1153.7532129958295, -1156.096358746337, -1160.57830848395, -1206.2984107487875, -1215.6338128904763, -1217.8842733741158, -1220.2829235311497]
 -- BestCostElement: [-1220.28292353 -1220.28292353 -1220.28292353 -1220.28292353]
 -- BestRoute: [array([ 0, 22, 19, 14,  7,  3,  8, 15, 16,  9,  4])
 array([ 0, 21, 12,  6, 11, 18, 17, 20, 13, 10,  5,  2])
 array([ 0, 33, 44, 39, 42, 38, 32, 24, 26, 30, 29, 37])
 array([ 0, 27, 25, 28, 31, 34, 45, 43, 41, 36, 40])]
 -- Custo: 
 ---------23.81222871041952
 ---------25.932254189447793
 ---------27.82245054081944
 ---------23.362335676525817
 ---- Total: 100.92926911721257
 -- Premio: 
 ---------47.0
 ---------63.0
 ---------54.0
 ---------68.0
 ---- Total: 232.0
 - Execucao 2
 -- BestCostGenaration: [-208.6371986477826, -324.90507542625187, -370.18778486067305, -497.736439192282, -535.4153538318412, -639.2150221468271, -707.4720910498106, -730.0617645951664, -781.9931945427495, -832.6155130515449, -877.876113585009, -906.1556872018059, -936.2640314319325, -974.8447154765289, -1009.4774691774672, -1016.3524393567586, -1040.2280016645086, -1065.4715499346132, -1081.9749690782064, -1096.4111242139472, -1105.030797603098, -1111.9566080877016, -1125.1979818731006, -1133.7510236697683, -1134.25849399479, -1136.4853995336075, -1140.5460188278043, -1148.8067517597692, -1191.1948219794372, -1193.6574750078062, -1196.676022237465, -1199.120460258754, -1199.5378813289215]
 -- BestCostElement: [-1199.53788133 -1199.53788133 -1199.53788133 -1199.53788133]
 -- BestRoute: [array([ 0, 19, 22, 14, 15, 16,  9,  3,  8,  4])
 array([ 0, 21, 12,  6,  5, 11, 18, 17, 13, 20, 10,  2])
 array([ 0, 26, 24, 29, 30, 38, 42, 32, 33, 44, 39, 37])
 array([ 0, 27, 31, 25, 28, 36, 41, 34, 45, 43, 40])]
 -- Custo: 
 ---------24.85009705264207
 ---------25.53390855177963
 ---------29.079834824110616
 ---------24.90168923923731
 ---- Total: 104.36552966776964
 -- Premio: 
 ---------46.0
 ---------63.0
 ---------54.0
 ---------68.0
 ---- Total: 231.0
 - Execucao 3
 -- BestCostGenaration: [-238.1320991932036, -327.6766990403796, -407.69571403484775, -489.1683653695732, -600.4471019784885, -672.8254938573531, -771.4657720356354, -824.4477757494165, -862.2045219173808, -910.2396411237327, -926.1929619717127, -954.3343017688507, -968.5857464513708, -1000.2916381254086, -1023.3276022513936, -1032.4283661728318, -1042.696875049386, -1065.5787936954262, -1079.6639590369498, -1084.4919017810025, -1090.7015657787738, -1100.5548693445044, -1104.802318772826, -1110.8877521350291, -1116.1970272292333, -1123.0787181749288, -1124.9143936004148, -1129.5635042410884, -1137.6192323310893, -1138.07097456611, -1140.67496042109, -1178.305730886254, -1182.73843211991, -1192.7864166010918, -1193.8421446910927, -1196.1852904416003, -1196.8978727810934]
 -- BestCostElement: [-1196.89787278 -1196.89787278 -1196.89787278 -1196.89787278]
 -- BestRoute: [array([ 0, 19, 22, 23, 16, 15, 14,  7,  3,  8,  9,  4])
 array([ 0, 12,  6, 11,  5, 10, 20, 18, 17, 13,  2])
 array([ 0, 26, 30, 24, 29, 38, 42, 32, 39, 33, 44, 37])
 array([ 0, 27, 35, 45, 34, 31, 25, 28, 36, 41, 43, 40])]
 -- Custo: 
 ---------25.353968857051505
 ---------26.276524268488448
 ---------29.414922315203192
 ---------25.7301163639835
 ---- Total: 106.77553180472664
 -- Premio: 
 ---------48.0
 ---------61.0
 ---------54.0
 ---------69.0
 ---- Total: 232.0
 - Execucao 4
 -- BestCostGenaration: [-195.82188663426808, -270.2818076591472, -463.57877630212374, -526.7887887928439, -548.0134824690425, -639.31188341206, -701.7767162461494, -768.6856369685622, -836.2814809344129, -861.4473588903917, -897.2134141946059, -970.6243117084205, -987.05730307914, -991.3883420734273, -1018.6398820089723, -1037.078996721844, -1064.0209130716726, -1072.7706762715075, -1086.5545743535301, -1099.9820945926872, -1111.1246256428553, -1120.2811067269085, -1122.5127962974143, -1128.6242524774161, -1136.6359892650491, -1140.2928435145416, -1143.3073975653863, -1182.6242524774161, -1206.80795756674, -1209.9936890664017, -1214.6799805674168, -1217.2811067269083]
 -- BestCostElement: [-1217.28110673 -1217.28110673 -1217.28110673 -1217.28110673]
 -- BestRoute: [array([ 0, 19, 14, 22, 15, 16,  9,  3,  8,  4])
 array([ 0, 21, 18, 12,  6, 11, 17, 20, 13,  5, 10,  2])
 array([ 0, 24, 29, 30, 26, 32, 33, 44, 39, 42, 38, 37])
 array([ 0, 27, 35, 45, 43, 34, 31, 25, 28, 36, 41, 40])]
 -- Custo: 
 ---------24.264310615015166
 ---------26.144329926356598
 ---------26.191247952790512
 ---------25.079834824110616
 ---- Total: 101.6797233182729
 -- Premio: 
 ---------46.0
 ---------63.0
 ---------54.0
 ---------69.0
 ---- Total: 232.0
 - Execucao 5
 -- BestCostGenaration: [-245.94593066511527, -325.53402215689937, -390.70542633173966, -439.00661742886643, -616.6847289582154, -661.8201534588569, -736.9692281292138, -793.8243527583845, -931.1347143326375, -983.0218923283733, -1019.4531413956665, -1048.6706738781377, -1057.8677330296764, -1091.309645107252, -1112.7612874606307, -1121.1044332111383, -1122.2910978775928, -1128.0966896023197, -1131.0301578914784, -1136.0906700131677, -1137.8063123646823, -1142.455423005356, -1146.5746227941763, -1152.745800242993, -1157.2237334348497, -1192.6488981138364, -1195.8248595943414, -1196.425985753833, -1200.8248595943414]
 -- BestCostElement: [-1200.82485959 -1200.82485959 -1200.82485959 -1200.82485959]
 -- BestRoute: [array([ 0, 19, 22, 23, 16, 15, 14,  7,  3,  8,  9,  4])
 array([ 0, 21,  5,  6, 12, 11, 18, 17, 20, 13, 10,  2])
 array([ 0, 33, 44, 39, 42, 38, 29, 30, 32, 26, 24, 37])
 array([ 0, 27, 25, 28, 36, 41, 43, 31, 34, 45, 40])]
 -- Custo: 
 ---------25.353968857051505
 ---------26.66562126173752
 ---------28.45296724285524
 ---------27.071227739770382
 ---- Total: 107.54378510141464
 -- Premio: 
 ---------48.0
 ---------63.0
 ---------54.0
 ---------68.0
 ---- Total: 233.0
 - Execucao 6
 -- BestCostGenaration: [-225.26057762455468, -353.7755732017147, -420.56204209811386, -475.9377883322532, -553.0810346551425, -636.6765231524171, -653.3595709550648, -710.7122172418639, -777.7089689007997, -847.4973866385468, -878.0710439542389, -920.867076184655, -949.8399667060025, -993.2569713683735, -1032.3715942234119, -1067.2209016463814, -1086.5083193068883, -1092.8300653177434, -1099.9880807192906, -1121.74469292207, -1135.7673844717979, -1142.4572752615632, -1156.4572752615632, -1165.4339440002157, -1166.2255856910574, -1167.4503225942117, -1187.9118771920726, -1198.6801876215668, -1205.3418259027474, -1205.5501842119058, -1207.3898103839292, -1211.6214999544352, -1212.3340822939285]
 -- BestCostElement: [-1212.33408229 -1212.33408229 -1212.33408229 -1212.33408229]
 -- BestRoute: [array([ 0, 19, 14, 22, 23, 16, 15,  8,  3,  9,  4])
 array([ 0, 21, 18, 17, 20, 13, 11, 12,  6,  5, 10,  2])
 array([ 0, 24, 30, 26, 32, 33, 44, 39, 42, 38, 29, 37])
 array([ 0, 27, 25, 28, 36, 41, 43, 31, 34, 45, 40])]
 -- Custo: 
 ---------24.516246517219884
 ---------24.66562126173752
 ---------26.66338390779009
 ---------27.071227739770382
 ---- Total: 102.91647942651788
 -- Premio: 
 ---------47.0
 ---------63.0
 ---------54.0
 ---------68.0
 ---- Total: 232.0
 - Execucao 7
 -- BestCostGenaration: [-242.31654181506866, -296.3936806842993, -411.6150549371421, -493.519269359527, -531.8833047281768, -624.0219271155904, -672.2210433341196, -732.2210433341195, -780.9714815521672, -838.5271038704836, -886.7109251113238, -901.209671333098, -947.7960904528476, -980.7883468440288, -1002.2543857667317, -1033.7655562435386, -1060.1645021783888, -1066.0151821632694, -1088.799941317743, -1093.7734002872485, -1110.1978819914586, -1113.5753489068193, -1121.0044068829782, -1127.141449449607, -1132.3552962423046, -1172.7377915774105, -1185.297743697746, -1186.8168509287589, -1189.9545979472384, -1201.4930432607844, -1207.4930432607844, -1209.1236066717988]
 -- BestCostElement: [-1209.12360667 -1209.12360667 -1209.12360667 -1209.12360667]
 -- BestRoute: [array([ 0, 19, 14, 22, 23, 16, 15,  8,  3,  9,  4])
 array([ 0, 21, 18, 17, 20, 13, 10,  5, 11,  6, 12,  2])
 array([ 0, 26, 24, 29, 30, 38, 42, 32, 33, 44, 39, 37])
 array([ 0, 27, 25, 28, 31, 34, 45, 43, 41, 36, 40])]
 -- Custo: 
 ---------24.516246517219884
 ---------26.760681314193988
 ---------29.079834824110616
 ---------23.362335676525817
 ---- Total: 103.71909833205031
 -- Premio: 
 ---------47.0
 ---------63.0
 ---------54.0
 ---------68.0
 ---- Total: 232.0
 - Execucao 8
 -- BestCostGenaration: [-219.5808437774329, -334.3663444144921, -363.75038336497204, -489.13548738563316, -533.3205695070448, -617.5102214257383, -648.9313281856795, -710.7061006765286, -799.7595837850254, -834.8864885843807, -889.4510493409135, -919.3103920799726, -961.266296112457, -973.6163946189093, -1017.2423656818994, -1020.5835659785832, -1060.1774774080427, -1066.8784819031464, -1090.5647734041613, -1094.2449589150015, -1096.3561914115285, -1101.6840736278727, -1107.7257518023468, -1116.396655967366, -1120.7551890538696, -1122.5274926621778, -1128.0054258540347, -1128.519749053359, -1133.9976822452159, -1134.519749053359, -1138.9976822452159, -1187.0054258540347, -1195.3408279957234]
 -- BestCostElement: [-1195.340828 -1195.340828 -1195.340828 -1195.340828]
 -- BestRoute: [array([ 0, 19, 22, 23, 16, 15, 14,  7,  3,  8,  9,  4])
 array([ 0, 21, 12,  6, 11, 18, 17,  5, 10, 13,  2])
 array([ 0, 24, 26, 30, 29, 38, 42, 32, 33, 44, 39, 37])
 array([ 0, 27, 35, 45, 43, 41, 34, 31, 25, 28, 36, 40])]
 -- Custo: 
 ---------25.353968857051505
 ---------24.903391849743826
 ---------29.249170345416996
 ---------25.908261948856808
 ---- Total: 105.41479300106913
 -- Premio: 
 ---------48.0
 ---------60.0
 ---------54.0
 ---------69.0
 ---- Total: 231.0
 - Execucao 9
 -- BestCostGenaration: [-183.41519497921584, -289.8125447650845, -318.8091110721583, -387.39481106795085, -462.31524859141837, -571.3539095266151, -589.3471869137261, -681.3388499294551, -735.3632918907826, -759.0640383017278, -836.9602287446961, -898.5949480223695, -1000.2958463548285, -1001.8644319876192, -1013.5657718644345, -1045.8303975403223, -1052.9161816180263, -1069.1968745521776, -1091.1893379975086, -1097.4502577653875, -1112.3897456436985, -1117.3340175536975, -1128.4168273350504, -1133.4168273350504, -1134.4168273350504, -1134.9650211906783, -1141.704244995557, -1144.759973085558, -1153.5282835150522, -1195.7629326626886, -1199.9946222331946, -1203.0503503231955, -1205.639739695054]
 -- BestCostElement: [-1205.6397397 -1205.6397397 -1205.6397397 -1205.6397397]
 -- BestRoute: [array([ 0, 19, 14, 22, 15, 16,  9,  8,  3,  4])
 array([ 0, 21, 12,  6, 11, 18, 17, 20, 13, 10,  5,  2])
 array([ 0, 24, 26, 30, 33, 44, 39, 42, 38, 32, 29, 37])
 array([ 0, 27, 35, 45, 34, 31, 25, 28, 36, 43, 41, 40])]
 -- Custo: 
 ---------23.93975529467841
 ---------25.932254189447793
 ---------28.98793922812685
 ---------25.7301163639835
 ---- Total: 104.59006507623656
 -- Premio: 
 ---------46.0
 ---------63.0
 ---------54.0
 ---------69.0
 ---- Total: 232.0
 - Execucao 10
 -- BestCostGenaration: [-198.87344701643156, -322.78402329272234, -431.2839504748455, -484.67714412805196, -568.638425092184, -597.7216231712937, -693.2146466001791, -741.6757794442685, -789.3706416095374, -846.6185980980622, -880.8784190822239, -938.866911562782, -971.8307218718471, -994.6583894626303, -1031.5011942402857, -1048.940747487355, -1071.7820976790456, -1097.0054859596753, -1114.1644591458219, -1120.2256025335414, -1126.0624559205924, -1127.9124885487936, -1139.8440325017527, -1143.5568151577786, -1151.6730553694688, -1155.0719292099773, -1156.173328653266, -1163.1655850444472, -1174.4834376459385, -1176.7894025361043, -1203.0974157149626, -1220.030797603098, -1221.030797603098, -1225.5087307949548]
 -- BestCostElement: [-1225.50873079 -1225.50873079 -1225.50873079 -1225.50873079]
 -- BestRoute: [array([ 0, 19, 14, 22, 23, 16, 15,  8,  3,  9,  4])
 array([ 0, 21, 12,  6,  5, 11, 18, 17, 20, 13, 10,  2])
 array([ 0, 33, 44, 42, 39, 32, 26, 24, 29, 30, 38, 37])
 array([ 0, 27, 25, 28, 36, 31, 34, 45, 43, 41, 40])]
 -- Custo: 
 ---------24.516246517219884
 ---------24.76997652927942
 ---------26.974258578236164
 ---------23.362335676525817
 ---- Total: 99.62281730126128
 -- Premio: 
 ---------47.0
 ---------63.0
 ---------54.0
 ---------68.0
 ---- Total: 232.0
 - Execucao 11
 -- BestCostGenaration: [-210.3575238919243, -306.81770418965937, -371.0762998710585, -459.50263703652155, -541.3803495429262, -575.9948570249521, -670.3466839053934, -741.4623915163263, -782.495530857916, -818.8464202172424, -870.444202141859, -935.9865784899725, -1000.6979675784527, -1009.0411133289603, -1025.082971557975, -1047.3985169100335, -1072.350828649131, -1080.4715499346132, -1093.9555891166453, -1104.7896347432072, -1121.6604278473196, -1133.0296407528306, -1134.2393629664061, -1139.0296407528306, -1145.4699123159696, -1150.937248941136, -1160.5383751006275, -1163.0298644363052, -1169.0905836121442, -1200.4894574526525, -1212.656576982424, -1218.3506120922582, -1219.3064784759717, -1222.8285452841149, -1225.1345101742809]
 -- BestCostElement: [-1225.13451017 -1225.13451017 -1225.13451017 -1225.13451017]
 -- BestRoute: [array([ 0, 19, 14, 22, 23, 16, 15,  8,  3,  9,  4])
 array([ 0, 21, 12,  6,  5, 11, 18, 17, 20, 13, 10,  2])
 array([ 0, 33, 44, 42, 39, 32, 30, 26, 24, 29, 38, 37])
 array([ 0, 27, 34, 31, 25, 28, 36, 45, 43, 41, 40])]
 -- Custo: 
 ---------24.516246517219884
 ---------24.76997652927942
 ---------25.802685702982355
 ---------24.62746370694812
 ---- Total: 99.71637245642978
 -- Premio: 
 ---------47.0
 ---------63.0
 ---------54.0
 ---------68.0
 ---- Total: 232.0
 - Execucao 12
 -- BestCostGenaration: [-200.23204297853025, -288.30967948518105, -351.7232387630674, -440.3292611853763, -517.8227645913778, -563.8127543218427, -688.5108131142526, -715.8022264582105, -782.6614148510866, -859.9292329995635, -879.3823108899796, -915.0786385115223, -938.3216349772972, -975.6253585394999, -994.2322233745472, -1032.3759525813693, -1039.9560032249447, -1068.0906145637862, -1082.2423225435366, -1099.0479142682634, -1104.0900862144433, -1115.5724095479243, -1127.3380678224262, -1133.3380678224262, -1141.8162246977577, -1154.1152368319786, -1163.3018016167912]
 -- BestCostElement: [-1163.30180162 -1163.30180162 -1163.30180162 -1163.30180162]
 -- BestRoute: [array([ 0, 19, 22, 14,  7,  3,  8,  9, 15,  4])
 array([ 0, 21, 12,  6,  5, 11, 18, 17, 20, 13, 10,  2])
 array([ 0, 26, 30, 32, 39, 33, 44, 42, 38, 29, 24, 37])
 array([ 0, 27, 25, 28, 31, 36, 41, 34, 45, 40])]
 -- Custo: 
 ---------23.781374547642187
 ---------24.76997652927942
 ---------27.7301163639835
 ---------24.89308215489708
 ---- Total: 101.17454959580218
 -- Premio: 
 ---------45.0
 ---------63.0
 ---------54.0
 ---------62.0
 ---- Total: 224.0
 - Execucao 13
 -- BestCostGenaration: [-224.16103585660852, -302.63146288965174, -388.35364778981096, -497.4688146067124, -555.7665154776092, -624.8500932064505, -691.6118272731783, -831.3874465045601, -841.9115964306444, -874.3539314456452, -937.7355198228056, -963.1343936633141, -991.4140677150021, -1026.5402202597672, -1062.883366010275, -1076.3640517251124, -1082.3640517251124, -1093.5669216176343, -1099.957434275785, -1103.9359274689955, -1106.5322695967986, -1114.2790732195033, -1120.6485098084888, -1126.059344120105, -1133.2233451295024, -1136.223568812977, -1138.4842851156168, -1191.5957412956186]
 -- BestCostElement: [-1191.5957413 -1191.5957413 -1191.5957413 -1191.5957413]
 -- BestRoute: [array([ 0, 22, 19, 14, 15, 16,  9,  8,  3,  4])
 array([ 0, 21, 18, 17, 12,  1,  6, 11,  5, 10, 13,  2])
 array([ 0, 26, 24, 29, 30, 32, 33, 44, 38, 42, 39, 37])
 array([ 0, 27, 35, 45, 34, 31, 25, 28, 36, 41, 43, 40])]
 -- Custo: 
 ---------24.51166563067375
 ---------25.175092589785624
 ---------29.18419009165251
 ---------25.7301163639835
 ---- Total: 104.60106467609539
 -- Premio: 
 ---------46.0
 ---------61.0
 ---------54.0
 ---------69.0
 ---- Total: 230.0
 - Execucao 14
 -- BestCostGenaration: [-232.84789193656357, -342.02459958740684, -393.99211273620733, -468.0561949620311, -608.4000960109602, -694.2694013370232, -751.1335381971796, -784.3693087333993, -886.7088989351062, -921.9998721444135, -951.9518773287547, -986.1414966611248, -1001.9302089232474, -1030.132425995449, -1040.492702593871, -1069.8461283376496, -1074.6239296024687, -1100.6698524265316, -1109.7492262084927, -1117.9057072925457, -1129.9963031149946, -1134.9319981310239, -1144.1185629158365, -1148.3874333466842, -1151.0737248476994, -1153.8342916683746, -1181.1774374188822, -1189.1774374188822, -1190.1774374188822]
 -- BestCostElement: [-1190.17743742 -1190.17743742 -1190.17743742 -1190.17743742]
 -- BestRoute: [array([ 0, 19, 14, 22, 15, 16,  9,  8,  3,  4])
 array([ 0, 21, 12,  6, 11, 18, 17, 20, 13, 10,  5,  2])
 array([ 0, 24, 26, 33, 39, 32, 30, 29, 38, 42, 44, 37])
 array([ 0, 27, 25, 28, 31, 36, 41, 43, 34, 45, 40])]
 -- Custo: 
 ---------23.93975529467841
 ---------25.932254189447793
 ---------30.526335443883085
 ---------26.307295717270176
 ---- Total: 106.70564064527947
 -- Premio: 
 ---------46.0
 ---------63.0
 ---------54.0
 ---------68.0
 ---- Total: 231.0
