 - Execucao 0
 -- BestCostGenaration: [-282.03421544464868, -507.59673993055117, -668.04919352949253, -851.03729156520501, -928.28723280969712, -940.58239407902272, -1021.6225345164949, -1136.1465477797547, -1227.5376208397099, -1247.4797396757576, -1273.1103030867721, -1301.4831682837003, -1329.5729008709854, -1330.1744776569608, -1364.5030456429622, -1384.8550333442035, -1401.7465367413324, -1423.7465367413324, -1437.9253937127478, -1458.2948303017333, -1464.396357519335, -1466.222625929136, -1492.5401853816095, -1514.5401853816095, -1548.5412815820623, -1573.0064807480021, -1580.0256098488067, -1586.2514672396903, -1595.4916182719492, -1598.9807305703816, -1605.0921867503835, -1615.5294388439104, -1617.0336628742452, -1617.4146940255384, -1620.8911318240771, -1623.9468599140782, -1628.5803829022229]
 -- BestCostElement: [-1628.5803829 -1628.5803829 -1628.5803829 -1628.5803829]
 -- BestRoute: [array([ 0,  6,  5,  4,  7,  9, 12, 11, 10,  8,  0]), array([ 1, 21, 18, 14, 15, 13, 16, 17, 19, 20, 22,  1]), array([ 2, 32, 31, 30, 27, 24, 23, 25, 26, 28, 29,  2]), array([ 3, 39, 38, 36, 35, 33, 34, 37, 42, 40, 41,  3])]
 -- Custo: 
 ---------21.365058182
 ---------24.5563958951
 ---------21.9508446196
 ---------22.4826055778
 ---- Total: 90.3549042744
 -- Premio: 
 ---------49.0
 ---------48.0
 ---------54.0
 ---------48.0
 ---- Total: 199.0
 - Execucao 1
 -- BestCostGenaration: [-276.89327134045067, -411.63787729386081, -592.45056545390185, -698.54817248152449, -837.46447032336278, -887.06658981497355, -962.07221734122913, -1054.4437411448964, -1086.1458432393108, -1130.9854075990074, -1184.5244339380877, -1313.5698511643564, -1347.4229114796426, -1360.1364067676932, -1379.2281290475185, -1407.4213005250363, -1415.4167407492359, -1427.1565896884167, -1479.5068540020345, -1485.0429355842937, -1487.0957040971641, -1494.5859215681571, -1521.2381969376108, -1536.1615661463732, -1536.2095240084525, -1556.3057850560947, -1572.3195495353673, -1577.8299799907682, -1582.5000428026751, -1587.5813160690154, -1588.1581778003667, -1594.6850286401984, -1594.9491150393578, -1596.7330131213803, -1599.3713201412138, -1599.7887412113814]
 -- BestCostElement: [-1599.78874121 -1599.78874121 -1599.78874121 -1599.78874121]
 -- BestRoute: [array([ 0,  7,  4,  5,  6,  8, 11, 10, 12,  9,  0]), array([ 1, 18, 14, 15, 13, 16, 22, 20, 17, 19,  1]), array([ 2, 29, 28, 32, 31, 30, 27, 24, 23, 25, 26,  2]), array([ 3, 42, 37, 34, 33, 35, 36, 38, 39, 41, 40,  3])]
 -- Custo: 
 ---------22.1289902045
 ---------25.206677435
 ---------23.7186735553
 ---------21.4984735025
 ---- Total: 92.5528146972
 -- Premio: 
 ---------49.0
 ---------46.0
 ---------54.0
 ---------48.0
 ---- Total: 197.0
 - Execucao 2
 -- BestCostGenaration: [-311.49648028901834, -423.37268413806146, -642.98699395340327, -735.91861046587553, -793.58602211397454, -1026.8895434793487, -1095.3934334670139, -1145.8147479273823, -1173.6942441490887, -1190.9449923358002, -1295.3439220554883, -1296.6313397159952, -1327.051943950441, -1381.0734475591951, -1399.7548133833432, -1400.774881300463, -1409.6109151839523, -1441.7819955095863, -1461.5602847765861, -1468.8152391040089, -1481.6440616551922, -1505.3443031900927, -1514.4363208526702, -1546.1162993093603, -1550.1162993093603, -1571.1457365608831, -1579.9501129463818, -1583.4497397809425, -1605.8766425134634, -1608.741855072114, -1610.2042006114423, -1613.7199543752606, -1619.6408950239122]
 -- BestCostElement: [-1619.64089502 -1619.64089502 -1619.64089502 -1619.64089502]
 -- BestRoute: [array([ 0,  8,  6,  5,  4,  7,  9, 12, 10, 11,  0]), array([ 1, 18, 14, 15, 13, 16, 17, 19, 20, 22,  1]), array([ 2, 25, 26, 28, 29, 32, 31, 30, 27, 24,  2]), array([ 3, 33, 34, 37, 42, 40, 41, 39, 36, 38, 35,  3])]
 -- Custo: 
 ---------21.365058182
 ---------20.7147766421
 ---------21.9706094575
 ---------21.0393319625
 ---- Total: 85.089776244
 -- Premio: 
 ---------49.0
 ---------46.0
 ---------53.0
 ---------48.0
 ---- Total: 196.0
