 - Execucao 0
 -- BestCostGenaration: [-100.85616856537963, -165.70791699579382, -242.6897176404141, -346.347790490851, -401.059889891965, -447.5497242787471, -469.01675335182273, -537.450561374788, -557.1631437142812, -647.7900714662737, -660.5320910572898, -695.2597636516107, -720.5256960709957, -776.7154639240348, -794.3007953768481, -823.8971375046513, -827.075851508137, -851.7904819187604, -858.9607527762287, -868.0490029886018, -884.5909222971791, -892.747610435382, -896.9820525288687, -902.4599857207254, -908.6904355229299, -915.270215851514]
 -- BestCostElement: [-915.27021585 -915.27021585 -915.27021585 -915.27021585]
 -- BestRoute: [array([ 0, 21, 20, 16, 17, 11,  6,  9, 10,  5,  1])
 array([ 0, 22, 18, 12,  7, 13, 14, 19, 15,  8,  2])
 array([ 0, 26, 27, 30, 33, 36, 29, 25,  3])
 array([ 0, 23, 24, 34, 38, 32, 31, 28, 35,  4])]
 -- Custo: 
 ---------22.848005547048654
 ---------22.66562126173752
 ---------23.271172537201508
 ---------26.14764669113384
 ---- Total: 94.93244603712152
 -- Premio: 
 ---------52.0
 ---------39.0
 ---------45.0
 ---------49.0
 ---- Total: 185.0
 - Execucao 1
 -- BestCostGenaration: [-83.24913658449952, -160.16508556059958, -208.06447726961082, -288.5969689984122, -344.3162166108924, -374.566387308665, -443.5713205401298, -499.9181967851789, -560.727375817657, -573.8533645714291, -614.504729005427, -626.1528459328154, -665.3961299770357, -686.2718819306427, -711.517770266855, -727.2535133832412, -751.0361417715927, -788.8062747280655, -805.1049627439211, -833.3002713453154, -853.595432614641, -863.4123672369367, -868.5693702996539, -896.3651131360007, -944.2721037507672, -948.2235799928566, -958.1774155366023, -962.1304639883642, -978.2781685306546, -986.3837055563954, -994.3837055563954]
 -- BestCostElement: [-994.38370556 -994.38370556 -994.38370556 -994.38370556]
 -- BestRoute: [array([ 0, 11, 17, 16, 21, 20, 10,  9,  5,  1])
 array([ 0, 22, 18, 12,  7, 13, 14, 19, 15,  8,  2])
 array([ 0, 26, 27, 25, 29, 30, 37, 33, 36,  3])
 array([ 0, 23, 24, 28, 31, 32, 39, 38, 34, 35,  4])]
 -- Custo: 
 ---------20.471938219632758
 ---------22.66562126173752
 ---------22.362335676525813
 ---------23.654178453005045
 ---- Total: 89.15407361090114
 -- Premio: 
 ---------49.0
 ---------39.0
 ---------49.0
 ---------56.0
 ---- Total: 193.0
 - Execucao 2
 -- BestCostGenaration: [-84.8615898110759, -167.93071290398046, -290.16753125440357, -328.9819456836121, -408.79008188973245, -458.29476119341575, -526.4772306682589, -569.9060622481895, -606.8774280539319, -627.2408940104691, -682.8987798524805, -693.9283808949965, -714.9438681126343, -730.7035187867164, -749.832036446897, -789.1856783292044, -800.3651570678971, -820.2716084059349, -831.7934681599284, -839.8047120067354, -851.1490146075103, -860.2785872795469, -869.9946214682568, -875.3422458142809, -892.9235314620706, -896.0583189034198, -905.6349403521775, -913.895506092848, -934.4092447361148, -944.8048103887575, -955.4738167930216, -960.5812582285413, -971.4276301023599, -974.2860969592157, -975.7227913716856, -980.2783533503969, -981.7150477628667]
 -- BestCostElement: [-981.71504776 -981.71504776 -981.71504776 -981.71504776]
 -- BestRoute: [array([ 0, 17, 16, 21, 20, 11,  6,  9, 10,  5,  1])
 array([ 0, 12, 18, 22, 19, 15, 14, 13,  7,  8,  2])
 array([ 0, 26, 27, 25, 29, 30, 37, 33, 36,  3])
 array([ 0, 23, 24, 28, 31, 32, 39, 35, 34, 38,  4])]
 -- Custo: 
 ---------22.95741732923815
 ---------24.28593211071123
 ---------22.362335676525813
 ---------27.965552942808138
 ---- Total: 97.57123805928333
 -- Premio: 
 ---------52.0
 ---------39.0
 ---------49.0
 ---------56.0
 ---- Total: 196.0
 - Execucao 3
 -- BestCostGenaration: [-65.61421639615266, -149.3701258508509, -208.52927466181075, -295.4998075415677, -386.13443560151086, -423.4923689357802, -472.6989786740836, -533.4643295264472, -562.572968443237, -599.9573529731316, -627.2742078851612, -661.5055752181108, -668.7792686076758, -710.3360272168217, -729.4584300371725, -739.5822068035318, -743.436923230383, -766.3359631821809, -785.4065114387779, -796.9471254765803, -802.9843063369219, -816.6891450675963, -829.8828070119913]
 -- BestCostElement: [-829.88280701 -829.88280701 -829.88280701 -829.88280701]
 -- BestRoute: [array([ 0, 16, 17, 11,  6,  9,  5, 10,  1])
 array([ 0, 26, 18, 12,  7, 13,  2])
 array([ 0, 27, 25, 29, 30, 37, 33, 36,  3])
 array([ 0, 23, 22, 24, 28, 31, 32, 38, 35, 34,  4])]
 -- Custo: 
 ---------20.313755207963357
 ---------21.532114441924808
 ---------22.297840574279835
 ---------27.63558802283418
 ---- Total: 91.77929824700219
 -- Premio: 
 ---------47.0
 ---------29.0
 ---------41.0
 ---------54.0
 ---- Total: 171.0
 - Execucao 4
 -- BestCostGenaration: [-139.89202672499772, -188.73976293579327, -318.20322764483194, -394.9307300325633, -401.39645556511795, -440.1689401068524, -516.9151290624177, -543.6905151961585, -620.4617656532876, -653.2712501219376, -714.8877645368979, -731.742087073685, -744.5831920900974, -778.1392933455375, -795.8631113170634, -806.7454768525364, -823.7273907089215, -843.8196517373055, -846.8761699745903, -854.6359890802582, -869.4980997478601, -907.0543008849419, -917.9640878390949, -922.2437618907827, -936.8822327016092, -939.9600050612215, -952.251173151733, -964.3859605930821, -966.3464242611628, -970.3782169842633]
 -- BestCostElement: [-970.37821698 -970.37821698 -970.37821698 -970.37821698]
 -- BestRoute: [array([ 0, 17, 11, 16, 21, 20, 10,  9,  5,  1])
 array([ 0, 22, 18, 12,  7, 13, 14, 19, 15,  8,  2])
 array([ 0, 26, 27, 25, 29, 30, 37, 36, 33,  3])
 array([ 0, 23, 24, 28, 31, 32, 39, 34, 35, 38,  4])]
 -- Custo: 
 ---------20.11969498940653
 ---------22.66562126173752
 ---------24.436125993857225
 ---------27.934003508932904
 ---- Total: 95.15544575393417
 -- Premio: 
 ---------49.0
 ---------39.0
 ---------49.0
 ---------56.0
 ---- Total: 193.0
 - Execucao 5
 -- BestCostGenaration: [-75.428178073678, -175.45424839778525, -202.82078475286343, -319.76258833348885, -353.31202204935823, -414.38604860771454, -469.9535884008125, -484.40428229635506, -525.9189982617146, -598.045575750554, -658.1567534794099, -679.2834022767092, -731.4440741053268, -739.3320507559256, -774.0634584097654, -786.6921326626874, -807.2556624694089, -840.1036973545494, -863.9546447331846, -886.5247412132455, -907.6037001297029, -942.6932988760075, -969.3379761119002, -970.4198312493859, -979.7707206087123, -995.8081656949381, -1001.8004220861192]
 -- BestCostElement: [-1001.80042209 -1001.80042209 -1001.80042209 -1001.80042209]
 -- BestRoute: [array([ 0, 17, 11,  6,  9, 16, 21, 20, 10,  5,  1])
 array([ 0, 22, 18, 12,  7, 13, 14, 19, 15,  8,  2])
 array([ 0, 26, 27, 25, 29, 30, 37, 33, 36,  3])
 array([ 0, 23, 24, 28, 31, 32, 39, 38, 34, 35,  4])]
 -- Custo: 
 ---------23.86775908720181
 ---------22.66562126173752
 ---------22.362335676525813
 ---------23.654178453005045
 ---- Total: 92.5498944784702
 -- Premio: 
 ---------52.0
 ---------39.0
 ---------49.0
 ---------56.0
 ---- Total: 196.0
 - Execucao 6
 -- BestCostGenaration: [-138.1120200847125, -186.8482960353628, -311.3445781135897, -334.70735600894227, -444.8149320986254, -471.7426616236355, -523.6538883692904, -557.122178556542, -609.5040397176858, -644.0975739820262, -673.950006327123, -695.3303329379722, -718.739866826563, -747.1281095754638, -766.9636497594993, -773.4466366310542, -798.0381312457771, -808.4800237982346, -836.6742250193582, -837.1065940304348, -846.2853080339206, -861.3380342031073, -874.0056339822328, -876.6067601417244, -885.8577878833567, -895.2312823913876, -928.2752089535243, -942.3914491652142, -948.2722493763938, -954.936847234705, -961.6711232169023]
 -- BestCostElement: [-961.67112322 -961.67112322 -961.67112322 -961.67112322]
 -- BestRoute: [array([ 0, 16, 21, 20, 10, 11,  6,  9,  5,  1])
 array([ 0, 17, 12,  7, 13, 14, 19, 15,  8,  2])
 array([ 0, 26, 25, 27, 30, 29, 37, 36, 33,  3])
 array([ 0, 23, 22, 24, 28, 31, 32, 39, 38, 34, 35,  4])]
 -- Custo: 
 ---------22.462840739914153
 ---------22.436125993857225
 ---------25.374155661710358
 ---------27.059096800292707
 ---- Total: 97.33221919577444
 -- Premio: 
 ---------43.0
 ---------40.0
 ---------49.0
 ---------61.0
 ---- Total: 193.0
 - Execucao 7
 -- BestCostGenaration: [-113.06083185894171, -227.06165373614294, -250.1513029098441, -317.8910832852115, -380.2165635604846, -441.146400920368, -472.91815869531507, -534.2662052932719, -556.7576365164921, -610.3126757372389, -618.9620149977299, -683.7203685721529, -716.4095993434703, -744.8347640224567, -776.9755322855519, -844.8044354831687, -846.5025285120481, -872.9423693375627, -899.0213282540203, -928.2482337928378, -932.8260286909818, -965.3155563565531, -965.3344974762763, -975.7411149256036, -982.2892655180751, -984.0393362069507, -984.92013641813]
 -- BestCostElement: [-984.92013642 -984.92013642 -984.92013642 -984.92013642]
 -- BestRoute: [array([ 0, 17, 16, 21, 20, 11,  6,  9, 10,  5,  1])
 array([ 0, 22, 18, 12,  7, 13, 14, 19, 15,  8,  2])
 array([ 0, 26, 25, 27, 30, 33, 37, 36, 29,  3])
 array([ 0, 23, 24, 28, 38, 39, 32, 31, 34, 35,  4])]
 -- Custo: 
 ---------22.95741732923815
 ---------22.66562126173752
 ---------23.85764710557361
 ---------27.2892801989182
 ---- Total: 96.76996589546746
 -- Premio: 
 ---------52.0
 ---------39.0
 ---------49.0
 ---------56.0
 ---- Total: 196.0
 - Execucao 8
 -- BestCostGenaration: [-78.45476826472213, -200.24220846376056, -268.15580053882434, -309.2601971270125, -375.3251341728823, -412.20512510818173, -444.4648605441206, -462.27288805864316, -495.5438197486911, -538.1931239226531, -573.6567146780116, -582.6865024678489, -625.782404770136, -672.0644653474116, -709.3537708185785, -730.6941209082383, -766.3584296818375, -781.765272734485, -800.7084031647025, -829.4814530891601, -858.446780203812, -884.1493067260653, -884.5629199806111, -896.6479989211114, -902.3392118248591, -943.2894523539895, -945.3043724022276, -958.6846126120535, -959.4349982254432, -967.991144671619, -971.6696925638154, -978.2971095617849]
 -- BestCostElement: [-978.29710956 -978.29710956 -978.29710956 -978.29710956]
 -- BestRoute: [array([ 0, 16, 17, 11,  6,  9, 20, 10,  5,  1])
 array([ 0, 22, 18, 12,  7, 13, 14, 19, 15,  8,  2])
 array([ 0, 26, 37, 36, 33, 30, 27, 25, 29,  3])
 array([ 0, 23, 24, 28, 31, 32, 39, 38, 35, 34,  4])]
 -- Custo: 
 ---------23.520763132540633
 ---------22.66562126173752
 ---------24.25866853972912
 ---------26.23066967554652
 ---- Total: 96.67572260955379
 -- Premio: 
 ---------51.0
 ---------39.0
 ---------49.0
 ---------56.0
 ---- Total: 195.0
 - Execucao 9
 -- BestCostGenaration: [-66.01646078418139, -176.56345947724685, -257.19505965128405, -332.0812212779572, -375.68810429623665, -432.9635261594524, -502.4421325936544, -561.4371815514735, -600.4550458063565, -610.0289221943066, -635.1569640224538, -668.4761560903255, -725.7174687320085, -732.5944828185234, -755.4783861795912, -775.9791563964336, -784.0654633430286, -805.9487645010433, -814.2919102515509, -830.2540248507654, -845.1525255258347, -852.8623120791906, -854.3443895911162, -874.545457167161, -878.0822648620634]
 -- BestCostElement: [-878.08226486 -878.08226486 -878.08226486 -878.08226486]
 -- BestRoute: [array([ 0, 17,  5, 10, 16, 11,  9,  1])
 array([ 0, 18, 12,  7, 13, 14, 22, 19, 15,  8,  2])
 array([ 0, 26, 27, 33, 36, 29, 25, 30,  3])
 array([ 0, 23, 24, 28, 31, 32, 38, 34, 35,  4])]
 -- Custo: 
 ---------23.041677269321212
 ---------22.620890997328626
 ---------22.912687064829257
 ---------21.654178453005045
 ---- Total: 90.22943378448414
 -- Premio: 
 ---------44.0
 ---------39.0
 ---------45.0
 ---------49.0
 ---- Total: 177.0
 - Execucao 10
 -- BestCostGenaration: [-74.59043761611905, -164.10109967269176, -238.32824926477673, -353.40081843761493, -395.4391657179865, -459.2945845438196, -488.3600413276558, -568.8617999645196, -616.8848048711743, -668.5292904234029, -709.271310014419, -710.737282735168, -723.7043452456572, -750.4265338133139, -781.1479366264662, -798.3728372320205, -816.4022744835435, -823.7422738210062, -839.3013144353415, -858.0401876133126, -869.5810518431317, -891.7667833427932, -902.494789543822, -945.4571327628537, -945.7590397339743, -958.8830235544833, -968.6838312475217, -984.76289059887, -984.9844810889795, -989.2161706594854, -994.986836560557, -995.9945801693759, -996.2161706594854]
 -- BestCostElement: [-996.21617066 -996.21617066 -996.21617066 -996.21617066]
 -- BestRoute: [array([ 0, 17, 16, 21, 20, 10, 11,  6,  9,  5,  1])
 array([ 0, 12, 18, 22, 19, 15, 14, 13,  7,  8,  2])
 array([ 0, 26, 25, 27, 30, 29, 37, 33, 36,  3])
 array([ 0, 23, 24, 28, 31, 32, 39, 38, 34, 35,  4])]
 -- Custo: 
 ---------22.705481427033437
 ---------24.28593211071123
 ---------23.300365344378946
 ---------23.654178453005045
 ---- Total: 93.94595733512865
 -- Premio: 
 ---------52.0
 ---------39.0
 ---------49.0
 ---------56.0
 ---- Total: 196.0
 - Execucao 11
 -- BestCostGenaration: [-84.03684353496212, -212.94026961453116, -246.8040452963398, -334.7056316572464, -379.6231661511548, -443.584599917055, -476.99459562845465, -510.6511164403769, -590.1006997350019, -624.1006997350019, -665.9108435533599, -688.9831140283497, -718.5898505307088, -765.7540753121739, -815.772622541833, -823.9891551974345, -831.9096651084619, -843.0253381507523, -858.3954423440284, -872.4109295616663, -885.4031859528474, -891.3954423440284, -896.0550923796582]
 -- BestCostElement: [-896.05509238 -896.05509238 -896.05509238 -896.05509238]
 -- BestRoute: [array([ 0, 17, 16, 21, 20, 10, 11,  6,  9,  5,  1])
 array([ 0, 23, 19, 15, 14, 13, 12,  7,  8,  2])
 array([ 0, 26, 27, 25, 30, 29, 37, 36, 33,  3])
 array([ 0, 18, 22, 24, 28, 31, 35, 34, 38,  4])]
 -- Custo: 
 ---------22.705481427033437
 ---------24.233345472033857
 ---------25.19601007683705
 ---------27.601389929181103
 ---- Total: 99.73622690508546
 -- Premio: 
 ---------52.0
 ---------37.0
 ---------49.0
 ---------47.0
 ---- Total: 185.0
 - Execucao 12
 -- BestCostGenaration: [-131.51129680970013, -214.82187947914636, -302.7761699947174, -343.7885036171077, -407.6093800599948, -467.37955338007475, -506.0823143687567, -526.2296322383525, -558.6936495649909, -586.4440688175875, -644.1347073958915, -648.3845935324525, -693.804747612802, -733.2567608113237, -768.2310537715703, -781.2691999979388, -820.8021029679192, -821.9587911061221, -840.1179801911604, -862.19323181548, -876.0250139437937, -894.3171704452532, -897.7369922663272, -923.093324918457, -940.0405564055868, -957.6963165124042, -961.6109044617931, -968.9644608306088, -980.5277007903759, -981.6176501635881, -987.4017552997603, -990.773738245109, -991.562626614031, -992.000273742789]
 -- BestCostElement: [-992.00027374 -992.00027374 -992.00027374 -992.00027374]
 -- BestRoute: [array([ 0, 21, 20, 16, 17, 11,  6,  9, 10,  5,  1])
 array([ 0, 18, 12,  7, 13, 14, 22, 19, 15,  8,  2])
 array([ 0, 26, 25, 27, 30, 29, 37, 33, 36,  3])
 array([ 0, 23, 24, 28, 31, 32, 39, 38, 35, 34,  4])]
 -- Custo: 
 ---------22.848005547048654
 ---------22.620890997328626
 ---------23.300365344378946
 ---------26.23066967554652
 ---- Total: 94.99993156430276
 -- Premio: 
 ---------52.0
 ---------39.0
 ---------49.0
 ---------56.0
 ---- Total: 196.0
 - Execucao 13
 -- BestCostGenaration: [-59.555728001618945, -181.72573461066514, -247.97079553920491, -290.92078866440136, -347.4656819809372, -403.0850400186204, -436.14493581171354, -444.29896132861256, -497.30089071786296, -539.0834537948494, -577.7574044026787, -585.9050200495794, -592.8975521879468, -654.1286752561541, -682.7325972017829, -706.9555095617864, -712.16697093224, -740.9887962940759, -754.8098752364402, -757.6418010628015, -761.97645540089, -774.968711792071, -784.2182809879455, -784.7083339780979]
 -- BestCostElement: [-784.70833398 -784.70833398 -784.70833398 -784.70833398]
 -- BestRoute: [array([ 0, 26, 27, 30, 29, 25, 20,  9,  5,  1])
 array([ 0, 23, 22, 19, 15, 14, 13, 12,  7,  8,  2])
 array([ 0, 17, 10, 11, 16,  3])
 array([ 0, 18, 24, 28, 31, 32, 38, 34, 35,  4])]
 -- Custo: 
 ---------23.901689239237307
 ---------24.63169110970203
 ---------24.78895985080269
 ---------24.500576305733503
 ---- Total: 97.82291650547553
 -- Premio: 
 ---------49.0
 ---------42.0
 ---------31.0
 ---------46.0
 ---- Total: 168.0
 - Execucao 14
 -- BestCostGenaration: [-42.45130399415876, -146.85177026257503, -215.0615417169268, -267.0553960481817, -301.998333634743, -334.56752049218767, -425.2901335249164, -473.75608981250986, -523.1237966025434, -538.0667682083164, -576.8378095951235, -636.7543600135577, -650.8999922860351, -671.8856708354554, -706.1717378205688, -727.5237708011389, -744.3717733705103, -777.3792932958545, -795.5924928084356, -799.100070305965, -812.0849800511373, -823.7748041808261, -827.4134713159092, -833.7234941251204, -838.236884157652, -848.2483134562444, -857.3753572887747, -882.9235511444026, -898.3753572887747, -907.6249264846492]
 -- BestCostElement: [-907.62492648 -907.62492648 -907.62492648 -907.62492648]
 -- BestRoute: [array([ 0, 17, 11,  6,  9, 16, 21, 20, 10,  5,  1])
 array([ 0, 23, 22, 19, 15, 14, 13, 12,  2])
 array([ 0, 26, 25, 27, 37, 33, 36, 29, 30,  3])
 array([ 0, 18, 24, 28, 31, 32, 39, 38, 34, 35,  4])]
 -- Custo: 
 ---------23.86775908720181
 ---------24.00482352844665
 ---------25.970609457455737
 ---------26.500576305733503
 ---- Total: 100.34376837883771
 -- Premio: 
 ---------52.0
 ---------33.0
 ---------49.0
 ---------53.0
 ---- Total: 187.0
