 - Execucao 0
 -- BestCostGenaration: [-131.6869974519414, -197.63176344280694, -265.90055114557504, -335.5328328855156, -358.17454655653347, -439.4424422725, -455.0318316443585, -494.07765725662136, -526.7526314681618, -587.3623326317559, -590.6527098693931, -616.5832185814215, -630.47528914795, -636.0019113614326, -645.6690063365, -670.9325707569955, -673.9601333053167, -674.2229479946327, -677.2505105429541, -677.8095848435104, -678.9601333053167]
 -- BestCostElement: [-678.96013331 -678.96013331 -678.96013331 -678.96013331]
 -- BestRoute: [array([ 0, 23, 24, 18,  9,  8,  6,  5,  1])
 array([ 0, 16, 15, 14, 10, 11,  2])
 array([ 0, 22, 25, 27, 31, 32, 28,  3])
 array([ 0, 20, 21, 26, 33, 30, 29,  4])]
 -- Custo: 
 ---------23.122219759505644
 ---------23.84161925296378
 ---------22.157863841879852
 ---------23.638263819321523
 ---- Total: 92.7599666736708
 -- Premio: 
 ---------47.0
 ---------33.0
 ---------32.0
 ---------38.0
 ---- Total: 150.0
 - Execucao 1
 -- BestCostGenaration: [-122.84837804253073, -188.80813717016764, -265.87020155385824, -321.689386368472, -374.2848337606759, -431.6147980486587, -462.5877551898664, -547.7092658318879, -580.8411567301882, -616.0410971550375, -650.550743092301, -685.715687570813, -687.8786518171876, -722.2285298684067, -757.8171283873911, -791.241327971019, -820.528590150562, -826.5399966431953, -827.9133090444974, -836.4366811234156, -852.0959805321376, -857.5056547068577, -859.1887997948281, -859.9013821343212]
 -- BestCostElement: [-859.90138213 -859.90138213 -859.90138213 -859.90138213]
 -- BestRoute: [array([ 0, 15, 14, 18,  9,  5,  6, 10,  8,  1])
 array([ 0, 20, 16, 19, 12, 11, 17, 13,  7,  2])
 array([ 0, 23, 24, 22, 25, 28, 32, 31, 27,  3])
 array([ 0, 21, 26, 34, 33, 29, 30,  4])]
 -- Custo: 
 ---------25.64488323791961
 ---------21.8285870526511
 ---------20.422980574618233
 ---------23.37820360123074
 ---- Total: 91.27465446641968
 -- Premio: 
 ---------48.0
 ---------38.0
 ---------49.0
 ---------40.0
 ---- Total: 175.0
 - Execucao 2
 -- BestCostGenaration: [-99.84126193776896, -210.9410550513034, -253.6199781296795, -362.43556551792335, -389.49882823501423, -441.3495514830512, -485.3729815196664, -549.0992235699886, -570.6151807403728, -612.7034346810702, -651.2211717652092, -674.6096789649583, -680.1373686416318, -694.5860082126153, -720.2134252105848, -744.9270229739585, -757.3530531758026, -776.8383593307589, -789.4347466492977, -816.8863890026765, -832.833456698813, -848.1738499263398, -856.5989713421698, -859.7337587835189, -865.5613097134519, -867.8936106328315, -868.696097154801]
 -- BestCostElement: [-868.69609715 -868.69609715 -868.69609715 -868.69609715]
 -- BestRoute: [array([ 0, 23, 18, 14, 15, 10,  6,  8,  9,  5,  1])
 array([ 0, 16, 19, 17, 13, 12, 11,  7,  2])
 array([ 0, 22, 24, 25, 27, 31, 32, 28,  3])
 array([ 0, 20, 21, 26, 34, 33, 29, 30,  4])]
 -- Custo: 
 ---------24.69439210209319
 ---------17.925879193046846
 ---------22.986290966626044
 ---------23.469413449533647
 ---- Total: 89.07597571129972
 -- Premio: 
 ---------57.0
 ---------33.0
 ---------40.0
 ---------45.0
 ---- Total: 175.0
 - Execucao 3
 -- BestCostGenaration: [-82.3968390264002, -172.89585049997405, -219.67642889900094, -267.28892584873233, -396.33558920292757, -398.5249329940969, -437.21616950268265, -491.76401561497477, -503.16288945548325, -576.1510650827036, -578.5818046462526, -616.009022962302, -657.8784343872237, -677.1658520477306, -715.0043798778393, -745.5264466859826, -760.7357165011413, -777.5243986148523, -778.7138158042876, -804.1126896447961, -805.9790005453617, -821.1654581576665, -827.2478709762092, -827.426792033845]
 -- BestCostElement: [-827.42679203 -827.42679203 -827.42679203 -827.42679203]
 -- BestRoute: [array([ 0, 23, 18, 14, 15, 10,  6,  9,  8,  5,  1])
 array([ 0, 16, 11, 19, 21, 17, 13,  7,  2])
 array([ 0, 32, 28, 31, 27, 25, 22, 24,  3])
 array([ 0, 20, 26, 34, 33, 30, 29,  4])]
 -- Custo: 
 ---------26.063875400057388
 ---------23.628151837693316
 ---------25.812224331205325
 ---------20.38905042258274
 ---- Total: 95.89330199153878
 -- Premio: 
 ---------57.0
 ---------37.0
 ---------40.0
 ---------39.0
 ---- Total: 173.0
 - Execucao 4
 -- BestCostGenaration: [-79.97562032917598, -286.76280305780625, -299.2042726890063, -382.2758308731775, -406.80310252422146, -466.483618672357, -531.8578437076587, -592.0466211854744, -664.6349403521775, -674.1590245661362, -694.674333111339, -738.3515764064097, -776.2350113443176, -800.4202490286546, -813.3908117771317, -832.0765888602461, -840.868985305668, -851.3745321820215, -859.9797403204476, -872.1330717048272, -872.8456540443206, -874.5552768066832, -875.2678591461763]
 -- BestCostElement: [-875.26785915 -875.26785915 -875.26785915 -875.26785915]
 -- BestRoute: [array([ 0, 15, 14, 18,  9, 10,  6,  8,  5,  1])
 array([ 0, 20, 16, 19, 11, 12, 17, 13,  7,  2])
 array([ 0, 23, 24, 22, 25, 28, 32, 31, 27,  3])
 array([ 0, 21, 26, 34, 33, 29, 30,  4])]
 -- Custo: 
 ---------22.45354552482872
 ---------21.178305512778213
 ---------20.422980574618233
 ---------23.37820360123074
 ---- Total: 87.43303521345591
 -- Premio: 
 ---------48.0
 ---------38.0
 ---------49.0
 ---------40.0
 ---- Total: 175.0
 - Execucao 5
 -- BestCostGenaration: [-79.51797350182316, -146.4598377454792, -221.16887690811905, -279.7625887412854, -352.7675504892364, -426.80874079161623, -515.9457084980755, -533.0945738224013, -586.4091093077113, -602.8239758606952, -653.6156174629436, -689.0098774783532, -726.9682623257589, -742.6364873654911, -778.7928855314501, -818.1512259319541, -818.5737438196867, -843.180663183477, -852.5625013570086, -873.6173999715714, -874.424088654084, -882.9577499359417, -889.622347794253]
 -- BestCostElement: [-889.62234779 -889.62234779 -889.62234779 -889.62234779]
 -- BestRoute: [array([ 0, 15, 14, 18,  9, 10,  6,  8,  5,  1])
 array([ 0, 16, 19, 11, 12, 17, 13,  7,  2])
 array([ 0, 23, 24, 22, 25, 28, 32, 31, 27,  3])
 array([ 0, 20, 21, 26, 34, 33, 29, 30,  4])]
 -- Custo: 
 ---------22.45354552482872
 ---------17.49847350245616
 ---------20.422980574618233
 ---------23.469413449533647
 ---- Total: 83.84441305143676
 -- Premio: 
 ---------48.0
 ---------33.0
 ---------49.0
 ---------45.0
 ---- Total: 175.0
 - Execucao 6
 -- BestCostGenaration: [-114.5069932840115, -165.07325816121354, -238.87428613628734, -347.8374729856225, -384.21960656808807, -445.9070333736138, -505.4730914841248, -561.107120288298, -573.3923421991794, -624.4316414465407, -652.895341296696, -691.8615305328736, -736.5552005328465, -744.3665793726818, -780.6785788681094, -804.5957699923548, -812.9398048842563, -814.8490115603861, -822.2154885722412, -825.3502760135902]
 -- BestCostElement: [-825.35027601 -825.35027601 -825.35027601 -825.35027601]
 -- BestRoute: [array([ 0, 15, 14, 18,  9, 10,  6,  8,  5,  1])
 array([ 0, 20, 16, 19, 17, 13, 12, 11,  7,  2])
 array([ 0, 32, 31, 28, 25, 24, 22, 27,  3])
 array([ 0, 23, 26, 34, 33, 30, 29,  4])]
 -- Custo: 
 ---------22.45354552482872
 ---------21.605711203368895
 ---------23.467022486398964
 ---------21.88615178200585
 ---- Total: 89.41243099660242
 -- Premio: 
 ---------48.0
 ---------38.0
 ---------40.0
 ---------43.0
 ---- Total: 169.0
 - Execucao 7
 -- BestCostGenaration: [-22.271701079156777, -168.36760915714677, -255.50845862435983, -317.6525731482451, -401.6969116397142, -435.0450333986109, -480.6019596029299, -553.5399791263985, -566.800317125121, -593.5575041645817, -633.6164448777795, -686.8797685946005, -706.3957909547638, -744.5828087307491, -795.0804448371356, -803.2084586840188, -835.6326254559814, -840.8902831307287, -854.8045937576724, -858.27499039486, -875.248699556382, -881.7194284161485]
 -- BestCostElement: [-881.71942842 -881.71942842 -881.71942842 -881.71942842]
 -- BestRoute: [array([ 0, 23, 18, 14, 15, 10,  6,  8,  9,  5,  1])
 array([ 0, 16, 19, 11, 12, 17, 13,  7,  2])
 array([ 0, 22, 24, 25, 28, 32, 31, 27,  3])
 array([ 0, 20, 21, 26, 34, 33, 29, 30,  4])]
 -- Custo: 
 ---------24.69439210209319
 ---------17.49847350245616
 ---------20.157863841879855
 ---------23.469413449533647
 ---- Total: 85.82014289596286
 -- Premio: 
 ---------57.0
 ---------33.0
 ---------40.0
 ---------45.0
 ---- Total: 175.0
 - Execucao 8
 -- BestCostGenaration: [-77.43126377998504, -132.5285271403203, -252.71249322571913, -334.8424966353799, -383.29475562401655, -440.46807318112303, -504.588498260418, -563.3696897082309, -584.1907686505953, -623.3082011020003, -650.4552249527735, -699.6742682825147, -717.3771021685191, -733.110587209249, -780.4652702617368, -814.1235119011594, -821.2752089535243, -846.4574833897614, -847.1626976061712, -853.4308419243757, -862.0586095492529, -863.9422055465697, -865.9951378504331]
 -- BestCostElement: [-865.99513785 -865.99513785 -865.99513785 -865.99513785]
 -- BestRoute: [array([ 0, 15, 18, 14, 10,  6,  8,  5,  9,  1])
 array([ 0, 16, 19, 11, 12, 17, 13,  7,  2])
 array([ 0, 23, 24, 22, 25, 27, 28, 32, 31,  3])
 array([ 0, 20, 21, 26, 34, 33, 29, 30,  4])]
 -- Custo: 
 ---------26.07784715836847
 ---------17.49847350245616
 ---------22.705481427033433
 ---------23.469413449533647
 ---- Total: 89.75121553739172
 -- Premio: 
 ---------48.0
 ---------33.0
 ---------49.0
 ---------45.0
 ---- Total: 175.0
 - Execucao 9
 -- BestCostGenaration: [-108.48942973470326, -198.56329782180086, -283.65911368332877, -322.48126161823404, -369.67831353534723, -463.32145483551244, -504.14829009352223, -541.3119312202673, -581.1291031522435, -635.9416054898877, -657.9121682383649, -686.6449746037497, -725.2648145046406, -764.3646329477713, -792.0864340409603, -805.0655623051975, -810.8657385463252, -824.603591582865, -833.6113351916839, -849.9389937245537, -855.5958479740461, -857.9915754015096, -858.1177731370105]
 -- BestCostElement: [-858.11777314 -858.11777314 -858.11777314 -858.11777314]
 -- BestRoute: [array([ 0, 15, 14, 10,  6,  8,  9, 18,  5,  1])
 array([ 0, 16, 19, 11, 12, 17, 13,  7,  2])
 array([ 0, 23, 24, 22, 25, 28, 32, 31, 27,  3])
 array([ 0, 20, 21, 30, 33, 34, 29,  4])]
 -- Custo: 
 ---------22.705481427033433
 ---------17.49847350245616
 ---------20.422980574618233
 ---------24.093621211639515
 ---- Total: 84.72055671574735
 -- Premio: 
 ---------48.0
 ---------33.0
 ---------49.0
 ---------41.0
 ---- Total: 171.0
 - Execucao 10
 -- BestCostGenaration: [-58.40284826047257, -183.5250786529524, -243.37679831312386, -271.4243706500102, -337.138563420232, -383.2699508345418, -440.76710730816126, -488.0421748734085, -551.9355157576698, -602.5027330809443, -613.3827495650958, -663.2435094349346, -683.0292976800421, -702.3167153405487, -721.9832373603999, -775.0190078083625, -796.4756597742776, -827.6398392764139, -830.4198864935411, -836.7893230825266, -837.2527022235386, -841.0210126530326, -843.6221388125241]
 -- BestCostElement: [-843.62213881 -843.62213881 -843.62213881 -843.62213881]
 -- BestRoute: [array([ 0, 15, 14, 10,  6,  8,  9, 18,  5,  1])
 array([ 0, 16, 19, 11, 12, 17, 13,  7,  2])
 array([ 0, 23, 32, 28, 31, 25, 24, 22, 27,  3])
 array([ 0, 20, 21, 30, 34, 33, 29,  4])]
 -- Custo: 
 ---------22.705481427033433
 ---------17.49847350245616
 ---------24.015339721864635
 ---------24.125170645514746
 ---- Total: 88.34446529686898
 -- Premio: 
 ---------48.0
 ---------33.0
 ---------49.0
 ---------41.0
 ---- Total: 171.0
 - Execucao 11
 -- BestCostGenaration: [-90.22176551573062, -181.85985400279617, -298.9263844409236, -317.2103975972796, -438.30804598355854, -469.41950216356025, -513.9934628261336, -586.455729508675, -641.6075378208913, -664.3808965079577, -711.6798641201832, -773.909069217683, -786.9654802824602, -798.2324643803022, -814.288192470303, -821.5897672188446, -830.5975108276635]
 -- BestCostElement: [-830.59751083 -830.59751083 -830.59751083 -830.59751083]
 -- BestRoute: [array([ 0, 15, 14, 10,  6,  8,  5, 18,  9,  1])
 array([ 0, 16, 19, 21, 17, 13, 11,  7,  2])
 array([ 0, 23, 22, 24, 25, 27, 31, 28, 32,  3])
 array([ 0, 20, 26, 34, 30, 29, 33,  4])]
 -- Custo: 
 ---------25.71867355525102
 ---------23.803621626079284
 ---------23.454393421909465
 ---------22.123933689844357
 ---- Total: 95.10062229308414
 -- Premio: 
 ---------48.0
 ---------37.0
 ---------49.0
 ---------39.0
 ---- Total: 173.0
 - Execucao 12
 -- BestCostGenaration: [-86.1398195785876, -198.25334444272096, -256.14032273841747, -341.01573644999047, -415.391782656554, -442.6207479992946, -481.3449994824856, -554.604742993661, -571.1275276547383, -615.8326013322333, -620.7436017551389, -659.0693735152155, -700.9907941333045, -737.4414393785983, -769.2222774485997, -782.8784824981299, -802.749732393984, -842.0268156557775, -850.6376692933184, -857.3280738322445, -860.3084303135392, -873.7598858310037]
 -- BestCostElement: [-873.75988583 -873.75988583 -873.75988583 -873.75988583]
 -- BestRoute: [array([ 0, 23, 15, 14, 10,  6,  8, 18,  9,  5,  1])
 array([ 0, 16, 19, 11, 12, 17, 13,  7,  2])
 array([ 0, 22, 24, 25, 28, 32, 31, 27,  3])
 array([ 0, 20, 21, 26, 34, 33, 29, 30,  4])]
 -- Custo: 
 ---------26.684277748379397
 ---------17.49847350245616
 ---------20.157863841879855
 ---------23.469413449533647
 ---- Total: 87.81002854224906
 -- Premio: 
 ---------57.0
 ---------33.0
 ---------40.0
 ---------45.0
 ---- Total: 175.0
 - Execucao 13
 -- BestCostGenaration: [-89.04401495135465, -177.0468674699104, -255.94359447095104, -327.4316798660365, -402.29184011345427, -438.77903103550216, -495.50121861231554, -518.0817039362006, -526.9422211358473, -543.3674839780639, -550.1077886080608, -635.2988607918999, -643.0962580756386, -652.6775951158777, -701.927479361556, -735.6062794986378, -758.4352373679965, -772.3428955870536, -784.2298016998153, -796.4932880422926, -804.7483088741461, -807.3494350336376, -808.6925807841453, -808.8424575927902]
 -- BestCostElement: [-808.84245759 -808.84245759 -808.84245759 -808.84245759]
 -- BestRoute: [array([ 0, 15, 14, 18, 10,  6,  8,  9,  5,  1])
 array([ 0, 16, 19, 11, 12, 17, 13,  7,  2])
 array([ 0, 23, 32, 28, 27, 25, 22, 24,  3])
 array([ 0, 20, 21, 30, 34, 33, 29,  4])]
 -- Custo: 
 ---------22.705481427033437
 ---------17.49847350245616
 ---------25.710260026798114
 ---------24.125170645514746
 ---- Total: 90.03938560180245
 -- Premio: 
 ---------48.0
 ---------33.0
 ---------45.0
 ---------41.0
 ---- Total: 167.0
 - Execucao 14
 -- BestCostGenaration: [-90.73408357062438, -174.6602069083608, -251.9085031353353, -289.57348669801775, -349.0084659919256, -376.25529121448227, -457.78341939507794, -512.3426984790234, -559.991415318226, -578.6072412172391, -615.871963195927, -653.5986667935298, -690.7645283946997, -725.399689001488, -760.0502658837522, -794.1601088741836, -830.9243203931366, -835.0296482183564, -850.252354411742, -869.2817916632648, -880.4647273767891, -888.4647273767891]
 -- BestCostElement: [-888.46472738 -888.46472738 -888.46472738 -888.46472738]
 -- BestRoute: [array([ 0, 18, 14, 15, 10,  6,  8,  9,  5,  1])
 array([ 0, 16, 19, 11, 12, 17, 13,  7,  2])
 array([ 0, 23, 24, 22, 25, 28, 32, 31, 27,  3])
 array([ 0, 20, 21, 26, 34, 33, 29, 30,  4])]
 -- Custo: 
 ---------22.74295062919467
 ---------17.49847350245616
 ---------20.422980574618233
 ---------23.469413449533647
 ---- Total: 84.13381815580271
 -- Premio: 
 ---------48.0
 ---------33.0
 ---------49.0
 ---------45.0
 ---- Total: 175.0
 - Execucao 15
 -- BestCostGenaration: [-92.59286829239504, -201.6382883280041, -272.0293584600553, -335.58599335804735, -383.4885580281725, -441.9551208754274, -471.1320012974064, -543.5208647273398, -569.2182843583785, -624.2209284849134, -667.2334295499761, -703.4269046584567, -741.062338502183, -765.361163889083, -782.9173223162574, -810.5101083298739, -832.6251435803903, -849.2634506002236, -865.6573238665517, -872.284740864521, -877.7626740563778, -882.9754503998315, -887.438642704929, -888.614604185434]
 -- BestCostElement: [-888.61460419 -888.61460419 -888.61460419 -888.61460419]
 -- BestRoute: [array([ 0, 15, 14, 10,  6,  8,  9, 18,  5,  1])
 array([ 0, 16, 19, 11, 12, 17, 13,  7,  2])
 array([ 0, 23, 24, 22, 25, 28, 32, 31, 27,  3])
 array([ 0, 20, 21, 26, 34, 33, 29, 30,  4])]
 -- Custo: 
 ---------22.705481427033433
 ---------17.49847350245616
 ---------20.422980574618233
 ---------23.469413449533647
 ---- Total: 84.09634895364148
 -- Premio: 
 ---------48.0
 ---------33.0
 ---------49.0
 ---------45.0
 ---- Total: 175.0
 - Execucao 16
 -- BestCostGenaration: [-110.2486205094691, -179.26638205370048, -304.5807862833609, -372.1948914783216, -444.9849304640312, -473.62444309131547, -524.9841129573545, -553.3081153890251, -598.4470411557993, -652.4748973107546, -675.3281177718745, -697.3020443216858, -722.9832358876781, -756.9935002317895, -785.526106434889, -800.5083627078427, -813.852049119208, -829.5464550741849, -836.5054399782723, -843.7822889647596, -844.0501983361435, -845.46543405273]
 -- BestCostElement: [-845.46543405 -845.46543405 -845.46543405 -845.46543405]
 -- BestRoute: [array([ 0, 15, 10,  6, 14, 18,  9,  5,  8,  1])
 array([ 0, 16, 19, 21, 17, 13, 11,  7,  2])
 array([ 0, 23, 24, 22, 25, 28, 32, 31, 27,  3])
 array([ 0, 20, 26, 34, 33, 30, 29,  4])]
 -- Custo: 
 ---------26.767988863537273
 ---------23.803621626079284
 ---------20.422980574618233
 ---------20.38905042258274
 ---- Total: 91.38364148681754
 -- Premio: 
 ---------48.0
 ---------37.0
 ---------49.0
 ---------39.0
 ---- Total: 173.0
 - Execucao 17
 -- BestCostGenaration: [-103.46830930417802, -175.20944884689507, -272.09557142961853, -320.3075898660326, -381.3664643690783, -442.00455610264197, -472.7878812217148, -544.3617381994651, -604.4987465950467, -630.0702041115604, -662.1207976315584, -686.4224021168836, -711.7734503308604, -743.487423915713, -762.736282783009, -784.3273364073426, -807.6127797308761, -826.900197391383, -837.7318423927411, -850.787570482742, -862.499755770832, -867.4103902849375, -882.2823484567903, -884.4173429522891]
 -- BestCostElement: [-884.41734295 -884.41734295 -884.41734295 -884.41734295]
 -- BestRoute: [array([ 0, 15, 10,  6, 14, 18,  9,  8,  5,  1])
 array([ 0, 16, 19, 11, 12, 17, 13,  7,  2])
 array([ 0, 23, 24, 22, 25, 28, 32, 31, 27,  3])
 array([ 0, 20, 21, 26, 34, 33, 29, 30,  4])]
 -- Custo: 
 ---------23.754796735319687
 ---------17.49847350245616
 ---------20.422980574618233
 ---------23.469413449533647
 ---- Total: 85.14566426192773
 -- Premio: 
 ---------48.0
 ---------33.0
 ---------49.0
 ---------45.0
 ---- Total: 175.0
 - Execucao 18
 -- BestCostGenaration: [-123.48621259024225, -166.9632710241121, -232.32219719145135, -296.12868301354575, -358.3207317883414, -403.2456628075998, -447.0072702481542, -513.9700479711763, -564.0629513934545, -626.5172255770974, -654.289010566902, -663.4655554061417, -700.7855810085576, -748.0827471225533, -765.7919628873933, -789.0393879776863, -794.584786047177, -815.7855245493492, -817.0392880960444, -822.0364284005558, -836.6856462137371, -838.0287919642448, -839.4654863767146]
 -- BestCostElement: [-839.46548638 -839.46548638 -839.46548638 -839.46548638]
 -- BestRoute: [array([ 0, 15, 14, 18, 10,  6,  8,  9,  5,  1])
 array([ 0, 16, 19, 11, 12, 17, 13,  7,  2])
 array([ 0, 23, 32, 28, 27, 25, 22, 24,  3])
 array([ 0, 20, 21, 26, 34, 33, 29, 30,  4])]
 -- Custo: 
 ---------22.705481427033437
 ---------17.49847350245616
 ---------25.710260026798114
 ---------23.469413449533647
 ---- Total: 89.38362840582136
 -- Premio: 
 ---------48.0
 ---------33.0
 ---------45.0
 ---------45.0
 ---- Total: 171.0
 - Execucao 19
 -- BestCostGenaration: [-108.14564433167885, -150.04904337358, -233.4301848437215, -316.90292354408746, -457.7799901825533, -482.9245713567202, -518.6060719193221, -538.8287551488022, -578.7525028196583, -608.7343456112371, -639.3712647128696, -670.670124181238, -712.3428807967148, -717.0803752862985, -744.017300638882, -772.5753049380728, -790.3796678555855, -819.2996888054302, -823.6493044057689, -824.1143377278468, -840.8002488067837, -852.2531830882413, -858.3227963833031, -859.9755927137501, -864.2376310417793, -869.6736857426295, -871.1103801550994]
 -- BestCostElement: [-871.11038016 -871.11038016 -871.11038016 -871.11038016]
 -- BestRoute: [array([ 0, 15, 14, 18, 10,  6,  8,  9,  5,  1])
 array([ 0, 16, 19, 17, 13, 12, 11,  7,  2])
 array([ 0, 23, 32, 28, 31, 25, 22, 24, 27,  3])
 array([ 0, 20, 21, 26, 34, 33, 29, 30,  4])]
 -- Custo: 
 ---------22.705481427033437
 ---------17.925879193046846
 ---------24.371630891611247
 ---------23.469413449533647
 ---- Total: 88.47240496122518
 -- Premio: 
 ---------48.0
 ---------33.0
 ---------49.0
 ---------45.0
 ---- Total: 175.0
 - Execucao 20
 -- BestCostGenaration: [-134.6888566869706, -247.30128914377286, -335.72365790217316, -366.92497467665055, -398.3512675926445, -458.11715613643105, -490.03142145304264, -510.25682962284117, -534.8803904289441, -551.7033140441017, -566.42264208539, -583.6078928166755, -632.747986268377, -633.0576216026246]
 -- BestCostElement: [-633.0576216 -633.0576216 -633.0576216 -633.0576216]
 -- BestRoute: [array([ 0, 20, 19, 16, 10,  6,  5,  9,  8,  1])
 array([ 0, 23, 22, 24, 11,  7,  2]) array([ 0, 15, 14, 18,  3])
 array([ 0, 25, 28, 32, 26, 33, 29, 30,  4])]
 -- Custo: 
 ---------27.201620920307928
 ---------23.57611402394113
 ---------18.454793968408552
 ---------24.50306568668622
 ---- Total: 93.73559459934384
 -- Premio: 
 ---------49.0
 ---------35.0
 ---------17.0
 ---------43.0
 ---- Total: 144.0
 - Execucao 21
 -- BestCostGenaration: [-107.90065974591714, -193.27107132705538, -235.67213396402838, -272.38887933557544, -361.21816927499106, -398.4137771524309, -472.48569663200266, -492.9833906989371, -534.4843205469613, -585.4580066224153, -593.6953419861966, -630.0946470324395, -674.0205243338901, -708.8566075700484, -711.9123356600493, -743.3977721240454, -796.5048504529001, -805.5018204712869, -817.7274521625238, -830.5420313132419, -844.9541506471917]
 -- BestCostElement: [-844.95415065 -844.95415065 -844.95415065 -844.95415065]
 -- BestRoute: [array([ 0, 15, 14, 10,  6,  8,  9, 18,  5,  1])
 array([ 0, 20, 19, 16, 11, 12, 17, 13,  2])
 array([ 0, 23, 24, 22, 25, 28, 32, 31, 27,  3])
 array([ 0, 21, 26, 34, 33, 29, 30,  4])]
 -- Custo: 
 ---------22.705481427033433
 ---------19.754796735319687
 ---------20.422980574618233
 ---------23.37820360123074
 ---- Total: 86.2614623382021
 -- Premio: 
 ---------48.0
 ---------33.0
 ---------49.0
 ---------40.0
 ---- Total: 170.0
 - Execucao 22
 -- BestCostGenaration: [-100.16849202374227, -140.85043741893426, -207.7893313440799, -293.99388445371824, -362.3808953204938, -398.7481685633621, -433.35053324535363, -518.0551293158115, -544.6825463137811, -565.0512783623228, -579.2937715536691, -582.8282342807979, -614.3211886267327, -635.5945915131233, -677.7516970013605, -716.1765307313361, -752.9561132048302, -792.3255497938158, -794.9384765936395, -828.5420313132418, -839.4396839637026, -845.2675086078619, -857.5566816832644, -878.0668506443658, -882.704653440288, -883.7047606127958, -884.4173429522891]
 -- BestCostElement: [-884.41734295 -884.41734295 -884.41734295 -884.41734295]
 -- BestRoute: [array([ 0, 15, 10,  6, 14, 18,  9,  8,  5,  1])
 array([ 0, 16, 19, 11, 12, 17, 13,  7,  2])
 array([ 0, 23, 24, 22, 25, 28, 32, 31, 27,  3])
 array([ 0, 20, 21, 26, 34, 33, 29, 30,  4])]
 -- Custo: 
 ---------23.754796735319687
 ---------17.49847350245616
 ---------20.422980574618233
 ---------23.469413449533647
 ---- Total: 85.14566426192773
 -- Premio: 
 ---------48.0
 ---------33.0
 ---------49.0
 ---------45.0
 ---- Total: 175.0
 - Execucao 23
 -- BestCostGenaration: [-122.22986221499588, -177.71638918401175, -228.87222864728432, -302.9772094044572, -386.67742104894705, -456.9443352120359, -471.18797481316807, -563.3191363145997, -585.2189701533322, -597.3462158595808, -632.4764614379043, -648.8966417241569, -671.8982358098696, -718.0488859545919, -725.7260604540289, -749.2833666706426, -802.8158662544831, -812.2382351473323, -838.9802547383483, -841.7632412257775, -845.3389881413846, -850.1768114310495, -856.5355448340857, -856.5423561636437, -856.9873942416143, -860.0431223316151, -861.4798167440849]
 -- BestCostElement: [-861.47981674 -861.47981674 -861.47981674 -861.47981674]
 -- BestRoute: [array([ 0, 15, 14, 18, 10,  6,  5,  8,  9,  1])
 array([ 0, 16, 19, 11, 12, 17, 13,  7,  2])
 array([ 0, 23, 24, 22, 25, 27, 31, 32, 28,  3])
 array([ 0, 20, 21, 26, 34, 33, 29, 30,  4])]
 -- Custo: 
 ---------26.660751162624535
 ---------17.49847350245616
 ---------23.251407699364425
 ---------23.469413449533647
 ---- Total: 90.88004581397877
 -- Premio: 
 ---------48.0
 ---------33.0
 ---------49.0
 ---------45.0
 ---- Total: 175.0
 - Execucao 24
 -- BestCostGenaration: [-105.7150068181368, -210.14811909156225, -253.09410221991288, -298.7204761894757, -383.37712578382667, -402.47731728271737, -475.145091468961, -501.7072115288794, -579.7871455386679, -619.6476010708295, -669.6177659689646, -719.1779682813169, -741.7636072231708, -774.6815882946919, -782.0484456400322, -835.4473194805406, -845.2001426923971, -849.8167560695263, -854.5821069218898, -855.2946892613832]
 -- BestCostElement: [-855.29468926 -855.29468926 -855.29468926 -855.29468926]
 -- BestRoute: [array([ 0, 15, 10,  6,  8, 14, 18,  9,  5,  1])
 array([ 0, 16, 19, 11, 12, 17, 13,  7,  2])
 array([ 0, 23, 24, 22, 25, 28, 32, 31, 27,  3])
 array([ 0, 20, 26, 34, 33, 30, 29,  4])]
 -- Custo: 
 ---------23.615823184997097
 ---------17.49847350245616
 ---------20.422980574618233
 ---------20.38905042258274
 ---- Total: 81.92632768465424
 -- Premio: 
 ---------48.0
 ---------33.0
 ---------49.0
 ---------39.0
 ---- Total: 169.0
 - Execucao 25
 -- BestCostGenaration: [-80.29777485566017, -173.10884096030105, -242.51568502374525, -335.5771679239945, -388.3157483981373, -468.5732701845596, -506.6847263645613, -537.4086794942943, -593.7032664532378, -631.9045856054281, -678.3983566418302, -711.1254715550938, -747.4033025369325, -768.4327397884555, -787.7201574489623, -787.7677913032367, -799.1666651437451, -802.2339229672293, -806.8160299568831, -817.85995651902, -830.091646089526, -835.308846349418, -842.5990165329056, -843.4986574289173, -845.2001426923971, -847.9795501979045, -849.6626952858749]
 -- BestCostElement: [-849.66269529 -849.66269529 -849.66269529 -849.66269529]
 -- BestRoute: [array([ 0, 15, 14, 18, 10,  6,  8,  5,  9,  1])
 array([ 0, 16, 19, 21, 17, 13, 11,  7,  2])
 array([ 0, 23, 24, 22, 25, 28, 32, 31, 27,  3])
 array([ 0, 20, 26, 34, 33, 30, 29,  4])]
 -- Custo: 
 ---------25.718673555251023
 ---------23.803621626079284
 ---------20.422980574618233
 ---------20.38905042258274
 ---- Total: 90.33432617853128
 -- Premio: 
 ---------48.0
 ---------37.0
 ---------49.0
 ---------39.0
 ---- Total: 173.0
 - Execucao 26
 -- BestCostGenaration: [-65.77313154262345, -109.13055987728393, -181.20823512583388, -264.9540800145727, -332.63095295918, -366.02359830069935, -412.94651451354997, -491.54720751837783, -504.6029356083787, -578.0644736071206, -604.9184505337386, -650.7354416814912, -663.1235119011594, -700.4589140428482, -762.6494295741982, -765.0142689674099, -785.0266097720028, -795.3325746621686, -805.2802000393624, -813.6496366283479, -854.6496366283479]
 -- BestCostElement: [-854.64963663 -854.64963663 -854.64963663 -854.64963663]
 -- BestRoute: [array([ 0, 10,  6,  8, 15, 14, 18,  9,  5,  1])
 array([ 0, 16, 11, 19, 21, 17, 13,  7,  2])
 array([ 0, 23, 24, 22, 25, 28, 32, 31, 27,  3])
 array([ 0, 20, 26, 34, 33, 30, 29,  4])]
 -- Custo: 
 ---------24.647408008018722
 ---------23.628151837693316
 ---------20.422980574618233
 ---------20.38905042258274
 ---- Total: 89.08759084291302
 -- Premio: 
 ---------48.0
 ---------37.0
 ---------49.0
 ---------39.0
 ---- Total: 173.0
 - Execucao 27
 -- BestCostGenaration: [-138.31875678561553, -201.03749474936723, -258.84188148886744, -329.0437950186248, -388.7240257202004, -450.7240257202004, -498.80398740415416, -521.9631122966773, -549.1874159060526, -597.4130982859225, -616.7701940703153, -622.0510729945837, -665.0572610153215, -711.8066569891298, -719.8430469080042, -737.8948251709405, -770.1255167458295, -800.2821616208757, -801.4610826785115, -807.648638632731, -808.9155208180275, -809.7338039742547]
 -- BestCostElement: [-809.73380397 -809.73380397 -809.73380397 -809.73380397]
 -- BestRoute: [array([ 0, 15, 14, 10,  6,  8, 18,  9,  5,  1])
 array([ 0, 16, 19, 11, 12, 17, 13,  7,  2])
 array([ 0, 23, 32, 28, 27, 25, 24, 22,  3])
 array([ 0, 20, 26, 34, 33, 30, 29,  4])]
 -- Custo: 
 ---------22.999471797159707
 ---------17.49847350245616
 ---------25.42955328423773
 ---------20.38905042258274
 ---- Total: 86.31654900643633
 -- Premio: 
 ---------48.0
 ---------33.0
 ---------45.0
 ---------39.0
 ---- Total: 165.0
 - Execucao 28
 -- BestCostGenaration: [-115.57595797103379, -187.60494319677258, -271.529817487243, -334.03786742635435, -394.0110902367837, -438.46302675388176, -456.6150694504736, -487.5766409282468, -534.8873706468337, -571.193686962846, -591.193686962846, -625.0545084923406, -682.9907477088088, -696.4624301306609, -759.8975312694256, -766.5723326918953, -812.9914972010265, -835.5990165329055, -864.5462480200351, -868.4827763212154, -870.9049814230714, -875.8492533330705, -876.5618356725637]
 -- BestCostElement: [-876.56183567 -876.56183567 -876.56183567 -876.56183567]
 -- BestRoute: [array([ 0, 15, 14, 18, 10,  6,  8,  5,  9,  1])
 array([ 0, 16, 19, 11, 12, 17, 13,  7,  2])
 array([ 0, 23, 24, 22, 25, 28, 32, 31, 27,  3])
 array([ 0, 20, 21, 26, 34, 33, 29, 30,  4])]
 -- Custo: 
 ---------25.718673555251023
 ---------17.49847350245616
 ---------20.422980574618233
 ---------23.469413449533647
 ---- Total: 87.10954108185906
 -- Premio: 
 ---------48.0
 ---------33.0
 ---------49.0
 ---------45.0
 ---- Total: 175.0
 - Execucao 29
 -- BestCostGenaration: [-100.21906021240895, -194.71148256471898, -292.06262523953524, -349.7718906758418, -375.98107886440164, -464.22942203507, -480.8392563953511, -521.0957329154655, -599.2531881462091, -607.7452913263425, -662.775510522544, -687.4732637401776, -731.0250191571972, -731.1108242103405, -770.3944557461828, -780.2603080164531, -786.0143159712479, -795.1520629897275, -795.330984047363, -800.3543153087105, -800.8089172392199]
 -- BestCostElement: [-800.80891724 -800.80891724 -800.80891724 -800.80891724]
 -- BestRoute: [array([ 0, 23, 18, 14, 15, 10,  6,  8,  9,  5,  1])
 array([ 0, 16, 19, 21, 17, 13, 11,  7,  2])
 array([ 0, 22, 25, 31, 28, 32, 24,  3])
 array([ 0, 20, 26, 34, 33, 30, 29,  4])]
 -- Custo: 
 ---------24.69439210209319
 ---------23.803621626079284
 ---------24.91070653943982
 ---------20.38905042258274
 ---- Total: 93.79777069019504
 -- Premio: 
 ---------57.0
 ---------37.0
 ---------35.0
 ---------39.0
 ---- Total: 168.0
