92 8.3


98.0  3.4

91.3435237575
[ 25.  26.  43.  24.  35.  40.  44.  48.  49.  28.   3.  14.   4.  47.  29.
  11.   0.  36.  15.  33.  41.  31.  46.  12.  18.   1.  45.  42.  20.   7.
  16.   8.   2.  21.  17.   6.  34.  10.  13.  32.  19.  38.   9.  27.  30.
  37.  39.  23.  22.   5.]
89.2062260558
[ 48.  10.  27.  30.  11.  47.  19.  26.  43.  44.  17.   5.  34.  45.  12.
   0.  13.  21.   1.  35.  18.  28.  38.  37.  39.  23.  25.   6.  22.  40.
   9.   3.  42.  20.  33.  31.  16.  15.  46.   7.   8.   2.  41.  29.  14.
   4.  24.  49.  32.  36.]
93.1088452974
[ 48.  10.   6.  40.  32.  28.   8.   4.  11.  21.  34.  19.   3.  42.  27.
  14.  43.  29.   2.   9.  35.  18.  17.  24.  16.  38.  26.   7.  20.  44.
  45.  13.  41.  15.   5.  47.  39.  30.  23.  22.  36.  49.   0.   1.  33.
  37.  25.  12.  46.  31.]
89.4872574637
[ 13.  41.  37.  11.  47.  48.  15.  33.   7.  38.   6.   9.  20.  26.  17.
  43.  14.  29.  44.  35.  24.   4.   1.  18.  12.  46.  39.  30.  31.  19.
  16.   8.  10.  28.   5.  22.   0.  23.  36.  32.  27.  34.  42.  49.   2.
   3.  40.  21.  25.  45.]
94.3515567885
[ 12.  45.  22.  36.  26.  29.   1.  11.  34.  31.  39.  48.   6.  13.  17.
  14.   7.  10.  35.  20.  44.  40.  33.  37.   5.   2.  46.  18.  41.  24.
  42.   9.  38.   8.  16.  19.  47.   3.   4.  30.  15.  32.  27.  28.  43.
  21.  49.   0.  23.  25.]
89.6248016452
[ 35.  10.   8.  40.  38.  23.  22.   1.  18.   7.  45.  12.  41.  42.  37.
   6.   0.  39.  32.  16.   3.  11.  25.  31.   5.  34.  13.  46.  33.  27.
  30.  28.  43.  21.  14.  17.   2.  29.  47.  44.  19.  48.  15.  36.  24.
  49.   4.  20.   9.  26.]
91.1933563017
[ 26.  38.  43.  22.  46.  47.   3.  35.  41.  34.  40.  48.   6.  30.  20.
  32.  19.  11.  28.  10.  45.  14.   9.  27.   8.  12.  21.   1.   7.  15.
  31.   2.   4.  44.  42.  36.  39.   0.  23.  18.  17.  24.  29.  49.  16.
  33.  37.  25.   5.  13.]
92.6572085069
[ 35.  37.  46.  12.   5.  18.  21.  36.  48.  31.  11.  45.  44.  13.   2.
  49.  22.  30.  24.  17.  29.  14.  28.  32.   3.   7.  34.  10.  23.  15.
  40.  39.   6.  19.  16.  27.   9.  20.  38.  47.   1.  43.   0.  25.  41.
  33.   8.  26.  42.   4.]
93.3456245616
[  2.  21.  12.  23.  30.  36.  40.  47.  44.  32.  16.  27.  42.   4.  38.
   8.  15.  37.  39.  48.  19.  35.  24.   5.  10.  11.  13.   6.   0.  49.
  17.   9.   7.  31.  41.  33.  45.  22.  34.   1.  28.  43.   3.  20.  26.
  46.  25.  18.  29.  14.]
93.0555330451
[ 14.  29.   4.   3.  28.  27.  35.  48.  37.   7.  22.  46.  25.  45.  38.
  12.  43.  17.   1.  34.  49.  16.  47.  18.  41.  15.  33.  31.  36.  40.
   9.  42.   2.  20.  24.   6.  23.   0.  39.   5.  13.  30.  19.   8.  11.
  10.  32.  44.  26.  21.]
88.4375314615
[  5.  40.  31.  16.  23.   0.  24.  35.   2.  44.   8.  11.  34.  18.   3.
  43.  39.  37.  15.  13.  45.  14.  10.  27.   9.  42.  17.   7.  30.  36.
  29.  32.  19.  47.  21.  26.  20.  48.  49.   6.  22.  38.  41.   4.   1.
  28.  33.  46.  12.  25.]
88.4945868465
[ 34.  46.  12.  45.  29.   1.  16.   7.  10.   8.  19.  17.  47.  40.  32.
  37.  36.  27.  15.  33.   5.   0.   6.  13.  43.  30.  11.   2.  44.  42.
  20.  14.  18.  39.  22.  24.  31.  35.  26.  28.  38.  25.  41.  48.   9.
   3.   4.  49.  21.  23.]
86.8849041985
[  0.  18.  14.   3.  40.  44.  49.  21.  41.  25.   5.  31.  11.  34.  33.
  39.  22.  43.  30.  46.  45.  12.  37.  13.  24.  26.  20.   9.  38.  23.
  48.   6.  36.  19.   4.   2.   1.  27.  42.   7.  32.  16.  10.   8.  15.
  17.  35.  47.  29.  28.]
87.5851112741
[ 16.  49.   4.  43.  14.  44.  26.  21.   0.  25.  27.  17.  18.   1.  31.
  30.   2.   8.  33.  32.  46.  34.  10.   7.   9.  42.  12.  37.  45.  28.
  23.  48.  36.  39.   5.   6.  22.  13.  41.  11.  19.  15.  40.  47.  29.
  38.  35.  20.   3.  24.]
88.1525709825
[ 42.  40.  19.  41.  31.  49.  22.  10.  33.  30.   7.   2.  12.  38.  45.
  25.  35.  17.  43.  23.  36.  48.  39.   0.  15.   8.  47.  13.  18.   1.
   4.  32.  34.   9.  20.  44.  11.  28.  37.   5.  46.   6.  27.  16.  24.
  29.  21.  14.   3.  26.]
88.3376326332
[ 21.  23.  38.  28.  34.  19.  40.  48.   8.  18.  44.  47.  37.  45.  32.
   2.   3.  10.  31.  16.  30.   7.   6.  35.  22.  49.  43.  17.  29.  14.
  24.  20.   9.   4.   1.  41.  12.  15.  25.   0.  39.   5.  11.  27.  13.
  46.  33.  36.  42.  26.]
89.7928710881
[ 28.   7.  11.  23.   6.  39.  48.  30.  38.  43.  44.  21.  26.  29.  33.
  37.  12.  46.  13.  47.   1.  45.  41.   5.   2.  22.  34.  24.  17.  14.
  35.  49.  18.   4.   0.  25.  16.  31.  40.  42.   9.   3.  20.  27.  36.
  15.  19.   8.  10.  32.]
90.0136735849
[  4.  12.   0.  39.   5.  13.  47.  20.   3.   9.  42.  27.  24.   7.   1.
  34.  40.  21.  10.  11.  17.  28.   8.  29.  41.  25.  18.  44.  22.  49.
  43.  16.  30.  31.  15.  46.  37.  45.  32.  33.  19.  48.  23.  36.   6.
  26.  38.  14.  35.   2.]
84.6673010001
[ 24.  23.  48.   6.  39.  30.  34.  29.  41.  47.  26.   9.  27.  11.  17.
   1.  46.  33.  25.   0.  28.  38.  35.  10.  16.  22.  36.  15.  44.  32.
   7.  19.  12.  13.  37.  45.   5.  21.   8.  31.   2.  18.  49.  43.   3.
  40.   4.  14.  42.  20.]
86.0346434239
[  6.  22.  35.  38.  28.  31.  34.  43.  41.  17.   4.   3.  20.   9.  10.
   7.   1.  26.  21.  42.  44.  14.  33.  15.  45.   0.  23.  12.   5.  29.
   2.  49.  24.  18.  25.  46.  47.  39.  48.  32.  36.  16.  27.   8.  11.
  19.  13.  37.  30.  40.]
84.4790050201
[ 38.  32.   7.  27.  46.   5.  31.   2.  14.  20.  30.  37.  45.  15.  33.
  48.  36.  40.   4.  47.  18.  26.  29.   1.   0.  23.   9.   3.  17.  19.
  21.  49.  43.  34.  39.  22.  28.  10.  16.   6.  11.   8.  44.  42.  35.
  41.  13.  25.  12.  24.]
88.0625358912
[  8.  11.  33.  31.  44.  32.  30.  16.  37.  19.  28.  10.   3.   4.  17.
   1.   7.  48.  36.  39.  38.  35.  42.  14.  21.  49.  47.  45.  46.  13.
  15.  25.  40.  12.  34.  24.  43.  22.   0.   6.   2.   5.  26.  29.  20.
  41.  23.  18.   9.  27.]
87.1905733018
[ 16.  38.  24.  17.  14.  35.   3.   1.  15.  26.  49.  43.  30.  19.  32.
  20.  23.   0.   5.  37.  46.  41.  25.  13.  40.  29.  18.  33.  12.  47.
  22.  39.   2.  21.   4.  27.  28.  10.  44.  48.  45.  34.  11.  36.   6.
  42.   9.   7.  31.   8.]
88.278882533
[  9.  48.  42.  35.  26.  29.  24.   0.  39.  16.  28.  47.   4.  34.  12.
  44.  11.  45.  13.   5.  36.  19.   1.  21.  14.   2.  43.  41.  46.   6.
  40.  32.  20.   3.  30.  18.   8.  23.  25.  15.  33.  37.  31.   7.  38.
  22.  49.  17.  10.  27.]
88.1934930321
[ 10.  15.  40.  47.  38.  17.  24.  34.  28.  45.  23.  48.   0.   6.  44.
  43.  16.  31.   5.  13.  33.  36.  22.  32.  27.   2.  11.  29.  21.  14.
  41.   7.   8.   4.  26.  20.   3.   9.  42.  35.  49.  12.  37.  30.  39.
  46.  25.   1.  18.  19.]
87.6280217683
[ 12.  14.  22.  39.  13.  37.  15.  21.  47.  25.  30.  16.   8.  44.  17.
  38.  28.  31.  19.   1.  41.  46.  45.  23.   6.  48.  27.  11.  10.  33.
  35.  20.   7.   0.  36.  32.  34.  18.  24.  43.  42.   3.  40.  29.  49.
  26.   9.   4.   2.   5.]
92.625304046
[ 22.  36.  38.  23.  49.  42.  20.  34.  40.  14.   3.   2.  46.  41.  13.
  33.   5.   6.  39.   0.  25.  12.   4.  35.  17.  26.  21.   9.  24.  29.
  37.  44.  18.   7.  45.  43.  16.  27.  19.  30.  47.   1.  11.  48.  15.
  31.   8.  10.  32.  28.]
89.1278380004
[ 47.  24.  39.  43.  18.  41.   1.  14.   3.  20.  34.  35.  19.  15.  36.
  21.   2.   4.  16.  13.  37.  46.  12.  25.   0.  30.   9.  26.  32.  29.
   8.  44.  22.  48.  33.  28.  23.  38.  45.  11.  31.   7.   5.   6.  49.
  17.  42.  10.  27.  40.]
91.7709689561
[ 19.  36.  31.  47.  30.  40.  35.  42.  17.   2.  14.  21.  23.  41.  45.
  37.  39.   0.  13.  22.  49.  18.  29.   9.  34.   5.  38.  43.  24.   4.
  26.   1.  11.  44.  10.   7.   8.  48.   6.  28.  27.   3.  20.  32.  33.
  16.  25.  15.  46.  12.]
95.8413058152
[ 13.  47.  32.  18.  17.  40.  31.  41.  43.  23.  46.   4.  19.  38.  34.
  30.   7.  11.  21.  29.   2.   1.  37.  45.  25.   0.  22.  28.  10.  33.
   8.   5.  39.  48.  14.  24.  49.   3.  42.   9.  44.  26.  20.  35.  12.
  15.  36.  27.  16.   6.]
89.8788052491
[ 25.  37.  46.   1.  10.   8.  16.  30.  18.   3.  38.  41.   0.  15.  13.
  45.  28.  27.  48.  39.  47.   4.  40.  26.   2.  24.  14.  29.  43.  36.
  22.   6.  23.  34.  20.  35.  42.   9.  44.   5.  49.  11.   7.  31.  21.
  17.  32.  19.  33.  12.]
86.5125625819
[ 29.  17.   3.  26.  18.  25.  46.   5.  31.  33.  19.   4.  20.  45.  21.
  14.  35.  10.   9.   7.  42.  30.   6.  48.  39.  47.  36.  15.  13.  22.
  43.  49.   2.  37.  41.   1.   0.  40.   8.  27.  11.  38.  32.  34.  16.
  24.  12.  23.  28.  44.]
86.323529175
[ 18.  29.   1.  24.  37.   2.  33.   8.  14.  21.  44.  19.  48.  27.  46.
   5.  49.  12.  45.  23.  43.  41.  15.  25.   4.  36.  32.  40.  47.  26.
  20.  30.  10.  42.   3.   9.  35.  17.  11.   7.  28.  22.  16.  31.  13.
  39.   0.  38.   6.  34.]
94.2063009989
[  0.   6.  37.  46.  38.  13.  33.  48.  10.  28.  30.  42.  20.   5.  23.
  22.  36.  16.  27.  32.   8.  44.  12.  31.  19.  15.  25.  11.  40.  47.
  43.  41.  45.   7.   4.  35.   3.  26.  21.  24.  49.  39.  34.  18.  29.
  17.   2.  14.   9.   1.]
94.3872958463
[  4.  26.  44.   0.  23.  38.  34.  48.  32.   9.  42.  14.  49.  39.  40.
  22.   6.   8.  10.  15.   7.  16.  36.  43.  30.  27.  28.   3.  29.  41.
  24.  17.   2.  18.  25.  13.  12.  46.  45.  37.   5.  31.  19.  33.  47.
  11.  21.  20.  35.   1.]
83.1395624693
[  9.   2.  38.  20.  40.  29.   4.  26.  35.  19.  18.  14.   1.  33.  15.
  11.  10.  47.  28.  12.   5.  17.  44.  46.  25.  43.  49.  22.  36.  32.
   7.   8.   6.  39.  23.   0.  45.  31.  37.  41.  30.  34.  13.  48.  21.
   3.  27.  16.  24.  42.]
86.5592026087
[ 19.  22.  24.   1.  37.   5.   7.  35.  28.  38.   8.  17.  21.  34.  47.
   9.  29.  27.  40.   3.  26.  20.  14.  42.  11.  10.  36.  16.  44.  32.
  39.  23.  48.  13.  46.  41.  45.  12.   4.  18.  25.  43.  30.  49.   0.
   6.  15.  33.  31.   2.]
89.3864967773
[ 42.  23.  25.  47.  19.  30.  40.  43.  39.  48.  24.  49.   6.   1.  35.
   3.  18.  41.   0.  13.  45.  28.  22.  44.  26.   4.  36.   8.  27.  20.
  38.  37.  15.   7.  10.  11.  33.  14.  12.  16.  31.  29.  32.  21.   9.
  34.  17.   2.  46.   5.]
90.5567602197
[ 27.   7.  40.  22.  16.   2.  47.  39.   5.  46.  15.  19.  32.  44.   0.
  43.  23.  49.  14.  24.  28.  26.  21.  17.  29.  42.  20.  38.  13.  30.
  36.   1.  12.  45.  41.  33.  48.   6.   3.  35.  10.   9.  18.   4.  11.
   8.  31.  37.  25.  34.]
95.7416672492
[ 29.  10.  19.  30.  39.  49.   0.  48.  15.  13.  37.  25.  45.  23.  41.
  22.  38.  44.  12.  18.  11.  17.   1.  26.  35.  28.  34.  32.   7.   9.
  21.   4.  43.  24.  36.   8.   5.  33.  31.  16.  27.  20.  14.   6.  46.
  47.   3.  42.   2.  40.]
93.5408017817
[ 17.   1.   4.  18.  26.   9.  27.  34.  47.  39.  25.  23.  48.   6.  13.
  37.  15.  19.  33.  29.  41.  38.  42.  11.  10.   3.  14.  35.  20.  32.
  30.  16.   7.  24.  43.  45.   5.   2.  44.   8.  40.  28.  12.  46.  36.
  22.   0.  31.  49.  21.]
89.6428354877
[ 40.  31.  11.   5.  25.  41.  44.  12.  37.  45.  22.  15.  10.  16.  24.
  17.  21.  47.   8.  38.  20.   3.  29.  32.  34.  23.   0.  28.   7.  33.
  46.   6.  13.  19.  39.  48.  36.  43.   1.  49.   2.  18.   9.  42.  35.
   4.  27.  26.  14.  30.]
92.5008281925
[  8.  44.   1.   4.  41.  23.  49.  21.  35.  37.   7.  38.  20.   3.  14.
  32.  10.  27.  42.  28.  34.   9.  17.  36.  31.   5.   2.   6.  19.  29.
  18.  12.  25.  33.  46.  24.  16.  30.  48.  39.   0.  43.  22.  40.  47.
  15.  13.  45.  26.  11.]
80.510374328
[ 15.  36.  11.  10.  33.  46.  37.  39.  30.  47.  13.  34.  19.  21.  35.
  26.  24.   2.  41.  28.  23.   6.  38.  20.  29.   4.   9.  44.  42.  22.
  43.   1.  14.  18.   0.  25.  12.  45.   5.  49.  17.   8.   7.  48.  40.
  32.   3.  27.  16.  31.]
87.8771702011
[ 47.   0.  14.  28.  10.   9.  38.  33.  45.  43.  22.  40.  30.   1.   4.
  27.  13.  46.  25.  41.  36.  24.  21.   3.  29.  17.  35.  18.  44.  49.
  48.  15.   5.  12.   2.  26.  16.   7.  34.  42.  20.  31.  32.  19.  11.
   8.  39.  23.   6.  37.]
85.1708658315
[  1.  42.   3.   9.   2.   4.  14.  21.  29.  45.  37.  25.  41.  12.   6.
  13.  15.   5.   8.  31.  11.  33.  48.  23.  32.  10.  16.  27.  36.  43.
  17.  18.  26.  44.  19.  35.  28.  30.  38.  49.  24.  22.  47.   7.  34.
  46.  40.  20.  39.   0.]
90.0575774374
[ 29.  30.  17.  27.  10.  18.  44.  26.   4.  46.   5.  32.  34.  13.  22.
  47.   0.  28.  25.  43.   1.  11.  33.  31.   7.  36.  39.  37.   6.  23.
  45.  12.  15.  48.  24.  35.   3.  19.   8.  40.  14.  20.  41.  38.   2.
  16.   9.  42.  49.  21.]
87.1158729689
[ 14.  13.  37.   1.   5.  17.  27.  47.  30.  24.  23.  45.  10.  40.   7.
  33.  36.  32.  16.  20.   8.  26.  35.   4.  21.  44.  43.  41.  25.  46.
  11.  19.  29.  48.   0.  39.  12.   3.  15.  31.   6.  22.  34.  49.  18.
   2.   9.  42.  28.  38.]
92.4321955167
[ 26.  29.  40.  47.   8.  19.  44.  43.  49.   4.  21.  35.  20.   6.  48.
  30.  41.  23.  12.  24.   5.  15.  46.  10.  27.  34.   7.  37.  11.  36.
  32.  17.   0.  22.  39.  13.  33.  31.  16.  38.  28.   2.  18.  45.  25.
  14.   1.  42.   3.   9.]
88.8298364655
[ 48.  19.  34.   5.  37.  38.  13.  29.   2.   4.  27.   7.  31.  10.   8.
  28.  36.  43.  35.   9.   3.  26.  18.  44.  25.  46.  14.  24.  42.  20.
  21.  33.  45.  12.  47.   6.  22.   0.   1.  32.  39.  40.  16.  11.  15.
  41.  17.  49.  23.  30.]
91.559945916
[ 49.  24.  16.  34.  46.  15.  33.  19.  47.  32.  10.   3.  26.  20.   9.
  27.   4.  11.   0.   6.  23.  41.  31.   7.   8.  44.  29.   2.  18.  17.
  42.  14.  22.  43.  45.  25.  12.  13.  40.  48.  30.  38.   1.  36.  28.
  39.  37.   5.  35.  21.]
84.4259537521
[ 11.  45.  46.  13.  16.  43.   1.  26.  29.  18.   9.  32.  19.  31.  49.
  17.  25.  44.   3.  20.  34.  42.  48.  28.  21.  22.  35.  30.  40.  10.
   7.  47.   2.  14.  24.   0.   6.  23.  36.  39.  37.   4.  12.  15.  38.
  41.   5.  33.  27.   8.]
85.7532730039
[  8.   3.  14.  16.  10.  46.  23.  38.  28.  36.  39.  12.   7.  11.  29.
  24.   4.  18.  43.  21.   0.  48.  22.  47.  26.   9.  34.  27.  33.  25.
  41.  37.  45.  20.   6.  30.  40.  35.  15.  32.  19.  17.  49.   2.  31.
  13.   5.   1.  44.  42.]
92.0714009998
[ 48.  30.  19.  40.  11.   2.  17.  18.   5.  37.  12.  44.   1.  34.  41.
   3.   6.  13.  25.   4.  39.  16.  24.  49.  38.  28.  22.   0.  43.  26.
  29.  15.  31.  36.  21.  47.  35.  46.  45.  33.   7.  32.   9.  10.   8.
  27.  42.  20.  14.  23.]
81.6372012179
[ 13.  40.  14.  43.   1.  42.   3.   5.  18.  25.  41.  31.  15.  19.  26.
  35.  20.  44.  29.  24.  10.  16.  27.   9.   7.  38.  39.   6.  48.  22.
  23.  21.   2.   4.  28.  32.  17.  49.  36.  47.  37.  12.  45.   0.  30.
  46.  34.  11.   8.  33.]
82.3229388278
[ 41.  17.   4.  26.  29.  27.   6.  45.  47.  21.  10.  19.   3.  34.  23.
  25.  28.   7.  42.  39.  48.  15.  31.  33.  32.  36.  37.   2.  14.   9.
  49.  30.  40.  46.  13.  24.  38.  16.  11.   8.  35.  20.  44.   1.  18.
   0.   5.  22.  43.  12.]
86.8349361199
[ 47.  30.  49.   4.  40.  38.  25.   5.  33.   7.   9.  20.  11.  31.  16.
  32.  27.  42.  10.  39.   8.  44.   3.  28.  14.  18.  46.  37.   6.  48.
  36.  19.  26.  15.  41.  12.   2.  29.   1.  23.  43.  34.  45.  17.  35.
  13.  22.   0.  24.  21.]
87.7913358333
[ 13.  31.  41.  42.  10.  20.  26.  27.  11.  33.  18.  17.  24.  49.  29.
  21.   3.  28.   9.  22.  39.   0.  12.  32.  48.  19.   2.  35.  47.  14.
   4.  43.  44.  36.  15.   5.   6.  23.  25.   1.  37.  45.  30.  16.   8.
  40.   7.  38.  34.  46.]
86.022851872
[  6.  34.  47.  26.  29.  17.  37.   5.  22.  14.  12.  46.  19.  33.  30.
  39.  32.  38.  31.  16.  43.  49.  18.  45.  13.  40.  15.  41.  25.  44.
   1.  10.  11.   8.  27.   4.   2.   9.  42.  28.  20.  21.   3.  48.   7.
  24.  23.   0.  36.  35.]
88.2766655936
[ 47.  31.  28.   4.   9.   1.  29.  26.  49.   7.  11.   0.  43.  39.  23.
  12.  41.  13.   2.  33.   6.   5.  30.  24.  18.  45.  22.  48.  19.   3.
  20.  38.  32.  27.  37.  25.  46.  17.  35.  42.  21.  14.  10.   8.  16.
  44.  40.  15.  36.  34.]
85.5092756742
[ 27.   9.   3.  42.  28.   6.  19.   1.  29.  26.   2.  13.  34.  18.  31.
  33.  15.  32.   7.  11.  35.  20.  40.  16.  30.  36.  43.  49.  21.  24.
  17.  44.  14.  46.  25.  23.   0.  38.  48.  22.   5.  45.  12.  41.   8.
  10.  37.  39.  47.   4.]
86.1784533709
[ 44.  18.  20.  27.  32.   5.  25.   0.  43.  16.  22.  38.  45.  49.  13.
  33.  31.  42.  14.  24.  29.  26.  17.   4.  12.   6.  48.  19.  40.  15.
  36.   8.  34.  28.  46.   3.  23.  35.   2.  21.  30.   1.  41.  37.  47.
  39.  10.  11.   7.   9.]
91.2784576252
[ 20.  34.  23.  13.  22.  32.  26.  47.  44.   4.  16.  30.   6.  46.  12.
  35.  24.  49.  36.  38.  10.   3.  17.   2.   1.  11.  40.  37.  45.  25.
   0.  39.  27.  48.  33.   5.   8.   7.  31.  15.  19.  41.  18.  21.  14.
  29.   9.  43.  28.  42.]
93.774689382
[ 45.  49.   9.  32.  34.  27.   8.  44.  14.   4.  13.  39.  22.  36.  48.
  23.   6.  46.  28.   3.  21.  35.  43.   0.  33.  16.  12.  17.  24.  26.
  20.  29.   5.   7.  38.  40.   1.  30.  31.  41.  47.   2.  19.  10.  42.
  18.  11.  15.  25.  37.]
92.0654206987
[ 21.  22.  36.  15.  13.  46.  37.  45.  19.  17.  28.   7.  16.  23.  35.
   6.  39.   0.   1.  14.  49.   2.  12.  25.  44.   5.  10.  47.  48.  42.
  38.  41.  33.  31.   8.  11.  32.  40.   4.  29.  18.  20.   3.  24.  26.
   9.  27.  34.  30.  43.]
86.4227893806
[ 27.  13.  39.  47.  16.  38.  26.  19.  15.  12.  49.  31.  46.  37.  45.
   4.  17.  25.   0.   5.  21.  20.  18.   1.   7.   9.   3.  35.  44.  28.
  10.  11.   2.  29.  14.  42.  34.  24.  23.   6.  48.  43.  40.  33.  30.
  32.  41.  22.  36.   8.]
88.0906688821
[ 34.  23.  48.  17.  30.  32.  37.  46.  15.  13.  45.   2.  41.  29.   3.
  20.  42.  26.   6.   8.  33.   7.  21.  28.  12.   1.  36.  27.  11.  40.
  44.  25.  31.  16.  19.  10.   4.  14.  35.  43.  38.  18.   5.  47.  39.
   0.  22.  49.  24.   9.]
88.2791424145
[ 48.  27.  46.  41.  25.  49.   4.  23.  30.  16.   5.  18.  24.  44.   3.
  35.  26.  40.  33.  13.  45.  12.  37.  34.  38.   0.  39.  32.   8.  19.
   1.   2.  11.  31.  15.  36.  29.  47.  28.  17.   9.  20.  14.  21.  43.
   6.  22.   7.  10.  42.]
89.3217558277
[ 47.  29.  17.   2.   1.  31.  11.  10.   7.  36.  48.  43.  46.  39.   8.
  18.  24.  26.  19.   9.  21.  45.  23.   6.   0.  14.  25.  12.  41.  15.
  37.  32.  42.  34.  49.   4.  44.  20.  38.  35.  22.   5.  16.  27.   3.
  28.  40.  30.  13.  33.]
84.4625234688
[  0.  14.  49.  26.  33.   3.  21.  16.  30.  24.   4.  29.   5.  13.  45.
  41.  12.  44.  18.   2.  17.   1.  43.  48.  38.  10.  40.  19.  47.  42.
   9.  27.   8.  46.  31.  15.  35.  28.  25.  37.  11.  36.  32.   7.  20.
  22.  34.  39.   6.  23.]
80.2893103513
[  0.  26.   9.  49.  24.  17.   4.  37.  41.  12.  45.  25.   1.  47.  15.
   8.  16.  10.  31.  19.  40.  36.  22.  32.  23.  39.  14.  29.  20.  28.
   5.  44.   3.  42.  27.  30.   7.  34.  38.  43.  21.  33.  11.  35.  18.
   2.  13.  46.   6.  48.]
84.80252653
[  1.  35.  24.   2.  41.  21.  49.   0.  28.   6.  17.  18.  29.  13.  12.
  37.  23.  43.  48.  45.  25.  33.  36.  30.  16.  27.  34.  44.  26.  40.
   8.   3.  10.  38.  20.  22.  39.  47.  19.  15.  32.   5.  46.  31.   4.
  14.  42.   9.   7.  11.]
84.2840019947
[ 14.  41.  24.  42.  20.  13.  46.  37.  47.   3.   9.  34.  35.   4.  44.
  11.   8.   5.  16.  27.  28.  21.  31.  33.  19.  40.  15.  18.  26.  29.
  17.  10.  32.   7.  38.  25.  39.  48.  23.  45.  12.  43.   0.   6.  30.
  36.  22.   1.   2.  49.]
88.579749331
[ 35.   3.  21.  26.  42.  36.  28.  34.   4.   9.  20.  29.  43.   0.  25.
  13.  31.  37.  41.  22.  40.  44.  47.  19.  48.  23.  45.  38.  39.  27.
  32.   7.   5.   2.  49.  14.   1.  15.  46.   6.  18.  12.  16.  10.   8.
  33.  11.  30.  24.  17.]
88.9248480981
[ 41.  44.  25.  16.  40.  27.  19.   7.  38.  28.  36.  22.  24.   6.  15.
  37.  45.  13.  12.   0.  21.  26.   4.  49.  35.  14.   8.  29.  18.   2.
  42.  32.  34.   9.   3.   1.  20.  17.  46.  47.  10.  11.  33.  31.   5.
  39.  48.  30.  23.  43.]
89.3339940518
[ 42.   3.  46.  18.  20.  34.  38.   5.  33.  15.  32.   9.  22.   6.  30.
  36.  31.  13.   1.  47.  11.  10.  16.  27.   7.  41.   8.  19.   4.  44.
  40.  39.  48.  43.  23.   0.  24.  49.  29.  35.  26.  37.  25.  45.  17.
  14.   2.  21.  12.  28.]
92.345230445
[ 13.   9.   4.  18.  31.  16.  27.  20.   3.  26.   2.  19.  14.  44.  34.
  35.   5.  46.  37.  12.  45.  21.  17.  24.  49.  43.  23.   0.   8.  15.
  32.   7.  36.  48.  10.  39.  30.   6.  38.   1.  41.  47.  22.  28.  25.
  42.  29.  40.  11.  33.]
85.0554010861
[ 33.  27.  34.  39.  13.  25.   1.   6.   4.  18.   3.  10.  48.  36.  49.
  22.  14.  28.  45.  44.   5.  38.  47.  37.  15.  16.   7.  32.  11.  21.
  35.  23.  30.  40.  26.   9.  42.   8.  19.  31.  29.  17.   2.  24.  43.
  20.   0.  12.  41.  46.]
91.4318251049
[  2.  29.  31.  11.  13.  37.  25.  12.  44.  38.  14.   3.  10.  42.  28.
  46.   6.  39.   0.   1.  36.  49.  20.   7.   9.   4.   8.  27.  32.  41.
  35.  21.  23.  24.  17.  26.  43.  48.  33.  45.  22.  34.  19.  30.  40.
  47.  16.   5.  15.  18.]
83.964494839
[ 13.  17.  47.  14.  26.  42.  28.  20.  21.  45.  12.  46.  11.  24.   6.
  25.  41.   1.  43.  22.   0.  23.  38.  27.   8.  16.  32.  49.  36.  48.
  40.  29.   4.  34.   9.   3.  35.  30.  37.  39.   5.   7.  31.  33.   2.
  18.  44.  19.  10.  15.]
95.6097960408
[ 34.  35.  10.  26.  42.   7.  24.   5.  23.  48.  39.   4.  49.   2.  46.
  41.  25.  45.  13.  18.  40.  16.  32.  28.  31.  33.  15.  37.  12.   0.
  38.  14.   3.  29.  17.   1.   9.  47.  44.  22.  36.   6.  43.  21.   8.
  11.  19.  30.  20.  27.]
84.9465010058
[  3.  28.  45.  41.  44.  40.   7.  26.  14.  22.  38.  36.  43.  30.  33.
  15.  17.   1.  29.  24.  49.   0.  39.   6.  48.  23.  10.  21.  47.  12.
  13.   5.  37.  16.  19.  32.  46.  31.  25.  18.  20.  34.   2.  11.   8.
  27.  35.   4.  42.   9.]
91.5603313813
[ 47.  14.  20.  38.   7.  39.  40.  22.  36.  15.  24.  17.   8.  27.  10.
  32.  28.   0.  25.  18.  49.   2.  41.  12.  45.   1.  13.  37.  30.  34.
   6.  35.   9.   3.  46.  42.  26.  21.  44.   4.  43.  48.  16.  11.  33.
  31.  19.  29.  23.   5.]
88.4757799923
[ 12.  25.  29.   4.  44.  21.  42.  28.  17.   3.  16.   7.  31.   5.  37.
  41.   8.  46.  13.   6.  35.  38.  24.  22.  30.  36.  15.  18.  11.   2.
  20.  49.  26.  27.  10.   9.  32.  48.  23.  39.  43.  40.   1.  47.  34.
  14.  19.  33.  45.   0.]
91.038500363
[ 49.   6.   5.  37.  45.  28.  47.  29.  17.  11.  40.  38.  20.  26.   3.
  16.  24.  14.   2.  18.   1.  44.  15.  19.  42.  35.  21.  12.  25.  23.
  43.  13.  41.  33.  31.  27.  32.  48.   8.  10.   7.   9.   4.  34.  22.
  36.  39.  46.   0.  30.]
84.927194161
[ 35.  38.  22.  34.  19.  30.   6.   5.  47.  40.  37.  39.  32.  28.   2.
  17.  29.  27.   8.   4.  20.   3.  10.  18.   1.  25.  44.  31.  12.  23.
  48.  36.  24.   0.  49.  15.   7.  16.  43.   9.  11.  13.  45.  41.  33.
  46.  14.  21.  26.  42.]
82.3506928349
[ 25.  45.  23.  49.  13.  40.  37.  12.  47.  46.  15.  31.  19.   8.  44.
  41.  38.   7.  34.  39.  48.  22.  26.  28.   3.   4.  42.  10.   5.  18.
   2.  21.  32.  33.  36.  24.  30.  16.  27.  11.  14.  35.  43.   6.  17.
  29.   1.  20.   9.   0.]
90.6159529625
[ 11.  29.  17.  18.  25.  12.  43.  39.  37.  22.  28.  32.  36.  48.  23.
   0.  24.   6.  38.  20.  34.   9.   3.   4.  35.  30.  27.  10.  16.  40.
  46.  47.  45.  13.  15.   5.  21.  42.  19.   7.   8.  33.  31.  44.   1.
  14.  26.   2.  49.  41.]
83.92673493
[ 30.  13.  15.   1.  44.  40.   4.  21.  19.   6.  11.   7.  43.  49.  17.
  26.  27.  29.  24.  18.  12.   5.  38.  20.   3.  14.  47.  48.  36.  28.
  10.  16.   8.  33.  42.  32.   9.   0.  41.  39.  23.  45.  34.   2.  25.
  22.  46.  31.  37.  35.]
89.8293124891
[ 35.  25.  46.   5.  45.  12.  21.  18.  15.   7.  27.  47.  14.  36.   8.
  44.  40.  48.  38.   1.  32.  30.  16.  22.   6.  17.  11.  26.   9.  29.
  24.   0.  13.  31.  33.  41.  39.  23.  37.  19.   2.  10.   3.  49.  43.
  28.   4.  42.  34.  20.]
88.470856675
[ 10.   8.  21.  34.  17.   9.  32.  36.  16.  42.   5.  24.  20.  29.  27.
  40.  31.  33.  48.  13.  37.  46.   6.  22.  26.  28.  12.  45.  18.  49.
  30.  15.  25.   0.  39.  43.  23.  38.  41.   2.   4.  44.   1.   3.  35.
  14.  19.  47.  11.   7.]
78.0565276666
[ 27.  28.  43.  49.  36.  33.  15.  31.   1.  48.  30.  23.  37.  39.  18.
  12.   4.  21.   3.  42.  29.  17.  35.  46.  22.   6.   0.  44.  41.  19.
  26.  20.   7.   9.  13.  40.  11.  16.  38.  45.  47.  25.  24.   2.   5.
  34.  32.  14.   8.  10.]
92.053252688
[ 49.  43.   1.   8.  10.  27.   7.  32.  31.   9.  26.  19.  15.   4.  22.
  23.  30.   0.  41.  45.  25.  21.  44.   2.  11.  38.  17.  13.   5.  24.
  18.  35.  28.  12.  34.  36.  16.   6.  33.  47.  39.  48.  40.  37.  46.
   3.  42.  20.  29.  14.]
85.0707393451
[ 24.  30.  13.   5.  37.  46.   7.  36.  48.  39.   8.  31.  41.  43.  19.
   6.  47.  40.  21.  28.  29.  20.  42.  26.   9.  27.   3.  32.  16.  11.
  10.  38.  44.   4.  35.  14.  17.  45.   2.  33.  23.  18.  12.  25.   0.
  15.   1.  34.  22.  49.]
85.3869167397
[ 39.  46.  47.  37.  31.  48.  22.  38.  13.  32.   9.  23.  10.  40.   0.
  25.  45.  28.   8.   7.  14.   5.  21.  29.   6.  19.  11.  33.  36.  49.
  42.  20.   3.  35.  26.  17.  24.  44.  16.  30.  27.   2.  12.  15.  41.
  34.   1.  43.  18.   4.]
93.9662812955
[ 35.   9.  43.   0.   6.  44.  25.  27.  48.  30.  33.  40.   5.   4.  29.
   2.  24.  26.   3.  10.  36.  31.  28.  47.  19.  49.  17.  14.  41.  45.
  12.  13.  21.  38.   1.  20.  32.  16.   7.   8.  11.  15.  37.  39.  22.
  23.  42.  18.  46.  34.]
91.3502773514
[ 45.  41.  25.  47.   2.  10.   7.  46.  31.  19.  38.  43.  49.  20.  42.
  34.  32.  48.  23.  24.   6.   8.  15.  36.   0.  39.  22.  12.  17.   4.
  18.  33.  28.   9.  27.  16.  30.  40.  37.  11.  29.  26.  14.  44.   3.
  35.  21.   1.   5.  13.]
90.5746510888
[ 15.  33.  32.  22.  27.  10.  34.  14.  17.  18.  44.  16.  28.  11.  30.
   6.  47.   5.  12.  41.  46.  37.  39.  36.  40.  48.  25.   0.  43.  23.
   4.   1.  21.  45.  13.  31.  38.  35.  26.  20.   3.  42.   9.  49.  24.
  29.   2.   8.   7.  19.]
84.7656240275
[ 48.  36.  22.  30.   8.   1.   3.  26.  14.  45.  23.   5.  32.  20.  17.
  13.  28.  38.  27.  10.  47.  44.  41.  49.   4.  21.  29.   9.  16.   7.
  11.  40.  37.  25.  46.  31.  12.  34.  19.  33.  15.  42.  35.   2.  18.
  24.  43.   6.   0.  39.]
83.4299204628
[ 22.  36.  19.   4.  27.  40.  26.  42.  28.  10.  15.  33.  34.  41.   1.
  44.  29.  14.  24.  43.  45.  25.  12.  39.   8.   9.  47.  32.  38.   2.
  49.  17.  37.  21.   3.  20.   7.  11.  16.  31.  30.  35.  18.   0.  23.
  48.   6.   5.  46.  13.]
[643.791789785, 643.356625035, 642.7303630349998, 643.3062944100002, 642.5507075350001, 643.2076512429999, 642.6821592019996, 644.003708452, 642.757978951, 644.343360119]
