2.50424161  0.83596948
7.23581912  4.83019063
8.9246369   4.19694476
9.58452182  0.60159122
7.4975988   3.62297271
6.99087453  7.3471509
1.28802297  1.46346655
1.95575821  7.05130986
3.16003142  8.475023
8.76042478  0.63179127
2.43435018  7.6332329
3.53093605  8.81092375
9.90104358  8.47433264
7.94886017  8.1548021
8.01883676  2.59409525
6.22480175  9.56465843
0.8482423   6.20236829
8.79652281  4.01382479
8.39826171  4.89514776
4.13117188  7.3889081
8.23130643  0.42931845
7.35329916  3.2867522
2.59426079  2.31607681
1.8802975   0.97140251
5.49750651  0.62968051
9.67402224  8.13964142
8.69334146  2.18929685
1.56046842  8.03746819
5.42947114  4.55691304
7.98678133  3.18396401
2.6914891   4.6320399
4.99581783  9.70340579
3.19218598  6.26138414
5.81629651  9.82698712
4.91319943  4.51927562
8.31298867  2.00411675
0.6378687   4.17869095
8.06462997  9.05781735
4.73575367  3.918613
1.0583721   2.31729769
4.50030587  6.63907051
9.16722147  7.01364042
8.98984476  0.88313412
3.93981187  1.50613592
7.21681805  4.08963279
9.77330449  8.64851888
7.57460026  7.73205655
5.03437498  6.22197281
0.0414883   2.86679582
4.95525509  0.48283961