8.16475985 8.73605637
2.26425173 9.67890984
0.59156217 4.99856958
8.23756223 8.51731915
3.77887933 2.27080564
4.34960774 0.85378355
0.06021216 4.30769301
4.63163551 0.59467133
3.67464583 5.9118542
8.82816689 6.80821265
0.65967338 8.47635379
2.52501911 3.37584825
7.15733716 0.42255035
4.67916058 3.51384425
5.28779009 5.18350617
4.46658717 5.60792436
7.11992339 9.88049121
1.43161792 0.91859302
7.47455679 1.81514403
0.21581964 4.09268708
0.87689911 5.12764386
3.36392209 9.43415722
2.61739533 1.11313096
2.36463825 2.88438898
3.14302563 6.88451345
9.61082615 1.864935
6.01983605 5.18420911
4.80503861 4.80535149
0.59942226 9.08071568
5.07872415 0.499257
4.31235443 3.47961025
6.64405534 2.13233707
7.06437613 5.81198726
4.65557727 9.77599004
7.20198889 9.59961595
4.67710178 5.48995742
7.64264216 6.26396701
2.26329026 9.53368048
0.04295421 7.57020615
0.57366409 9.95538753
7.39077324 7.93240948
8.80716216 0.28097156
5.67212916 1.35141604
2.22524166 8.12345512
6.5374291  4.948726
4.54728953 5.5720551
2.75696233 2.38142158
1.58015627 8.01427561
1.25548133 0.80855228
6.01281029 1.44053093
