 - Execucao 0
 -- BestCostGenaration: [-139.05572809000085, -245.98441234747136, -295.5212200423739, -347.77920045135784, -381.84267215017752, -425.98722969927633, -469.01666695079922, -496.85978881534282, -524.64037464045873, -534.99426876765142, -559.43737665933713, -573.88587259967107, -591.10582538254403, -598.05009729254311, -601.40098665186963, -603.70695154203554, -608.65122345203463, -623.22605877304818, -629.80089409406173]
 -- BestCostElement: [-629.80089409 -623.22605877 -623.22605877 -622.51347643]
 -- BestRoute: [array([ 0,  1,  2,  3,  4,  5,  6,  7,  8,  9, 10, 11, 12, 13, 14, 15, 16,
        0])]
 -- Custo: 
 ---------22.5497764765
 ---- Total: 22.5497764765
 -- Premio: 
 ---------72.0
 ---- Total: 72.0
 - Execucao 1
 -- BestCostGenaration: [-139.05572809000085, -215.1555897962881, -305.82718493253981, -354.37554257916094, -405.07379455128387, -428.06957768899508, -469.63267622237555, -476.6788238504837, -505.6473725871391, -539.19941730766266, -543.64366612588117, -556.46760476373424, -568.35995492663233, -573.76272289519284, -583.73732196035121, -599.44216069102549, -602.46070792068463, -603.05103045933595, -607.93864111254152, -608.11756217017705, -609.7481255811914, -614.6923974911906, -621.97981515169738, -626.74516600406093, -629.80089409406173]
 -- BestCostElement: [-629.80089409 -626.745166   -625.56920452 -623.22605877]
 -- BestRoute: [array([ 0,  1,  2,  3,  4,  5,  6,  7,  8,  9, 10, 11, 12, 13, 14, 15, 16,
        0])]
 -- Custo: 
 ---------22.5497764765
 ---- Total: 22.5497764765
 -- Premio: 
 ---------72.0
 ---- Total: 72.0
 - Execucao 2
 -- BestCostGenaration: [-139.05572809000085, -243.08812491865419, -301.17807429186627, -337.69535706832107, -380.58686046544989, -409.96336642671764, -443.88430707536929, -476.91920259511727, -511.42046704832154, -525.44216069102549, -556.66211347389844, -566.99905279933978, -581.11056422349668, -591.77042324085528, -596.41953388152876, -603.70695154203554, -606.76267963203634, -613.33751495304989, -620.62493261355667, -629.80089409406173]
 -- BestCostElement: [-629.80089409 -623.22605877 -623.22605877 -622.51347643]
 -- BestRoute: [array([ 0,  1,  2,  3,  4,  5,  6,  7,  8,  9, 10, 11, 12, 13, 14, 15, 16,
        0])]
 -- Custo: 
 ---------22.5497764765
 ---- Total: 22.5497764765
 -- Premio: 
 ---------72.0
 ---- Total: 72.0
 - Execucao 3
 -- BestCostGenaration: [-139.05572809000085, -258.14863704034337, -295.82718493253981, -340.04328685051706, -380.73675479095158, -431.92704663882705, -459.51643601068554, -496.63962897832027, -526.77756283271435, -527.59628630350119, -547.73253792866285, -572.18103386899679, -580.86732537001194, -587.14699942169989, -594.4978887810264, -607.14699942169989, -608.65122345203463, -615.22605877304818, -626.74516600406093]
 -- BestCostElement: [-626.745166   -620.17033068 -620.17033068 -620.09127133]
 -- BestRoute: [array([ 0,  1,  2,  3,  4,  5,  6,  7,  8, 16, 15, 14, 13, 12, 11, 10,  9,
        0])]
 -- Custo: 
 ---------23.313708499
 ---- Total: 23.313708499
 -- Premio: 
 ---------72.0
 ---- Total: 72.0
 - Execucao 4
 -- BestCostGenaration: [-139.05572809000085, -226.83492854135864, -283.06661811186456, -355.82718493253981, -391.56920452355587, -423.24154599068595, -455.9162430179868, -479.51112096197744, -507.29426931282063, -545.90225119366698, -551.78973984631398, -577.63267622237561, -591.60638538389753, -598.96807836406424, -602.94178752558628, -608.85662218406264, -622.51347643355496, -625.56920452355587]
 -- BestCostElement: [-625.56920452 -622.51347643 -620.09127133 -618.9943692 ]
 -- BestRoute: [array([ 0,  2,  3,  4,  5,  6,  7,  8,  1, 16, 15, 14, 13, 12, 11, 10,  9,
        0])]
 -- Custo: 
 ---------23.6076988691
 ---- Total: 23.6076988691
 -- Premio: 
 ---------72.0
 ---- Total: 72.0
 - Execucao 5
 -- BestCostGenaration: [-139.05572809000085, -257.31981448916014, -304.1322585349406, -337.99530236933509, -411.5427268491635, -416.2965696288361, -477.88587259967107, -495.12530577899588, -524.54587326220837, -547.80079365917095, -565.38939217815516, -574.90450623035372, -585.21047112051963, -595.21047112051963, -601.56920452355587, -601.60638538389753, -607.97582197288318, -612.92009388288238, -613.63267622237549, -620.20751154338916, -629.80089409406173]
 -- BestCostElement: [-629.80089409 -622.51347643 -622.51347643 -622.51347643]
 -- BestRoute: [array([ 0,  1,  2,  3,  4,  5,  6,  7,  8,  9, 10, 11, 12, 13, 14, 15, 16,
        0])]
 -- Custo: 
 ---------22.5497764765
 ---- Total: 22.5497764765
 -- Premio: 
 ---------72.0
 ---- Total: 72.0
 - Execucao 6
 -- BestCostGenaration: [-139.05572809000085, -233.7575068086538, -322.17828134601598, -354.37554257916094, -400.301267259501, -424.75224200858929, -441.80797009859015, -476.15111584909778, -502.52261409520253, -530.91920259511721, -544.04999685765222, -570.05202836635976, -582.22976401231722, -588.03654114872211, -598.18581790068515, -600.94638472136035, -602.5769481323747, -607.5212200423739, -612.17033068304738, -619.45774834355416, -629.80089409406173]
 -- BestCostElement: [-629.80089409 -625.56920452 -623.22605877 -622.51347643]
 -- BestRoute: [array([ 0,  1,  2,  3,  4,  5,  6,  7,  8,  9, 10, 11, 12, 13, 14, 15, 16,
        0])]
 -- Custo: 
 ---------22.5497764765
 ---- Total: 22.5497764765
 -- Premio: 
 ---------72.0
 ---- Total: 72.0
