 - Execucao 0
 -- BestCostGenaration: [-391.11445696741998, -622.25034868689534, -742.86431703544122, -819.96525818776092, -882.39961933891391, -932.74216482424356, -1036.1354091823116, -1098.1768277280059, -1119.2242183570438, -1164.6610455291113, -1242.0478332798971, -1264.3772470117333, -1363.414390205804, -1367.7575359563116, -1402.4929687887761, -1415.5007123975952, -1433.8527000988361, -1435.5405823444194, -1460.0775970934715, -1469.4002877156468, -1484.1262624079679, -1505.7117822996397, -1515.9841906568352, -1528.4591642715613, -1556.8446191837975, -1558.3878053544684, -1562.055299345215, -1591.9541708654269, -1603.9079842633582, -1607.2071601885727, -1608.002155346609, -1612.424360448465, -1619.7908374603198, -1635.5179091104269, -1635.5969684617753, -1642.3162965030635]
 -- BestCostElement: [-1642.3162965 -1642.3162965 -1642.3162965 -1642.3162965]
 -- BestRoute: [array([ 0,  6,  5,  4,  7,  9, 12, 10, 11,  8,  0]), array([ 1, 15, 14, 13, 16, 17, 19, 20, 22, 21, 18,  1]), array([ 2, 32, 31, 30, 27, 24, 23, 25, 26, 28, 29,  2]), array([ 3, 37, 34, 33, 35, 36, 38, 39, 41, 40, 42,  3])]
 -- Custo: 
 ---------20.5366310572
 ---------23.6989087174
 ---------21.9508446196
 ---------20.73454148
 ---- Total: 86.9209258742
 -- Premio: 
 ---------49.0
 ---------48.0
 ---------54.0
 ---------48.0
 ---- Total: 199.0
 - Execucao 1
 -- BestCostGenaration: [-424.53037272559118, -544.82391386912582, -700.42023818425241, -730.2786617779517, -876.74443288771556, -919.58414589974154, -945.09172339727093, -963.617136849742, -1129.72570588337, -1189.6729825612354, -1190.2493678294124, -1279.6148545027404, -1325.7639674637103, -1371.4101818833556, -1375.0994329615014, -1409.7905084942049, -1420.2191639151035, -1443.2460576253743, -1459.7939393513691, -1503.9533800125528, -1513.5573019581816, -1529.8787540659853, -1537.0885429396376, -1559.0885429396376, -1584.7729299422804, -1586.063100125768, -1592.38861024121, -1599.2605684130626, -1600.3047020293493, -1601.2902127187353, -1614.7525582580633, -1617.6144173495197, -1622.3007088505351, -1626.2372371517154]
 -- BestCostElement: [-1626.23723715 -1626.23723715 -1626.23723715 -1626.23723715]
 -- BestRoute: [array([ 0,  6,  5,  4,  7,  9, 12, 10, 11,  8,  0]), array([ 1, 16, 13, 15, 14, 18, 21, 22, 20, 19, 17,  1]), array([ 2, 29, 28, 26, 25, 23, 24, 27, 30, 32, 31,  2]), array([ 3, 42, 37, 34, 33, 35, 36, 38, 39, 41, 40,  3])]
 -- Custo: 
 ---------20.5366310572
 ---------24.9349766949
 ---------23.9706094575
 ---------21.4984735025
 ---- Total: 90.9406907121
 -- Premio: 
 ---------49.0
 ---------48.0
 ---------54.0
 ---------48.0
 ---- Total: 199.0
