 - Execucao 0
 -- BestCostGenaration: [-390.1884452552366, -527.880785422886, -604.0892644708567, -715.7239629245603, -757.4299265056914, -823.6991507614823, -907.5466621875034, -952.6860372693818, -976.3607070121008, -997.3918709869096, -1051.6093882241848, -1055.351526415458, -1077.3975492265336, -1089.9031355583413, -1116.2439662910876, -1123.892409327471, -1135.683913735861, -1146.9787815500135, -1159.5597228612025, -1175.3293386867613, -1175.6165492931182, -1178.0683987006469, -1183.3293386867613, -1188.4641261281104, -1193.097649116255, -1194.2234308158775, -1195.5371393148623, -1195.7276548462123, -1200.6505837404152, -1217.8245137122126, -1220.6897262708635, -1223.7454543608642, -1224.0406156301897, -1225.032872021371, -1225.5637807802477, -1228.4628207320457, -1228.9801035085006, -1233.032872021371]
 -- BestCostElement: [-1233.03287202 -1233.03287202 -1233.03287202 -1233.03287202]
 -- BestRoute: [array([ 0,  8,  6,  3,  4,  5,  7, 10,  9, 11,  0]), array([ 1, 20, 17, 13, 14, 12, 15, 16, 18, 19, 21,  1]), array([ 2, 23, 22, 24, 25, 27, 28, 31, 30, 29, 26,  2])]
 -- Premio: 
 ---------22.53663105724556
 ---------24.556395895082645
 ---------23.161947170546632
 -- Custo: 
 ---------49.0
 ---------48.0
 ---------54.0
 - Execucao 1
 -- BestCostGenaration: [-414.72998931357324, -515.6692974740808, -680.1125139126045, -681.5684752034695, -816.4385410703678, -848.6585762599489, -868.9928249408572, -964.7555605159946, -970.817457448631, -1010.7735656734521, -1021.8957723716007, -1043.5501794456911, -1049.8791229174283, -1069.2314798608684, -1072.282844595652, -1100.2723052006959, -1120.8587349954237, -1141.0747917226654, -1151.5557296823883, -1163.0268524322191, -1165.424793105935, -1173.4442735023867, -1173.918355829348, -1174.3848025508778, -1183.8664786042427, -1190.8511984407546, -1192.0082188015365, -1195.4442735023867, -1204.4365298935677, -1206.0299124442404, -1209.3497269334007, -1215.0856405342415, -1219.1596516280174, -1219.9242116275066, -1222.6897262708635, -1233.4812041707119, -1235.455077123227]
 -- BestCostElement: [-1235.45507712 -1235.45507712 -1235.45507712 -1235.45507712]
 -- BestRoute: [array([ 0,  6,  3,  4,  5,  7, 10,  9, 11,  8,  0]), array([ 1, 20, 17, 13, 14, 12, 15, 16, 18, 19, 21,  1]), array([ 2, 31, 30, 29, 26, 23, 22, 24, 25, 27, 28,  2])]
 -- Premio: 
 ---------22.128990204491963
 ---------24.556395895082645
 ---------21.950844619618653
 -- Custo: 
 ---------49.0
 ---------48.0
 ---------54.0
 - Execucao 2
 -- BestCostGenaration: [-444.3121426207022, -519.0640674702177, -627.9819433335442, -694.2517950196284, -756.9245233072153, -799.6495719248132, -853.9829239425034, -883.4904302842052, -919.280003618779, -933.836209957436, -974.190464764956, -1017.9756763472566, -1052.3851531777855, -1066.6364226719325, -1069.8628347934969, -1085.9416851631163, -1091.7920164486682, -1118.5490398934885, -1123.0116795342674, -1130.3140832568115, -1140.8666856583923, -1160.4924650377184, -1171.5549388295142, -1174.610666919515, -1186.7269071312053, -1190.1865001475524, -1191.2969584205302, -1197.6272524790677, -1201.4442735023867, -1206.0933841430601, -1210.515589244916, -1212.9146701395744, -1217.3280332906966, -1221.7462452137383, -1228.917422662555, -1228.9964820139035, -1230.8850258339019, -1237.175403071539, -1237.2544624228874]
 -- BestCostElement: [-1237.25446242 -1237.25446242 -1237.25446242 -1237.25446242]
 -- BestRoute: [array([ 0,  8,  6,  3,  4,  5,  7, 10,  9, 11,  0]), array([ 1, 14, 13, 12, 15, 16, 18, 19, 21, 20, 17,  1]), array([ 2, 31, 30, 29, 26, 23, 22, 24, 25, 27, 28,  2])]
 -- Premio: 
 ---------22.53663105724556
 ---------23.69890871741394
 ---------21.950844619618653
 -- Custo: 
 ---------49.0
 ---------48.0
 ---------54.0
 - Execucao 3
 -- BestCostGenaration: [-584.5863460475491, -632.3309199794676, -814.3072290081786, -866.0299173473068, -943.250381106922, -962.5479848147304, -991.1171295127072, -997.6876628845642, -1007.9996271681091, -1026.4434254777782, -1046.922620802543, -1052.5069976114887, -1065.2084878917071, -1082.1277672896854, -1098.8160656515429, -1108.1717585920533, -1127.8811749690062, -1128.5337038171053, -1148.3992485983351, -1157.6009616405895, -1168.6986546226206, -1172.3135439800828, -1178.1083320839691, -1182.0603476027873, -1191.2605684130626, -1194.366312492953, -1197.545026496439, -1203.9144630854246, -1206.515589244916, -1207.1119313727193, -1214.2838996744101, -1216.627045424918, -1216.8850258339016, -1219.9407539239025, -1220.204840323062, -1228.204840323062, -1232.2576088359324, -1235.571317334917]
 -- BestCostElement: [-1235.57131733 -1235.57131733 -1235.57131733 -1235.57131733]
 -- BestRoute: [array([ 0,  5,  4,  3,  6,  8, 11,  9, 10,  7,  0]), array([ 1, 21, 20, 17, 13, 14, 12, 15, 16, 18, 19,  1]), array([ 2, 31, 28, 27, 25, 24, 22, 23, 26, 29, 30,  2])]
 -- Premio: 
 ---------20.536631057245557
 ---------24.93497669491373
 ---------23.13556291411146
 -- Custo: 
 ---------49.0
 ---------48.0
 ---------54.0
 - Execucao 4
 -- BestCostGenaration: [-527.2381085653499, -586.9755146091322, -685.4861519933934, -814.3854423510907, -838.5174299372615, -901.9957756344736, -956.5299667047176, -1004.2519129736083, -1012.907834056308, -1032.372336272773, -1059.1085391381189, -1077.020701251308, -1093.5840068388384, -1096.003270978855, -1103.2476067901257, -1124.6836614909757, -1130.3856924545141, -1135.1430474531735, -1137.7502383925525, -1157.735441592898, -1179.4299912459226, -1180.9896715718774, -1184.239268660423, -1186.3770156789024, -1191.7874192528943, -1196.4365298935677, -1200.9146701395744, -1201.0700528817129, -1209.0700528817129, -1217.2388747703587, -1225.782635221206, -1233.8616945725544]
 -- BestCostElement: [-1233.86169457 -1233.86169457 -1233.86169457 -1233.86169457]
 -- BestRoute: [array([ 0,  6,  3,  4,  5,  7, 10,  9, 11,  8,  0]), array([ 1, 20, 17, 13, 14, 12, 15, 16, 18, 21, 19,  1]), array([ 2, 31, 30, 29, 26, 23, 22, 24, 25, 27, 28,  2])]
 -- Premio: 
 ---------22.128990204491963
 ---------24.954741532750813
 ---------21.950844619618653
 -- Custo: 
 ---------49.0
 ---------48.0
 ---------54.0
 - Execucao 5
 -- BestCostGenaration: [-464.65273583227577, -521.5393913247519, -594.1118476562422, -736.823051270127, -759.6214838534993, -818.1908883615977, -866.4398218185669, -910.263317779831, -947.9072568257552, -984.1485633131483, -987.4514333124811, -1009.7993630946771, -1039.3126507647385, -1048.171012929915, -1067.031449627993, -1091.587071587779, -1092.1174617352863, -1093.433383480523, -1106.4208804878808, -1134.1715522066436, -1138.1696909714278, -1148.565459609179, -1151.161846927718, -1162.0222754546805, -1165.7731369964301, -1177.7063118304159, -1183.0233737965953, -1191.7022539113707, -1195.4598611549154, -1199.680020991938, -1203.2018807459315, -1204.9484975327214, -1228.9964820139035, -1236.9964820139035]
 -- BestCostElement: [-1236.99648201 -1236.99648201 -1236.99648201 -1236.99648201]
 -- BestRoute: [array([ 0,  5,  4,  3,  6,  8, 11, 10,  9,  7,  0]), array([ 1, 21, 20, 17, 13, 14, 12, 15, 16, 18, 19,  1]), array([ 2, 31, 30, 29, 26, 23, 22, 24, 25, 27, 28,  2])]
 -- Premio: 
 ---------21.36505818199175
 ---------24.93497669491373
 ---------21.950844619618653
 -- Custo: 
 ---------49.0
 ---------48.0
 ---------54.0
 - Execucao 6
 -- BestCostGenaration: [-414.1720081481927, -536.1426760032023, -691.4885304848128, -723.3907797644051, -791.6465238937907, -836.5206875962905, -871.8000675465278, -948.3707007955913, -956.3075397614166, -1006.9050721261851, -1013.5016589377126, -1043.721049405467, -1045.92908430944, -1102.1234039344683, -1114.3297573103637, -1118.881382023156, -1120.4757422626171, -1126.472802903722, -1142.4334267436793, -1143.244214555525, -1151.467811817884, -1157.419827336702, -1166.9457450097407, -1170.793715734797, -1171.767031006255, -1181.344825904399, -1182.3898508084503, -1191.9676457065943, -1197.996689068053, -1206.5360409729474, -1219.7502383925525, -1222.2572582090247, -1222.8059664825535, -1224.23113116154]
 -- BestCostElement: [-1224.23113116 -1224.23113116 -1224.23113116 -1224.23113116]
 -- BestRoute: [array([ 0,  5,  4,  3,  6,  8,  7, 10,  9, 11,  0]), array([ 1, 20, 17, 13, 14, 12, 15, 16, 18, 19, 21,  1]), array([ 2, 24, 22, 23, 26, 29, 30, 31, 28, 27, 25,  2])]
 -- Premio: 
 ---------24.18033988749895
 ---------24.556395895082645
 ---------22.705481427033437
 -- Custo: 
 ---------49.0
 ---------48.0
 ---------54.0
 - Execucao 7
 -- BestCostGenaration: [-357.29294686451993, -498.2148168653319, -577.7491562626908, -647.4930023868679, -768.542975113601, -779.411689926412, -826.0746933406433, -915.7871969586753, -937.515587317337, -958.6503747586862, -997.8040669758404, -1030.1638518609811, -1033.587319095745, -1048.7565514368775, -1071.0032138071206, -1078.288638515363, -1095.4952608238557, -1113.8372484068695, -1123.149112233061, -1127.548832839339, -1159.242867949173, -1176.6897262708635, -1178.9409609780523, -1197.3699117817032, -1200.172398303673, -1203.751543788617, -1204.3291316326115, -1214.6195088702486, -1223.0639468915374, -1230.250072281263, -1232.5262924308654, -1233.5637807802477]
 -- BestCostElement: [-1233.56378078 -1233.56378078 -1233.56378078 -1233.56378078]
 -- BestRoute: [array([ 0,  5,  4,  3,  6,  8, 11,  9, 10,  7,  0]), array([ 1, 20, 17, 13, 14, 12, 15, 16, 18, 19, 21,  1]), array([ 2, 31, 28, 27, 25, 24, 22, 23, 29, 30, 26,  2])]
 -- Premio: 
 ---------20.536631057245557
 ---------24.556395895082645
 ---------24.01602785260983
 -- Custo: 
 ---------49.0
 ---------48.0
 ---------54.0
 - Execucao 8
 -- BestCostGenaration: [-401.4000953641046, -601.3974005698169, -618.8351954210873, -705.8322358439568, -761.8539303175406, -824.7068492681585, -857.7636776276534, -902.5044284289966, -918.7496894726398, -969.6723840023778, -1034.2979111368186, -1042.2581099915324, -1078.8584612811974, -1087.138823155411, -1100.5253789972858, -1131.0240547185026, -1146.9692998876603, -1147.1712199840645, -1147.689933325013, -1154.0075790899168, -1165.5002086465372, -1171.5002086465372, -1173.0077861440666, -1175.7650858985708, -1178.9362633473875, -1181.0787943975556, -1183.6008612056987, -1204.9518509999161, -1204.9625541858654, -1207.2652520098602, -1208.858634560533, -1212.8430469080042, -1213.257715455191, -1218.6087052494086, -1219.5002086465372, -1220.2499718463723, -1221.843354397045, -1222.8403948199143]
 -- BestCostElement: [-1222.84039482 -1222.84039482 -1222.84039482 -1222.84039482]
 -- BestRoute: [array([ 0,  7,  5,  4,  3,  6,  8, 11,  9, 10,  0]), array([ 1, 14, 12, 13, 17, 20, 21, 19, 15, 16, 18,  1]), array([ 2, 31, 28, 27, 25, 24, 22, 23, 29, 30, 26,  2])]
 -- Premio: 
 ---------21.36505818199175
 ---------26.40881526041982
 ---------24.01602785260983
 -- Custo: 
 ---------49.0
 ---------48.0
 ---------54.0
 - Execucao 9
 -- BestCostGenaration: [-390.2212634381443, -519.3301900931232, -654.4412841050062, -716.8709640377974, -789.5044235812469, -880.3078135642361, -883.5591173272396, -952.4874707070746, -1007.4354799066479, -1019.3620658104143, -1051.6283641385992, -1053.426637867321, -1065.3793960979012, -1087.09359119721, -1115.9973699899606, -1121.7018937961207, -1136.7653933876113, -1140.5336390768744, -1144.7052134885012, -1147.0219432321014, -1158.713350987384, -1163.9621738523801, -1168.989031860258, -1170.9739201283558, -1182.6059527264276, -1183.489505460588, -1190.9882410073835, -1204.0750439675508, -1205.795369915863, -1224.910612220529, -1227.9770434964794, -1232.0298120093498, -1233.6231945600223, -1233.782635221206]
 -- BestCostElement: [-1233.78263522 -1233.78263522 -1233.78263522 -1233.78263522]
 -- BestRoute: [array([ 0,  5,  4,  3,  6,  8, 11,  9, 10,  7,  0]), array([ 1, 15, 12, 14, 13, 17, 20, 21, 19, 16, 18,  1]), array([ 2, 23, 22, 24, 25, 27, 28, 31, 30, 29, 26,  2])]
 -- Premio: 
 ---------20.536631057245557
 ---------26.36895509512391
 ---------22.148755042329043
 -- Custo: 
 ---------49.0
 ---------48.0
 ---------54.0
 - Execucao 10
 -- BestCostGenaration: [-346.3637330627914, -472.80914852647635, -690.2656848812129, -723.4896559892807, -813.0061554152373, -873.0639881018252, -909.3796499232682, -937.8019518266647, -973.982673625197, -1017.5855475114851, -1041.2932337835578, -1069.1801419124918, -1098.412083727883, -1116.9599020977755, -1117.6791297041727, -1133.6197159243984, -1139.0301194983901, -1154.0082188015367, -1160.7424947837337, -1174.4768773851897, -1176.4777686729549, -1177.09359119721, -1181.0639468915374, -1183.4442735023867, -1187.9144630854246, -1190.515589244916, -1191.1119313727193, -1192.4041330649145, -1203.9407539239025, -1205.829297743901, -1208.8850258339016, -1216.515589244916, -1221.4598611549154, -1224.515589244916]
 -- BestCostElement: [-1224.51558924 -1224.51558924 -1224.51558924 -1224.51558924]
 -- BestRoute: [array([ 0,  7,  5,  4,  3,  6,  8,  9, 10, 11,  0]), array([ 1, 15, 12, 14, 13, 17, 20, 21, 19, 18, 16,  1]), array([ 2, 31, 28, 27, 25, 24, 22, 23, 26, 29, 30,  2])]
 -- Premio: 
 ---------23.30056307974577
 ---------24.93497669491373
 ---------23.13556291411146
 -- Custo: 
 ---------49.0
 ---------48.0
 ---------54.0
 - Execucao 11
 -- BestCostGenaration: [-404.6298469684046, -519.0024428532006, -581.4345188998639, -655.0755568243305, -745.7538809444593, -854.9306585128124, -910.5599166530519, -940.3252242422589, -951.9584531289531, -1021.5931901390999, -1068.9205245536043, -1113.5715676522232, -1119.2641721975635, -1162.1932458493475, -1169.9001808289606, -1173.441520979406, -1183.944107391097, -1191.9996284269484, -1194.250072281263, -1202.2359151932283, -1207.0788948324464, -1211.9779347842443, -1219.8664786042427, -1226.8587349954237, -1232.2576088359324]
 -- BestCostElement: [-1232.25760884 -1232.25760884 -1232.25760884 -1232.25760884]
 -- BestRoute: [array([ 0,  5,  4,  3,  6,  8, 11, 10,  9,  7,  0]), array([ 1, 15, 12, 14, 13, 17, 20, 21, 19, 18, 16,  1]), array([ 2, 31, 28, 27, 25, 24, 22, 23, 26, 29, 30,  2])]
 -- Premio: 
 ---------21.36505818199175
 ---------24.93497669491373
 ---------23.13556291411146
 -- Custo: 
 ---------49.0
 ---------48.0
 ---------54.0
 - Execucao 12
 -- BestCostGenaration: [-450.14596582001616, -478.3960907693688, -595.9499536569986, -767.8353739138263, -802.311302261013, -817.9139377950528, -850.2441962397899, -893.4912415273743, -943.9785605872862, -955.0998707108095, -1000.1690060690725, -1005.0360633005164, -1026.744828608666, -1058.3216814789657, -1071.1834953796863, -1094.7123899279204, -1097.5378654275055, -1110.2850398953528, -1112.6679938607535, -1139.449588639688, -1142.3959567986258, -1154.1297741505277, -1160.7194569775595, -1170.877575680256, -1177.2949967504237, -1183.4659671450909, -1191.1787565387335, -1195.6009616405895, -1196.5452335505886, -1203.521902289241, -1214.6046473303632, -1224.278411190871, -1230.0143247917117, -1233.0700528817129]
 -- BestCostElement: [-1233.07005288 -1233.07005288 -1233.07005288 -1233.07005288]
 -- BestRoute: [array([ 0,  6,  3,  4,  5,  7, 10,  9, 11,  8,  0]), array([ 1, 20, 17, 13, 14, 12, 15, 16, 18, 21, 19,  1]), array([ 2, 23, 22, 24, 25, 27, 28, 31, 30, 29, 26,  2])]
 -- Premio: 
 ---------22.128990204491963
 ---------24.954741532750813
 ---------22.148755042329043
 -- Custo: 
 ---------49.0
 ---------48.0
 ---------54.0
 - Execucao 13
 -- BestCostGenaration: [-383.1209345611302, -473.3589213249486, -624.4843389244003, -706.5977532080606, -728.3515150807368, -793.8255549709861, -803.4590346959744, -868.1975540856989, -893.785232714338, -932.8090879230979, -951.7364955014102, -1008.4070996281858, -1032.4416282449422, -1069.3915049895163, -1083.7277151295687, -1087.0454429250349, -1107.4191876250823, -1120.1277672896854, -1121.529759650568, -1139.1307720575517, -1144.445952331318, -1158.910612220529, -1160.2756586678904, -1164.5891601127255, -1167.1787565387335, -1180.2352107413776, -1184.1130709249219, -1191.332817322385, -1202.7162039452558, -1207.3963894560957, -1211.563780780248, -1213.4922579835688, -1215.0856405342415, -1215.3913411985232, -1233.8616945725544, -1235.455077123227]
 -- BestCostElement: [-1235.45507712 -1235.45507712 -1235.45507712 -1235.45507712]
 -- BestRoute: [array([ 0,  6,  3,  4,  5,  7, 10,  9, 11,  8,  0]), array([ 1, 20, 17, 13, 14, 12, 15, 16, 18, 19, 21,  1]), array([ 2, 31, 30, 29, 26, 23, 22, 24, 25, 27, 28,  2])]
 -- Premio: 
 ---------22.128990204491963
 ---------24.556395895082645
 ---------21.950844619618653
 -- Custo: 
 ---------49.0
 ---------48.0
 ---------54.0
 - Execucao 14
 -- BestCostGenaration: [-419.0492040771989, -556.1600525217293, -666.7066853885723, -709.9743733114459, -744.9017733454614, -782.2702531491179, -895.5826214650801, -921.9428355264121, -957.9938913543367, -987.0975105602358, -1024.6826064122176, -1053.559372234295, -1054.0797828085035, -1073.7846215391778, -1090.9875231544495, -1132.8148085218802, -1161.9849308033456, -1169.9441073910973, -1170.8576799166656, -1178.5375332049264, -1192.0560394917252, -1194.9674386524448, -1199.4442735023867, -1199.6009616405895, -1203.5374899417698, -1203.9596950436257, -1208.171012929915, -1208.858734995424, -1213.5078456360973, -1216.167495671727, -1218.8004779990144, -1226.6634354323855, -1228.1150777857642, -1229.7191635223862, -1233.7719320352567]
 -- BestCostElement: [-1233.77193204 -1233.77193204 -1233.77193204 -1233.77193204]
 -- BestRoute: [array([ 0,  5,  4,  3,  6,  8, 11, 10,  9,  7,  0]), array([ 1, 20, 17, 13, 14, 12, 15, 16, 18, 19, 21,  1]), array([ 2, 31, 28, 27, 25, 24, 22, 23, 26, 29, 30,  2])]
 -- Premio: 
 ---------21.36505818199175
 ---------24.556395895082645
 ---------23.13556291411146
 -- Custo: 
 ---------49.0
 ---------48.0
 ---------54.0
 - Execucao 15
 -- BestCostGenaration: [-472.22349431974186, -524.8638333467982, -587.736058553875, -730.5758478628808, -760.7773086679833, -816.9319706068112, -856.838982479956, -940.6873040428825, -957.347163060241, -1007.6384727959311, -1017.0406588933465, -1045.4830900537927, -1081.8361933281112, -1092.2877924183335, -1094.632619050641, -1103.8328398609167, -1105.2044711694562, -1130.0764745320446, -1141.1726505485583, -1143.0873214160415, -1152.8883793010964, -1156.9380446640785, -1174.5391275604134, -1187.2254190614285, -1192.698568221597, -1195.28410672856, -1202.5871120415954, -1208.8511984407546, -1216.7687856222117, -1216.8215541350821, -1221.455077123227, -1224.4814112248614, -1226.3727075678405, -1230.3554224710895, -1233.7454543608642, -1234.9889454592342, -1237.1909907240677, -1239.8506407596974, -1241.8245137122126]
 -- BestCostElement: [-1241.82451371 -1241.82451371 -1241.82451371 -1241.82451371]
 -- BestRoute: [array([ 0,  5,  4,  3,  6,  8, 11,  9, 10,  7,  0]), array([ 1, 20, 17, 13, 14, 12, 15, 16, 18, 19, 21,  1]), array([ 2, 31, 30, 29, 26, 23, 22, 24, 25, 27, 28,  2])]
 -- Premio: 
 ---------20.536631057245557
 ---------24.556395895082645
 ---------21.950844619618653
 -- Custo: 
 ---------49.0
 ---------48.0
 ---------54.0
 - Execucao 16
 -- BestCostGenaration: [-523.5206149222658, -608.475016149974, -667.3627507127696, -762.2240206217228, -816.4308190272166, -834.2166852026758, -859.8837271828096, -902.1625812551353, -970.4705625018787, -989.6548418129917, -998.6597916216394, -1014.8163760576833, -1016.8077730342183, -1036.2438659447898, -1038.8111646225411, -1072.9847237491958, -1077.7318530263074, -1101.6311452229907, -1103.823809260362, -1123.0406588933463, -1139.3246410560962, -1162.7876263070439, -1179.257815890082, -1182.0963869833472, -1186.6209006673366, -1193.489505460588, -1209.6320365107558, -1211.1011277518792, -1225.697306088689, -1232.7094582434606, -1234.27309605357, -1235.8664786042427]
 -- BestCostElement: [-1235.8664786 -1235.8664786 -1235.8664786 -1235.8664786]
 -- BestRoute: [array([ 0,  7,  5,  4,  3,  6,  8, 11,  9, 10,  0]), array([ 1, 14, 12, 13, 17, 20, 21, 19, 18, 16, 15,  1]), array([ 2, 29, 30, 31, 28, 27, 25, 24, 22, 23, 26,  2])]
 -- Premio: 
 ---------21.36505818199175
 ---------23.877054302287245
 ---------23.29126786466034
 -- Custo: 
 ---------49.0
 ---------48.0
 ---------54.0
 - Execucao 17
 -- BestCostGenaration: [-347.4504536283998, -475.1887322870799, -578.4644635857458, -649.6508479316625, -721.849774766075, -806.1024756732487, -857.03945562371, -886.0535371607612, -914.430069296037, -929.1956291301295, -976.0279055833981, -1006.8301857199581, -1024.2506115579918, -1031.0983752288985, -1035.3424050238505, -1084.467604763734, -1088.3510139251366, -1097.3890834155463, -1116.5498307463627, -1140.1723983036727, -1144.0825805222198, -1146.6614737622788, -1167.1011277518792, -1171.2125839318808, -1175.149112233061, -1177.9670447623807, -1179.8927694427207, -1180.8850258339019, -1188.8850258339019, -1191.407092642045, -1199.407092642045, -1200.1461526559306, -1203.829297743901]
 -- BestCostElement: [-1203.82929774 -1203.75023839 -1202.74249478 -1202.4938956 ]
 -- BestRoute: [array([ 0,  6,  3,  4,  5,  7, 10,  9, 11,  8,  0]), array([ 1, 17, 13, 14, 12, 15, 16, 19, 18, 21,  1]), array([ 2, 28, 27, 25, 24, 22, 23, 26, 30, 31,  2])]
 -- Premio: 
 ---------22.128990204491963
 ---------23.29126786466034
 ---------21.122417494872465
 -- Custo: 
 ---------49.0
 ---------46.0
 ---------52.0
 - Execucao 18
 -- BestCostGenaration: [-457.895449165935, -499.7210100067023, -620.278249002822, -647.6533147863213, -752.0654007634258, -781.4949131473245, -851.575932990336, -893.6447260146772, -940.5947051770379, -1005.2216914451167, -1015.0967578284901, -1015.5806146042379, -1024.7774819473188, -1064.70781089304, -1067.7534050238328, -1077.98488561261, -1120.6164057203603, -1121.9707642269684, -1150.1140695006857, -1157.3043327871503, -1166.0750439675508, -1168.064153945687, -1170.1756101256888, -1186.1953420982861, -1192.6877646007567, -1198.9409609780523, -1203.869645235523, -1211.7697835292356, -1213.1983016754166, -1224.0601607668727, -1228.9937294909228, -1232.0494575809234]
 -- BestCostElement: [-1232.04945758 -1232.04945758 -1232.04945758 -1232.04945758]
 -- BestRoute: [array([ 0,  5,  4,  3,  6,  8, 11,  9, 10,  7,  0]), array([ 1, 21, 20, 17, 13, 14, 12, 15, 16, 18, 19,  1]), array([ 2, 31, 28, 27, 25, 24, 22, 23, 29, 30, 26,  2])]
 -- Premio: 
 ---------20.536631057245557
 ---------24.93497669491373
 ---------24.01602785260983
 -- Custo: 
 ---------49.0
 ---------48.0
 ---------54.0
 - Execucao 19
 -- BestCostGenaration: [-451.0441213646334, -625.8916232215889, -694.1377568133069, -768.8109556408124, -801.8373900520482, -857.6466744526894, -963.2060238071609, -968.8179103243363, -990.6042063219843, -1011.2270713149155, -1041.0890188602639, -1066.7004992954137, -1074.8248071673856, -1079.6724844372688, -1097.779882698225, -1109.5704260471518, -1119.0872209811505, -1123.72036848356, -1129.8001539475513, -1140.4777039327237, -1152.1879307120462, -1178.2096243547503, -1179.1787565387335, -1187.9751822612634, -1196.9674386524448, -1199.680020991938, -1206.515589244916, -1207.1119313727195, -1211.9407539239028, -1212.04061563019, -1219.9407539239028, -1240.3101905128883]
 -- BestCostElement: [-1240.31019051 -1240.31019051 -1240.31019051 -1240.31019051]
 -- BestRoute: [array([ 0,  5,  4,  3,  6,  8, 11,  9, 10,  7,  0]), array([ 1, 21, 20, 17, 13, 14, 12, 15, 16, 18, 19,  1]), array([ 2, 31, 30, 29, 26, 23, 22, 24, 25, 27, 28,  2])]
 -- Premio: 
 ---------20.536631057245557
 ---------24.93497669491373
 ---------21.950844619618653
 -- Custo: 
 ---------49.0
 ---------48.0
 ---------54.0
 - Execucao 20
 -- BestCostGenaration: [-448.0386312841664, -472.6917374476633, -648.3661474431208, -673.1906268348598, -744.3349118547073, -785.167562852631, -858.4705624132854, -908.2074307465867, -926.2037234911454, -997.9637383162419, -1012.7920597118249, -1022.3886959410786, -1039.3211776579349, -1042.769286777812, -1061.004223695143, -1075.4891548336802, -1092.6614285715432, -1113.7231463006833, -1138.291850337379, -1148.8107053235062, -1149.8589420495737, -1159.3975944172691, -1166.0791018865962, -1176.5897641296851, -1184.3729577598572, -1188.456075030251, -1193.735441592898, -1195.2888907602483, -1205.7387086590693, -1210.1453261083966, -1222.4588275532317, -1229.1754030715392, -1232.34737137323, -1236.9964820139035]
 -- BestCostElement: [-1236.99648201 -1236.99648201 -1236.99648201 -1236.99648201]
 -- BestRoute: [array([ 0,  7,  5,  4,  3,  6,  8, 11,  9, 10,  0]), array([ 1, 15, 12, 14, 13, 17, 20, 21, 19, 18, 16,  1]), array([ 2, 31, 30, 29, 26, 23, 22, 24, 25, 27, 28,  2])]
 -- Premio: 
 ---------21.36505818199175
 ---------24.93497669491373
 ---------21.950844619618653
 -- Custo: 
 ---------49.0
 ---------48.0
 ---------54.0
 - Execucao 21
 -- BestCostGenaration: [-388.3390522253957, -547.2855659688751, -602.1235678507511, -736.7019465476196, -765.360395459984, -873.8107485866626, -899.51215248832, -914.0505628420767, -939.9918815064215, -995.4285243080865, -1012.4845143747498, -1031.2885401333408, -1032.971862501981, -1037.1463145193445, -1042.4443167655434, -1045.1570881901723, -1060.1823455155595, -1086.6741632662, -1103.0991208910368, -1120.919144754643, -1133.5468711692322, -1139.7102045743393, -1147.2048835862183, -1151.8961229099152, -1174.1473576171043, -1179.8076041011968, -1186.3290311977205, -1187.2916432832292, -1188.2061457191264, -1192.687764600757, -1198.3446188502492, -1201.8664786042427, -1203.2018807459315, -1208.7269071312053, -1210.4521175460964, -1213.5078456360975, -1216.5479860735695, -1220.2869025146974, -1225.9407539239028, -1228.204840323062, -1230.0818544095769, -1233.5665333032287, -1234.94354971004, -1238.510805213228]
 -- BestCostElement: [-1238.51080521 -1238.51080521 -1238.51080521 -1238.51080521]
 -- BestRoute: [array([ 0,  5,  4,  3,  6,  8, 11, 10,  9,  7,  0]), array([ 1, 20, 17, 13, 14, 12, 15, 16, 18, 19, 21,  1]), array([ 2, 31, 30, 29, 26, 23, 22, 24, 25, 27, 28,  2])]
 -- Premio: 
 ---------21.36505818199175
 ---------24.556395895082645
 ---------21.950844619618653
 -- Custo: 
 ---------49.0
 ---------48.0
 ---------54.0
 - Execucao 22
 -- BestCostGenaration: [-371.87056073731304, -457.9705983836021, -582.0467299167707, -678.0177367677547, -770.6727714691121, -815.7916815606588, -853.9689307340548, -908.3686108813895, -953.1710524904885, -1015.3541603381814, -1023.6208822630082, -1049.1493625503674, -1070.8847354903505, -1082.893664488385, -1094.7986167637987, -1100.0575950798063, -1119.3576775963693, -1142.7876263070439, -1155.6711790412041, -1156.2440526921112, -1165.4260337617682, -1179.7813132627189, -1182.7208011410298, -1198.9626546207562, -1204.4551203863834, -1213.7658260450812, -1215.2281715844094, -1219.8616945725541, -1224.1724434944085, -1224.7002656658196, -1227.4922579835686, -1229.7191635223862, -1233.5183850310536, -1237.0856405342413]
 -- BestCostElement: [-1237.08564053 -1237.08564053 -1237.08564053 -1237.08564053]
 -- BestRoute: [array([ 0,  5,  4,  3,  6,  8, 11,  9, 10,  7,  0]), array([ 1, 20, 17, 13, 14, 12, 15, 16, 18, 19, 21,  1]), array([ 2, 31, 28, 27, 25, 24, 22, 23, 26, 29, 30,  2])]
 -- Premio: 
 ---------20.536631057245557
 ---------24.556395895082645
 ---------23.13556291411146
 -- Custo: 
 ---------49.0
 ---------48.0
 ---------54.0
 - Execucao 23
 -- BestCostGenaration: [-388.37151063294095, -575.035983556258, -759.6012919355894, -790.918312691481, -863.6500863427141, -927.9435282329655, -939.4677666271482, -992.9612323159715, -994.2791403791803, -1053.67459592367, -1083.9028686117103, -1088.8999090345797, -1109.8961229099152, -1128.235124340354, -1138.910612220529, -1161.2558090292396, -1169.031449627993, -1186.1244590132264, -1193.380801803567, -1196.1352626340667, -1202.9741843542397, -1206.0299124442404, -1207.3963894560957, -1210.6634354323855, -1213.1117675817263, -1215.0856405342415, -1226.1519080191983, -1232.3993490332261, -1233.8616945725544, -1235.455077123227]
 -- BestCostElement: [-1235.45507712 -1235.45507712 -1235.45507712 -1235.45507712]
 -- BestRoute: [array([ 0,  6,  3,  4,  5,  7, 10,  9, 11,  8,  0]), array([ 1, 20, 17, 13, 14, 12, 15, 16, 18, 19, 21,  1]), array([ 2, 31, 30, 29, 26, 23, 22, 24, 25, 27, 28,  2])]
 -- Premio: 
 ---------22.128990204491963
 ---------24.556395895082645
 ---------21.950844619618653
 -- Custo: 
 ---------49.0
 ---------48.0
 ---------54.0
 - Execucao 24
 -- BestCostGenaration: [-442.1286055601215, -463.8402876474065, -663.8299235469427, -701.3444271665851, -773.2319005373395, -792.0714104469203, -863.7337847464017, -905.9128935887657, -907.7241978713807, -949.4860515585025, -1012.2411139794935, -1022.2193277060966, -1043.0688173242493, -1075.8643301868146, -1078.8168565044173, -1099.4514333124812, -1120.6984678752992, -1135.4639602842485, -1152.0222754546805, -1166.049543981947, -1175.7171566615439, -1177.9271977800815, -1180.7592873974359, -1184.4905033676118, -1191.380801803567, -1196.9674386524448, -1198.3028407941333, -1204.8850258339019, -1209.5713173349172, -1215.2281715844094, -1219.8616945725544, -1221.9202184486926, -1223.6824228880112, -1227.1224707676756, -1238.2572582090247, -1239.8506407596974, -1241.8245137122126]
 -- BestCostElement: [-1241.82451371 -1241.82451371 -1241.82451371 -1241.82451371]
 -- BestRoute: [array([ 0,  5,  4,  3,  6,  8, 11,  9, 10,  7,  0]), array([ 1, 20, 17, 13, 14, 12, 15, 16, 18, 19, 21,  1]), array([ 2, 31, 30, 29, 26, 23, 22, 24, 25, 27, 28,  2])]
 -- Premio: 
 ---------20.536631057245557
 ---------24.556395895082645
 ---------21.950844619618653
 -- Custo: 
 ---------49.0
 ---------48.0
 ---------54.0
 - Execucao 25
 -- BestCostGenaration: [-406.24462709601744, -509.06660920379124, -573.36211100115, -700.7044575144387, -723.6077867038351, -774.2438823329462, -845.4484172098937, -894.0044307492929, -948.0609421236712, -948.8977772162708, -994.3989192851225, -1026.7151956601774, -1039.4236217647335, -1070.6308929781053, -1088.449219397489, -1105.9892389144075, -1122.0979361480986, -1123.060095357902, -1125.3111885085052, -1137.6454923082792, -1145.2295181907616, -1148.8666404676567, -1151.3017424522186, -1164.5450467146743, -1172.0528110481182, -1174.1602093090746, -1182.085847588391, -1183.7130575322108, -1188.4924650377184, -1194.0823303302031, -1195.6165492931182, -1197.5481931277193, -1208.6895624798703, -1214.0623092728938, -1223.3497269334007, -1224.9538126700227, -1227.8243499212194, -1231.8878216200392, -1235.455077123227]
 -- BestCostElement: [-1235.45507712 -1235.45507712 -1235.45507712 -1235.45507712]
 -- BestRoute: [array([ 0,  6,  3,  4,  5,  7, 10,  9, 11,  8,  0]), array([ 1, 20, 17, 13, 14, 12, 15, 16, 18, 19, 21,  1]), array([ 2, 31, 30, 29, 26, 23, 22, 24, 25, 27, 28,  2])]
 -- Premio: 
 ---------22.128990204491963
 ---------24.556395895082645
 ---------21.950844619618653
 -- Custo: 
 ---------49.0
 ---------48.0
 ---------54.0
 - Execucao 26
 -- BestCostGenaration: [-324.8882891833978, -543.2910260725794, -665.3593751960873, -684.2924900489984, -746.6446994392327, -852.7983547871361, -959.8205423194803, -1028.1017655359196, -1033.9379522297381, -1058.5827034956424, -1088.0600508359062, -1102.7214020852434, -1109.8315961323372, -1132.5336586263697, -1133.2409062790664, -1143.3624616280576, -1146.1958813750148, -1172.3601060678868, -1174.3601060678868, -1175.8521963477785, -1177.378653297546, -1178.1129292797432, -1184.9457450097407, -1185.51258447705, -1192.4938956022122, -1200.8215541350821, -1205.455077123227, -1216.4100522191754, -1217.7454543608642, -1218.9889454592342, -1227.249678391199]
 -- BestCostElement: [-1227.24967839 -1227.24967839 -1227.24967839 -1227.24967839]
 -- BestRoute: [array([ 0,  5,  4,  3,  6,  8,  7, 10,  9, 11,  0]), array([ 1, 20, 17, 13, 14, 12, 15, 16, 18, 19, 21,  1]), array([ 2, 31, 30, 29, 26, 23, 22, 24, 25, 27, 28,  2])]
 -- Premio: 
 ---------24.18033988749895
 ---------24.556395895082645
 ---------21.950844619618653
 -- Custo: 
 ---------49.0
 ---------48.0
 ---------54.0
 - Execucao 27
 -- BestCostGenaration: [-410.9451206608732, -615.9169087024316, -709.8872192060235, -732.4980101020309, -787.6696481009883, -854.3591514240195, -878.5332884499669, -906.428353627279, -934.317436724006, -955.2477168096855, -982.1165496858355, -1009.8457714526411, -1035.697306088689, -1037.8628062320859, -1060.4293236338985, -1064.9899218891837, -1073.8535818101298, -1076.343827997375, -1113.5420419468082, -1122.1884452552367, -1126.6837066817116, -1141.2888455695127, -1143.1463597100803, -1165.6805602686668, -1165.9083119045135, -1176.060987314407, -1190.908564149399, -1199.90082054058, -1201.4489711330516, -1204.5046992230525, -1209.1382222111972, -1212.1086211686813, -1223.8506407596974, -1225.8245137122126, -1227.7130575322108, -1230.7687856222117]
 -- BestCostElement: [-1230.76878562 -1230.76878562 -1230.76878562 -1230.76878562]
 -- BestRoute: [array([ 0,  7,  5,  4,  3,  6,  8,  9, 10, 11,  0]), array([ 1, 20, 17, 13, 14, 12, 15, 16, 18, 19, 21,  1]), array([ 2, 28, 27, 25, 24, 22, 23, 26, 29, 30, 31,  2])]
 -- Premio: 
 ---------23.30056307974577
 ---------24.556395895082645
 ---------21.950844619618657
 -- Custo: 
 ---------49.0
 ---------48.0
 ---------54.0
 - Execucao 28
 -- BestCostGenaration: [-410.84134079858563, -502.03748980438473, -597.2661972829413, -678.5200093873966, -717.4381224100688, -780.744811404439, -842.8806077996067, -904.7857683217605, -914.4964479046084, -969.1505681578183, -998.6021482860278, -1022.1909335523333, -1034.7876263956373, -1058.9553080633407, -1091.171406819979, -1118.732436913625, -1139.5364348630117, -1155.794830639134, -1160.4100522191754, -1168.066202016817, -1168.2412303305293, -1174.0252148135755, -1183.9137586335737, -1188.8013692867794, -1194.6371445939074, -1199.0593496957633]
 -- BestCostElement: [-1199.0593497  -1198.06230927 -1197.42878628 -1197.17080588]
 -- BestRoute: [array([ 0,  6,  3,  4,  5,  7, 10,  9, 11,  8,  0]), array([ 1, 17, 13, 14, 12, 15, 16, 21, 19, 18,  1]), array([ 2, 28, 27, 25, 24, 22, 23, 26, 29, 30,  2])]
 -- Premio: 
 ---------22.128990204491963
 ---------23.56296860470214
 ---------19.54320376686506
 -- Custo: 
 ---------49.0
 ---------46.0
 ---------51.0
 - Execucao 29
 -- BestCostGenaration: [-330.29190712534864, -502.87379735758054, -617.8846537299197, -743.5225420008609, -776.307814483709, -860.3485668383277, -907.9277923009655, -925.2070336951836, -982.4221472022128, -1010.5071780318067, -1040.7681459991852, -1048.006257220023, -1078.9785078357872, -1085.396080039476, -1104.3817545198551, -1116.4625470178194, -1127.4084392483974, -1141.2098314088998, -1151.3786945078336, -1168.8727916485677, -1172.8957290198512, -1175.2422282375533, -1179.4050857812026, -1181.9926311490078, -1192.4608138712035, -1202.7140554392347, -1203.6533795265523, -1210.541880083394, -1222.2730508628342, -1223.243658802047, -1226.299386892048, -1227.7765292310305, -1233.5183850310536, -1237.175403071539, -1241.8245137122126]
 -- BestCostElement: [-1241.82451371 -1241.82451371 -1241.82451371 -1241.82451371]
 -- BestRoute: [array([ 0,  5,  4,  3,  6,  8, 11,  9, 10,  7,  0]), array([ 1, 20, 17, 13, 14, 12, 15, 16, 18, 19, 21,  1]), array([ 2, 28, 27, 25, 24, 22, 23, 26, 29, 30, 31,  2])]
 -- Premio: 
 ---------20.536631057245557
 ---------24.556395895082645
 ---------21.950844619618657
 -- Custo: 
 ---------49.0
 ---------48.0
 ---------54.0
