 - Execucao 0
 -- BestCostGenaration: [-339.36291450376285, -429.0246944301223, -588.1165718316499, -656.7877516007629, -692.000106039112, -781.3267113322097, -809.1511437417687, -843.5205803307542, -893.5194388509725, -899.2178825067595, -903.7549772335052, -959.1643492586823, -975.2469258682183, -994.3965965102454, -1003.964793395, -1017.0680048105826, -1022.2467188140685, -1032.9599020977755, -1056.0946895391246, -1058.2730096525465, -1061.7951197238463, -1086.4641261281104, -1087.751543788617, -1097.2996943810886, -1106.84784497356]
 -- BestCostElement: [-1106.84784497 -1106.84784497 -1106.84784497 -1106.84784497]
 -- BestRoute: [array([ 0,  5,  4,  3,  6,  8, 11, 10,  9,  0]), array([ 1, 17, 13, 14, 12, 15, 16, 18, 19,  1]), array([ 2, 28, 27, 25, 24, 29, 30, 26,  2])]
 -- Premio: 
 ---------19.25209583010962
 ---------18.53663105724556
 ---------17.886349517372675
 -- Custo: 
 ---------45.0
 ---------42.0
 ---------45.0
 - Execucao 1
 -- BestCostGenaration: [-347.14255210834125, -412.14758196158516, -568.4491134469702, -616.1431681062998, -676.9633509131494, -740.1808248872678, -787.1482914301744, -799.5611947612738, -815.4156830166331, -840.5564126571646, -908.7031006771399, -935.561028257267, -937.8101667155174, -949.164349258682, -959.0166669507992, -997.6867666937329, -1011.9041740077747, -1063.1354696882167, -1066.643047185746, -1076.1911977782174, -1076.4784083845743, -1092.5046992230525, -1096.012276720582, -1097.2996943810886, -1106.84784497356]
 -- BestCostElement: [-1106.84784497 -1106.84784497 -1106.84784497 -1106.84784497]
 -- BestRoute: [array([ 0,  5,  4,  3,  6,  8, 11, 10,  9,  0]), array([ 1, 17, 13, 14, 12, 15, 16, 18, 19,  1]), array([ 2, 24, 25, 27, 28, 29, 30, 26,  2])]
 -- Premio: 
 ---------19.36505818199175
 ---------18.53663105724556
 ---------17.886349517372675
 -- Custo: 
 ---------46.0
 ---------42.0
 ---------45.0
 - Execucao 2
 -- BestCostGenaration: [-332.9859771956437, -415.80951811791783, -541.7383185860733, -674.0687289956466, -683.8783772552897, -756.2890526236624, -811.2029345658505, -873.9768179523279, -896.4490143962082, -915.9188512994698, -964.0122767205817, -969.2206350297402, -1003.3169794778397, -1007.2055232978381, -1029.7798826982253, -1039.4812041707119, -1052.78098104014, -1053.575123677817, -1057.082701175346, -1072.346580520356, -1076.9037801177105, -1089.00012456581, -1090.3404745301805, -1092.6045609293396, -1093.590071618726, -1093.8480520277099]
 -- BestCostElement: [-1093.84805203 -1093.84805203 -1093.84805203 -1093.84805203]
 -- BestRoute: [array([ 0,  3,  4,  5,  7, 10,  9, 11,  0]), array([ 1, 17, 13, 14, 12, 15, 16, 18, 19,  1]), array([ 2, 26, 29, 30, 28, 27, 25, 24,  2])]
 -- Premio: 
 ---------19.077687230463567
 ---------18.53663105724556
 ---------16.42366870536343
 -- Custo: 
 ---------44.0
 ---------42.0
 ---------45.0
 - Execucao 3
 -- BestCostGenaration: [-342.9408962378212, -416.6556569454086, -553.4357452842304, -608.2867214234302, -710.1327952153503, -733.020521485001, -787.4265278477612, -788.3342681937072, -806.6723022419471, -807.9648316047217, -829.3857198059985, -867.1939288241236, -894.6354268177772, -905.4792963606316, -926.1479973287237, -956.0490422137849, -965.0679400703516, -982.5613604798461, -1019.9181056373313, -1033.4306309575422, -1044.461273816516, -1044.5871120415954, -1054.0269730853454, -1058.2730096525465, -1064.8625413383238, -1066.643047185746, -1086.4641261281104, -1097.2996943810886, -1106.84784497356]
 -- BestCostElement: [-1106.84784497 -1106.84784497 -1106.84784497 -1106.84784497]
 -- BestRoute: [array([ 0,  5,  4,  3,  6,  8, 11, 10,  9,  0]), array([ 1, 17, 13, 14, 12, 15, 16, 18, 19,  1]), array([ 2, 24, 25, 27, 28, 29, 30, 26,  2])]
 -- Premio: 
 ---------19.36505818199175
 ---------18.53663105724556
 ---------17.886349517372675
 -- Custo: 
 ---------46.0
 ---------42.0
 ---------45.0
 - Execucao 4
 -- BestCostGenaration: [-430.14368921766186, -508.00211281136114, -630.3450495801399, -718.8004614365918, -769.7046296897767, -815.5632016221161, -827.5548636887661, -837.8675324241617, -898.1843873361913, -924.203518453168, -935.4745575196789, -961.3219273005213, -978.58305412255, -983.8736384143369, -989.4819689059188, -1013.4217890068085, -1018.6503321642697, -1037.4217890068085, -1041.5271391966348, -1043.7912255957942, -1045.126627737483, -1057.4217890068085, -1062.8625413383236, -1065.126627737483]
 -- BestCostElement: [-1065.12662774 -1062.86254134 -1062.60456093 -1062.07089965]
 -- BestRoute: [array([ 0,  3,  4,  5,  7, 10,  9, 11,  0]), array([ 1, 17, 13, 14, 12, 15, 16, 18,  1]), array([ 2, 30, 29, 26, 24, 25, 27, 28,  2])]
 -- Premio: 
 ---------19.077687230463567
 ---------17.90611435520976
 ---------16.73454147995595
 -- Custo: 
 ---------44.0
 ---------39.0
 ---------45.0
 - Execucao 5
 -- BestCostGenaration: [-327.64185040956266, -420.29722888995116, -513.6433794083249, -629.4122907820328, -705.2813542055792, -756.4672541368266, -770.8818579437824, -807.2536612580891, -865.2844822142955, -878.5611514981172, -885.7217343078225, -889.8517809806399, -909.7430773236189, -953.1130715936617, -969.0711067016318, -995.7277538969745, -996.0153786116309, -1013.4786154387241, -1018.0708996474821, -1048.4403362364678, -1049.7277538969745, -1050.261415178832, -1052.7834819869754]
 -- BestCostElement: [-1052.78348199 -1050.26141518 -1049.7277539  -1049.46977349]
 -- BestRoute: [array([ 0,  3,  4,  5,  7, 10,  9, 11,  0]), array([ 1, 17, 13, 14, 12, 15, 16, 18,  1]), array([ 2, 28, 27, 25, 24, 22, 26, 30,  2])]
 -- Premio: 
 ---------19.077687230463567
 ---------17.90611435520976
 ---------17.320327917582855
 -- Custo: 
 ---------44.0
 ---------39.0
 ---------44.0
 - Execucao 6
 -- BestCostGenaration: [-340.329507118347, -445.2739428193393, -602.5755175678809, -736.5186459452297, -760.9305880871029, -789.9835636541229, -820.6544764843384, -851.5534530800342, -879.5269302149059, -890.8515739264902, -927.7325379286629, -958.9861929362535, -960.1080805078238, -990.4672446484843, -991.0828880112606, -1020.8366812374699, -1040.8997221986654, -1045.548832839339, -1057.34068158433, -1070.534343528725, -1073.8480520277099, -1075.9182694283245, -1076.9477066798472, -1084.683620280688, -1087.997328779673]
 -- BestCostElement: [-1087.99732878 -1087.99732878 -1087.99732878 -1087.99732878]
 -- BestRoute: [array([ 0,  3,  4,  5,  7, 10,  9, 11,  0]), array([ 1, 17, 13, 14, 12, 15, 16, 18, 19,  1]), array([ 2, 24, 25, 27, 28, 29, 30, 26,  2])]
 -- Premio: 
 ---------19.077687230463567
 ---------18.53663105724556
 ---------17.886349517372675
 -- Custo: 
 ---------44.0
 ---------42.0
 ---------45.0
 - Execucao 7
 -- BestCostGenaration: [-289.0778620472646, -446.33496948421885, -597.0196049622621, -643.7930481227729, -651.6623206166412, -726.1929205165826, -755.8340365848537, -782.5984961494521, -812.5744339277119, -871.5056323898452, -878.5499723915415, -898.2478590350111, -938.2928274136054, -950.2654947586698, -983.0301194983903, -985.6974698796821, -1018.2958435161931, -1027.303047848283, -1036.2996378556318, -1041.1475653175312, -1044.1237329005835, -1055.0761423094655, -1068.7421441568263, -1072.6045609293396, -1073.8480520277099, -1075.6602890193406, -1094.768785622212]
 -- BestCostElement: [-1094.76878562 -1094.76878562 -1094.76878562 -1094.76878562]
 -- BestRoute: [array([ 0,  5,  4,  3,  6,  8, 11, 10,  9,  0]), array([ 1, 17, 13, 14, 12, 15, 16, 18, 19,  1]), array([ 2, 28, 27, 25, 24, 26, 30,  2])]
 -- Premio: 
 ---------19.36505818199175
 ---------18.53663105724556
 ---------15.906114355209759
 -- Custo: 
 ---------46.0
 ---------42.0
 ---------43.0
 - Execucao 8
 -- BestCostGenaration: [-364.7399309105741, -379.71793051815547, -529.0318003801902, -683.5122338501425, -693.2512945327679, -706.6437281076533, -757.1244570856475, -772.382185249746, -802.4018746279268, -823.1531054118753, -849.5760715463554, -886.7779578679452, -933.6230330182507, -933.7439234206483, -938.3822304404816, -952.7667787613693, -992.1801851756483, -1012.0012641180126, -1024.8120107195705, -1026.345213371133, -1035.6475789725487, -1039.165113993889, -1050.0006822468672, -1052.2811471514294, -1062.1649069397395, -1065.478615438724, -1067.290852430355, -1077.4786154387243, -1087.0267660311956, -1087.751543788617, -1092.698568221597, -1096.012276720582, -1106.84784497356]
 -- BestCostElement: [-1106.84784497 -1106.84784497 -1106.84784497 -1106.84784497]
 -- BestRoute: [array([ 0,  5,  4,  3,  6,  8, 11,  9, 10,  0]), array([ 1, 17, 13, 14, 12, 15, 16, 18, 19,  1]), array([ 2, 24, 25, 27, 28, 29, 30, 26,  2])]
 -- Premio: 
 ---------19.36505818199175
 ---------18.53663105724556
 ---------17.886349517372675
 -- Custo: 
 ---------46.0
 ---------42.0
 ---------45.0
 - Execucao 9
 -- BestCostGenaration: [-411.71084428595884, -416.249080617776, -563.2689198559095, -681.4421155002899, -726.9564838903498, -812.2698829727149, -828.8928665659035, -849.078028838824, -869.3000246760884, -877.2639853841215, -895.493893674633, -922.5354551882567, -957.0611491778209, -964.0641539456869, -976.2954928892855, -984.8442011628142, -996.930751878096, -1004.3221343546709, -1005.843643481757, -1013.8485531833101, -1021.9590928405728, -1036.1093859038883, -1040.6983166454515, -1049.4258469258539, -1060.261415178832, -1063.3143907458523, -1075.6724844372688, -1080.3727075678407, -1081.9069265307555, -1085.2206350297404]
 -- BestCostElement: [-1085.22063503 -1085.22063503 -1085.22063503 -1085.22063503]
 -- BestRoute: [array([ 0,  5,  4,  3,  6,  8, 11,  9, 10,  0]), array([ 1, 17, 13, 14, 12, 15, 16, 18,  1]), array([ 2, 26, 29, 30, 28, 27, 25, 24,  2])]
 -- Premio: 
 ---------19.36505818199175
 ---------17.90611435520976
 ---------16.42366870536343
 -- Custo: 
 ---------46.0
 ---------39.0
 ---------45.0
 - Execucao 10
 -- BestCostGenaration: [-287.17666858620044, -388.5984549391643, -606.4699166327889, -628.6082898822698, -631.8486877588815, -714.598332358459, -795.9574817973738, -809.7228307221582, -838.7178396363202, -859.1427972611568, -880.535774181812, -896.5536149434481, -915.552561792269, -924.6573294422101, -954.0607783326781, -954.9909317772061, -988.5039947712019, -1000.7769231210947, -1008.3250737135661, -1017.7538809444592, -1036.425476080711, -1050.7132645863608, -1070.534343528725, -1072.6045609293396, -1076.9477066798472]
 -- BestCostElement: [-1076.94770668 -1076.94770668 -1076.94770668 -1076.94770668]
 -- BestRoute: [array([ 0,  3,  4,  5,  7,  9, 10, 11,  0]), array([ 1, 17, 13, 14, 12, 15, 16, 18, 19,  1]), array([ 2, 28, 27, 25, 24, 22, 26, 30,  2])]
 -- Premio: 
 ---------19.90611435520976
 ---------18.53663105724556
 ---------17.320327917582855
 -- Custo: 
 ---------44.0
 ---------42.0
 ---------44.0
 - Execucao 11
 -- BestCostGenaration: [-408.19997498872, -578.8701644193059, -600.8681029605858, -675.5054234081165, -702.092212713266, -798.2642376290069, -831.2625547310347, -858.8481105360624, -898.7882660186636, -926.3923517552855, -937.0906037274086, -961.7590351525505, -972.9817843903007, -989.6796056247993, -1000.1425088451847, -1005.4819689059187, -1010.7781287285455, -1013.0639017008017, -1030.7956774049035, -1047.1091788497386, -1052.78098104014, -1059.1091788497383, -1065.9676457065943, -1085.3436209432252, -1096.6242929019372, -1098.2176754526097, -1106.1724434944085, -1107.7658260450812]
 -- BestCostElement: [-1107.76582605 -1107.76582605 -1107.76582605 -1107.76582605]
 -- BestRoute: [array([ 0,  5,  4,  3,  6,  8, 11,  9, 10,  0]), array([ 1, 21, 19, 18, 16, 15, 12, 14, 17,  1]), array([ 2, 24, 25, 27, 28, 29, 30, 26,  2])]
 -- Premio: 
 ---------19.36505818199175
 ---------18.30713578936527
 ---------17.886349517372675
 -- Custo: 
 ---------46.0
 ---------42.0
 ---------45.0
 - Execucao 12
 -- BestCostGenaration: [-361.27114510562285, -435.8649698984344, -568.6389440759649, -632.6994448629329, -717.714738414011, -736.7739837621996, -804.0269730853454, -836.3247230866587, -879.2664062646702, -919.8146001202982, -921.587649390745, -944.5354551882567, -951.1019892193942, -954.8331473499572, -984.2922810672696, -1013.4107351939517, -1014.2999014352383, -1016.4664632839524, -1024.2849534943293, -1031.4306309575422, -1033.2206350297404, -1040.343827997375, -1046.1762498373084, -1064.868647328499, -1072.7834819869752, -1074.6396937185514, -1090.534343528725, -1092.6045609293396, -1093.8480520277099]
 -- BestCostElement: [-1093.84805203 -1093.84805203 -1093.84805203 -1093.84805203]
 -- BestRoute: [array([ 0,  3,  4,  5,  7, 10,  9, 11,  0]), array([ 1, 17, 13, 14, 12, 15, 16, 18, 19,  1]), array([ 2, 26, 29, 30, 28, 27, 25, 24,  2])]
 -- Premio: 
 ---------19.077687230463567
 ---------18.53663105724556
 ---------16.42366870536343
 -- Custo: 
 ---------44.0
 ---------42.0
 ---------45.0
 - Execucao 13
 -- BestCostGenaration: [-370.621580033894, -454.39086600580555, -544.5131670169353, -675.5722073638428, -680.2742915186677, -736.3853970717619, -777.4805019680825, -783.5200207221178, -801.6216476444926, -838.39049052007, -864.360161312042, -894.5734561091608, -918.2562417753027, -933.0313410811551, -941.3219273891143, -954.179603304503, -961.7590351525505, -969.0464528130574, -989.4158894020429, -996.3699550448598, -999.2781423835632, -1020.7329965589579, -1028.1169224585574, -1047.1091788497386, -1056.0946895391246, -1066.643047185746, -1081.6161986662107, -1096.012276720582, -1097.2996943810886, -1106.84784497356]
 -- BestCostElement: [-1106.84784497 -1106.84784497 -1106.84784497 -1106.84784497]
 -- BestRoute: [array([ 0,  5,  4,  3,  6,  8, 11,  9, 10,  0]), array([ 1, 17, 13, 14, 12, 15, 16, 18, 19,  1]), array([ 2, 24, 25, 27, 28, 29, 30, 26,  2])]
 -- Premio: 
 ---------19.36505818199175
 ---------18.53663105724556
 ---------17.886349517372675
 -- Custo: 
 ---------46.0
 ---------42.0
 ---------45.0
 - Execucao 14
 -- BestCostGenaration: [-347.8966877847979, -384.9417024611811, -525.463503706822, -622.1775964436606, -684.703000242249, -701.6446714167994, -781.4645548051324, -831.7282710356221, -854.2283138983281, -866.5551159336515, -887.253596429265, -906.2977300455515, -937.7548355883266, -940.8997221986652, -954.2450067234167, -990.8969696756845, -1005.2880999073742, -1007.2401154261921, -1019.9635877875492, -1044.4140453979899, -1053.6077073423846, -1074.4289933388986, -1079.3699117817032, -1085.2206350297402, -1101.9069265307555, -1111.455077123227]
 -- BestCostElement: [-1111.45507712 -1111.45507712 -1111.45507712 -1111.45507712]
 -- BestRoute: [array([ 0,  5,  4,  3,  6,  8, 11,  9, 10,  0]), array([ 1, 17, 13, 14, 12, 15, 16, 18, 19,  1]), array([ 2, 30, 29, 26, 24, 25, 27, 28,  2])]
 -- Premio: 
 ---------19.36505818199175
 ---------18.53663105724556
 ---------16.73454147995595
 -- Custo: 
 ---------46.0
 ---------42.0
 ---------45.0
 - Execucao 15
 -- BestCostGenaration: [-348.7555185631028, -460.25425410989845, -503.48995833629317, -713.8776963333823, -721.3574356640615, -776.3874039326041, -794.4461614383364, -843.3563104471465, -844.666025767317, -857.7325379286629, -907.9445833117237, -946.904461039618, -977.2630527974756, -991.5304926638294, -1005.8439941086646, -1005.8736384143372, -1016.0006822468674, -1018.3180764356257, -1025.7277538969745, -1039.764934757316, -1040.8997221986654, -1045.548832839339, -1056.09719048596, -1071.3259852195665, -1073.3962026201812, -1075.9182694283245, -1087.997328779673]
 -- BestCostElement: [-1087.99732878 -1087.99732878 -1087.99732878 -1087.99732878]
 -- BestRoute: [array([ 0,  3,  4,  5,  7, 10,  9, 11,  0]), array([ 1, 17, 13, 14, 12, 15, 16, 18, 19,  1]), array([ 2, 28, 27, 25, 24, 29, 30, 26,  2])]
 -- Premio: 
 ---------19.077687230463567
 ---------18.53663105724556
 ---------17.886349517372675
 -- Custo: 
 ---------44.0
 ---------42.0
 ---------45.0
 - Execucao 16
 -- BestCostGenaration: [-396.7195409430562, -416.4066996395128, -516.4232176437232, -710.5876513183241, -723.4789910130528, -799.9291142594525, -814.1108164683822, -841.7958006457537, -893.9866668040113, -922.1243686317553, -947.0902377300154, -953.3327721316493, -966.2614151788321, -982.3585409914634, -997.0159172196197, -1015.2847464401797, -1044.5782700908617, -1049.4523246002461, -1059.713057532211, -1064.868647328499, -1070.261415178832, -1072.7834819869752, -1089.290852430355, -1092.3465805203557, -1092.6045609293396]
 -- BestCostElement: [-1092.60456093 -1092.60456093 -1092.60456093 -1092.60456093]
 -- BestRoute: [array([ 0,  3,  4,  5,  7, 10,  9, 11,  0]), array([ 1, 17, 13, 14, 12, 15, 16, 18, 19,  1]), array([ 2, 30, 29, 26, 24, 25, 27, 28,  2])]
 -- Premio: 
 ---------19.077687230463567
 ---------18.53663105724556
 ---------16.73454147995595
 -- Custo: 
 ---------44.0
 ---------42.0
 ---------45.0
 - Execucao 17
 -- BestCostGenaration: [-461.78441515376807, -603.4237753247804, -736.0307020382755, -758.5285749031568, -787.1670164985615, -829.8046425964874, -841.2066349573697, -861.9236258428157, -885.6057004815423, -906.5957436264713, -923.3150716677595, -923.9014562717518, -951.5644617021553, -956.5186911359654, -974.4401724454746, -975.3191747775405, -1006.3033348801264, -1022.6389892667006, -1033.1527547849678, -1033.9224137483932, -1054.6869737478826, -1065.522542000861, -1085.3436209432252, -1086.235124340354]
 -- BestCostElement: [-1086.23512434 -1086.23512434 -1086.23512434 -1086.23512434]
 -- BestRoute: [array([ 0,  3,  4,  5,  7,  9, 11, 10,  0]), array([ 1, 14, 12, 15, 16, 18, 19, 21, 17,  1]), array([ 2, 24, 25, 27, 28, 29, 30, 26,  2])]
 -- Premio: 
 ---------19.97060945745574
 ---------18.084259940083065
 ---------17.886349517372675
 -- Custo: 
 ---------44.0
 ---------42.0
 ---------45.0
 - Execucao 18
 -- BestCostGenaration: [-380.8687569425718, -456.3916136093976, -558.726289713162, -657.5162722196924, -687.4859430116644, -764.1823558274837, -780.692251865564, -785.7733613409112, -807.9912639997852, -869.609343033449, -875.0578409899551, -905.6114837352719, -922.7970627786617, -925.8707861027427, -932.307893954772, -955.1790456234456, -989.5221913739532, -997.4574229516204, -1002.7180486180489, -1008.2929912045987, -1027.8189088776376, -1038.2586626558511, -1047.1091788497386, -1050.4378352896324, -1054.0562032827183, -1055.0564103368683, -1064.6045609293396, -1087.0267660311956, -1098.21767545261, -1106.84784497356, -1108.65732944221]
 -- BestCostElement: [-1108.65732944 -1108.65732944 -1108.65732944 -1108.65732944]
 -- BestRoute: [array([ 0,  5,  4,  3,  6,  8, 11,  9, 10,  0]), array([ 1, 17, 21, 19, 18, 16, 15, 12, 14,  1]), array([ 2, 24, 25, 27, 28, 29, 30, 26,  2])]
 -- Premio: 
 ---------19.36505818199175
 ---------18.084259940083065
 ---------17.886349517372675
 -- Custo: 
 ---------46.0
 ---------42.0
 ---------45.0
 - Execucao 19
 -- BestCostGenaration: [-335.11070929587424, -458.06479365730667, -627.4569217960202, -671.7883092818201, -698.445120268156, -700.6812432434427, -727.3336723029284, -809.5912988869693, -827.0940671178364, -832.9367867079711, -883.618085195569, -894.4817618517691, -917.0852899073337, -949.7378878561825, -966.5512231897281, -969.4365731567243, -1016.7180034273132, -1017.9182694283244, -1028.1911977782174, -1040.4403362364676, -1050.0006822468672, -1060.261415178832, -1068.7421441568263, -1073.5900716187257, -1078.3024901672259, -1083.1504176291255]
 -- BestCostElement: [-1083.15041763 -1083.15041763 -1078.30249017 -1073.84805203]
 -- BestRoute: [array([ 0,  5,  4,  3,  8, 11, 10,  9,  0]), array([ 1, 17, 13, 14, 12, 15, 16, 18, 19,  1]), array([ 2, 24, 25, 27, 28, 26, 30,  2])]
 -- Premio: 
 ---------19.25209583010962
 ---------18.53663105724556
 ---------16.423668705363433
 -- Custo: 
 ---------45.0
 ---------42.0
 ---------43.0
 - Execucao 20
 -- BestCostGenaration: [-381.9011960263157, -472.19157326395293, -533.547410445961, -618.4957021538769, -685.2250036942901, -715.8038969343488, -766.2796002358996, -790.2099451614079, -824.6523064787804, -847.987917602198, -866.3894068799009, -875.4966461976138, -891.9427402418745, -918.0348470046216, -928.5396287160138, -951.0639468915374, -975.9554502886662, -993.9332173692334, -1022.6958156986162, -1024.302653958219, -1050.5370960517057, -1054.8511984407546, -1085.2206350297402, -1090.1196749815383, -1092.698568221597, -1094.768785622212, -1099.1119313727195]
 -- BestCostElement: [-1099.11193137 -1099.11193137 -1099.11193137 -1099.11193137]
 -- BestRoute: [array([ 0,  5,  4,  3,  6,  8, 11, 10,  9,  0]), array([ 1, 17, 13, 14, 12, 15, 16, 18, 19,  1]), array([ 2, 28, 27, 25, 24, 22, 26, 30,  2])]
 -- Premio: 
 ---------19.36505818199175
 ---------18.53663105724556
 ---------17.320327917582855
 -- Custo: 
 ---------46.0
 ---------42.0
 ---------44.0
 - Execucao 21
 -- BestCostGenaration: [-313.4980506444404, -417.37017734420556, -615.3147662315877, -687.8002340505345, -728.444228980391, -740.508382985247, -778.5271824597914, -792.4059777377076, -865.1372376173175, -870.4175723000153, -879.8684649222146, -886.1696457806921, -889.2483565213051, -936.2470848114617, -956.0446088090041, -984.2616020147465, -993.1531054118753, -1004.1825426633982, -1023.522542000861, -1024.6720258069736, -1040.2088335018761, -1044.493104749338, -1050.5193955878162, -1061.1793962503532, -1069.4697734879906, -1089.290852430355]
 -- BestCostElement: [-1089.29085243 -1089.29085243 -1089.29085243 -1089.29085243]
 -- BestRoute: [array([ 0,  3,  4,  5,  7,  9, 10, 11,  0]), array([ 1, 17, 13, 14, 12, 15, 16, 18, 19,  1]), array([ 2, 30, 29, 26, 24, 25, 27, 28,  2])]
 -- Premio: 
 ---------19.90611435520976
 ---------18.53663105724556
 ---------16.73454147995595
 -- Custo: 
 ---------44.0
 ---------42.0
 ---------45.0
 - Execucao 22
 -- BestCostGenaration: [-418.2525566656759, -555.5258954680555, -596.1262655648914, -659.4202580665926, -709.4043649778922, -774.1957728281769, -784.8356742920903, -820.0323230128652, -850.2445055678165, -871.8437851269357, -922.8294596073149, -924.9210652144618, -944.984887540189, -950.6417417896813, -954.3397700783297, -1005.1212744790533, -1008.2088335018761, -1035.0589990688559, -1041.1475653175312, -1052.78098104014, -1067.9554502886663, -1073.5900716187257, -1075.6602890193406, -1080.261415178832, -1080.5715243890668, -1089.5637807802477, -1094.768785622212]
 -- BestCostElement: [-1094.76878562 -1094.76878562 -1090.11967498 -1089.56378078]
 -- BestRoute: [array([ 0,  5,  4,  3,  6,  8, 11, 10,  9,  0]), array([ 1, 17, 13, 14, 12, 15, 16, 18, 19,  1]), array([ 2, 28, 27, 25, 24, 26, 30,  2])]
 -- Premio: 
 ---------19.36505818199175
 ---------18.53663105724556
 ---------15.906114355209759
 -- Custo: 
 ---------46.0
 ---------42.0
 ---------43.0
 - Execucao 23
 -- BestCostGenaration: [-423.3164222545597, -475.7805224098448, -544.6718620159804, -683.1197721047212, -728.1554886926573, -798.915309851194, -848.2608389710767, -858.7882660186638, -932.153312466025, -937.7177963731637, -943.8115520892756, -955.90667495461, -960.6132377049514, -964.6992491435045, -1010.8254016882697, -1013.026061579345, -1023.336623665285, -1029.389392178155, -1037.8068132483227, -1059.8439941086644, -1064.7660330992308, -1087.4217890068085, -1091.100336899005, -1100.037863107209, -1101.4523246002461, -1103.7164109994055, -1113.264561591877]
 -- BestCostElement: [-1113.26456159 -1113.26456159 -1113.26456159 -1113.26456159]
 -- BestRoute: [array([ 0,  5,  4,  3,  6,  8, 11, 10,  9,  0]), array([ 1, 17, 21, 19, 18, 16, 15, 12, 14,  1]), array([ 2, 30, 29, 26, 24, 25, 27, 28,  2])]
 -- Premio: 
 ---------19.36505818199175
 ---------18.084259940083065
 ---------16.73454147995595
 -- Custo: 
 ---------46.0
 ---------42.0
 ---------45.0
 - Execucao 24
 -- BestCostGenaration: [-411.0243889939504, -430.0501197842153, -546.7557053990172, -612.7917447795771, -694.739767119581, -719.5527681776787, -752.143588782771, -830.9572295524883, -844.8177465333431, -867.8323996349501, -874.2553955896802, -913.2548117909557, -916.6249738238445, -939.5987483943376, -942.0006822468674, -957.4792963606316, -971.6279785917106, -982.7353337148002, -994.882273310921, -1005.5380292184987, -1012.3438279973749, -1021.3164388169823, -1025.5008483581569, -1033.5082597443968, -1047.8439941086644, -1048.4403362364678, -1063.0564103368683, -1065.126627737483]
 -- BestCostElement: [-1065.12662774 -1063.05641034 -1062.60456093 -1062.07089965]
 -- BestRoute: [array([ 0,  3,  4,  5,  7, 10,  9, 11,  0]), array([ 1, 17, 13, 14, 12, 15, 16, 18,  1]), array([ 2, 28, 27, 25, 24, 26, 29, 30,  2])]
 -- Premio: 
 ---------19.077687230463567
 ---------17.90611435520976
 ---------16.73454147995595
 -- Custo: 
 ---------44.0
 ---------39.0
 ---------45.0
 - Execucao 25
 -- BestCostGenaration: [-337.4718049966981, -390.9569242049097, -571.9015014624875, -630.1341623645728, -668.8045541425951, -710.6702706108698, -755.9188703725383, -775.1500022619869, -802.8266524864564, -844.7860953668281, -876.1835126777512, -900.6430471857459, -930.3962458833378, -945.4433188585194, -952.0707358564889, -965.713057532211, -988.0750439675508, -1005.6974698796823, -1021.3264863751668, -1041.4630277861954, -1053.7689926763614, -1068.7421441568263, -1073.5900716187257, -1078.3024901672259, -1083.1504176291255, -1085.2206350297402, -1089.5637807802477, -1094.768785622212, -1099.1119313727195]
 -- BestCostElement: [-1099.11193137 -1099.11193137 -1099.11193137 -1099.11193137]
 -- BestRoute: [array([ 0,  5,  4,  3,  6,  8, 11, 10,  9,  0]), array([ 1, 17, 13, 14, 12, 15, 16, 18, 19,  1]), array([ 2, 28, 27, 25, 24, 22, 26, 30,  2])]
 -- Premio: 
 ---------19.36505818199175
 ---------18.53663105724556
 ---------17.320327917582855
 -- Custo: 
 ---------46.0
 ---------42.0
 ---------44.0
 - Execucao 26
 -- BestCostGenaration: [-332.35799325652573, -457.067589443444, -607.4508570161325, -705.2711902963584, -722.1073244451682, -778.311080541814, -816.58686046545, -837.4528638769749, -866.7016701126462, -910.8450924505792, -925.7960096274824, -946.9067348470915, -961.8473475758591, -972.1654080953397, -992.5751669409733, -1029.1091788497386, -1030.1169224585574, -1036.7571911484972, -1060.7504454467023, -1073.8480520277099, -1077.1617605266945, -1087.997328779673]
 -- BestCostElement: [-1087.99732878 -1087.99732878 -1087.99732878 -1087.99732878]
 -- BestRoute: [array([ 0,  3,  4,  5,  7, 10,  9, 11,  0]), array([ 1, 17, 13, 14, 12, 15, 16, 18, 19,  1]), array([ 2, 28, 27, 25, 24, 29, 30, 26,  2])]
 -- Premio: 
 ---------19.077687230463567
 ---------18.53663105724556
 ---------17.886349517372675
 -- Custo: 
 ---------44.0
 ---------42.0
 ---------45.0
 - Execucao 27
 -- BestCostGenaration: [-320.0802808749444, -413.10340315456307, -505.48867758809394, -581.7058512725416, -665.9837726358518, -742.5691473518215, -744.300277009567, -792.7565696614131, -811.0932405703023, -820.1282653561263, -936.8362504998456, -964.4560102900198, -976.0675074128817, -996.5674664700214, -1004.2351243403541, -1009.0151715574812, -1028.3612768851194, -1042.5255015779912, -1048.1823558274837, -1056.9477066798472, -1061.5549388295142, -1064.868647328499, -1065.126627737483]
 -- BestCostElement: [-1065.12662774 -1064.86864733 -1062.86254134 -1062.60456093]
 -- BestRoute: [array([ 0,  3,  4,  5,  7, 10,  9, 11,  0]), array([ 1, 17, 13, 14, 12, 15, 16, 18,  1]), array([ 2, 30, 29, 26, 24, 25, 27, 28,  2])]
 -- Premio: 
 ---------19.077687230463567
 ---------17.90611435520976
 ---------16.73454147995595
 -- Custo: 
 ---------44.0
 ---------39.0
 ---------45.0
 - Execucao 28
 -- BestCostGenaration: [-319.1060007378236, -386.6727527504965, -472.7352698054488, -605.4148795140204, -670.3195718289437, -704.9305880871028, -710.5008916213135, -817.6623205280481, -858.8799576797363, -871.4941027449551, -888.0830950654104, -913.0872762253057, -933.203680227989, -934.3749028675413, -939.1871831223286, -939.2642109649694, -959.6283933462876, -970.7296431803566, -977.7108416896397, -986.0824941211964, -1013.2253738706929, -1016.0268092943521, -1019.082537384353, -1035.7688288853683, -1039.165113993889, -1055.9304648462526, -1058.9861929362535, -1068.534343528725, -1070.824556975369, -1072.616756347268, -1082.1649069397395, -1094.6869737478826, -1100.037863107209, -1111.0004751927177, -1111.455077123227, -1112.698568221597, -1113.6165492931184, -1114.508052690247]
 -- BestCostElement: [-1114.50805269 -1114.50805269 -1114.50805269 -1114.50805269]
 -- BestRoute: [array([ 0,  5,  4,  3,  6,  8, 11,  9, 10,  0]), array([ 1, 17, 21, 19, 18, 16, 15, 12, 14,  1]), array([ 2, 26, 29, 30, 28, 27, 25, 24,  2])]
 -- Premio: 
 ---------19.36505818199175
 ---------18.084259940083065
 ---------16.42366870536343
 -- Custo: 
 ---------46.0
 ---------42.0
 ---------45.0
 - Execucao 29
 -- BestCostGenaration: [-401.5738429296177, -432.0073528079142, -638.8457733724867, -655.7174909369917, -718.2814774464293, -776.8254016882697, -798.0237060191743, -798.445120268156, -827.241546079279, -853.326666141474, -857.6142908561304, -916.7551842876551, -936.2586626558511, -974.9010275947298, -983.7588287671408, -987.067589443444, -1054.818614776187, -1057.6278921906874, -1068.1762498373082, -1084.683620280688, -1085.4752619715296, -1087.997328779673]
 -- BestCostElement: [-1087.99732878 -1087.99732878 -1087.99732878 -1087.99732878]
 -- BestRoute: [array([ 0,  3,  4,  5,  7, 10,  9, 11,  0]), array([ 1, 17, 13, 14, 12, 15, 16, 18, 19,  1]), array([ 2, 28, 27, 25, 24, 29, 30, 26,  2])]
 -- Premio: 
 ---------19.077687230463567
 ---------18.53663105724556
 ---------17.886349517372675
 -- Custo: 
 ---------44.0
 ---------42.0
 ---------45.0
