 - Execucao 0
 - BestCostGenaration: []
 - BestCostElement: [-631.90082054 -631.90082054 -622.35266995 -608.84509245]
 - BestRoute: [[array([  0.,   4.,   3.,   2.,   5.,   7.,  10.,   9.,   8.,   0.]), array([  1.,  12.,  13.,  14.,  16.,  17.,  15.,   1.])], [array([  0.,   4.,   3.,   2.,   5.,   7.,  10.,   9.,   8.,   0.]), array([  1.,  12.,  13.,  14.,  16.,  17.,  15.,   1.])], [array([  0.,   4.,   3.,   2.,   7.,  10.,   9.,   8.,   0.]), array([  1.,  12.,  13.,  14.,  16.,  17.,  15.,   1.])], [array([  0.,   4.,   3.,   2.,   5.,   7.,  10.,   9.,   8.,   0.]), array([  1.,  17.,  16.,  15.,  12.,  13.,   1.])], [array([  0.,   4.,   3.,   2.,   5.,   7.,  10.,   9.,   8.,   0.]), array([  1.,  17.,  16.,  15.,  12.,  13.,   1.])], [array([  0.,   4.,   3.,   2.,   5.,   7.,  10.,   9.,   8.,   0.]), array([  1.,  15.,  17.,  12.,  11.,  13.,   1.])], [array([  0.,   4.,   3.,   2.,   5.,   7.,  10.,   9.,   8.,   0.]), array([  1.,  11.,  14.,  16.,  17.,  20.,   1.])], [array([  0.,   4.,   3.,   2.,   5.,   7.,  10.,   9.,   8.,   0.]), array([  1.,  16.,  17.,  15.,  11.,   1.])], [array([  0.,   9.,  10.,   8.,   6.,   4.,   3.,   2.,   0.]), array([  1.,  17.,  16.,  15.,  12.,  13.,   1.])], [array([  0.,   4.,   3.,   5.,   7.,  10.,   9.,   8.,   0.]), array([  1.,  11.,  17.,  16.,  13.,  15.,   1.])], [array([  0.,   4.,   3.,   2.,   5.,   7.,  10.,   9.,   8.,   0.]), array([  1.,  17.,  12.,  11.,  13.,   1.])], [array([  0.,   4.,   3.,   2.,   5.,   7.,  10.,   9.,   8.,   0.]), array([  1.,  17.,  12.,  11.,  13.,   1.])], [array([  0.,   4.,   3.,   2.,   5.,   7.,  10.,   9.,   8.,   0.]), array([  1.,  17.,  12.,  11.,  13.,   1.])], [array([  0.,   4.,   3.,   2.,   5.,  10.,   9.,   8.,   0.]), array([  1.,  17.,  15.,  12.,  11.,  13.,   1.])], [array([  0.,   4.,   3.,   2.,   5.,  10.,   9.,   8.,   0.]), array([  1.,  17.,  15.,  12.,  11.,  13.,   1.])], [array([  0.,   4.,   3.,   2.,   5.,   7.,  10.,   9.,   8.,   0.]), array([  1.,  16.,  18.,  12.,  11.,  13.,   1.])], [array([  0.,   4.,   3.,   2.,   9.,   8.,  10.,   0.]), array([  1.,  17.,  15.,  12.,  11.,  13.,   1.])], [array([  0.,   4.,   3.,   2.,  10.,   9.,   8.,   0.]), array([  1.,  17.,  16.,  11.,  13.,   1.])], [array([  0.,   4.,   3.,   2.,   5.,   7.,  10.,   9.,   8.,   0.]), array([  1.,  16.,  12.,  11.,  13.,   1.])], [array([  0.,   4.,   3.,   2.,   9.,   8.,  10.,   0.]), array([  1.,  16.,  17.,  15.,  12.,  13.,   1.])], [array([  0.,   4.,   3.,   2.,   9.,   8.,  10.,   0.]), array([  1.,  17.,  16.,  13.,  20.,  18.,   1.])], [array([  0.,   4.,   3.,   2.,   9.,   8.,  10.,   0.]), array([  1.,  15.,  17.,  12.,  11.,  13.,   1.])], [array([ 0.,  4.,  3.,  6.,  9.,  8.,  0.]), array([  1.,  15.,  18.,  17.,  16.,  14.,  13.,  11.,   1.])], [array([  0.,   3.,   9.,   8.,  10.,   7.,   0.]), array([  1.,  16.,  17.,  15.,  12.,  11.,  13.,   1.])], [array([  0.,   4.,   3.,   9.,   8.,  10.,   7.,   0.]), array([  1.,  17.,  13.,  16.,  15.,  20.,   1.])], [array([  0.,   4.,   3.,   9.,   8.,  10.,   7.,   0.]), array([  1.,  17.,  16.,  11.,  13.,   1.])], [array([  0.,   3.,   2.,   9.,   8.,  10.,   0.]), array([  1.,  18.,  17.,  16.,  14.,  13.,  11.,   1.])], [array([  0.,   2.,   3.,   4.,  10.,   8.,   0.]), array([  1.,  18.,  17.,  11.,  13.,  16.,   1.])], [array([  0.,   4.,   3.,   9.,   8.,  10.,   7.,   0.]), array([  1.,  11.,  16.,  17.,  12.,   1.])], [array([  0.,   3.,   4.,   9.,  10.,   7.,   0.]), array([  1.,  17.,  13.,  11.,  14.,  16.,   1.])], [array([  0.,   3.,  10.,   9.,   8.,   6.,   4.,   0.]), array([  1.,  17.,  18.,  11.,  16.,   1.])], [array([  0.,   5.,   2.,   3.,   4.,  10.,   8.,   0.]), array([  1.,  19.,  17.,  13.,  16.,  18.,   1.])], [array([ 0.,  3.,  4.,  9.,  8.,  7.,  6.,  0.]), array([  1.,  17.,  19.,  16.,  13.,  12.,   1.])], [array([  0.,   3.,   2.,   4.,  10.,   8.,   0.]), array([  1.,  18.,  17.,  13.,  16.,   1.])], [array([ 0.,  4.,  3.,  9.,  8.,  6.,  0.]), array([  1.,  16.,  17.,  20.,  11.,  15.,   1.])], [array([  0.,  10.,   9.,   4.,   3.,   0.]), array([  1.,  16.,  17.,  20.,  11.,  15.,   1.])], [array([  0.,   4.,   9.,   8.,  10.,   7.,   6.,   0.]), array([  1.,  16.,  17.,  20.,  11.,   1.])], [array([  0.,   4.,  10.,   9.,   8.,   6.,   0.]), array([  1.,  13.,  17.,  16.,  15.,   1.])], [array([  0.,   4.,   9.,   8.,  10.,   7.,   6.,   0.]), array([  1.,  13.,  11.,  16.,  15.,   1.])], [array([ 0.,  4.,  3.,  9.,  8.,  7.,  6.,  0.]), array([  1.,  17.,  14.,  16.,  18.,   1.])], [array([  0.,   4.,   9.,  10.,   8.,   6.,   0.]), array([  1.,  16.,  12.,  11.,  13.,   1.])], [array([ 0.,  4.,  9.,  8.,  7.,  6.,  0.]), array([  1.,  11.,  19.,  16.,  17.,   1.])], [array([ 0.,  6.,  9.,  8.,  3.,  0.]), array([  1.,  13.,  17.,  11.,  14.,   1.])], [array([  0.,   3.,  10.,   8.,   0.]), array([  1.,  13.,  17.,  11.,  14.,   1.])], [array([  0.,   3.,  10.,   8.,   0.]), array([  1.,  13.,  11.,  12.,  15.,  14.,   1.])], [array([  0.,   6.,   8.,   3.,   7.,  20.,   0.]), array([  1.,  18.,  14.,  11.,   2.,   1.])], [array([  0.,   2.,   9.,  16.,   0.]), array([  1.,  20.,  19.,   6.,   1.])], [array([  0.,   3.,  17.,   0.]), array([ 1.,  7.,  1.])], [array([  0.,  15.,   0.]), array([ 1.,  7.,  1.])]]
 - Premio: 
 ---------19.365058182
 ---------17.6597366829
 - Custo: 
 ---------46.0
 ---------32.0
 - Execucao 1
 - BestCostGenaration: []
 - BestCostElement: [-620.46881037 -620.46881037 -620.46881037 -611.67716868]
 - BestRoute: [[array([  0.,   3.,  10.,   9.,   6.,   4.,   0.]), array([  1.,  13.,  16.,  17.,  18.,  20.,  15.,  11.,  12.,   1.])], [array([  0.,   3.,  10.,   9.,   6.,   4.,   0.]), array([  1.,  13.,  16.,  17.,  18.,  20.,  15.,  11.,  12.,   1.])], [array([  0.,   3.,  10.,   9.,   6.,   4.,   0.]), array([  1.,  13.,  16.,  17.,  18.,  20.,  15.,  11.,  12.,   1.])], [array([  0.,   9.,  10.,   3.,   6.,   4.,   0.]), array([  1.,  13.,  16.,  17.,  18.,  20.,  15.,  11.,  12.,   1.])], [array([ 0.,  9.,  8.,  6.,  4.,  3.,  0.]), array([  1.,  13.,  16.,  17.,  18.,  20.,  15.,  11.,  12.,   1.])], [array([  0.,   9.,  10.,   4.,   3.,   0.]), array([  1.,  13.,  16.,  17.,  18.,  20.,  15.,  11.,  12.,   1.])], [array([  0.,  10.,   8.,   4.,   3.,   0.]), array([  1.,  13.,  16.,  17.,  18.,  20.,  15.,  11.,  12.,   1.])], [array([  0.,  10.,   7.,   8.,   9.,   4.,   0.]), array([  1.,  13.,  16.,  17.,  18.,  20.,  15.,  11.,  12.,   1.])], [array([  0.,   3.,  10.,   9.,   4.,   0.]), array([  1.,  13.,  16.,  17.,  18.,  20.,  15.,  11.,  12.,   1.])], [array([  0.,   8.,  10.,   7.,   9.,   4.,   0.]), array([  1.,  13.,  16.,  17.,  18.,  20.,  15.,  11.,  12.,   1.])], [array([  0.,   3.,   9.,  10.,   4.,   0.]), array([  1.,  13.,  16.,  17.,  18.,  20.,  15.,  11.,  12.,   1.])], [array([  0.,  10.,   8.,   7.,   9.,   4.,   0.]), array([  1.,  13.,  16.,  17.,  18.,  20.,  15.,  11.,  12.,   1.])], [array([  0.,  10.,   8.,   7.,   9.,   4.,   0.]), array([  1.,  13.,  16.,  17.,  18.,  20.,  15.,  11.,  12.,   1.])], [array([ 0.,  8.,  7.,  9.,  6.,  3.,  0.]), array([  1.,  13.,  16.,  17.,  18.,  20.,  15.,  11.,  12.,   1.])], [array([  0.,   7.,  10.,   9.,   6.,   4.,   3.,   0.]), array([  1.,  15.,  12.,  17.,  16.,  14.,  13.,   1.])], [array([  0.,  10.,   9.,   8.,   6.,   4.,   3.,   0.]), array([  1.,  17.,  19.,  16.,  14.,  11.,  12.,   1.])], [array([  0.,  10.,   8.,   9.,   6.,   4.,   3.,   0.]), array([  1.,  17.,  11.,  16.,  14.,  13.,   1.])], [array([  0.,   9.,   6.,   8.,  10.,   4.,   3.,   0.]), array([  1.,  16.,  17.,  14.,  13.,  11.,   1.])], [array([  0.,  10.,   9.,   8.,   6.,   4.,   3.,   0.]), array([  1.,  11.,  17.,  16.,  13.,   1.])], [array([  0.,  10.,   9.,   8.,   6.,   4.,   3.,   0.]), array([  1.,  11.,  17.,  16.,  13.,   1.])], [array([  0.,   9.,  10.,   8.,   6.,   4.,   3.,   0.]), array([  1.,  12.,  14.,  16.,  13.,  11.,   1.])], [array([  0.,  10.,   9.,   6.,   4.,   3.,   0.]), array([  1.,  16.,  13.,  11.,  17.,  19.,   1.])], [array([  0.,   3.,   6.,   8.,  10.,   9.,   0.]), array([  1.,  12.,  17.,  16.,  13.,  11.,   1.])], [array([  0.,   3.,   4.,  10.,   9.,   0.]), array([  1.,  12.,  17.,  16.,  13.,  11.,   1.])], [array([  0.,   9.,  10.,   8.,   6.,   4.,   3.,   0.]), array([  1.,  12.,  16.,  13.,  11.,   1.])], [array([  0.,   9.,  10.,   7.,   6.,   4.,   3.,   0.]), array([  1.,  14.,  13.,  17.,  19.,  11.,   1.])], [array([  0.,  10.,   9.,   8.,   3.,   0.]), array([  1.,  12.,  17.,  16.,  13.,  11.,   1.])], [array([  0.,   3.,  10.,   9.,   4.,   0.]), array([  1.,  16.,  17.,  13.,  11.,   1.])], [array([ 0.,  7.,  3.,  9.,  4.,  0.]), array([  1.,  16.,  17.,  18.,  20.,  11.,  12.,   1.])], [array([  0.,   3.,   6.,  10.,   9.,   4.,   0.]), array([  1.,  11.,  12.,  17.,  13.,   1.])], [array([  0.,   7.,  10.,   8.,   2.,   3.,   0.]), array([  1.,  16.,  17.,  15.,  13.,   1.])], [array([ 0.,  2.,  9.,  6.,  4.,  3.,  0.]), array([  1.,  11.,  17.,  15.,  13.,   1.])], [array([  0.,   3.,  10.,   9.,   4.,   0.]), array([  1.,  13.,  16.,  17.,   1.])], [array([ 0.,  2.,  9.,  6.,  4.,  3.,  0.]), array([  1.,  13.,  17.,  19.,  11.,   1.])], [array([  0.,  10.,   8.,   2.,   3.,   0.]), array([  1.,  12.,  17.,  13.,  11.,   1.])], [array([  0.,   2.,  15.,   0.]), array([  1.,  12.,  18.,  16.,   8.,   1.])], [array([  0.,  17.,   0.]), array([  1.,  10.,   1.])], [array([  0.,  18.,   0.]), array([ 1.,  9.,  1.])], [array([  0.,  14.,   0.]), array([ 1.,  7.,  1.])]]
 - Premio: 
 ---------17.6193935875
 ---------19.7634038197
 - Custo: 
 ---------33.0
 ---------44.0
 - Execucao 2
 - BestCostGenaration: []
 - BestCostElement: [-594.68362028 -594.68362028 -592.98064294 -588.98356558]
 - BestRoute: [[array([  0.,   3.,   2.,   4.,   6.,   9.,  10.,   8.,   0.]), array([  1.,  17.,  15.,  12.,  11.,  13.,   1.])], [array([  0.,   3.,   2.,   4.,   6.,   9.,  10.,   8.,   0.]), array([  1.,  17.,  15.,  12.,  11.,  13.,   1.])], [array([  0.,  10.,   8.,   9.,   2.,   3.,   4.,   0.]), array([  1.,  15.,  11.,  17.,  16.,  13.,   1.])], [array([  0.,   3.,   2.,   4.,   6.,   9.,  10.,   8.,   0.]), array([  1.,  12.,  11.,  15.,  16.,  13.,  14.,   1.])], [array([  0.,   3.,   2.,   4.,   6.,   9.,  10.,   8.,   0.]), array([  1.,  17.,  12.,  11.,  15.,  13.,   1.])], [array([  0.,   3.,   2.,   4.,   6.,   9.,  10.,   8.,   0.]), array([  1.,  17.,  12.,  11.,  15.,  13.,   1.])], [array([  0.,   9.,   8.,  10.,   2.,   3.,   4.,   0.]), array([  1.,  17.,  11.,  13.,  14.,  16.,   1.])], [array([  0.,   3.,   2.,   4.,   6.,   9.,  10.,   8.,   0.]), array([  1.,  12.,  16.,  13.,  14.,  17.,   1.])], [array([  0.,   3.,   2.,   4.,   6.,   9.,  10.,   8.,   0.]), array([  1.,  12.,  11.,  16.,  17.,   1.])], [array([  0.,   9.,   8.,  10.,   2.,   3.,   4.,   0.]), array([  1.,  17.,  11.,  16.,  13.,   1.])], [array([  0.,   3.,   2.,   4.,   9.,  10.,   8.,   0.]), array([  1.,  17.,  13.,  14.,  16.,  12.,   1.])], [array([  0.,  10.,   8.,   9.,   7.,   3.,   4.,   0.]), array([  1.,  11.,  17.,  16.,  13.,   1.])], [array([  0.,   3.,   4.,   6.,   9.,  10.,   8.,   0.]), array([  1.,  15.,  16.,  13.,  17.,  12.,   1.])], [array([  0.,   2.,   3.,  10.,   8.,   0.]), array([  1.,  15.,  12.,  11.,  13.,  19.,  17.,  16.,   1.])], [array([  0.,   3.,   4.,   6.,   9.,  10.,   8.,   0.]), array([  1.,  13.,  16.,  17.,  20.,   1.])], [array([  0.,   3.,   4.,   6.,   9.,  10.,   8.,   0.]), array([  1.,  17.,  12.,  11.,  16.,   1.])], [array([  0.,   3.,   4.,   6.,   9.,  10.,   8.,   0.]), array([  1.,  16.,  13.,  17.,  12.,   1.])], [array([  0.,   3.,   4.,   6.,   9.,  10.,   8.,   0.]), array([  1.,  15.,  12.,  19.,  17.,  16.,   1.])], [array([  0.,   7.,  10.,   9.,   3.,   4.,   0.]), array([  1.,  11.,  15.,  19.,  17.,  16.,   1.])], [array([  0.,  10.,   8.,   9.,   3.,   4.,   0.]), array([  1.,  17.,  15.,  11.,  16.,   1.])], [array([  0.,   3.,   4.,   9.,  10.,   0.]), array([  1.,  13.,  11.,  16.,  17.,   1.])], [array([  0.,  10.,   9.,   3.,   4.,   0.]), array([  1.,  16.,  17.,  20.,  12.,  13.,   1.])], [array([  0.,  10.,   6.,   9.,   3.,   4.,   0.]), array([  1.,  11.,  16.,  17.,  20.,   1.])], [array([  0.,   3.,   4.,   9.,  10.,   8.,   0.]), array([  1.,  13.,  16.,  15.,  20.,   1.])], [array([ 0.,  8.,  4.,  3.,  0.]), array([  1.,  17.,  14.,  13.,  11.,   1.])], [array([ 0.,  4.,  9.,  3.,  0.]), array([  1.,  13.,  15.,  11.,  17.,   1.])], [array([  0.,  10.,   9.,   3.,   4.,   0.]), array([  1.,  14.,  16.,  20.,  15.,   1.])], [array([  0.,  10.,   9.,   3.,   4.,   0.]), array([  1.,  20.,  17.,  12.,   1.])], [array([  0.,   8.,   3.,  20.,   0.]), array([ 1.,  9.,  1.])], [array([  0.,   9.,  15.,   0.]), array([ 1.,  6.,  1.])], [array([  0.,   8.,  17.,   0.]), array([ 1.,  2.,  1.])], [array([  0.,  17.,   0.]), array([ 1.,  4.,  1.])]]
 - Premio: 
 ---------19.7726990347
 ---------16.5563958951
 - Custo: 
 ---------44.0
 ---------30.0
 - Execucao 3
 - BestCostGenaration: []
 - BestCostElement: [-583.33076934 -582.37490287 -581.26934562 -578.49788878]
 - BestRoute: [[array([  0.,   2.,   3.,   4.,   6.,   8.,  10.,   9.,   0.]), array([  1.,  12.,  11.,  17.,  13.,  15.,   1.])], [array([  0.,   2.,   3.,   4.,   6.,   8.,  10.,   9.,   0.]), array([  1.,  18.,  17.,  13.,  12.,  11.,   1.])], [array([  0.,   2.,   3.,   4.,   6.,   8.,  10.,   9.,   0.]), array([  1.,  16.,  18.,  17.,  12.,  11.,   1.])], [array([  0.,   2.,   3.,   4.,   6.,   8.,  10.,   9.,   0.]), array([  1.,  17.,  14.,  13.,  16.,  15.,   1.])], [array([  0.,   2.,   3.,   4.,  10.,   8.,   9.,   0.]), array([  1.,  11.,  17.,  14.,  13.,  16.,   1.])], [array([  0.,   4.,   3.,   6.,   8.,  10.,   0.]), array([  1.,  12.,  11.,  13.,  14.,  16.,  17.,  15.,   1.])], [array([  0.,   2.,   3.,   4.,  10.,   8.,   9.,   0.]), array([  1.,  13.,  17.,  19.,  16.,  11.,   1.])], [array([  0.,   2.,   3.,   4.,  10.,   8.,   9.,   0.]), array([  1.,  12.,  15.,  11.,  13.,  17.,   1.])], [array([  0.,   2.,   3.,   4.,  10.,   8.,   9.,   0.]), array([  1.,  12.,  13.,  16.,  17.,  18.,   1.])], [array([  0.,   2.,   3.,   4.,  10.,   8.,   9.,   0.]), array([  1.,  14.,  13.,  16.,  17.,  15.,   1.])], [array([  0.,   2.,   3.,   4.,  10.,   8.,   9.,   0.]), array([  1.,  17.,  11.,  16.,  13.,   1.])], [array([  0.,   3.,   8.,   7.,  10.,   9.,   0.]), array([  1.,  12.,  11.,  16.,  13.,  17.,  18.,   1.])], [array([  0.,   3.,   4.,  10.,   8.,   9.,   0.]), array([  1.,  13.,  17.,  19.,  16.,  11.,   1.])], [array([  0.,   3.,   4.,   2.,  10.,   0.]), array([  1.,  18.,  17.,  16.,  13.,  12.,  11.,   1.])], [array([  0.,   3.,   5.,   7.,  10.,   9.,   0.]), array([  1.,  12.,  11.,  16.,  13.,  17.,  18.,   1.])], [array([  0.,   3.,   5.,   7.,  10.,   9.,   0.]), array([  1.,  12.,  11.,  16.,  13.,  17.,  18.,   1.])], [array([  0.,   4.,   3.,  10.,   9.,   0.]), array([  1.,  12.,  11.,  16.,  13.,  17.,   1.])], [array([  0.,   3.,   7.,  10.,   9.,   4.,   0.]), array([  1.,  11.,  13.,  20.,  18.,  17.,   1.])], [array([ 0.,  6.,  9.,  2.,  3.,  0.]), array([  1.,  12.,  11.,  13.,  16.,  17.,  18.,   1.])], [array([  0.,   8.,   7.,  10.,   4.,   0.]), array([  1.,  12.,  11.,  13.,  16.,  17.,  15.,   1.])], [array([  0.,   6.,   9.,  10.,   8.,   7.,   4.,   0.]), array([  1.,  13.,  11.,  15.,  17.,  18.,   1.])], [array([  0.,  10.,   8.,   9.,   4.,   0.]), array([  1.,  15.,  20.,  18.,  13.,  17.,  16.,   1.])], [array([  0.,   9.,  10.,   8.,   2.,   4.,   0.]), array([  1.,  15.,  20.,  18.,  17.,  16.,   1.])], [array([  0.,  10.,   8.,   9.,   4.,   0.]), array([  1.,  17.,  16.,  13.,  11.,  14.,   1.])], [array([  0.,  10.,   9.,   2.,   4.,   0.]), array([  1.,  13.,  14.,  20.,  18.,  17.,   1.])], [array([  0.,   3.,   8.,  10.,   0.]), array([  1.,  12.,  11.,  20.,  17.,  18.,   1.])], [array([  0.,   7.,  10.,   2.,   4.,   0.]), array([  1.,  13.,  18.,  16.,  17.,   1.])], [array([ 0.,  3.,  7.,  2.,  0.]), array([  1.,  17.,  16.,  12.,  11.,  14.,   1.])], [array([  0.,   2.,  10.,  11.,   0.]), array([  1.,  18.,  15.,  14.,   7.,   1.])], [array([  0.,   8.,   4.,   9.,  14.,   0.]), array([  1.,  18.,  10.,   1.])], [array([  0.,   6.,   7.,  16.,   0.]), array([  1.,  10.,   1.])], [array([  0.,  20.,   0.]), array([ 1.,  4.,  1.])]]
 - Premio: 
 ---------19.9706094575
 ---------19.1966982076
 - Custo: 
 ---------44.0
 ---------30.0
 - Execucao 4
 - BestCostGenaration: []
 - BestCostElement: [-589.38185562 -588.07688929 -587.20568709 -587.20568709]
 - BestRoute: [[array([  0.,  10.,   8.,   9.,   4.,   3.,   2.,   0.]), array([  1.,  12.,  11.,  13.,  17.,  18.,  15.,   1.])], [array([  0.,   3.,  10.,   8.,   9.,   6.,   0.]), array([  1.,  12.,  11.,  13.,  14.,  16.,  17.,  18.,  15.,   1.])], [array([  0.,   3.,   8.,  10.,   9.,   6.,   0.]), array([  1.,  12.,  11.,  13.,  14.,  16.,  17.,  18.,  15.,   1.])], [array([  0.,   3.,   8.,  10.,   9.,   6.,   0.]), array([  1.,  12.,  11.,  13.,  14.,  16.,  17.,  18.,  15.,   1.])], [array([  0.,   8.,  10.,   9.,   6.,   4.,   3.,   2.,   0.]), array([  1.,  12.,  11.,  17.,  13.,  15.,   1.])], [array([  0.,   8.,  10.,   9.,   6.,   4.,   3.,   2.,   0.]), array([  1.,  12.,  11.,  17.,  13.,  15.,   1.])], [array([  0.,   8.,  10.,   9.,   6.,   4.,   3.,   2.,   0.]), array([  1.,  17.,  13.,  16.,  18.,  15.,   1.])], [array([  0.,  10.,   8.,   9.,   6.,   4.,   3.,   2.,   0.]), array([  1.,  17.,  13.,  14.,  16.,  15.,   1.])], [array([  0.,   8.,  10.,   9.,   6.,   4.,   3.,   2.,   0.]), array([  1.,  14.,  13.,  16.,  17.,  18.,   1.])], [array([  0.,  10.,   8.,   9.,   6.,   4.,   3.,   2.,   0.]), array([  1.,  13.,  14.,  17.,  16.,  15.,   1.])], [array([  0.,   8.,  10.,   9.,   6.,   4.,   3.,   2.,   0.]), array([  1.,  12.,  13.,  17.,  16.,  18.,   1.])], [array([  0.,   9.,   8.,  10.,   4.,   3.,   2.,   0.]), array([  1.,  17.,  18.,  11.,  13.,  16.,   1.])], [array([  0.,  10.,   8.,   9.,   4.,   3.,   2.,   0.]), array([  1.,  13.,  16.,  17.,  18.,  15.,   1.])], [array([  0.,  10.,   8.,   9.,   6.,   4.,   3.,   2.,   0.]), array([  1.,  15.,  12.,  11.,  17.,  18.,   1.])], [array([  0.,   3.,   9.,  10.,   8.,   4.,   0.]), array([  1.,  11.,  13.,  16.,  17.,  18.,  15.,   1.])], [array([  0.,   9.,  10.,   8.,   4.,   3.,   2.,   0.]), array([  1.,  11.,  12.,  13.,  16.,  18.,  15.,   1.])], [array([  0.,   9.,   8.,  10.,   4.,   3.,   2.,   0.]), array([  1.,  13.,  17.,  18.,  15.,  11.,   1.])], [array([  0.,  10.,   8.,   9.,   4.,   3.,   2.,   0.]), array([  1.,  12.,  11.,  17.,  18.,  15.,   1.])], [array([  0.,  10.,   8.,   9.,   4.,   3.,   2.,   0.]), array([  1.,  12.,  11.,  17.,  18.,  15.,   1.])], [array([ 0.,  4.,  2.,  3.,  0.]), array([  1.,  12.,  11.,  13.,  14.,  16.,  17.,  18.,  15.,   1.])], [array([  0.,   3.,   4.,   8.,  10.,   0.]), array([  1.,  12.,  11.,  16.,  17.,  18.,  15.,   1.])], [array([  0.,  10.,   8.,   4.,   2.,   3.,   0.]), array([  1.,  18.,  17.,  13.,  16.,  20.,   1.])], [array([  0.,   7.,   8.,  10.,   3.,   6.,   0.]), array([  1.,  12.,  11.,  14.,  16.,  17.,  18.,  15.,   1.])], [array([ 0.,  9.,  8.,  4.,  3.,  7.,  0.]), array([  1.,  11.,  18.,  17.,  13.,  16.,   1.])], [array([ 0.,  9.,  8.,  4.,  3.,  2.,  0.]), array([  1.,  16.,  17.,  18.,  13.,  15.,   1.])], [array([ 0.,  8.,  9.,  4.,  3.,  0.]), array([  1.,  13.,  17.,  16.,  15.,  11.,   1.])], [array([  0.,  10.,   8.,   4.,   2.,   3.,   0.]), array([  1.,  11.,  18.,  17.,  16.,   1.])], [array([  0.,   4.,   3.,   2.,  10.,   0.]), array([  1.,  11.,  17.,  13.,  16.,   1.])], [array([  0.,   4.,   3.,   2.,  10.,   0.]), array([  1.,  18.,  17.,  13.,  16.,  20.,   1.])], [array([  0.,   4.,   3.,   2.,  10.,   0.]), array([  1.,  13.,  16.,  17.,  18.,   1.])], [array([  0.,   8.,  10.,   4.,   3.,   7.,   0.]), array([  1.,  16.,  17.,  18.,  19.,  15.,   1.])], [array([  0.,   4.,   3.,   2.,  10.,   0.]), array([  1.,  13.,  17.,  16.,  18.,   1.])], [array([  0.,   4.,   3.,   2.,  10.,   0.]), array([  1.,  17.,  11.,  13.,   1.])], [array([  0.,   7.,   4.,   3.,  10.,   0.]), array([  1.,  13.,  17.,  16.,  18.,   1.])], [array([  0.,  10.,  11.,   0.]), array([  1.,  16.,   9.,   1.])], [array([  0.,  13.,   0.]), array([  1.,  15.,   9.,   1.])], [array([  0.,  14.,   0.]), array([  1.,  19.,  13.,  18.,  10.,   1.])], [array([  0.,  16.,   0.]), array([ 1.,  8.,  1.])]]
 - Premio: 
 ---------18.9647248786
 ---------18.6898112155
 - Custo: 
 ---------41.0
 ---------33.0
 - Execucao 5
 - BestCostGenaration: []
 - BestCostElement: [-622.88901901 -593.34086842 -590.44651271 -590.44651271]
 - BestRoute: [[array([  0.,   4.,   6.,   9.,   8.,  10.,   7.,   0.]), array([  1.,  20.,  15.,  12.,  11.,  13.,  14.,  16.,  17.,   1.])], [array([  0.,   4.,   9.,   8.,  10.,   7.,   0.]), array([  1.,  20.,  15.,  12.,  11.,  13.,  14.,  16.,  17.,   1.])], [array([  0.,   9.,  10.,   4.,   3.,   0.]), array([  1.,  20.,  15.,  12.,  11.,  13.,  14.,  16.,  17.,   1.])], [array([  0.,   9.,  10.,   4.,   3.,   0.]), array([  1.,  20.,  15.,  12.,  11.,  13.,  14.,  16.,  17.,   1.])], [array([  0.,   4.,   6.,   9.,   8.,  10.,   0.]), array([  1.,  20.,  15.,  12.,  11.,  13.,  14.,  16.,  17.,   1.])], [array([  0.,   3.,   6.,   9.,  10.,   7.,   0.]), array([  1.,  20.,  15.,  12.,  11.,  13.,  14.,  16.,  17.,   1.])], [array([ 0.,  6.,  9.,  8.,  3.,  2.,  0.]), array([  1.,  20.,  15.,  12.,  11.,  13.,  14.,  16.,  17.,   1.])], [array([  0.,  10.,   4.,   3.,   2.,   0.]), array([  1.,  20.,  15.,  12.,  11.,  13.,  14.,  16.,  17.,   1.])], [array([  0.,  10.,   4.,   3.,   2.,   0.]), array([  1.,  20.,  15.,  12.,  11.,  13.,  14.,  16.,  17.,   1.])], [array([ 0.,  3.,  9.,  8.,  7.,  2.,  0.]), array([  1.,  20.,  15.,  12.,  11.,  13.,  14.,  16.,  17.,   1.])], [array([ 0.,  3.,  9.,  8.,  7.,  2.,  0.]), array([  1.,  20.,  15.,  12.,  11.,  13.,  14.,  16.,  17.,   1.])], [array([  0.,   4.,   6.,   9.,  10.,   7.,   0.]), array([  1.,  20.,  15.,  12.,  11.,  13.,  14.,  16.,  17.,   1.])], [array([ 0.,  9.,  7.,  4.,  3.,  2.,  0.]), array([  1.,  15.,  20.,  12.,  11.,  13.,  16.,  17.,   1.])], [array([  0.,  10.,   9.,   4.,   3.,   0.]), array([  1.,  15.,  20.,  12.,  11.,  13.,  16.,  17.,   1.])], [array([  0.,   8.,  10.,   3.,   2.,   0.]), array([  1.,  20.,  15.,  12.,  11.,  13.,  14.,  16.,  17.,   1.])], [array([ 0.,  8.,  4.,  3.,  2.,  0.]), array([  1.,  20.,  15.,  12.,  11.,  13.,  14.,  16.,  17.,   1.])], [array([  0.,  10.,   8.,   4.,   3.,   0.]), array([  1.,  15.,  20.,  12.,  11.,  13.,  16.,  17.,   1.])], [array([  0.,   3.,   9.,  10.,   4.,   0.]), array([  1.,  20.,  15.,  12.,  11.,  13.,  16.,  17.,   1.])], [array([  0.,   3.,   9.,  10.,   4.,   0.]), array([  1.,  20.,  15.,  12.,  11.,  13.,  16.,  17.,   1.])], [array([  0.,   8.,  10.,   4.,   3.,   0.]), array([  1.,  15.,  20.,  12.,  11.,  13.,  16.,  17.,   1.])], [array([ 0.,  6.,  9.,  8.,  3.,  2.,  0.]), array([  1.,  15.,  20.,  12.,  11.,  13.,  16.,  17.,   1.])], [array([ 0.,  6.,  9.,  8.,  3.,  2.,  0.]), array([  1.,  15.,  20.,  12.,  11.,  13.,  16.,  17.,   1.])], [array([  0.,   8.,  10.,   7.,   3.,   2.,   0.]), array([  1.,  20.,  12.,  11.,  13.,  16.,  17.,   1.])], [array([ 0.,  9.,  8.,  3.,  2.,  0.]), array([  1.,  15.,  20.,  12.,  11.,  13.,  16.,  17.,   1.])], [array([ 0.,  9.,  8.,  3.,  2.,  0.]), array([  1.,  15.,  20.,  12.,  11.,  13.,  16.,  17.,   1.])], [array([  0.,   3.,   2.,  10.,   8.,   4.,   0.]), array([  1.,  15.,  17.,  16.,  13.,  11.,   1.])], [array([ 0.,  8.,  9.,  7.,  3.,  2.,  0.]), array([  1.,  20.,  12.,  11.,  13.,  16.,  17.,   1.])], [array([  0.,   3.,  10.,   9.,   8.,   4.,   0.]), array([  1.,  11.,  13.,  14.,  17.,  16.,   1.])], [array([ 0.,  2.,  3.,  5.,  7.,  8.,  4.,  0.]), array([  1.,  15.,  11.,  13.,  14.,  17.,  16.,   1.])], [array([  0.,   3.,   9.,  10.,   8.,   4.,   0.]), array([  1.,  17.,  16.,  13.,  11.,   1.])], [array([  0.,   3.,   2.,   5.,  10.,   8.,   4.,   0.]), array([  1.,  13.,  16.,  17.,  11.,   1.])], [array([  0.,   3.,   6.,  10.,   8.,   4.,   0.]), array([  1.,  11.,  14.,  13.,  17.,  16.,   1.])], [array([  0.,   3.,   9.,  10.,   8.,   4.,   0.]), array([  1.,  14.,  16.,  17.,  11.,   1.])], [array([  0.,   3.,   2.,  10.,   8.,   4.,   0.]), array([  1.,  13.,  17.,  16.,   1.])], [array([ 0.,  8.,  9.,  7.,  3.,  2.,  0.]), array([  1.,  13.,  16.,  11.,  15.,  12.,   1.])], [array([  0.,   3.,   5.,  10.,   8.,   4.,   0.]), array([  1.,  19.,  17.,  16.,   1.])], [array([ 0.,  9.,  4.,  2.,  8.,  0.]), array([  1.,  17.,  15.,  11.,  16.,   1.])], [array([ 0.,  9.,  7.,  3.,  2.,  0.]), array([  1.,  17.,  18.,  16.,  12.,   1.])], [array([  0.,   3.,   5.,  10.,   8.,   4.,   0.]), array([  1.,  17.,  11.,   1.])], [array([  0.,  20.,   0.]), array([  1.,  16.,  15.,  14.,  10.,   1.])], [array([  0.,   5.,   9.,  15.,   0.]), array([ 1.,  4.,  1.])], [array([  0.,  14.,   0.]), array([  1.,  13.,  20.,   8.,   1.])], [array([  0.,  19.,   0.]), array([ 1.,  9.,  1.])]]
 - Premio: 
 ---------15.365058182
 ---------18.9126870648
 - Custo: 
 ---------33.0
 ---------43.0
 - Execucao 6
 - BestCostGenaration: []
 - BestCostElement: [-628.65732944 -621.47861544 -621.10917885 -615.60160135]
 - BestRoute: [[array([  0.,   4.,   6.,   9.,   8.,  10.,   7.,   0.]), array([  1.,  12.,  11.,  13.,  16.,  17.,  18.,  20.,  15.,   1.])], [array([  0.,   6.,   4.,   9.,   8.,  10.,   7.,   5.,   0.]), array([  1.,  12.,  11.,  13.,  16.,  17.,  18.,  20.,  15.,   1.])], [array([  0.,   6.,   4.,   9.,   8.,  10.,   7.,   0.]), array([  1.,  12.,  11.,  13.,  16.,  17.,  18.,  20.,  15.,   1.])], [array([  0.,   3.,   9.,   8.,  10.,   7.,   0.]), array([  1.,  12.,  11.,  13.,  16.,  17.,  18.,  20.,  15.,   1.])], [array([  0.,   3.,   9.,   8.,  10.,   7.,   0.]), array([  1.,  12.,  11.,  13.,  16.,  17.,  18.,  20.,  15.,   1.])], [array([ 0.,  3.,  6.,  9.,  8.,  7.,  2.,  0.]), array([  1.,  12.,  11.,  13.,  16.,  17.,  18.,  20.,  15.,   1.])], [array([  0.,   6.,   9.,  10.,   2.,   3.,   0.]), array([  1.,  12.,  11.,  13.,  16.,  17.,  18.,  20.,  15.,   1.])], [array([ 0.,  6.,  9.,  4.,  5.,  2.,  3.,  0.]), array([  1.,  12.,  11.,  13.,  16.,  17.,  18.,  20.,  15.,   1.])], [array([ 0.,  6.,  9.,  4.,  5.,  2.,  3.,  0.]), array([  1.,  12.,  11.,  13.,  16.,  17.,  18.,  20.,  15.,   1.])], [array([ 0.,  6.,  9.,  4.,  2.,  3.,  0.]), array([  1.,  12.,  11.,  13.,  16.,  17.,  18.,  20.,  15.,   1.])], [array([  0.,   6.,   9.,  10.,   8.,   7.,   2.,   0.]), array([  1.,  12.,  11.,  13.,  16.,  17.,  18.,  20.,  15.,   1.])], [array([  0.,   6.,   9.,  10.,   8.,   7.,   2.,   0.]), array([  1.,  12.,  11.,  13.,  16.,  17.,  18.,  20.,  15.,   1.])], [array([ 0.,  6.,  4.,  9.,  5.,  2.,  3.,  0.]), array([  1.,  12.,  11.,  13.,  16.,  17.,  18.,  20.,  15.,   1.])], [array([ 0.,  6.,  9.,  8.,  2.,  3.,  0.]), array([  1.,  12.,  11.,  13.,  16.,  17.,  18.,  20.,  15.,   1.])], [array([ 0.,  6.,  8.,  9.,  2.,  3.,  0.]), array([  1.,  12.,  11.,  13.,  16.,  17.,  18.,  20.,  15.,   1.])], [array([  0.,   9.,   4.,   8.,  10.,   7.,   0.]), array([  1.,  12.,  11.,  13.,  16.,  17.,  18.,  20.,  15.,   1.])], [array([  0.,   9.,   4.,   8.,  10.,   7.,   0.]), array([  1.,  12.,  11.,  13.,  16.,  17.,  18.,  20.,  15.,   1.])], [array([  0.,   9.,   8.,   4.,  10.,   7.,   0.]), array([  1.,  12.,  11.,  13.,  16.,  17.,  18.,  20.,  15.,   1.])], [array([  0.,   9.,   8.,   4.,  10.,   7.,   0.]), array([  1.,  12.,  11.,  13.,  16.,  17.,  18.,  20.,  15.,   1.])], [array([  0.,   6.,   9.,   8.,  10.,   7.,   0.]), array([  1.,  12.,  11.,  13.,  16.,  17.,  18.,  20.,  15.,   1.])], [array([  0.,   6.,   9.,   8.,  10.,   7.,   2.,   3.,   0.]), array([  1.,  11.,  12.,  15.,  16.,  13.,   1.])], [array([  0.,   9.,   8.,  10.,   7.,   2.,   3.,   0.]), array([  1.,  16.,  11.,  14.,  13.,  17.,   1.])], [array([  0.,   6.,   9.,   8.,  10.,   7.,   2.,   3.,   0.]), array([  1.,  12.,  11.,  13.,  17.,   1.])], [array([  0.,   9.,   8.,  10.,   3.,   7.,   0.]), array([  1.,  12.,  11.,  15.,  16.,  13.,  17.,   1.])], [array([  0.,   4.,   8.,  10.,   7.,   2.,   0.]), array([  1.,  11.,  12.,  15.,  16.,  13.,  17.,   1.])], [array([  0.,   9.,   8.,  10.,   7.,   2.,   0.]), array([  1.,  11.,  12.,  15.,  16.,  13.,  17.,   1.])], [array([  0.,   9.,   8.,  10.,   7.,   5.,   3.,   0.]), array([  1.,  11.,  16.,  13.,  17.,  20.,   1.])], [array([  0.,   9.,   8.,  10.,   7.,   2.,   3.,   0.]), array([  1.,  12.,  11.,  13.,  17.,   1.])], [array([  0.,   9.,   8.,  10.,   7.,   2.,   3.,   0.]), array([  1.,  16.,  13.,  17.,  20.,   1.])], [array([  0.,   8.,   7.,  10.,   2.,   3.,   0.]), array([  1.,  11.,  12.,  17.,  16.,  13.,   1.])], [array([  0.,   4.,   9.,   8.,  10.,   7.,   0.]), array([  1.,  12.,  11.,  16.,  13.,  17.,   1.])], [array([ 0.,  4.,  9.,  2.,  3.,  0.]), array([  1.,  15.,  11.,  16.,  14.,  13.,  17.,   1.])], [array([ 0.,  3.,  4.,  8.,  7.,  0.]), array([  1.,  11.,  12.,  15.,  16.,  13.,  17.,   1.])], [array([ 0.,  3.,  4.,  2.,  9.,  6.,  0.]), array([  1.,  11.,  16.,  13.,  17.,  20.,   1.])], [array([ 0.,  3.,  2.,  8.,  4.,  6.,  0.]), array([  1.,  11.,  15.,  16.,  13.,  17.,   1.])], [array([  0.,  10.,   3.,   4.,   6.,   0.]), array([  1.,  11.,  12.,  14.,  16.,  13.,  17.,   1.])], [array([  0.,   9.,   3.,   4.,  10.,   0.]), array([  1.,  11.,  16.,  13.,  17.,  20.,   1.])], [array([ 0.,  3.,  4.,  9.,  6.,  7.,  0.]), array([  1.,  11.,  16.,  13.,  17.,  20.,   1.])], [array([  0.,  10.,   3.,   4.,   6.,   0.]), array([  1.,  15.,  11.,  16.,  13.,  17.,   1.])], [array([ 0.,  3.,  4.,  8.,  6.,  7.,  0.]), array([  1.,  11.,  16.,  13.,  17.,  20.,   1.])], [array([  0.,   3.,   4.,   9.,  10.,   6.,   0.]), array([  1.,  18.,  15.,  20.,  17.,  16.,   1.])], [array([  0.,  10.,   3.,   4.,   6.,   0.]), array([  1.,  11.,  16.,  13.,  17.,  20.,   1.])], [array([ 0.,  8.,  3.,  9.,  7.,  0.]), array([  1.,  11.,  16.,  13.,  17.,  20.,   1.])], [array([ 0.,  8.,  3.,  9.,  7.,  0.]), array([  1.,  11.,  16.,  13.,  17.,  20.,   1.])], [array([  0.,  10.,   8.,   7.,   5.,   3.,   0.]), array([  1.,  15.,  20.,  17.,  16.,   1.])], [array([  0.,   5.,  10.,   6.,   3.,   0.]), array([  1.,  11.,  16.,  13.,  17.,  20.,   1.])], [array([  0.,   4.,   3.,  18.,   0.]), array([  1.,  19.,  10.,   1.])], [array([  0.,   7.,  18.,   0.]), array([  1.,  17.,  10.,   1.])], [array([  0.,   8.,  20.,   0.]), array([  1.,  13.,  15.,   2.,   1.])], [array([  0.,  12.,   0.]), array([  1.,  18.,  12.,   7.,   1.])]]
 - Premio: 
 ---------15.365058182
 ---------19.9706094575
 - Custo: 
 ---------33.0
 ---------44.0
 - Execucao 7
 - BestCostGenaration: []
 - BestCostElement: [-611.0651525  -607.85958176 -607.40098665 -606.23512434]
 - BestRoute: [[array([  0.,   3.,  10.,   8.,   6.,   4.,   0.]), array([  1.,  15.,  12.,  11.,  13.,  16.,  17.,  18.,  20.,   1.])], [array([  0.,   3.,   9.,   8.,   7.,  10.,   0.]), array([  1.,  15.,  12.,  11.,  13.,  16.,  17.,  18.,  20.,   1.])], [array([  0.,   8.,  10.,   9.,   6.,   4.,   2.,   3.,   0.]), array([  1.,  14.,  16.,  13.,  17.,  18.,  20.,   1.])], [array([  0.,   9.,  10.,   8.,   6.,   3.,   0.]), array([  1.,  15.,  12.,  11.,  13.,  16.,  17.,  18.,  20.,   1.])], [array([  0.,  10.,   8.,   9.,   4.,   2.,   0.]), array([  1.,  15.,  12.,  11.,  13.,  16.,  17.,  18.,  20.,   1.])], [array([  0.,  10.,   8.,   9.,   3.,   6.,   0.]), array([  1.,  15.,  12.,  11.,  13.,  16.,  17.,  18.,  20.,   1.])], [array([  0.,  10.,   8.,   9.,   6.,   4.,   2.,   3.,   0.]), array([  1.,  15.,  12.,  17.,  13.,  16.,   1.])], [array([  0.,  10.,   8.,   9.,   6.,   4.,   2.,   3.,   0.]), array([  1.,  15.,  12.,  17.,  13.,  16.,   1.])], [array([ 0.,  6.,  4.,  8.,  2.,  3.,  0.]), array([  1.,  15.,  12.,  11.,  13.,  16.,  17.,  18.,  20.,   1.])], [array([ 0.,  6.,  4.,  8.,  2.,  3.,  0.]), array([  1.,  15.,  12.,  11.,  13.,  16.,  17.,  18.,  20.,   1.])], [array([  0.,  10.,   9.,   6.,   4.,   2.,   3.,   0.]), array([  1.,  17.,  14.,  16.,  11.,  12.,  15.,   1.])], [array([  0.,   8.,  10.,   9.,   4.,   2.,   3.,   0.]), array([  1.,  15.,  12.,  16.,  17.,  18.,  20.,   1.])], [array([  0.,   9.,   8.,   7.,  10.,   4.,   3.,   0.]), array([  1.,  17.,  13.,  14.,  11.,  12.,  15.,   1.])], [array([  0.,   8.,  10.,   9.,   6.,   4.,   2.,   3.,   0.]), array([  1.,  17.,  13.,  16.,  12.,   1.])], [array([  0.,   8.,  10.,   9.,   4.,   2.,   3.,   0.]), array([  1.,  13.,  16.,  11.,  12.,  15.,   1.])], [array([  0.,   9.,   8.,   7.,  10.,   4.,   3.,   0.]), array([  1.,  17.,  13.,  11.,  12.,  15.,   1.])], [array([ 0.,  6.,  8.,  4.,  3.,  0.]), array([  1.,  15.,  12.,  11.,  13.,  16.,  17.,  18.,  20.,   1.])], [array([  0.,  10.,   9.,   6.,   4.,   2.,   3.,   0.]), array([  1.,  13.,  17.,  16.,  11.,   1.])], [array([  0.,  10.,   9.,   6.,   4.,   2.,   3.,   0.]), array([  1.,  13.,  17.,  16.,  11.,   1.])], [array([  0.,  10.,   3.,   2.,   4.,   0.]), array([  1.,  11.,  13.,  14.,  16.,  17.,  18.,  20.,   1.])], [array([  0.,  10.,   8.,   3.,   4.,   6.,   9.,   0.]), array([  1.,  16.,  17.,  13.,  11.,   1.])], [array([ 0.,  8.,  3.,  4.,  6.,  9.,  0.]), array([  1.,  13.,  16.,  11.,  12.,  15.,  17.,   1.])], [array([  0.,   4.,   8.,  10.,   2.,   0.]), array([  1.,  13.,  16.,  14.,  11.,  12.,  15.,  17.,   1.])], [array([ 0.,  3.,  4.,  2.,  7.,  0.]), array([  1.,  13.,  16.,  11.,  12.,  15.,  17.,   1.])], [array([  0.,  10.,   8.,   3.,   6.,   9.,   0.]), array([  1.,  13.,  14.,  16.,  17.,  18.,  20.,   1.])], [array([  0.,   8.,  10.,   6.,   4.,   3.,   0.]), array([  1.,  15.,  13.,  17.,  16.,  20.,   1.])], [array([ 0.,  3.,  7.,  4.,  2.,  0.]), array([  1.,  13.,  16.,  11.,  12.,  15.,  17.,   1.])], [array([  0.,  10.,   3.,   4.,   2.,   0.]), array([  1.,  13.,  16.,  14.,  17.,  18.,  20.,   1.])], [array([  0.,   6.,   8.,  10.,   4.,   3.,   0.]), array([  1.,  15.,  11.,  18.,  17.,  13.,   1.])], [array([ 0.,  6.,  8.,  4.,  3.,  9.,  0.]), array([  1.,  11.,  13.,  14.,  17.,  18.,  20.,   1.])], [array([  0.,   4.,  10.,   9.,   8.,   7.,   0.]), array([  1.,  16.,  13.,  17.,  11.,   1.])], [array([ 0.,  6.,  8.,  4.,  3.,  9.,  0.]), array([  1.,  16.,  13.,  17.,  11.,   1.])], [array([ 0.,  3.,  4.,  8.,  6.,  7.,  0.]), array([  1.,  16.,  14.,  13.,  17.,  11.,   1.])], [array([ 0.,  9.,  4.,  3.,  2.,  7.,  0.]), array([  1.,  13.,  14.,  11.,  17.,  18.,   1.])], [array([ 0.,  7.,  9.,  3.,  4.,  0.]), array([  1.,  16.,  13.,  17.,  11.,   1.])], [array([ 0.,  3.,  9.,  4.,  6.,  0.]), array([  1.,  16.,  13.,  17.,  11.,   1.])], [array([ 0.,  9.,  3.,  2.,  4.,  0.]), array([  1.,  14.,  16.,  13.,  17.,   1.])], [array([ 0.,  3.,  4.,  2.,  7.,  0.]), array([  1.,  11.,  17.,  18.,  20.,   1.])], [array([  0.,   2.,  20.,   0.]), array([  1.,  13.,   3.,   1.])], [array([  0.,  10.,  13.,   0.]), array([  1.,  20.,   2.,   1.])], [array([  0.,  12.,   0.]), array([ 1.,  6.,  1.])], [array([  0.,  18.,   0.]), array([ 1.,  8.,  1.])]]
 - Premio: 
 ---------17.2631024178
 ---------19.9706094575
 - Custo: 
 ---------32.0
 ---------44.0
