 - Execucao 0
 -- BestCostGenaration: [-330.6720756559403, -428.77520534496443, -583.7702142591263, -627.3483751546636, -677.1901247304453, -740.0845256299041, -748.862026920423, -793.7329782432225, -821.9788248131701, -837.1272701698497, -878.3773816762957, -884.7568405215898, -920.2243207195138, -936.6768745788931, -943.355480979442, -957.5459798814671, -968.6848419597795, -983.5643200569766, -1004.1803941573771, -1015.5488328393388, -1023.2428679491729, -1043.0639468915374, -1044.296634369067, -1048.534343528725, -1052.0562032827183, -1055.7393483706887]
 -- BestCostElement: [-1055.73934837 -1055.73934837 -1055.73934837 -1055.73934837]
 -- BestRoute: [array([ 0,  3,  4,  5,  7, 10, 11,  9,  0]), array([ 1, 14, 12, 15, 16, 18, 19,  1]), array([ 2, 31, 30, 26, 23, 22, 24, 25, 27, 28,  2])]
 -- Premio: 
 ---------19.14218233270955
 ---------13.30056307974577
 ---------19.543203766865055
 -- Custo: 
 ---------44.0
 ---------31.0
 ---------51.0
 - Execucao 1
 -- BestCostGenaration: [-325.81493256166914, -370.8544737666348, -513.046992089786, -584.673182657241, -631.9862514446061, -724.8298802837862, -788.9477066798473, -793.5832611766998, -841.1610560748438, -856.0082188015365, -868.8920218530029, -889.1047703037858, -916.0600960266418, -929.2428679491729, -950.8969696756844, -961.8438303176713, -997.8953320570411, -1000.7769231210948, -1020.6198843559844, -1032.3141836917025, -1044.3513645520443, -1049.0004751927177]
 -- BestCostElement: [-1049.00047519 -1049.00047519 -1049.00047519 -1049.00047519]
 -- BestRoute: [array([ 0,  3,  4,  5,  7,  9, 10, 11,  0]), array([ 1, 14, 12, 15, 16, 18, 19,  1]), array([ 2, 28, 27, 25, 24, 22, 23, 26, 29, 30,  2])]
 -- Premio: 
 ---------19.90611435520976
 ---------13.30056307974577
 ---------19.54320376686506
 -- Custo: 
 ---------44.0
 ---------31.0
 ---------51.0
 - Execucao 2
 -- BestCostGenaration: [-373.27959452316344, -523.230797614001, -648.0392484809672, -673.4722000319291, -727.8957075427766, -765.8585266824349, -809.5302836821006, -828.329298136618, -846.2142215505243, -847.1314117691713, -939.161027513433, -962.7158533183482, -963.3995560873759, -998.7024609655203, -1011.146898986809, -1023.5008483581569, -1043.0639468915374, -1061.6165492931182]
 -- BestCostElement: [-1061.61654929 -1052.31418369 -1052.31418369 -1052.31418369]
 -- BestRoute: [array([ 0,  5,  4,  3,  8, 11, 10,  9,  0]), array([ 1, 14, 12, 15, 16, 18, 19,  1]), array([ 2, 28, 27, 25, 24, 22, 23, 26, 29, 30,  2])]
 -- Premio: 
 ---------19.25209583010962
 ---------13.30056307974577
 ---------19.54320376686506
 -- Custo: 
 ---------45.0
 ---------31.0
 ---------51.0
 - Execucao 3
 -- BestCostGenaration: [-385.70883742511654, -467.23257887152306, -621.7474858695718, -643.9086074125555, -677.7124361337198, -696.1527361696765, -777.68583985907, -790.3712851744626, -836.8685721877507, -861.7054910275292, -864.3749028675413, -890.3296257186043, -900.254604736806, -919.1318425067956, -919.1885684960868, -946.1391553779902, -962.5299349827721, -972.6612221861334, -988.724693884953, -1000.187139859172, -1001.045606716028, -1004.8362504998456, -1008.1499589988305, -1018.0006822468674]
 -- BestCostElement: [-1018.00068225 -1018.00068225 -1018.00068225 -1018.00068225]
 -- BestRoute: [array([ 0,  3,  4,  5,  7, 10,  9, 11,  0]), array([ 1, 14, 12, 15, 16, 18,  1]), array([ 2, 28, 27, 25, 24, 22, 23, 29, 26, 30,  2])]
 -- Premio: 
 ---------19.077687230463567
 ---------12.67004637770997
 ---------21.252095830109624
 -- Custo: 
 ---------44.0
 ---------28.0
 ---------51.0
 - Execucao 4
 -- BestCostGenaration: [-484.47598615659354, -578.341422398719, -627.7690792026744, -739.8437851269357, -757.9153531143504, -771.4645548051324, -864.3070226227687, -875.968285418214, -889.6485307546329, -937.7844151537681, -957.2731519664652, -974.2399083720425, -988.3923517552857, -1011.8967626215348, -1015.5380292184987, -1016.0609873144069, -1030.2910594845048, -1034.3513645520443, -1049.0004751927177, -1052.683620280688]
 -- BestCostElement: [-1052.68362028 -1052.68362028 -1052.68362028 -1052.68362028]
 -- BestRoute: [array([ 0,  3,  4,  5,  7,  9, 10, 11,  0]), array([ 1, 14, 12, 15, 16, 18, 19,  1]), array([ 2, 31, 30, 26, 23, 22, 24, 25, 27, 28,  2])]
 -- Premio: 
 ---------19.90611435520976
 ---------13.30056307974577
 ---------21.122417494872465
 -- Custo: 
 ---------44.0
 ---------31.0
 ---------52.0
 - Execucao 5
 -- BestCostGenaration: [-311.83461248344855, -408.2334493878037, -573.6167996104244, -655.2003720401232, -734.766033099231, -739.7635676080936, -781.389228387162, -811.6244001674734, -817.2684543358002, -850.1198166267168, -868.1091509570678, -873.565712500342, -884.7400725557528, -887.3715926635033, -908.6733178154481, -921.4837297654124, -937.5440734555157, -961.6531279504069, -964.0863868651197, -977.4644584392825, -978.6280992448369, -992.9068986380846, -1005.4905402074385, -1012.0161694645051, -1019.4644583506893, -1021.9865251588325, -1031.8372484068695, -1036.486359047543, -1038.3074379899074, -1042.956548630581, -1045.478615438724, -1047.6278921906871, -1048.7923239377087]
 -- BestCostElement: [-1048.79232394 -1048.79232394 -1048.79232394 -1048.79232394]
 -- BestRoute: [array([ 0,  3,  4,  5,  7, 10,  9, 11,  0]), array([ 1, 19, 18, 16, 15, 12, 14,  1]), array([ 2, 28, 27, 25, 24, 22, 23, 29, 30, 26,  2])]
 -- Premio: 
 ---------19.077687230463567
 ---------13.300563079745771
 ---------20.423668705363433
 -- Custo: 
 ---------44.0
 ---------31.0
 ---------51.0
 - Execucao 6
 -- BestCostGenaration: [-392.1019091169066, -473.7641535482798, -567.1020177808049, -661.0989145942201, -739.7177411290083, -744.0269730853454, -759.3962438304691, -802.8698041787663, -821.5871253592122, -857.8372484068694, -860.7920597118248, -894.4572158974707, -904.4262408159179, -920.3282403448463, -926.0675074128817, -954.3543673923311, -971.5157962990659, -971.6095520151778, -999.7691795122757, -1008.460068209065, -1018.3107914571019, -1021.6461935987908, -1027.0004751927177, -1038.37904718761, -1045.7887246489588, -1049.829297743901, -1054.78098104014, -1055.3368752414303, -1064.3291316326115, -1071.1646998855897]
 -- BestCostElement: [-1071.16469989 -1071.16469989 -1071.16469989 -1071.16469989]
 -- BestRoute: [array([ 0,  5,  4,  3,  6,  8, 11,  9, 10,  0]), array([ 1, 14, 12, 15, 16, 18, 19,  1]), array([ 2, 28, 27, 25, 24, 22, 23, 26, 29, 30,  2])]
 -- Premio: 
 ---------19.36505818199175
 ---------13.30056307974577
 ---------19.54320376686506
 -- Custo: 
 ---------46.0
 ---------31.0
 ---------51.0
 - Execucao 7
 -- BestCostGenaration: [-387.8202698447848, -446.99401857563475, -587.6170433791112, -644.7882660186636, -671.441810064118, -761.4833542796769, -771.3625869217765, -808.7543096292147, -861.2331061447906, -864.5531842135573, -884.4856545956923, -902.1052994234321, -929.2317208424076, -944.8475712593337, -975.3544657743533, -976.1449178822404, -982.7796756440755, -992.7171739596088, -996.5816401873813, -1015.2800488095147, -1027.9926311490078, -1028.7424947837337, -1034.0237060191741, -1043.0639468915374, -1048.7424947837337, -1052.0562032827183, -1052.3141836917023]
 -- BestCostElement: [-1052.31418369 -1052.31418369 -1052.31418369 -1052.31418369]
 -- BestRoute: [array([ 0,  3,  4,  5,  7, 10,  9, 11,  0]), array([ 1, 14, 12, 15, 16, 18, 19,  1]), array([ 2, 28, 27, 25, 24, 22, 23, 26, 29, 30,  2])]
 -- Premio: 
 ---------19.077687230463567
 ---------13.30056307974577
 ---------19.54320376686506
 -- Custo: 
 ---------44.0
 ---------31.0
 ---------51.0
 - Execucao 8
 -- BestCostGenaration: [-412.6284747305724, -463.53523150478213, -570.3452001088327, -641.3888777602544, -662.0692682723752, -759.8924797454467, -761.832300584188, -834.4644564231103, -838.6354268177772, -839.2810906259725, -871.981577336151, -883.9451612110162, -889.0034780330046, -944.7436997449073, -968.4572158974707, -978.7171739596088, -994.4512262583314, -1002.936903059007, -1003.9446466678259, -1027.407092642045, -1028.265559498901, -1032.0562032827186, -1032.414836250864, -1039.563780780248, -1043.0856405342415, -1048.742494783734, -1052.0562032827183, -1052.3141836917025, -1052.683620280688, -1055.9973287796727]
 -- BestCostElement: [-1055.99732878 -1055.99732878 -1055.99732878 -1055.99732878]
 -- BestRoute: [array([ 0,  3,  4,  5,  7, 10,  9, 11,  0]), array([ 1, 19, 18, 16, 15, 12, 14,  1]), array([ 2, 31, 30, 26, 23, 22, 24, 25, 27, 28,  2])]
 -- Premio: 
 ---------19.077687230463567
 ---------13.300563079745771
 ---------21.122417494872465
 -- Custo: 
 ---------44.0
 ---------31.0
 ---------52.0
 - Execucao 9
 -- BestCostGenaration: [-373.7465560845325, -467.8378881184891, -580.2634466875397, -652.6461300037265, -696.4216684789719, -759.0481693303484, -788.5346738237249, -828.6868099568894, -829.2289683194268, -872.9085641493989, -882.8406839046265, -904.1268347916325, -929.6384315856433, -975.5859685089448, -992.519395587816, -1005.6016013522092, -1006.6869737478826, -1013.8919785898465, -1017.056949613597, -1028.4459111210303, -1040.0082188015367, -1042.0979813388342, -1056.3074379899076]
 -- BestCostElement: [-1056.30743799 -1056.30743799 -1055.99732878 -1055.99732878]
 -- BestRoute: [array([ 0,  5,  4,  3,  8, 11, 10,  9,  0]), array([ 1, 14, 12, 15, 16, 18, 19,  1]), array([ 2, 28, 27, 25, 24, 23, 26, 30, 31,  2])]
 -- Premio: 
 ---------19.25209583010962
 ---------13.30056307974577
 ---------20.87048159266775
 -- Custo: 
 ---------45.0
 ---------31.0
 ---------51.0
 - Execucao 10
 -- BestCostGenaration: [-345.1887774778156, -397.53250418290276, -525.990473146911, -613.572106928952, -734.9966675909786, -741.8866635411384, -764.6403746404587, -785.8517809806399, -832.5504664775344, -851.8575749003508, -869.9027070699385, -896.0216580366373, -902.4451202681561, -925.4541692730394, -947.7693681620971, -954.7071585961852, -966.4606074857937, -974.2924900489984, -975.7520830653459, -980.5019467000716, -983.0240135082149, -986.3377220071997, -986.3404745301805, -990.6134028800733, -993.1354696882165, -996.1911977782174, -996.4491781872013, -996.9828394690588, -999.5049062772022, -1015.4786154387241, -1018.7923239377088, -1021.3143907458522, -1026.4491781872011, -1041.3826464763602, -1042.956548630581, -1048.7923239377087]
 -- BestCostElement: [-1048.79232394 -1048.79232394 -1048.79232394 -1048.79232394]
 -- BestRoute: [array([ 0,  3,  4,  5,  7, 10,  9, 11,  0]), array([ 1, 19, 18, 16, 15, 12, 14,  1]), array([ 2, 28, 27, 25, 24, 22, 23, 29, 30, 26,  2])]
 -- Premio: 
 ---------19.077687230463567
 ---------13.300563079745771
 ---------20.423668705363433
 -- Custo: 
 ---------44.0
 ---------31.0
 ---------51.0
 - Execucao 11
 -- BestCostGenaration: [-372.403392061007, -431.8895563618655, -555.0528930786804, -698.2229535702911, -736.5734109184251, -770.9885300920957, -816.3450329585485, -840.3195718289437, -863.329668981761, -901.0786432563009, -940.8517377174833, -941.006418994844, -955.948540795878, -981.0913945802827, -984.7335358356867, -989.8439941086644, -1017.7846215391778, -1030.9679779291732, -1031.2888907602483, -1042.9787815500135, -1043.321927300521, -1045.478615438724, -1048.792323937709, -1049.7921168835592, -1052.3141836917025]
 -- BestCostElement: [-1052.31418369 -1052.31418369 -1052.31418369 -1052.31418369]
 -- BestRoute: [array([ 0,  3,  4,  5,  7, 10,  9, 11,  0]), array([ 1, 14, 12, 15, 16, 18, 19,  1]), array([ 2, 30, 29, 26, 23, 22, 24, 25, 27, 28,  2])]
 -- Premio: 
 ---------19.077687230463567
 ---------13.30056307974577
 ---------19.543203766865055
 -- Custo: 
 ---------44.0
 ---------31.0
 ---------51.0
 - Execucao 12
 -- BestCostGenaration: [-456.3053251785463, -464.605981256225, -623.1205629575953, -665.5638056390759, -682.2924900489984, -778.2729346003914, -800.3045857669063, -836.3340592119785, -858.3550071039509, -866.5020331010951, -872.0750439675508, -897.9260563002998, -922.8214690706768, -948.8672801792763, -949.6012507253017, -964.7842728398495, -974.7016867419711, -999.7540225973714, -1001.9966890680532, -1008.5531842135572, -1008.6975131428387, -1016.3543673923311, -1036.1754463346956, -1040.8245569753692, -1050.3727075678407, -1055.2206350297404, -1058.9330103150837, -1059.6428401315961]
 -- BestCostElement: [-1059.64284013 -1059.64284013 -1059.64284013 -1059.64284013]
 -- BestRoute: [array([ 0,  5,  4,  3,  6,  8, 11, 10,  9,  0]), array([ 1, 19, 18, 16, 15, 12, 14,  1]), array([ 2, 22, 23, 26, 29, 30, 28, 27, 25, 24,  2])]
 -- Premio: 
 ---------19.36505818199175
 ---------13.300563079745771
 ---------22.423668705363433
 -- Custo: 
 ---------46.0
 ---------31.0
 ---------51.0
 - Execucao 13
 -- BestCostGenaration: [-377.62551515344194, -482.64141775209276, -587.8112878633914, -637.340517793337, -692.179603304503, -715.4382088477887, -767.8303927741077, -818.6504738094483, -842.8456318159011, -891.8858725996712, -922.0788503104507, -922.795442458083, -924.5207421941683, -939.2664062646701, -959.1501660529801, -974.6503321642697, -988.6983166454517, -994.4714111066342, -1005.3846081464669, -1009.8000675465278, -1012.1654462164681, -1020.1499589988305, -1024.8362504998458]
 -- BestCostElement: [-1024.8362505 -1024.8362505 -1024.8362505 -1024.8362505]
 -- BestRoute: [array([ 0,  3,  4,  5,  7, 10,  9, 11,  0]), array([ 1, 14, 12, 15, 16, 18,  1]), array([ 2, 30, 29, 26, 23, 22, 24, 25, 27, 28,  2])]
 -- Premio: 
 ---------19.077687230463567
 ---------12.67004637770997
 ---------19.543203766865055
 -- Custo: 
 ---------44.0
 ---------28.0
 ---------51.0
 - Execucao 14
 -- BestCostGenaration: [-388.96223925361767, -470.80319362766494, -587.1019725900693, -682.7049327887876, -722.5975866963205, -727.2300163457958, -782.3409750395033, -814.4706076040212, -826.8701644193059, -890.0489970230492, -902.0201340819084, -902.1950905221407, -924.4356220433801, -944.7502816557092, -967.1467351958158, -976.8298802837862, -978.0317571170337, -985.2321647632235, -992.3141836917025, -993.5907977313689, -1004.9449541568665, -1009.5904471044614, -1010.7255399819825, -1028.2331174795117, -1031.8372484068695, -1036.4863590475431, -1036.6465258213698, -1041.590797731369, -1049.0004751927177]
 -- BestCostElement: [-1049.00047519 -1049.00047519 -1049.00047519 -1049.00047519]
 -- BestRoute: [array([ 0,  3,  4,  5,  7,  9, 10, 11,  0]), array([ 1, 14, 12, 15, 16, 18, 19,  1]), array([ 2, 28, 27, 25, 24, 22, 23, 26, 29, 30,  2])]
 -- Premio: 
 ---------19.90611435520976
 ---------13.30056307974577
 ---------19.54320376686506
 -- Custo: 
 ---------44.0
 ---------31.0
 ---------51.0
 - Execucao 15
 -- BestCostGenaration: [-384.4992074853814, -432.8949447425041, -511.75381703510794, -628.530535926986, -684.0113206925856, -715.2689949966577, -775.791061804801, -785.4722357343223, -822.8072718786179, -872.5119168727595, -879.4256831348606, -888.7991560405274, -944.3477373706231, -951.7767160669449, -956.6093449610281, -956.9783286743084, -960.3250737135661, -963.3376013540733, -976.3885454123858, -977.4806635098541, -993.4570081970436, -1000.8666856583923, -1002.4492645882247, -1005.2098314089, -1009.8589420495734, -1012.0453996618783, -1016.6945103025516, -1023.3328173223849]
 -- BestCostElement: [-1023.33281732 -1023.33281732 -1016.6945103  -1016.6945103 ]
 -- BestRoute: [array([ 0,  3,  4,  5,  7,  9, 11, 10,  0]), array([ 1, 14, 12, 15, 18, 16,  1]), array([ 2, 31, 28, 27, 25, 24, 23, 26, 29, 30,  2])]
 -- Premio: 
 ---------19.97060945745574
 ---------13.812559200041264
 ---------22.883627011906743
 -- Custo: 
 ---------44.0
 ---------28.0
 ---------53.0
 - Execucao 16
 -- BestCostGenaration: [-303.42046704832154, -443.2213159516477, -624.1017655359195, -636.9410822913234, -688.0647936573066, -732.0499969462454, -776.0572983129254, -789.026061579345, -801.5217859382053, -824.8125499962994, -836.3556714042668, -838.7151963064547, -862.1747893228021, -892.7557687551193, -922.3247230866587, -942.9556573428158, -945.4080245352695, -966.3296327882117, -967.1119313727194, -1028.528323939573, -1033.19233733042, -1034.9599020977755, -1035.3665195471028, -1052.6242929019372, -1055.3368752414303, -1058.6505837404152, -1064.3291316326115, -1067.6428401315961]
 -- BestCostElement: [-1067.64284013 -1067.64284013 -1067.64284013 -1067.64284013]
 -- BestRoute: [array([ 0,  5,  4,  3,  6,  8, 11, 10,  9,  0]), array([ 1, 19, 18, 16, 15, 12, 14,  1]), array([ 2, 28, 27, 25, 24, 22, 23, 29, 30, 26,  2])]
 -- Premio: 
 ---------19.36505818199175
 ---------13.300563079745771
 ---------20.423668705363433
 -- Custo: 
 ---------46.0
 ---------31.0
 ---------51.0
 - Execucao 17
 -- BestCostGenaration: [-418.5503066669892, -447.9866480853956, -549.0084258556863, -631.5003339402562, -687.0609853868277, -767.6060347569901, -790.2439530287874, -829.0253055166893, -861.9958682651666, -875.6823668203315, -891.0054097530988, -906.0680633189352, -906.4675143822628, -945.0244142289243, -949.4705191501289, -961.7921168835592, -991.4148795140204, -994.3810088577167, -1000.1046882732234, -1025.7407401677767, -1030.886372440254, -1037.5529771594074, -1040.2811471514294, -1041.1396140082852, -1049.829297743901, -1056.9674386524446, -1057.5233328537352, -1066.515589244916]
 -- BestCostElement: [-1066.51558924 -1066.51558924 -1066.51558924 -1066.51558924]
 -- BestRoute: [array([ 0,  5,  4,  3,  6,  8, 11, 10,  9,  0]), array([ 1, 19, 18, 16, 15, 14, 12,  1]), array([ 2, 28, 27, 25, 24, 22, 23, 26, 29, 30,  2])]
 -- Premio: 
 ---------19.36505818199175
 ---------14.462840739914151
 ---------19.54320376686506
 -- Custo: 
 ---------46.0
 ---------31.0
 ---------51.0
 - Execucao 18
 -- BestCostGenaration: [-426.959830192682, -436.13649073319004, -536.2629322696389, -647.2251674852831, -694.2132669066568, -698.1639704612386, -746.6665016879435, -793.002110883782, -805.7194138396925, -848.6188226429334, -857.6994561976542, -895.0229584294566, -900.6344169297547, -901.3320264695109, -932.1425088451848, -951.5566197113142, -955.4479160542934, -974.0981229840129, -992.4383745663611, -999.5536168710272, -1008.6945103025517, -1021.1726053578225, -1031.8372484068695, -1042.1649069397395, -1045.478615438724, -1047.665073051029, -1052.3141836917023]
 -- BestCostElement: [-1052.31418369 -1052.31418369 -1052.31418369 -1052.31418369]
 -- BestRoute: [array([ 0,  3,  4,  5,  7, 10,  9, 11,  0]), array([ 1, 14, 12, 15, 16, 18, 19,  1]), array([ 2, 28, 27, 25, 24, 22, 23, 26, 29, 30,  2])]
 -- Premio: 
 ---------19.077687230463567
 ---------13.30056307974577
 ---------19.54320376686506
 -- Custo: 
 ---------44.0
 ---------31.0
 ---------51.0
 - Execucao 19
 -- BestCostGenaration: [-320.24406806259685, -412.90814878226035, -620.9759838362972, -659.0912141599647, -691.7502537630382, -765.7324374937718, -767.1985672301854, -780.7366391108646, -807.2669074202704, -827.585122567411, -859.3826464763603, -878.1768317084537, -891.6183487751757, -953.6961027304595, -960.2142215505243, -964.2918503373788, -970.0649447985613, -975.7846667299135, -995.4306309575421, -998.9307970688317, -1003.8900169197398, -1006.3593152150128, -1029.7022539113705]
 -- BestCostElement: [-1029.70225391 -1020.26619921 -1020.26619921 -1020.26619921]
 -- BestRoute: [array([ 0,  5,  4,  3,  6,  8, 11,  9, 10,  0]), array([ 1, 14, 12, 15, 18, 16,  1]), array([ 2, 30, 29, 26, 22, 23, 24, 25, 27, 28,  2])]
 -- Premio: 
 ---------19.36505818199175
 ---------13.812559200041264
 ---------21.89681914012433
 -- Custo: 
 ---------46.0
 ---------28.0
 ---------51.0
 - Execucao 20
 -- BestCostGenaration: [-288.0694138980019, -339.07253726612555, -485.2572841719074, -658.8995132169365, -712.3283656385653, -741.3046289414697, -781.2694091049572, -811.0345077124354, -855.526930214906, -889.1895850184019, -902.2829884900522, -910.4506047712472, -931.1562720431555, -942.1803941573771, -949.6123045381585, -954.8591491037232, -997.6312456578818, -1017.4523246002461, -1022.6539372076096, -1025.14635971008, -1030.460068209065, -1031.1726505485583, -1034.6945103025519, -1039.0376560530594, -1040.1649069397395, -1043.6867666937328, -1045.8061735367032, -1050.4148362508638, -1055.0639468915374]
 -- BestCostElement: [-1055.06394689 -1055.06394689 -1055.06394689 -1055.06394689]
 -- BestRoute: [array([ 0,  5,  4,  3,  6,  8, 11, 10,  9,  0]), array([ 1, 14, 12, 15, 16, 18,  1]), array([ 2, 31, 30, 29, 26, 23, 24, 25, 27, 28,  2])]
 -- Premio: 
 ---------19.36505818199175
 ---------12.67004637770997
 ---------21.69890871741394
 -- Custo: 
 ---------46.0
 ---------28.0
 ---------53.0
 - Execucao 21
 -- BestCostGenaration: [-383.08816612894196, -461.2547645109293, -601.3253056265439, -621.1463750805658, -683.248748395197, -713.3224284561217, -745.6778077456859, -772.117378423422, -790.0944379629793, -846.1200409789315, -869.9351038985919, -883.3603138569072, -908.4911430792313, -909.2669240495953, -930.4039462290001, -971.2253738706929, -988.4533225072701, -1001.0084258556863, -1014.967393461709, -1027.9271977800815, -1049.1024331479437, -1061.6165492931182, -1067.4861519933934, -1067.6428401315964, -1071.16469988559, -1074.84784497356, -1076.8850258339019, -1082.5418800833943]
 -- BestCostElement: [-1082.54188008 -1082.54188008 -1082.54188008 -1082.54188008]
 -- BestRoute: [array([ 0,  5,  4,  3,  6,  8, 11,  9, 10,  0]), array([ 1, 14, 12, 15, 16, 18, 19,  1]), array([ 2, 31, 30, 29, 26, 23, 24, 25, 27, 28,  2])]
 -- Premio: 
 ---------19.36505818199175
 ---------13.30056307974577
 ---------21.69890871741394
 -- Custo: 
 ---------46.0
 ---------31.0
 ---------53.0
 - Execucao 22
 -- BestCostGenaration: [-393.7430321328833, -462.43656407122467, -585.2099567912121, -639.6105938316356, -659.5089858570399, -725.8196545397759, -765.7221845872086, -788.8901241852761, -869.0786432563009, -892.2368052221541, -919.5164772209733, -964.3418663272682, -969.3030478482831, -977.317143268833, -990.1696909714277, -1003.3962026201812, -1003.9642922393998, -1012.956548630581]
 -- BestCostElement: [-1012.95654863 -1009.82929774 -1008.30743799 -1007.02002033]
 -- BestRoute: [array([ 0,  5,  4,  3,  8, 11, 10,  9,  0]), array([ 1, 17, 13, 12, 14, 15,  1]), array([ 2, 28, 27, 25, 24, 22, 23, 26, 30, 31,  2])]
 -- Premio: 
 ---------19.25209583010962
 ---------13.886349517372675
 ---------21.122417494872465
 -- Custo: 
 ---------45.0
 ---------26.0
 ---------52.0
 - Execucao 23
 -- BestCostGenaration: [-406.30864359735847, -519.4807436205709, -598.3713271563174, -633.2686443697502, -749.8598582847598, -798.4365452640536, -819.4190364838278, -824.9680783640644, -840.3002769209738, -854.3962458833378, -876.5910047855186, -896.1616399621614, -897.565712500342, -922.9260130371433, -934.0195395610245, -946.768081170361, -948.3033800708622, -959.1057250362462, -971.1334083180896, -990.8997221986654, -990.936903059007, -1020.4972490694067, -1026.508052690247, -1047.9380014009218, -1047.9751822612634, -1058.0946895391248, -1058.6505837404152, -1061.6165492931182, -1067.4861519933934, -1071.16469988559, -1074.84784497356]
 -- BestCostElement: [-1074.84784497 -1074.84784497 -1074.84784497 -1074.84784497]
 -- BestRoute: [array([ 0,  5,  4,  3,  6,  8, 11,  9, 10,  0]), array([ 1, 14, 12, 15, 16, 18, 19,  1]), array([ 2, 31, 30, 26, 23, 22, 24, 25, 27, 28,  2])]
 -- Premio: 
 ---------19.36505818199175
 ---------13.30056307974577
 ---------21.122417494872465
 -- Custo: 
 ---------46.0
 ---------31.0
 ---------52.0
 - Execucao 24
 -- BestCostGenaration: [-436.7278117370828, -502.56080087120966, -622.7506571414447, -686.8723247592172, -730.5124860950278, -763.4159499632642, -772.5171150127472, -821.3480091572703, -868.4349829780381, -902.4019846474866, -914.7814751261328, -954.8341020824178, -972.2457975762909, -983.7178415638994, -993.9074658074842, -998.4041330649145, -1017.2428679491729, -1018.2506115579918, -1035.3665195471028, -1044.1432132970353, -1045.2206350297402, -1048.534343528725, -1048.7923239377087]
 -- BestCostElement: [-1048.79232394 -1048.79232394 -1048.79232394 -1048.79232394]
 -- BestRoute: [array([ 0,  3,  4,  5,  7, 10,  9, 11,  0]), array([ 1, 14, 12, 15, 16, 18, 19,  1]), array([ 2, 28, 27, 25, 24, 22, 23, 29, 30, 26,  2])]
 -- Premio: 
 ---------19.077687230463567
 ---------13.30056307974577
 ---------20.423668705363433
 -- Custo: 
 ---------44.0
 ---------31.0
 ---------51.0
