 - Execucao 0
 -- BestCostGenaration: [-264.9548018905865, -319.5523459558628, -402.7354975057933, -558.2814774464293, -590.1712720646143, -797.8742202854824, -815.3428026554002, -875.7011354765101, -929.969611567369, -950.9502748689646, -995.944646667826, -1007.533081395817, -1099.6640179722706, -1102.984887540189, -1175.5447361528877, -1199.443922875479, -1244.1865001475526, -1279.4817046800347, -1304.374217965186, -1308.2951586138377, -1341.8286128415457, -1352.497203878671, -1355.5529319686718, -1370.434935538081, -1380.9518058091803, -1382.077751299796, -1383.6711338504688, -1385.3574686146403, -1386.8981278431784, -1388.413196704641, -1394.3506796496888, -1400.7748916123874, -1406.3499339875502, -1411.7562991919924, -1416.9801035085006, -1418.6664382726726, -1428.570093824573, -1435.517118257553, -1438.4875172150369, -1444.3823308162036, -1456.900880366159, -1468.0947061015472, -1470.6958322610387, -1473.7515603510396, -1474.9654071437371, -1483.830619702388, -1488.9538126700227]
 -- BestCostElement: [-1488.95381267 -1488.95381267 -1488.95381267 -1488.95381267]
 -- BestRoute: [array([ 0,  6,  5,  4,  7,  9, 12, 10, 11,  0]), array([ 1, 18, 14, 15, 13, 16, 17, 19,  1]), array([ 2, 25, 26, 28, 29, 32, 30, 31, 27,  2]), array([ 3, 37, 34, 33, 35, 36, 38, 39, 41, 40,  3])]
 -- Premio: 
 ---------19.36505818199175
 ---------17.90611435520976
 ---------19.320327917582855
 ---------18.53663105724556
 -- Custo: 
 ---------46.0
 ---------39.0
 ---------48.0
 ---------45.0
 - Execucao 1
 -- BestCostGenaration: [-246.55232298739776, -275.8231279329674, -465.09670971758396, -538.8933885081456, -723.1589946161237, -809.4299273365713, -846.0322385532882, -975.8026562785153, -1008.3577361047219, -1013.6934468394486, -1028.3904967705685, -1088.0797828085035, -1100.4308190272166, -1141.7846215391778, -1159.4803128829467, -1179.1259128851152, -1198.8462918283608, -1216.8480367125408, -1217.874960372824, -1252.8634827198905, -1257.777030386631, -1270.910612220529, -1309.5393511769855, -1322.235023905463, -1335.9741271825055, -1348.2653943237788, -1349.4902511227262, -1350.1655326174919, -1362.5152798282963, -1376.2606102920904, -1399.5116379451297, -1405.1111264859778, -1408.6828153939464, -1419.4442735023867, -1428.9213154064782, -1431.6554275976825, -1436.0776326995385, -1439.1908902891769, -1441.0747364785102, -1460.9428452581892, -1464.2565537571738, -1464.514534166158, -1471.9615562788415, -1473.2488101483552, -1473.506790557339, -1483.4104461092395, -1495.981288251439, -1496.2392686604228]
 -- BestCostElement: [-1496.23926866 -1496.23926866 -1496.23926866 -1496.23926866]
 -- BestRoute: [array([ 0, 12, 10, 11,  8,  6,  5,  4,  0]), array([ 1, 18, 21, 22, 20, 19, 17, 16, 13, 15,  1]), array([ 2, 31, 27, 24, 23, 25, 26, 29, 28,  2]), array([ 3, 37, 34, 35, 36, 38, 40, 41, 39,  3])]
 -- Premio: 
 ---------19.077687230463567
 ---------19.877054302287245
 ---------19.87705430228724
 ---------19.608386999856233
 -- Custo: 
 ---------44.0
 ---------44.0
 ---------49.0
 ---------44.0
 - Execucao 2
 -- BestCostGenaration: [-267.7218449086378, -319.6143781111804, -374.0176000289989, -484.4556596631122, -733.6211425084443, -767.0578409013619, -838.705049786101, -914.29164135565, -927.9937275633436, -941.4411703524984, -979.3104387773258, -1042.0538457949688, -1073.7796958623107, -1130.0334093705205, -1154.8907811971696, -1192.4039462290002, -1194.7842728398496, -1228.485275407374, -1273.3425206737315, -1295.1273733996213, -1299.2530318583936, -1346.6914071526633, -1350.5226486201195, -1361.0406588933465, -1376.3248868776518, -1380.0450490349708, -1387.4540220444687, -1390.0406156301897, -1394.646175194462, -1405.607356715477, -1411.6419488438312, -1415.3103975670379, -1416.7940213819313, -1424.6151003242958, -1442.551628625476, -1443.383968434847, -1449.0408226843394, -1452.7677305434534, -1454.801182450865, -1455.8234586334543, -1457.4023086103566, -1462.293648216492, -1464.8157150246354, -1466.5404495189002, -1472.1973037683927, -1474.719370576536]
 -- BestCostElement: [-1474.71937058 -1474.71937058 -1474.71937058 -1474.71937058]
 -- BestRoute: [array([ 0,  4,  5,  6,  8, 11, 10, 12,  0]), array([ 1, 18, 14, 15, 13, 16, 17, 19,  1]), array([ 2, 31, 30, 27, 24, 23, 25, 26, 28, 29,  2]), array([ 3, 37, 34, 35, 36, 38, 41, 40, 39,  3])]
 -- Premio: 
 ---------19.077687230463567
 ---------17.90611435520976
 ---------19.543203766865055
 ---------19.793152003327634
 -- Custo: 
 ---------44.0
 ---------39.0
 ---------51.0
 ---------44.0
 - Execucao 3
 -- BestCostGenaration: [-242.14023294842056, -281.98912360868866, -443.03369745094165, -483.3113739969873, -638.5983323584588, -727.3661041799642, -796.1128193487765, -846.5746142766548, -938.2235172169012, -963.3018071924497, -988.6299835249738, -1023.6281291204034, -1036.5197132330773, -1068.5578684566321, -1086.4734565814451, -1113.5576708096246, -1164.6025540684975, -1180.9469466367439, -1198.4551615966714, -1224.0647358168324, -1261.2988030933234, -1310.9845369132813, -1321.19819174445, -1332.5093377177072, -1360.9357615792253, -1384.008173610801, -1390.3885002216502, -1394.3248868776518, -1399.85010009884, -1413.760150725628, -1420.4675595729987, -1437.407092642045, -1445.2955912713078, -1456.874177022326, -1463.5232876629993, -1468.9214158413695, -1471.290852430355, -1477.6494853985002, -1480.705213488501, -1483.2272802966443, -1484.1452613681654]
 -- BestCostElement: [-1484.14526137 -1484.14526137 -1484.14526137 -1484.14526137]
 -- BestRoute: [array([ 0,  4,  5,  6,  8, 11, 10, 12,  0]), array([ 1, 22, 20, 19, 17, 16, 13, 15, 18,  1]), array([ 2, 25, 26, 28, 29, 32, 30, 31, 27,  2]), array([ 3, 33, 34, 37, 40, 41, 39, 36, 38,  3])]
 -- Premio: 
 ---------19.077687230463567
 ---------18.30713578936527
 ---------19.320327917582855
 ---------19.75853372054694
 -- Custo: 
 ---------44.0
 ---------42.0
 ---------48.0
 ---------45.0
 - Execucao 4
 -- BestCostGenaration: [-236.26484202089964, -300.83274191420924, -421.9769017656274, -509.27965117549877, -616.6936762966774, -784.2702983398535, -815.8432792562967, -870.4625366095688, -923.2394757145726, -942.7822631172238, -1003.4270132644635, -1025.0203958151362, -1047.708940513852, -1089.1673315194023, -1128.5476149037916, -1142.0430421741285, -1171.351471259896, -1248.208569275992, -1256.313334998354, -1259.6165905034059, -1271.8773234353707, -1277.5164967704686, -1294.2838544836745, -1304.8587310149758, -1333.8738447997468, -1344.8265598557634, -1350.3196047795227, -1358.835401806497, -1364.9734994518842, -1377.941046097774, -1387.8447016496746, -1396.809110968019, -1411.86483905802, -1419.867755371994, -1419.9438984093683, -1424.4858609811022, -1432.7418098813782, -1436.7945783942487, -1441.1377241447562, -1442.2081485995207, -1442.28996047385, -1446.260917112391, -1446.3427289867204, -1450.685874737228, -1455.8090677048626]
 -- BestCostElement: [-1455.8090677 -1455.8090677 -1455.8090677 -1455.8090677]
 -- BestRoute: [array([ 0,  6,  5,  4,  7,  9, 12, 10, 11,  0]), array([ 1, 15, 13, 16, 17, 20, 19, 18,  1]), array([ 2, 25, 26, 28, 29, 32, 27, 31,  2]), array([ 3, 37, 34, 33, 35, 36, 38, 39, 41, 40,  3])]
 -- Premio: 
 ---------19.36505818199175
 ---------19.278087034126674
 ---------18.73454147995595
 ---------18.67004637770997
 -- Custo: 
 ---------46.0
 ---------38.0
 ---------46.0
 ---------46.0
 - Execucao 5
 -- BestCostGenaration: [-310.47141110663404, -330.61643849436433, -474.50854970418357, -535.9264069272074, -743.6316406931127, -789.0872762253057, -845.0214469134467, -887.8510067570905, -992.3857476986694, -1042.1453261969896, -1076.577555238494, -1077.9169252648542, -1133.2022496634952, -1163.949961805127, -1164.5138080535148, -1191.1454684223152, -1209.0043679366408, -1240.9207761297498, -1245.886930332274, -1263.4317891250357, -1294.4378518520548, -1308.8791867234552, -1317.43470543901, -1340.4641426905328, -1359.5698867704232, -1372.6783833732943, -1374.420216128396, -1378.1074407962042, -1386.3720678562208, -1407.5515465949138, -1410.0820412454914, -1419.7604023017732, -1429.3909657127876, -1453.8211214776122, -1460.3162965030635, -1464.9654071437371, -1469.4544374116074, -1479.4544374116074, -1481.6037141635704, -1484.6594422535711, -1493.6516986447525, -1502.0306581063792, -1504.7912249270544, -1506.5479860735695, -1511.1970967142431, -1517.5557296823886, -1518.2900056645858, -1520.891131824077, -1527.2605684130629]
 -- BestCostElement: [-1527.26056841 -1527.26056841 -1527.26056841 -1527.26056841]
 -- BestRoute: [array([ 0,  6,  5,  4,  7,  9, 12, 11, 10,  0]), array([ 1, 18, 14, 15, 13, 16, 17, 19, 20,  1]), array([ 2, 29, 28, 26, 25, 23, 24, 27, 31,  2]), array([ 3, 33, 34, 37, 40, 41, 39, 38, 36, 35,  3])]
 -- Premio: 
 ---------19.36505818199175
 ---------18.53663105724556
 ---------18.714776642118867
 ---------19.06839201537814
 -- Custo: 
 ---------46.0
 ---------42.0
 ---------49.0
 ---------46.0
 - Execucao 6
 -- BestCostGenaration: [-265.173741460487, -337.545179673393, -438.5156252172068, -604.6585575413333, -756.4749958180664, -839.2287756899623, -895.1105089793415, -962.0238476643528, -1006.4249354198535, -1015.7682882245108, -1055.3419443773828, -1107.9441322499251, -1147.0791799367105, -1166.4554506813834, -1189.7009898508836, -1230.988616493119, -1234.873871674747, -1250.0234970374454, -1258.1563414239793, -1306.7692861315345, -1349.6791297041727, -1350.567115843114, -1355.574483966197, -1367.3280332906966, -1389.5176575342816, -1396.588973276811, -1407.808762268691, -1414.9955907261383, -1421.0435752073204, -1430.7484139379947, -1431.2489739393482, -1433.386720957828, -1435.431952916029, -1438.5667403573782, -1442.4580367003575, -1451.745290569871, -1460.6105031285217, -1467.4584305904216, -1469.7750986665367, -1470.5141586804223]
 -- BestCostElement: [-1470.51415868 -1470.51415868 -1470.51415868 -1470.51415868]
 -- BestRoute: [array([ 0,  4,  5,  6,  8, 10, 11, 12,  0]), array([ 1, 18, 14, 15, 13, 16, 17, 19, 20,  1]), array([ 2, 25, 26, 28, 29, 32, 30, 31, 27,  2]), array([ 3, 37, 34, 35, 36, 38, 40, 41, 39,  3])]
 -- Premio: 
 ---------19.90611435520976
 ---------18.53663105724556
 ---------19.320327917582855
 ---------19.608386999856233
 -- Custo: 
 ---------44.0
 ---------42.0
 ---------48.0
 ---------44.0
 - Execucao 7
 -- BestCostGenaration: [-336.9915162446706, -400.6240413257916, -530.311285543095, -657.5822069288214, -746.8158036748805, -807.511387753113, -927.3426306046981, -931.37184285552, -946.1092854689973, -1027.46157692, -1053.3124456381681, -1122.546309507727, -1140.6673929165397, -1173.3810673660691, -1199.7385434839473, -1240.6078139616434, -1247.870371348166, -1263.0439412047135, -1268.906985039108, -1326.7368194642804, -1330.3748191505683, -1349.5706128830666, -1367.6116000863078, -1415.5441352086739, -1418.3405157404682, -1426.2195366878254, -1440.7734240282734, -1445.4225346689468, -1449.5069543483323, -1458.9213154064782, -1462.235023905463, -1462.2567175481672, -1468.1715522066436, -1471.2272802966445]
 -- BestCostElement: [-1471.2272803 -1471.2272803 -1471.2272803 -1471.2272803]
 -- BestRoute: [array([ 0,  4,  5,  6,  8, 11, 10, 12,  0]), array([ 1, 18, 14, 15, 13, 16, 17, 19,  1]), array([ 2, 29, 28, 26, 25, 23, 24, 27, 31,  2]), array([ 3, 33, 34, 37, 40, 41, 39, 38, 36,  3])]
 -- Premio: 
 ---------19.077687230463567
 ---------17.90611435520976
 ---------18.714776642118867
 ---------18.99460169804673
 -- Custo: 
 ---------44.0
 ---------39.0
 ---------49.0
 ---------45.0
 - Execucao 8
 -- BestCostGenaration: [-215.46359010784545, -387.1027424950859, -398.62486870420537, -611.8160559197659, -722.9986640513038, -751.2264150408733, -830.0755380535438, -909.485491949866, -950.4816162261425, -978.2551866079514, -1001.5854992817798, -1091.363207290196, -1093.2276176612513, -1100.3718162800756, -1161.0872209811505, -1180.987726589483, -1205.063051690227, -1256.7032519069876, -1276.7030428366656, -1309.1170552840765, -1310.4859310306658, -1333.0899735041312, -1333.1690328554796, -1347.9809376245314, -1348.9515003730085, -1364.4638167114906, -1372.873871586154, -1382.893017707158, -1393.635039351043, -1406.228419848847, -1409.363207290196, -1427.315222809014, -1450.719997638417, -1450.8843861222822, -1456.3768518879094, -1458.6161966133418, -1460.6236531903173, -1466.089390964246, -1467.5706776232973, -1473.2275318727898, -1478.7229139523909, -1492.2420211834037, -1492.8383633112069]
 -- BestCostElement: [-1492.83836331 -1492.83836331 -1492.83836331 -1492.83836331]
 -- BestRoute: [array([ 0,  6,  5,  4,  7,  9, 12, 10, 11,  0]), array([ 1, 18, 14, 15, 13, 16, 17, 19,  1]), array([ 2, 27, 30, 31, 32, 29, 28, 26, 25,  2]), array([ 3, 37, 34, 33, 35, 36, 38, 39, 40, 41,  3])]
 -- Premio: 
 ---------19.36505818199175
 ---------17.90611435520976
 ---------17.36505818199175
 ---------19.65417845300504
 -- Custo: 
 ---------46.0
 ---------39.0
 ---------48.0
 ---------46.0
 - Execucao 9
 -- BestCostGenaration: [-276.09595492849655, -360.41715684428357, -454.71433049007936, -578.4429496163206, -772.2739860824959, -870.6678236464305, -891.5376785915911, -910.8220094536692, -957.0631972489509, -1020.1384704756349, -1035.1998479783847, -1046.6202350714848, -1076.3240186348078, -1122.972778648574, -1144.8260509845584, -1164.214967301256, -1164.3401651135605, -1176.6678236464304, -1185.609242598558, -1244.9144185634289, -1254.161244055925, -1274.344949145249, -1285.7315475901355, -1325.5437845817664, -1332.6126984282228, -1364.1086623789693, -1378.4181897180583, -1389.2380839174846, -1396.4573322485069, -1403.227116505651, -1408.0290211564757, -1432.0877088236068, -1436.6478477798569, -1447.838757201271, -1448.114186497999, -1450.5998632986748, -1455.9615562788417, -1459.3749626931203, -1467.196041635485, -1477.0996971873853, -1482.8356107882262, -1484.0467216203654, -1499.2489739393484]
 -- BestCostElement: [-1499.24897394 -1499.24897394 -1499.24897394 -1499.24897394]
 -- BestRoute: [array([ 0,  4,  5,  6,  8, 10, 11, 12,  0]), array([ 1, 15, 13, 16, 17, 19, 22, 20, 18,  1]), array([ 2, 27, 30, 31, 32, 29, 28, 26, 25,  2]), array([ 3, 37, 34, 33, 35, 36, 38, 39, 41, 40,  3])]
 -- Premio: 
 ---------19.90611435520976
 ---------19.246537600251443
 ---------17.36505818199175
 ---------18.67004637770997
 -- Custo: 
 ---------44.0
 ---------42.0
 ---------48.0
 ---------46.0
 - Execucao 10
 -- BestCostGenaration: [-198.3441147149312, -340.93165108355817, -377.86309487771706, -403.39204515377696, -592.1842869013004, -738.0431412248904, -905.6306308050902, -945.6113841268254, -970.5569138127648, -1058.1904933263668, -1076.6997084425395, -1090.4532228072496, -1097.645930019184, -1133.2539084997293, -1157.288931970536, -1167.3108695072165, -1206.752097700189, -1207.90900241109, -1215.9067613556335, -1270.3982939544678, -1279.897984145131, -1281.988033953234, -1306.3466217306436, -1308.6822761172177, -1313.660375420364, -1325.2226831008704, -1334.5735724601968, -1341.4589698671502, -1344.7844144850283, -1362.4054550234016, -1365.9351016493704, -1370.5686246375153, -1374.831013592452, -1393.4610193224094, -1395.196041635485, -1410.2929437646417, -1417.1289273847585, -1433.8451522761584, -1453.0913958975093, -1461.9566084561602, -1462.9950514494096, -1464.2852216328972, -1478.8072884410406, -1482.2372371517151, -1485.572639293404, -1486.5432020418812, -1491.2294935428965]
 -- BestCostElement: [-1491.22949354 -1491.22949354 -1491.22949354 -1491.22949354]
 -- BestRoute: [array([ 0,  4,  5,  6,  8, 10, 12, 11,  0]), array([ 1, 18, 14, 15, 13, 16, 17, 19, 20,  1]), array([ 2, 29, 28, 26, 25, 23, 24, 27, 31,  2]), array([ 3, 34, 33, 36, 38, 39, 41, 40, 37,  3])]
 -- Premio: 
 ---------19.97060945745574
 ---------18.53663105724556
 ---------18.714776642118867
 ---------19.97060945745574
 -- Custo: 
 ---------44.0
 ---------42.0
 ---------49.0
 ---------45.0
 - Execucao 11
 -- BestCostGenaration: [-349.6570593662409, -359.4424864496974, -488.38608197411713, -589.0362889038367, -827.3999727833991, -936.1477533872056, -999.7849970249133, -1047.349301165745, -1078.1125139126045, -1090.019259352093, -1146.6799644664811, -1147.1956291301294, -1197.1293029957837, -1212.0864294595362, -1213.4600116836082, -1267.443132022605, -1267.8297988995014, -1283.2723484638523, -1301.5685196212007, -1308.0467216203654, -1312.5233309261557, -1317.332091209742, -1335.7390841448048, -1345.930201266646, -1370.5344299297485, -1383.241273593686, -1384.948452341986, -1426.3543673923311, -1447.1307720575517, -1460.8245569753692, -1467.3541603381814, -1470.3135439800826, -1473.2048835862186, -1477.7468461579524, -1483.108539138119, -1489.3280332906966, -1499.0478199622798, -1499.6037141635702, -1501.3760177718787, -1512.9391163052592, -1515.006581182893, -1518.062309272894]
 -- BestCostElement: [-1518.06230927 -1518.06230927 -1518.06230927 -1518.06230927]
 -- BestRoute: [array([ 0,  6,  5,  4,  7,  9, 12, 10, 11,  0]), array([ 1, 18, 14, 15, 13, 16, 17, 19,  1]), array([ 2, 31, 30, 27, 24, 23, 25, 26, 28, 29,  2]), array([ 3, 37, 34, 33, 35, 36, 38, 39, 41, 40,  3])]
 -- Premio: 
 ---------19.36505818199175
 ---------17.90611435520976
 ---------19.543203766865055
 ---------18.67004637770997
 -- Custo: 
 ---------46.0
 ---------39.0
 ---------51.0
 ---------46.0
 - Execucao 12
 -- BestCostGenaration: [-285.9924966960127, -399.5282915028407, -530.9166172301541, -704.9378990384519, -794.0016236284343, -841.0626828310503, -941.6623617383359, -945.1259880258633, -978.6680738384471, -1069.5535165247295, -1097.0619853100238, -1118.8400441930066, -1131.9796061107995, -1182.04434458312, -1194.9383399106957, -1250.064153945687, -1256.4325068945036, -1263.1682420026054, -1307.9667544188292, -1312.3923517552857, -1335.6903088107485, -1337.8061735367032, -1344.9293665043378, -1355.3532690504164, -1365.0191290416356, -1373.6535433175454, -1381.8499132629254, -1389.0218815646163, -1397.8236224244474, -1405.1900994363027, -1409.5332451868103, -1417.9398626361376, -1419.6370010211494, -1429.1851516136212, -1431.5812296679924, -1434.636957757993, -1438.050364172272, -1451.7223301536665, -1455.7750986665367, -1457.1443282013727, -1458.6693545866465, -1459.666395009516, -1460.2000562913736, -1462.7221230995167]
 -- BestCostElement: [-1462.7221231 -1462.7221231 -1462.7221231 -1462.7221231]
 -- BestRoute: [array([ 0,  4,  5,  6,  8, 11, 10, 12,  0]), array([ 1, 18, 14, 15, 13, 16, 17, 19,  1]), array([ 2, 27, 30, 31, 32, 29, 28, 26, 25,  2]), array([ 3, 34, 33, 36, 38, 39, 41, 40, 37,  3])]
 -- Premio: 
 ---------19.077687230463567
 ---------17.90611435520976
 ---------17.36505818199175
 ---------19.97060945745574
 -- Custo: 
 ---------44.0
 ---------39.0
 ---------48.0
 ---------45.0
 - Execucao 13
 -- BestCostGenaration: [-324.81309821883224, -425.57968000916077, -516.6310386037321, -611.704841384519, -748.1627349037751, -812.8622771124396, -882.1555758060788, -925.4381224100688, -985.796550376933, -1035.2203256131206, -1047.6242363764802, -1133.8901236051292, -1144.4660104082473, -1201.0211137566635, -1217.808717077955, -1252.2251282601, -1281.1704552488575, -1290.1626112051476, -1300.586973485576, -1320.1647683837202, -1329.7345255715948, -1352.902272163247, -1363.20009955453, -1376.639054095525, -1385.9292242790125, -1404.8693130129438, -1408.229700597046, -1413.9925059805785, -1426.1594831964314, -1428.23096745914, -1431.1037551064305, -1431.8428151203161, -1441.1736449250589, -1444.737071040426, -1452.3939252899181, -1453.9391595684156, -1461.9420758823896, -1463.487310160887, -1467.56972297943, -1480.1736016619022, -1480.5291066213315, -1487.021529123802, -1490.0772572138028]
 -- BestCostElement: [-1490.07725721 -1489.3381972  -1487.02152912 -1486.28246911]
 -- BestRoute: [array([ 0,  6,  5,  4,  7,  9, 12, 10, 11,  0]), array([ 1, 18, 14, 15, 13, 16, 17, 19, 20,  1]), array([ 2, 27, 30, 31, 32, 29, 26, 28, 25,  2]), array([ 3, 37, 34, 35, 36, 38, 40, 41, 39,  3])]
 -- Premio: 
 ---------19.36505818199175
 ---------18.53663105724556
 ---------19.970609457455737
 ---------19.608386999856233
 -- Custo: 
 ---------46.0
 ---------42.0
 ---------48.0
 ---------44.0
 - Execucao 14
 -- BestCostGenaration: [-183.08586345901398, -241.3028560398252, -432.9151460602008, -494.274149873489, -651.0902377300154, -814.6833108640683, -828.7024157747846, -907.4478708635577, -964.9482433602569, -1001.4039894921566, -1089.8065490224385, -1097.0719387647937, -1177.2195513895713, -1207.1077731440728, -1217.8511127076094, -1237.9854700800743, -1254.5927022297415, -1266.446709173274, -1339.5399317309043, -1339.97795015473, -1373.1682420026054, -1377.511387753113, -1378.096926260076, -1408.4770026789088, -1429.4522241653553, -1443.1568991050365, -1447.2162264837873, -1465.1007771249715, -1470.757631374464, -1472.0078681746288, -1474.0930335161527, -1482.9220198583291, -1493.5448396605245, -1506.0669064686679, -1506.3398348185606, -1513.2868592515406, -1513.760941578502, -1522.753197969683]
 -- BestCostElement: [-1522.75319797 -1522.75319797 -1522.75319797 -1522.75319797]
 -- BestRoute: [array([ 0,  4,  5,  6,  8, 11, 10, 12,  0]), array([ 1, 18, 14, 15, 13, 16, 17, 19, 20,  1]), array([ 2, 31, 30, 27, 24, 23, 25, 26, 28, 29,  2]), array([ 3, 37, 34, 33, 35, 36, 38, 39, 40, 41,  3])]
 -- Premio: 
 ---------19.077687230463567
 ---------18.53663105724556
 ---------19.543203766865055
 ---------19.65417845300504
 -- Custo: 
 ---------44.0
 ---------42.0
 ---------51.0
 ---------46.0
 - Execucao 15
 -- BestCostGenaration: [-305.5197262741189, -325.3224284561216, -497.6914502905304, -660.5351695230099, -694.462806823468, -833.7775252104753, -914.4922560559896, -915.3711111594848, -959.248008894964, -999.3679654151799, -1063.4581663645376, -1075.8405020854507, -1124.0930747264406, -1143.7670722165426, -1155.839251287264, -1167.9600253386257, -1190.2223138586714, -1224.8295460083384, -1232.6564793647328, -1254.768476205592, -1256.9897579729009, -1268.292531259286, -1293.6912413088016, -1310.3657966909236, -1321.7385987281025, -1322.7518720307482, -1331.9339846921644, -1350.291145885528, -1355.1164059877879, -1380.1832883255365, -1381.1908681433624, -1387.7808151962781, -1388.4038236482945, -1412.3510551354245, -1430.156646860151, -1433.470355359136, -1447.7543375218859, -1451.5965530946366, -1460.5888094858178, -1466.2830083866452, -1468.447233079517, -1473.5965530946369, -1477.4394894706982, -1486.9058281888406, -1498.1412681893512, -1502.0777964905315, -1507.1335245805324, -1511.0700528817129, -1515.4131986322204, -1516.5998632986748, -1520.536391599855, -1525.1855022405286]
 -- BestCostElement: [-1525.18550224 -1525.18550224 -1525.18550224 -1525.18550224]
 -- BestRoute: [array([ 0,  4,  5,  6,  8, 10, 11, 12,  0]), array([ 1, 15, 13, 16, 17, 19, 20, 22, 18,  1]), array([ 2, 29, 28, 26, 25, 23, 24, 27, 30, 31,  2]), array([ 3, 37, 34, 33, 35, 36, 38, 39, 41, 40,  3])]
 -- Premio: 
 ---------19.90611435520976
 ---------18.084259940083065
 ---------19.54320376686506
 ---------18.67004637770997
 -- Custo: 
 ---------44.0
 ---------42.0
 ---------51.0
 ---------46.0
 - Execucao 16
 -- BestCostGenaration: [-328.73363627057756, -337.064807764634, -444.14468507181704, -628.4902045114399, -766.5235647667128, -787.2474429991323, -885.0411981700751, -908.2320790300785, -926.179339078619, -997.1159657618214, -1036.64801723424, -1065.7756609881867, -1095.4809304564853, -1132.4402588464982, -1182.3701600461407, -1184.6686335723732, -1195.3929768895875, -1223.1493777955634, -1283.0033775981137, -1283.9001356382246, -1307.0062305559854, -1310.6907674410438, -1311.928169111661, -1346.4595086004285, -1363.4177506372585, -1388.4687398863066, -1397.5917690629483, -1398.5097501344696, -1411.1962054264777, -1432.2006572355872, -1448.6958322610387, -1465.3821237620539, -1471.1180373628945, -1472.1257809717135, -1476.6478477798566, -1481.592119689856]
 -- BestCostElement: [-1481.59211969 -1481.59211969 -1481.59211969 -1481.59211969]
 -- BestRoute: [array([ 0,  4,  5,  6,  8, 11, 12, 10,  0]), array([ 1, 13, 15, 18, 22, 20, 19, 17,  1]), array([ 2, 27, 30, 31, 32, 29, 28, 26, 25,  2]), array([ 3, 37, 34, 33, 35, 36, 38, 39, 41, 40,  3])]
 -- Premio: 
 ---------19.14218233270955
 ---------19.42468318512475
 ---------17.36505818199175
 ---------18.67004637770997
 -- Custo: 
 ---------44.0
 ---------40.0
 ---------48.0
 ---------46.0
 - Execucao 17
 -- BestCostGenaration: [-227.49170028860274, -311.2516451596755, -471.4421606910256, -647.6811103199432, -789.3743451864841, -866.5411304408078, -960.9100978026283, -991.4225799482758, -1070.5813593321723, -1118.214262760812, -1155.1415756783917, -1169.9227440433929, -1245.01931587755, -1310.0511550251458, -1318.5296458980602, -1324.2952038045732, -1344.8431473428952, -1364.3398348185608, -1382.159858682167, -1390.4857193359232, -1391.204532959311, -1403.6164488582272, -1415.1112916611, -1415.5077452012065, -1419.473917808059, -1444.5294821070668, -1444.9174226625553, -1457.4394894706984, -1459.2751009868332, -1462.3308290768339, -1472.97354464262]
 -- BestCostElement: [-1472.97354464 -1472.97354464 -1472.97354464 -1472.97354464]
 -- BestRoute: [array([ 0,  6,  5,  4,  7,  9, 12, 11, 10,  0]), array([ 1, 18, 14, 15, 13, 16, 17, 19,  1]), array([ 2, 31, 27, 24, 23, 25, 26, 29, 28,  2]), array([ 3, 37, 34, 35, 36, 38, 40, 41, 39,  3])]
 -- Premio: 
 ---------19.36505818199175
 ---------17.90611435520976
 ---------19.87705430228724
 ---------19.608386999856233
 -- Custo: 
 ---------46.0
 ---------39.0
 ---------49.0
 ---------44.0
 - Execucao 18
 -- BestCostGenaration: [-339.96456874631696, -408.63882547570745, -438.4337422924209, -547.5688763883204, -655.2145951086807, -759.0871757904148, -824.2343005058335, -874.361491530238, -937.944646667826, -958.6522811846376, -1013.7798541368145, -1029.8852740983393, -1088.2700893581246, -1166.1602093090746, -1183.5579117197888, -1188.0941298051987, -1221.8399787840358, -1225.2813960621443, -1271.4705643408647, -1283.0851894724428, -1290.7552294783907, -1333.8430037701373, -1349.3591945618864, -1367.011178378667, -1369.467811817884, -1382.349357691202, -1386.892812705877, -1402.9113578826677, -1410.3207299078445, -1410.663875658352, -1430.6348322968931, -1444.254505686044, -1444.8411404820527, -1459.4891548336805, -1471.5942159387946, -1479.6270886880743, -1496.523000631156, -1498.7620399204168, -1499.4267794239067, -1500.8472052619404, -1507.530744239975, -1514.477768672955, -1520.1346229224473, -1521.3429812316056, -1527.0816473554273, -1528.8539509637355, -1536.0739037466083, -1545.5402424647507]
 -- BestCostElement: [-1545.54024246 -1545.54024246 -1545.54024246 -1545.54024246]
 -- BestRoute: [array([ 0,  6,  5,  4,  7,  9, 12, 11, 10,  0]), array([ 1, 18, 14, 15, 13, 16, 17, 19, 20,  1]), array([ 2, 31, 30, 27, 24, 23, 25, 26, 28, 29,  2]), array([ 3, 37, 34, 33, 35, 36, 38, 39, 41, 40,  3])]
 -- Premio: 
 ---------19.36505818199175
 ---------18.53663105724556
 ---------19.543203766865055
 ---------18.67004637770997
 -- Custo: 
 ---------46.0
 ---------42.0
 ---------51.0
 ---------46.0
 - Execucao 19
 -- BestCostGenaration: [-418.1604891038433, -560.0899137671454, -750.4181445273227, -832.2166203738515, -846.2695526777151, -884.5133759986641, -943.440118870394, -977.1798776866077, -1070.245588594562, -1079.1666476471187, -1085.0043874861365, -1115.7274896710903, -1117.8510960782846, -1135.9688925243331, -1176.2816412374225, -1190.8113546197947, -1191.0673003587322, -1196.6447446299683, -1224.724900270363, -1233.894457398601, -1241.9060352429904, -1285.5753906244481, -1302.9763125360864, -1308.8600723243965, -1314.2344846287347, -1316.4924650377184, -1336.173780823381, -1342.775697835747, -1365.0669497318243, -1370.1842583398895, -1370.881398652481, -1384.7385169754052, -1386.3690803864195, -1393.767954226928, -1421.4248084764204, -1427.5890331692926, -1441.2458874187848, -1445.3887239051248, -1453.9956506186197, -1456.2052710606863, -1462.8766146207925, -1467.8358344717005, -1473.4994344229879, -1474.7828589046803, -1479.126004655188, -1488.504059511433, -1490.185725924003, -1495.4510839444129, -1504.9174226625553, -1523.9096790537362, -1526.4317458618796]
 -- BestCostElement: [-1526.43174586 -1526.43174586 -1526.43174586 -1526.43174586]
 -- BestRoute: [array([ 0,  4,  5,  6,  8, 11, 12, 10,  0]), array([ 1, 18, 14, 15, 13, 16, 17, 19, 20,  1]), array([ 2, 31, 30, 27, 24, 23, 25, 26, 28, 29,  2]), array([ 3, 37, 34, 33, 35, 36, 38, 39, 41, 40,  3])]
 -- Premio: 
 ---------19.14218233270955
 ---------18.53663105724556
 ---------19.543203766865055
 ---------18.67004637770997
 -- Custo: 
 ---------44.0
 ---------42.0
 ---------51.0
 ---------46.0
 - Execucao 20
 -- BestCostGenaration: [-225.57098546676542, -367.7697187890045, -420.1097613896238, -552.8430468223312, -768.6615150978562, -769.6485307546329, -789.78514265054, -906.1668386598335, -926.958596701711, -988.9679327384379, -997.6796056247993, -1082.8677274748502, -1092.320703790177, -1114.8792113713205, -1128.322860467314, -1147.2986393023302, -1153.4521789746195, -1179.4179980343943, -1187.937110113157, -1201.015611872041, -1227.0388158234973, -1246.9738970834344, -1258.997622234846, -1301.6388624118608, -1308.4930043144473, -1324.9603961837684, -1343.9957977802878, -1344.334309315402, -1358.1958813750148, -1370.7881655837728, -1372.8023226718078, -1374.031656682143, -1389.9593430325895, -1400.5545695873154, -1406.332979185799, -1421.5676735241714, -1428.070899647482, -1428.179603304503, -1442.08638686512, -1451.4323284017648, -1454.0814390424382, -1460.2877924183335, -1479.764934757316, -1483.7874192528943, -1486.3094860610374, -1492.1452613681654, -1492.4148362508638, -1494.9369030590071, -1498.794372008839, -1503.981882772323, -1505.2963821241815, -1509.101127751879, -1511.6231945600223, -1514.288638515363, -1516.8107053235062, -1520.6154509512037, -1526.974083919349]
 -- BestCostElement: [-1526.97408392 -1526.97408392 -1520.61545095 -1520.61545095]
 -- BestRoute: [array([ 0,  4,  5,  6,  8, 11, 10, 12,  0]), array([ 1, 18, 21, 22, 20, 19, 17, 16, 13, 15,  1]), array([ 2, 31, 30, 27, 24, 23, 25, 26, 28, 29,  2]), array([ 3, 33, 34, 37, 40, 41, 39, 36, 38,  3])]
 -- Premio: 
 ---------19.077687230463567
 ---------19.877054302287245
 ---------19.543203766865055
 ---------19.75853372054694
 -- Custo: 
 ---------44.0
 ---------44.0
 ---------51.0
 ---------45.0
 - Execucao 21
 -- BestCostGenaration: [-277.97048913220874, -336.1206404518297, -488.4807701882819, -599.4563426378884, -738.7951782321989, -873.4926720918681, -963.570426047152, -993.034757904452, -1031.3014804755562, -1046.630774377848, -1082.5780058649775, -1120.9359380146225, -1152.9827168883535, -1189.5540983958747, -1253.9874743445976, -1267.252616491255, -1275.8945759943854, -1305.7271141853548, -1315.2905882044709, -1326.4398833607625, -1364.2084828749687, -1391.6592339405822, -1397.01591721962, -1415.791061804801, -1419.232019137597, -1425.6947173567016, -1440.5036441442944, -1453.8061735367032, -1454.9369030590071, -1469.7454543608642, -1470.4924650377186, -1474.0886001113718, -1479.2117930790066, -1486.9058281888408, -1495.8980845800218]
 -- BestCostElement: [-1495.89808458 -1495.89808458 -1495.89808458 -1495.89808458]
 -- BestRoute: [array([ 0,  4,  5,  6,  8, 10, 11, 12,  0]), array([ 1, 18, 14, 15, 13, 16, 17, 19,  1]), array([ 2, 31, 30, 27, 24, 23, 25, 26, 28, 29,  2]), array([ 3, 37, 34, 33, 35, 36, 38, 39, 41, 40,  3])]
 -- Premio: 
 ---------19.90611435520976
 ---------17.90611435520976
 ---------19.543203766865055
 ---------18.67004637770997
 -- Custo: 
 ---------44.0
 ---------39.0
 ---------51.0
 ---------46.0
 - Execucao 22
 -- BestCostGenaration: [-325.81758691915053, -376.2701923893347, -507.2730539042125, -659.7069475615876, -711.9349401075987, -829.7921580938471, -984.2451230744527, -1031.400886305572, -1103.049400409189, -1115.314496696371, -1155.7543623807137, -1173.0524583683418, -1193.4522241653551, -1226.3337700386733, -1253.2830516498016, -1276.3964508846188, -1302.7024609655205, -1314.5901301270785, -1317.2830516498016, -1342.7707166960283, -1355.2506548211484, -1373.4148795140202, -1373.584052029574, -1384.7717884624988, -1394.3188672884999, -1400.8400441930069, -1418.213166471766, -1427.301555616304, -1439.0373054261518, -1450.7099975201895, -1461.4177958279943, -1470.7132645863605, -1473.3804511766593, -1479.0373054261518, -1481.28410672856, -1482.4303787126569, -1488.4891115705236, -1491.5448396605248, -1493.590071618726, -1500.5370960517057, -1501.011178378667, -1507.4813679617048, -1510.0034347698481]
 -- BestCostElement: [-1510.00343477 -1510.00343477 -1510.00343477 -1510.00343477]
 -- BestRoute: [array([ 0,  4,  5,  6,  8, 11, 10, 12,  0]), array([ 1, 18, 14, 15, 13, 16, 17, 19, 20,  1]), array([ 2, 29, 28, 26, 25, 23, 24, 27, 31,  2]), array([ 3, 37, 34, 33, 35, 36, 38, 39, 41, 40,  3])]
 -- Premio: 
 ---------19.077687230463567
 ---------18.53663105724556
 ---------18.714776642118867
 ---------18.67004637770997
 -- Custo: 
 ---------44.0
 ---------42.0
 ---------49.0
 ---------46.0
 - Execucao 23
 -- BestCostGenaration: [-285.5697704193873, -317.3913228242009, -399.51083117611046, -645.8357931968717, -674.9407324468282, -872.5129872506282, -910.2193728968323, -980.3666879786887, -1008.7639676600629, -1063.4636635173672, -1071.3181844390133, -1141.9849308033456, -1179.381961574005, -1182.4627455912978, -1210.785018590581, -1211.4807365097945, -1218.5795620993363, -1234.6809191989414, -1250.5270987428185, -1263.131562999019, -1280.862528777178, -1280.9746880249018, -1286.168536805211, -1297.4776404339864, -1310.9301574458052, -1323.548732404448, -1334.027059486369, -1342.9907768330306, -1346.346480085465, -1366.1675590278292, -1387.8250142215354, -1400.7856194462017, -1414.1385156663707, -1420.7734240282734, -1430.8248071673856, -1443.8325507762047]
 -- BestCostElement: [-1443.83255078 -1443.83255078 -1437.58591326 -1437.58591326]
 -- BestRoute: [array([ 0,  6,  5,  4,  9, 12, 10, 11,  0]), array([ 1, 18, 14, 13, 15, 16, 17, 19,  1]), array([ 2, 27, 31, 32, 29, 25, 26, 28,  2]), array([ 3, 33, 34, 37, 40, 41, 39, 38, 36,  3])]
 -- Premio: 
 ---------19.252095830109624
 ---------18.67004637770997
 ---------19.625118400082528
 ---------18.99460169804673
 -- Custo: 
 ---------45.0
 ---------39.0
 ---------46.0
 ---------45.0
 - Execucao 24
 -- BestCostGenaration: [-405.2379900581208, -497.5836366624353, -609.7581505582469, -797.4637538988386, -828.303530599555, -838.4383745663612, -909.0090078154248, -962.8578437076587, -1007.3257210822757, -1039.1186661163129, -1091.2096676179067, -1095.0304949841259, -1101.9183558293478, -1141.022335347162, -1141.802382564289, -1176.9317914453322, -1197.4321646107715, -1229.8179345144242, -1235.3013918253112, -1273.6717831467572, -1284.3784011412538, -1330.7997601460802, -1343.6552407617683, -1355.1785863321443, -1363.5914018369217, -1370.2100384630496, -1391.824239997986, -1404.9022010074198, -1412.90307566586, -1424.8578437076587, -1429.5893671668753, -1453.8354037340764, -1458.1404773364773, -1459.1375177593468, -1472.1452613681656, -1475.1538510740138, -1478.958596701711, -1482.014324791712, -1487.2009894581663, -1495.0220684005308]
 -- BestCostElement: [-1495.0220684 -1495.0220684 -1495.0220684 -1495.0220684]
 -- BestRoute: [array([ 0,  4,  5,  6,  8, 11, 10, 12,  0]), array([ 1, 18, 15, 13, 16, 17, 19, 20, 22,  1]), array([ 2, 27, 30, 31, 32, 29, 28, 26, 25,  2]), array([ 3, 33, 34, 37, 40, 41, 39, 38, 36,  3])]
 -- Premio: 
 ---------19.077687230463567
 ---------18.307135789365265
 ---------17.36505818199175
 ---------18.99460169804673
 -- Custo: 
 ---------44.0
 ---------42.0
 ---------48.0
 ---------45.0
 - Execucao 25
 -- BestCostGenaration: [-257.54674600080295, -351.61016232058034, -376.9096872387267, -497.6438166545739, -578.416077737577, -697.6158245093598, -828.0885249706237, -842.4553705784001, -1015.2908936406427, -1027.8740139000727, -1050.753823772725, -1111.8843416002865, -1147.8655873164776, -1167.1462592751893, -1177.8655421257417, -1223.3505165274355, -1263.029064419632, -1267.9959846162023, -1291.021529123802, -1320.618804418398, -1329.6447013668121, -1333.9330521941115, -1365.4231109652956, -1392.6625441446204, -1413.9135266069238, -1416.9692546969245, -1421.7710407474915, -1423.0584584079982, -1425.3644232981642, -1426.114186497999, -1437.8345124463112, -1440.0777964905317, -1449.5069543483323, -1453.85010009884, -1455.6076069074936, -1455.8655873164776, -1456.1932458493475, -1467.9135717976596]
 -- BestCostElement: [-1467.9135718 -1467.9135718 -1467.9135718 -1467.9135718]
 -- BestRoute: [array([ 0,  4,  5,  6,  8, 10, 11, 12,  0]), array([ 1, 18, 14, 15, 13, 16, 17, 19,  1]), array([ 2, 29, 28, 26, 25, 23, 24, 27, 31,  2]), array([ 3, 33, 34, 37, 40, 41, 39, 38, 36,  3])]
 -- Premio: 
 ---------19.90611435520976
 ---------17.90611435520976
 ---------18.714776642118867
 ---------18.99460169804673
 -- Custo: 
 ---------44.0
 ---------39.0
 ---------49.0
 ---------45.0
 - Execucao 26
 -- BestCostGenaration: [-211.87769136083875, -262.16412425798114, -365.3050401811779, -466.39392120490646, -574.413653906652, -743.1244570856475, -844.1387025022849, -868.3961233026324, -916.3896570719176, -947.9796669297517, -1013.3658150952522, -1023.0439125719274, -1095.2921990367072, -1107.7056073785652, -1124.6833560548039, -1159.2636703041119, -1178.397342260977, -1245.8028612797962, -1249.1060922622726, -1292.0825353314845, -1304.772678366135, -1350.2472193233914, -1358.9995839049525, -1384.067407624268, -1396.7815203168684, -1408.415337406464, -1419.8819206311448, -1447.2800488095147, -1449.2644611569858, -1453.2545036331753, -1467.0051135987796, -1475.428685849858, -1485.7657256101902, -1489.0700528817129, -1504.4209422410393, -1509.7718316003657, -1510.5634732912072, -1513.0855400993505]
 -- BestCostElement: [-1513.0855401 -1513.0855401 -1513.0855401 -1513.0855401]
 -- BestRoute: [array([ 0,  4,  5,  6,  8, 11, 12, 10,  0]), array([ 1, 18, 21, 22, 20, 19, 17, 16, 13, 15,  1]), array([ 2, 29, 28, 26, 25, 23, 24, 27, 31,  2]), array([ 3, 33, 34, 37, 40, 41, 39, 38, 36,  3])]
 -- Premio: 
 ---------19.14218233270955
 ---------19.877054302287245
 ---------18.714776642118867
 ---------18.99460169804673
 -- Custo: 
 ---------44.0
 ---------44.0
 ---------49.0
 ---------45.0
 - Execucao 27
 -- BestCostGenaration: [-271.24441306760224, -279.4803115657203, -371.0773212978139, -423.14025371990493, -621.7912255957941, -668.2587490568749, -845.2681037088927, -865.5182584784955, -925.404670414064, -969.3852352969409, -987.4238852557472, -1019.2963369334461, -1149.0742125722672, -1154.489612726124, -1158.66443141183, -1170.7426453124267, -1235.0866817044218, -1242.1500649493491, -1275.0494556533442, -1286.9839224958046, -1291.0231648148663, -1296.4186851881802, -1335.7984731910408, -1337.0490637794526, -1365.373265248898, -1379.8381357141866, -1393.3184898751852, -1393.3199823181267, -1401.8012257140215, -1427.775098666537, -1444.2234308158775, -1455.8960777191796, -1461.0741108007578, -1470.566576566385, -1470.6222613932296, -1487.414504028285, -1494.0474260722158, -1496.6106669195149, -1501.1491122330613, -1506.9654071437371, -1507.5665333032287, -1508.8539509637355, -1510.6331514150934, -1517.3497269334005]
 -- BestCostElement: [-1517.34972693 -1517.34972693 -1517.34972693 -1517.34972693]
 -- BestRoute: [array([ 0,  6,  5,  4,  7,  9, 12, 10, 11,  0]), array([ 1, 22, 20, 19, 17, 16, 13, 15, 18,  1]), array([ 2, 25, 26, 28, 29, 32, 30, 31, 27,  2]), array([ 3, 37, 34, 33, 35, 36, 38, 39, 41, 40,  3])]
 -- Premio: 
 ---------19.36505818199175
 ---------18.30713578936527
 ---------19.320327917582855
 ---------18.67004637770997
 -- Custo: 
 ---------46.0
 ---------42.0
 ---------48.0
 ---------46.0
 - Execucao 28
 -- BestCostGenaration: [-260.9585623007162, -332.6977474187103, -395.31976628276436, -621.8482637224522, -686.6775555008005, -846.0389842550832, -846.044445018011, -945.9816185464388, -984.6509140354149, -1020.5595792884446, -1067.6507868141168, -1115.1156603256495, -1147.273257916984, -1187.3488356456355, -1214.7929044247255, -1234.1868304425525, -1243.888437809449, -1251.914877193724, -1276.4582870176637, -1291.9783488925436, -1297.9618065961479, -1338.4005539943998, -1338.9400696902874, -1366.5112193215273, -1374.0627233811933, -1386.6416965989456, -1402.545727636582, -1430.8429605069807, -1436.3296709093402, -1442.6941596756442, -1448.7579368106358, -1471.6384315856433, -1479.2361222473778, -1491.5448396605248, -1491.665073051029, -1501.011178378667, -1510.0034347698481]
 -- BestCostElement: [-1510.00343477 -1510.00343477 -1510.00343477 -1510.00343477]
 -- BestRoute: [array([ 0,  4,  5,  6,  8, 11, 10, 12,  0]), array([ 1, 18, 14, 15, 13, 16, 17, 19, 20,  1]), array([ 2, 29, 28, 26, 25, 23, 24, 27, 31,  2]), array([ 3, 37, 34, 33, 35, 36, 38, 39, 41, 40,  3])]
 -- Premio: 
 ---------19.077687230463567
 ---------18.53663105724556
 ---------18.714776642118867
 ---------18.67004637770997
 -- Custo: 
 ---------44.0
 ---------42.0
 ---------49.0
 ---------46.0
 - Execucao 29
 -- BestCostGenaration: [-320.78101523401256, -450.2506231222782, -526.787626307044, -699.9291594501882, -784.6276712279596, -876.4770026789087, -927.0474909961648, -951.2615448430121, -1019.1069084092896, -1103.9786791875435, -1133.5601178964334, -1146.3309629178148, -1184.911312691932, -1197.8188630406244, -1204.0558938660988, -1275.8100662806264, -1290.2019873651902, -1291.5709272027523, -1297.7453539259734, -1314.764338308853, -1319.7754741522722, -1332.3174367240063, -1334.6456345336046, -1344.2997076987053, -1347.2766565749143, -1357.3698113468124, -1364.6822761172175, -1383.640910394398, -1396.0750439675508, -1396.481661416878, -1409.5373895068788, -1409.9135717976596, -1419.0855400993505, -1426.577630379242, -1429.0483592390087, -1436.8011824508653, -1444.4100522191757, -1457.256385325588, -1460.8335792795185, -1461.8306197023878, -1464.886347792389, -1473.7515603510396, -1478.4317458618796, -1481.4874739518802]
 -- BestCostElement: [-1481.48747395 -1481.48747395 -1481.48747395 -1481.48747395]
 -- BestRoute: [array([ 0,  6,  5,  4,  7,  9, 12, 10, 11,  0]), array([ 1, 18, 14, 15, 13, 16, 17, 19,  1]), array([ 2, 29, 28, 26, 25, 23, 24, 31, 27,  2]), array([ 3, 34, 33, 36, 38, 39, 41, 40, 37,  3])]
 -- Premio: 
 ---------19.36505818199175
 ---------17.90611435520976
 ---------19.886349517372675
 ---------19.97060945745574
 -- Custo: 
 ---------46.0
 ---------39.0
 ---------49.0
 ---------45.0
