 - Execucao 0
 -- BestCostGenaration: [-287.71065516445174, -346.7821600284883, -444.6772500646286, -472.0845256299041, -654.8037532363014, -694.5694115777056, -708.7119426278737, -747.9993602883803, -756.3816485693363, -770.8143930661485, -785.5799077095053, -787.3364598742917, -815.4479160542933, -820.9307970688317, -827.6650730510289, -834.7882660186636, -844.4451202681561, -853.3118282201249, -854.7255399819824, -864.2661992105204, -865.7805224098448, -866.5302856096798, -872.1391553779902, -872.9307970688317, -875.1948834679911, -882.5565764481578, -884.2290183501788, -884.8997221986654, -886.493104749338]
 -- BestCostElement: [-886.49310475 -886.49310475 -886.49310475 -886.49310475]
 -- BestRoute: [array([ 0,  5,  6,  8, 10, 11,  0]), array([ 1, 18,  1]), array([ 2, 25, 27, 31,  2]), array([ 3, 37, 34, 33, 35, 36, 38, 39, 41, 40,  3])]
 -- Premio: 
 ---------12.53663105724556
 ---------4.0
 ---------10.67004637770997
 ---------18.99460169804673
 -- Custo: 
 ---------30.0
 ---------7.0
 ---------24.0
 ---------45.0
 - Execucao 1
 -- BestCostGenaration: [-216.08506490663277, -221.49428060629637, -249.59549536203383, -322.4257098033334, -400.15917643529957, -415.5395463093055, -506.2706326153013, -638.7409859893323, -661.9754713459756, -706.6153346001674, -746.9307970688317, -747.8866182618096, -758.5131258066474, -773.8702849471424, -777.4421606910255, -792.519395587816, -792.8193408888301, -813.1838296551341, -820.9524907115357, -822.0756836791704, -844.7092066673154, -846.6981528544584, -853.7805224098447, -859.8919785898465, -862.0797415982157, -869.6121407471653, -872.9258492461502, -881.4043401190642, -893.7130575322109, -895.1793962503532, -897.7014630584965, -899.2428679491729, -903.1793962503532]
 -- BestCostElement: [-903.17939625 -903.17939625 -903.17939625 -903.17939625]
 -- BestRoute: [array([ 0,  5,  6,  8, 10, 11,  0]), array([ 1, 18,  1]), array([ 2, 31, 30, 27, 25,  2]), array([ 3, 37, 34, 33, 35, 36, 38, 39, 41, 40,  3])]
 -- Premio: 
 ---------12.53663105724556
 ---------4.0
 ---------11.498473502456159
 ---------18.67004637770997
 -- Custo: 
 ---------30.0
 ---------7.0
 ---------26.0
 ---------46.0
 - Execucao 2
 -- BestCostGenaration: [-253.1704493875695, -280.63400053434873, -395.1487557448655, -438.7559348177733, -531.33751495305, -565.2891798449604, -637.938290485634, -693.8595817611931, -701.0247591703534, -728.0918753486588, -732.3158645735025, -750.8936162084899, -773.0793477081517, -787.9277923009655, -823.5532662441196, -828.9940185756348, -837.6170885698469, -844.8096090344601, -870.5455226353008, -871.7737767080498, -878.185091788042, -882.3823942314748, -893.7130575322109, -897.1354696882165, -898.2661992105204, -904.0824941211965, -908.4256398717041, -913.548832839339]
 -- BestCostElement: [-913.54883284 -913.54883284 -913.54883284 -913.54883284]
 -- BestRoute: [array([ 0,  5,  6,  8, 10, 12,  0]), array([ 1, 18,  1]), array([ 2, 31, 30, 27, 25,  2]), array([ 3, 37, 34, 33, 35, 36, 38, 39, 41, 40,  3])]
 -- Premio: 
 ---------14.94427190999916
 ---------4.0
 ---------11.498473502456159
 ---------18.67004637770997
 -- Custo: 
 ---------32.0
 ---------7.0
 ---------26.0
 ---------46.0
 - Execucao 3
 -- BestCostGenaration: [-253.48403918203218, -282.7412727068886, -344.57694813237475, -428.66211347389844, -495.4732355611919, -519.4272774903476, -621.5285316400002, -666.917907255733, -699.1469994216999, -752.3141836917025, -767.607240364441, -774.6245819866491, -784.8517377174833, -812.6032389708528, -813.7751620818079, -814.7626796320365, -822.3452585618688, -834.6310386037321, -838.0345096400144, -838.0797415982157, -851.290852430355, -864.5019467000717, -868.0707358564889, -874.6829158288374, -883.3475136871486, -889.7765292310305, -891.8811749690062, -893.7130575322109, -898.0562032827185, -903.1793962503532]
 -- BestCostElement: [-903.17939625 -903.17939625 -903.17939625 -903.17939625]
 -- BestRoute: [array([ 0,  5,  6,  8, 10, 11,  0]), array([ 1, 18,  1]), array([ 2, 31, 30, 27, 25,  2]), array([ 3, 37, 34, 33, 35, 36, 38, 39, 41, 40,  3])]
 -- Premio: 
 ---------12.53663105724556
 ---------4.0
 ---------11.498473502456159
 ---------18.67004637770997
 -- Custo: 
 ---------30.0
 ---------7.0
 ---------26.0
 ---------46.0
 - Execucao 4
 -- BestCostGenaration: [-231.0508666683428, -441.0021560745177, -447.7636127988292, -477.44659409580635, -603.0098564201801, -650.3669522045728, -666.8733150091514, -689.6594682164539, -698.6356357995061, -734.6310386037321, -744.2290183501788, -751.5379128674626, -781.9230534600129, -795.6852578993316, -807.8177032701865, -817.0267660311956, -830.0006822468674, -852.3928924161432, -858.9787815500137, -864.5192317968229, -868.0764293413089, -872.9258492461502, -876.8623775473304, -878.6869737478826, -886.766033099231, -887.8967626215349, -888.2351243403541, -889.7765292310305, -893.7130575322109, -903.1793962503532]
 -- BestCostElement: [-903.17939625 -903.17939625 -903.17939625 -903.17939625]
 -- BestRoute: [array([ 0,  5,  6,  8, 10, 11,  0]), array([ 1, 18,  1]), array([ 2, 31, 30, 27, 25,  2]), array([ 3, 37, 34, 33, 35, 36, 38, 39, 41, 40,  3])]
 -- Premio: 
 ---------12.53663105724556
 ---------4.0
 ---------11.498473502456159
 ---------18.67004637770997
 -- Custo: 
 ---------30.0
 ---------7.0
 ---------26.0
 ---------46.0
 - Execucao 5
 -- BestCostGenaration: [-340.43885048698746, -465.8066494573296, -534.6249326135567, -594.8038536711923, -651.7279407328888, -670.576902941639, -714.2897375260177, -723.157844252828, -744.5094380640052, -758.7360381666508, -773.0306587751189, -785.3112241145719, -802.1058686457005, -804.8612193798367, -825.9754713459756, -835.9789886041634, -836.3093245192658, -840.8145568571416, -841.7352389294318, -843.9993253285911, -847.5846465504579, -873.0902377300154, -876.5271824597914, -877.1577026076493, -889.9155169053437, -902.9232605141626]
 -- BestCostElement: [-902.92326051 -902.92326051 -902.92326051 -902.92326051]
 -- BestRoute: [array([ 0,  4,  5,  6, 11, 10,  0]), array([ 1, 18,  1]), array([ 2, 25, 31, 27,  2]), array([ 3, 33, 34, 37, 40, 41, 39, 38, 36, 35,  3])]
 -- Premio: 
 ---------14.964724878581439
 ---------4.0
 ---------11.23606797749979
 ---------19.06839201537814
 -- Custo: 
 ---------33.0
 ---------7.0
 ---------24.0
 ---------46.0
 - Execucao 6
 -- BestCostGenaration: [-259.5738017193298, -309.37654048618487, -405.31661225181324, -462.4388504869875, -639.1205217473075, -650.8577273566227, -693.8378881184892, -717.3530021706877, -725.3962026201813, -736.4256398717041, -755.9377498247763, -772.1919238908605, -796.1499589988305, -813.0315048721484, -842.4340664552992, -857.9119996471559, -864.6018084063589, -867.8156551990564, -870.0797415982157, -873.0902377300154, -877.0267660311956, -881.0151715574813, -882.5565764481578, -884.2290183501788, -898.0562032827185]
 -- BestCostElement: [-898.05620328 -893.97103794 -893.71305753 -886.49310475]
 -- BestRoute: [array([ 0,  5,  6,  8, 10, 11,  0]), array([ 1, 18,  1]), array([ 2, 31, 30, 27, 25,  2]), array([ 3, 37, 34, 33, 36, 35, 38, 39, 41, 40,  3])]
 -- Premio: 
 ---------12.53663105724556
 ---------4.0
 ---------11.498473502456159
 ---------19.950844619618657
 -- Custo: 
 ---------30.0
 ---------7.0
 ---------26.0
 ---------46.0
 - Execucao 7
 -- BestCostGenaration: [-321.98412279107333, -344.37312812637754, -428.96187193899806, -498.27558043798285, -591.5495074297702, -664.7821600284883, -680.2875422263169, -720.9712449953445, -732.8886683858084, -774.5286130242853, -799.9973287796728, -803.1887774778156, -806.497538154119, -824.9307970688317, -835.3205601512987, -838.497538154119, -850.4491781872014, -854.2709380514732, -859.1203579563144, -860.5565764481578, -865.7103050092301, -872.5565764481578, -881.1955879198417, -886.1871398591721, -889.2428679491729, -893.0902377300154, -902.7544386255165, -909.6123045381586, -913.548832839339, -919.5304926638295, -921.8736384143372]
 -- BestCostElement: [-921.87363841 -921.87363841 -921.87363841 -921.87363841]
 -- BestRoute: [array([ 0,  4,  5,  6, 11, 10,  0]), array([ 1, 18,  1]), array([ 2, 31, 30, 27, 25,  2]), array([ 3, 33, 34, 37, 40, 41, 39, 38, 36, 35,  3])]
 -- Premio: 
 ---------14.964724878581439
 ---------4.0
 ---------11.498473502456159
 ---------19.06839201537814
 -- Custo: 
 ---------33.0
 ---------7.0
 ---------26.0
 ---------46.0
 - Execucao 8
 -- BestCostGenaration: [-281.46363754780265, -322.0971605359475, -330.937894228414, -425.7396350882451, -475.46845152950357, -569.4757631271299, -616.7967573424897, -647.5488328393388, -666.6249326135567, -706.718048618049, -715.9447471027167, -738.915309851194, -745.2488575883124, -794.0175619078705, -794.0203144308514, -810.7509213673288, -824.609344961028, -828.8406839046265, -830.0051156516482, -847.9451612110163, -862.1871398591721, -875.6142908561305, -882.187139859172, -886.343827997375, -891.8919785898464, -892.179603304503, -899.4217890068085, -901.5860136996805, -904.8997221986654, -905.0611491778209, -918.5599299153523, -921.8736384143372]
 -- BestCostElement: [-921.87363841 -921.87363841 -921.87363841 -921.87363841]
 -- BestRoute: [array([ 0,  4,  5,  6, 11, 10,  0]), array([ 1, 18,  1]), array([ 2, 31, 30, 27, 25,  2]), array([ 3, 33, 34, 37, 40, 41, 39, 38, 36, 35,  3])]
 -- Premio: 
 ---------14.964724878581439
 ---------4.0
 ---------11.498473502456159
 ---------19.06839201537814
 -- Custo: 
 ---------33.0
 ---------7.0
 ---------26.0
 ---------46.0
 - Execucao 9
 -- BestCostGenaration: [-302.22447645097157, -362.1424573229729, -399.4396598372186, -459.17819279686853, -495.37354614878495, -615.0733281189998, -638.7926994234444, -665.542813250187, -674.1432132970353, -740.2661992105204, -742.1547430305188, -759.3002336578173, -759.3893921781552, -777.8701211561493, -794.0473447695624, -815.4479160542934, -825.9230534600129, -831.2367619589976, -854.5982911481713, -857.9119996471559, -859.8919785898465, -875.8177032701865, -889.7765292310305, -899.2428679491729, -903.1793962503532]
 -- BestCostElement: [-903.17939625 -903.17939625 -903.17939625 -903.17939625]
 -- BestRoute: [array([ 0,  5,  6,  8, 10, 11,  0]), array([ 1, 18,  1]), array([ 2, 25, 27, 30, 31,  2]), array([ 3, 37, 34, 33, 35, 36, 38, 39, 41, 40,  3])]
 -- Premio: 
 ---------12.53663105724556
 ---------4.0
 ---------11.498473502456159
 ---------18.67004637770997
 -- Custo: 
 ---------30.0
 ---------7.0
 ---------26.0
 ---------46.0
 - Execucao 10
 -- BestCostGenaration: [-324.43423024629226, -400.9463847213603, -461.68031007665, -597.8068132483228, -666.1547430305188, -698.8233988078753, -725.4378168853038, -734.7246305288508, -745.3158213103459, -749.4684515295035, -758.3189677233909, -764.878906581426, -803.1253057789959, -803.5008483581569, -808.8362504998456, -832.7031006771399, -840.941600689672, -847.1314117691712, -853.7805224098447, -854.5302856096797, -864.343827997375, -871.1264639464897, -881.0301194983901, -882.8295047980506, -888.2351243403541, -898.0562032827185, -903.1793962503532]
 -- BestCostElement: [-903.17939625 -903.17939625 -903.17939625 -903.17939625]
 -- BestRoute: [array([ 0,  5,  6,  8, 10, 11,  0]), array([ 1, 18,  1]), array([ 2, 31, 30, 27, 25,  2]), array([ 3, 37, 34, 33, 35, 36, 38, 39, 41, 40,  3])]
 -- Premio: 
 ---------12.53663105724556
 ---------4.0
 ---------11.498473502456159
 ---------18.67004637770997
 -- Custo: 
 ---------30.0
 ---------7.0
 ---------26.0
 ---------46.0
 - Execucao 11
 -- BestCostGenaration: [-168.01221198035074, -262.0393935533448, -272.46145358282314, -290.55525448967074, -412.18087007800364, -440.9896715718774, -530.6667106696724, -591.4528638769749, -664.0647936573067, -726.1919238908606, -737.0888705807927, -766.7353337148002, -779.6650730510289, -804.7882660186636, -807.739348370689, -827.8311424166941, -828.1760860463153, -829.524222882661, -843.6481182492776, -851.3901378402936, -866.1432132970353, -871.1293636980412, -874.6981528544584, -876.4039462290001, -880.3404745301805, -889.8068132483228, -897.3143907458522, -906.7807294639945]
 -- BestCostElement: [-906.78072946 -906.78072946 -906.78072946 -906.78072946]
 -- BestRoute: [array([ 0,  4,  5,  6, 11, 10,  0]), array([ 1, 18,  1]), array([ 2, 25, 27, 31,  2]), array([ 3, 37, 34, 33, 35, 36, 38, 39, 41, 40,  3])]
 -- Premio: 
 ---------14.964724878581439
 ---------4.0
 ---------10.67004637770997
 ---------18.67004637770997
 -- Custo: 
 ---------33.0
 ---------7.0
 ---------24.0
 ---------46.0
 - Execucao 12
 -- BestCostGenaration: [-333.4790020379222, -363.53917082356986, -492.14276892940495, -515.0618340801761, -592.5166430648352, -668.9092038610186, -716.5241796195044, -732.3749028675413, -737.2043651303443, -788.8886683858084, -801.9465917755101, -811.4453273223057, -824.8673253700119, -844.8969696756845, -870.2399083720425, -871.1264639464897, -871.3844443554736, -872.0129576424893, -876.8623775473304, -881.205523297838, -893.3778624446718, -893.7130575322109, -898.0562032827185, -903.1793962503532]
 -- BestCostElement: [-903.17939625 -903.17939625 -903.17939625 -903.17939625]
 -- BestRoute: [array([ 0,  5,  6,  8, 10, 11,  0]), array([ 1, 18,  1]), array([ 2, 25, 27, 30, 31,  2]), array([ 3, 37, 34, 33, 35, 36, 38, 39, 41, 40,  3])]
 -- Premio: 
 ---------12.53663105724556
 ---------4.0
 ---------11.498473502456159
 ---------18.67004637770997
 -- Custo: 
 ---------30.0
 ---------7.0
 ---------26.0
 ---------46.0
 - Execucao 13
 -- BestCostGenaration: [-149.88705005174336, -376.35425104129524, -398.84667354376586, -414.9071418446142, -446.75522947839073, -505.0894169271287, -587.4156830166332, -624.1451450171295, -666.8733150091514, -700.8733150091514, -722.9307970688317, -732.2215681965331, -742.2290183501786, -750.3720505559471, -788.5085919669757, -806.6200481469775, -818.7509213673288, -828.1760860463153, -828.5827034956426, -832.0646298663135, -836.6065924380473, -851.3901378402936, -856.7180486180489, -860.1760860463153, -872.9258492461502, -873.0902377300154, -878.2351243403541, -882.8295047980506, -887.8967626215349, -893.7130575322109, -903.1793962503532]
 -- BestCostElement: [-903.17939625 -903.17939625 -903.17939625 -903.17939625]
 -- BestRoute: [array([ 0,  5,  6,  8, 10, 11,  0]), array([ 1, 18,  1]), array([ 2, 31, 30, 27, 25,  2]), array([ 3, 37, 34, 33, 35, 36, 38, 39, 41, 40,  3])]
 -- Premio: 
 ---------12.53663105724556
 ---------4.0
 ---------11.498473502456159
 ---------18.67004637770997
 -- Custo: 
 ---------30.0
 ---------7.0
 ---------26.0
 ---------46.0
 - Execucao 14
 -- BestCostGenaration: [-138.11145618000168, -214.44163665998857, -236.81323489865463, -280.49178279085106, -336.6812432434428, -534.706547414363, -628.0872781528849, -641.5548224784782, -650.2087171508401, -670.8082870759731, -723.9857343059584, -741.565712500342, -766.8406839046265, -774.1281015651332, -833.4714543697905, -835.9473374376485, -846.6914071526635, -858.4011937060193, -873.3502044569711, -876.5271824597914, -879.4190364838278, -880.2180895609092, -899.1610560748438, -907.0536578138874, -914.0006822468674, -918.343827997375, -923.4670209650099]
 -- BestCostElement: [-923.46702097 -923.46702097 -923.46702097 -923.46702097]
 -- BestRoute: [array([ 0,  4,  5,  6, 11, 10,  0]), array([ 1, 18,  1]), array([ 2, 31, 30, 27, 25,  2]), array([ 3, 37, 34, 33, 35, 36, 38, 39, 41, 40,  3])]
 -- Premio: 
 ---------14.964724878581439
 ---------4.0
 ---------11.498473502456159
 ---------18.67004637770997
 -- Custo: 
 ---------33.0
 ---------7.0
 ---------26.0
 ---------46.0
 - Execucao 15
 -- BestCostGenaration: [-221.54291368507788, -347.68861136652606, -383.93588858956065, -558.8299807186771, -606.0861067230906, -659.2043651303443, -689.0813792168592, -720.4539622188897, -728.0539900364664, -740.0317571170337, -744.6512234520347, -767.7849558146256, -781.5475108808519, -805.0023198655108, -821.8857088086779, -825.9182694283245, -831.1137760455126, -835.5536168710273, -861.6961027304596, -864.5241796195044, -869.0942309088296, -878.8734313601874, -883.407092642045, -890.5302856096798, -891.8811749690062, -891.8919785898464, -904.8997221986654, -905.0611491778209, -909.6123045381586, -911.9554502886663, -921.8736384143372]
 -- BestCostElement: [-921.87363841 -921.87363841 -921.87363841 -921.87363841]
 -- BestRoute: [array([ 0,  4,  5,  6, 11, 10,  0]), array([ 1, 18,  1]), array([ 2, 31, 30, 27, 25,  2]), array([ 3, 33, 34, 37, 40, 41, 39, 38, 36, 35,  3])]
 -- Premio: 
 ---------14.964724878581439
 ---------4.0
 ---------11.498473502456159
 ---------19.06839201537814
 -- Custo: 
 ---------33.0
 ---------7.0
 ---------26.0
 ---------46.0
 - Execucao 16
 -- BestCostGenaration: [-238.60323897085271, -272.2755804379828, -319.8774805927726, -469.0071038971993, -511.1885684960867, -605.7325379286629, -632.582336269616, -668.6617628469909, -693.5799077095053, -705.8906566313594, -749.9865251588326, -777.647372587139, -796.8527795339412, -803.9493442984908, -824.8143930661485, -832.5799509726618, -854.727797160131, -859.5532662441196, -867.4190364838278, -870.9260130371433, -890.0797415982156, -897.150002261987, -898.4374199224937, -901.6919648337207, -907.0536578138874, -908.1843873361913, -914.0006822468674, -918.343827997375, -919.5304926638295, -923.4670209650099]
 -- BestCostElement: [-923.46702097 -923.46702097 -923.46702097 -923.46702097]
 -- BestRoute: [array([ 0,  4,  5,  6, 11, 10,  0]), array([ 1, 18,  1]), array([ 2, 25, 27, 30, 31,  2]), array([ 3, 37, 34, 33, 35, 36, 38, 39, 41, 40,  3])]
 -- Premio: 
 ---------14.964724878581439
 ---------4.0
 ---------11.498473502456159
 ---------18.67004637770997
 -- Custo: 
 ---------33.0
 ---------7.0
 ---------26.0
 ---------46.0
 - Execucao 17
 -- BestCostGenaration: [-268.7511026751787, -304.73097330995944, -336.90539696486974, -459.13822221119733, -539.2104711205196, -615.8701211561493, -663.8329402958076, -708.9207943542851, -715.9382904856338, -720.8360867088525, -744.8299807186771, -760.7772122058068, -763.4897945452999, -800.1093859038883, -809.2056870888313, -820.8886683858084, -834.4401724454744, -856.8623775473304, -859.1994173076628, -864.5192317968229, -870.0797415982157, -870.2399083720425, -878.6620682831627, -881.2880999073741, -884.2290183501788, -886.493104749338, -886.766033099231, -893.7130575322109, -897.7014630584965, -903.1793962503532]
 -- BestCostElement: [-903.17939625 -903.17939625 -903.17939625 -903.17939625]
 -- BestRoute: [array([ 0,  5,  6,  8, 10, 11,  0]), array([ 1, 18,  1]), array([ 2, 31, 30, 27, 25,  2]), array([ 3, 37, 34, 33, 35, 36, 38, 39, 41, 40,  3])]
 -- Premio: 
 ---------12.53663105724556
 ---------4.0
 ---------11.498473502456159
 ---------18.67004637770997
 -- Custo: 
 ---------30.0
 ---------7.0
 ---------26.0
 ---------46.0
 - Execucao 18
 -- BestCostGenaration: [-229.2308759027099, -326.33170241804777, -381.01368580800107, -459.34051779333697, -516.6397801195749, -615.0021560745176, -641.6136969815241, -694.7180486180489, -701.965018352043, -709.0351926147906, -751.3900966300059, -757.5799077095053, -785.3259852195665, -789.4635037068219, -803.1253057789959, -819.5460803163581, -823.7379812214663, -826.0118613534432, -842.1760860463152, -844.8623775473304, -854.6981528544584, -856.8673253700119, -869.8487329496172, -875.3266661414739, -881.0523524178229, -883.4745575196789, -893.7130575322109, -895.8919785898464, -897.0267660311956, -899.2428679491729, -901.3699117817032, -901.6919648337207, -906.493104749338, -907.0536578138874, -918.343827997375, -919.5304926638295, -923.4670209650099]
 -- BestCostElement: [-923.46702097 -923.46702097 -923.46702097 -923.46702097]
 -- BestRoute: [array([ 0,  4,  5,  6, 11, 10,  0]), array([ 1, 18,  1]), array([ 2, 31, 30, 27, 25,  2]), array([ 3, 37, 34, 33, 35, 36, 38, 39, 41, 40,  3])]
 -- Premio: 
 ---------14.964724878581439
 ---------4.0
 ---------11.498473502456159
 ---------18.67004637770997
 -- Custo: 
 ---------33.0
 ---------7.0
 ---------26.0
 ---------46.0
 - Execucao 19
 -- BestCostGenaration: [-225.36105326854712, -241.8419460375344, -331.25234961152626, -346.3227740662906, -434.3599549266323, -496.889019012716, -579.1732902601779, -609.311224114572, -662.2222726483838, -679.4373766593371, -713.314390745852, -729.9905183376468, -737.9493442984908, -767.9493442984908, -799.2163902747806, -813.5271391966348, -830.7031006771399, -839.6650730510289, -859.3893921781553, -859.8115520892754, -869.8487329496172, -870.3823942314748, -872.2709380514732, -879.1314117691712, -881.2880999073741, -885.7805224098447, -895.194883467991, -902.7544386255165, -908.855091184678, -909.113071593662, -912.1687996836628]
 -- BestCostElement: [-912.16879968 -912.16879968 -912.16879968 -912.16879968]
 -- BestRoute: [array([ 0,  4,  5,  6, 11, 10,  0]), array([ 1, 18,  1]), array([ 2, 31, 30, 27, 25,  2]), array([ 3, 33, 34, 37, 40, 41, 39, 38, 36,  3])]
 -- Premio: 
 ---------14.964724878581439
 ---------4.0
 ---------11.498473502456159
 ---------18.99460169804673
 -- Custo: 
 ---------33.0
 ---------7.0
 ---------26.0
 ---------45.0
 - Execucao 20
 -- BestCostGenaration: [-381.50484153697107, -405.8784224460254, -551.9302298994321, -591.1203579563144, -646.6883591216407, -692.9933141237841, -712.2924900489984, -756.6328832765253, -777.2739428193394, -782.4775170968094, -789.7214841158059, -792.0385028188286, -795.8878691485894, -824.661926637984, -826.9671870762993, -845.5536168710273, -863.7921168835592, -864.1499589988305, -866.1432132970353, -869.6278921906871, -871.8919785898465, -882.6356357995061, -884.8997221986654, -891.8811749690062, -901.873638414337, -905.1873469133218]
 -- BestCostElement: [-905.18734691 -905.18734691 -905.18734691 -905.18734691]
 -- BestRoute: [array([ 0,  4,  5,  6, 11, 10,  0]), array([ 1, 18,  1]), array([ 2, 25, 27, 31,  2]), array([ 3, 33, 34, 37, 40, 41, 39, 38, 36, 35,  3])]
 -- Premio: 
 ---------14.964724878581439
 ---------4.0
 ---------10.67004637770997
 ---------19.06839201537814
 -- Custo: 
 ---------33.0
 ---------7.0
 ---------24.0
 ---------46.0
 - Execucao 21
 -- BestCostGenaration: [-310.76267963203634, -358.59829114817114, -395.73297815462945, -490.158800949564, -572.2674048179715, -614.2616020147465, -643.59200333882, -672.5146813947285, -712.8050586323659, -750.372050555947, -772.5015960731641, -797.1253057789959, -814.6089943341206, -828.2808955752839, -840.8145568571416, -842.8908636855092, -856.239557745135, -879.4190364838278, -896.105327984843, -898.9496929978193, -899.8034210137224, -903.1171295127072, -910.0641539456872, -919.5304926638295, -921.8736384143372]
 -- BestCostElement: [-921.87363841 -921.87363841 -921.87363841 -921.87363841]
 -- BestRoute: [array([ 0,  4,  5,  6, 11, 10,  0]), array([ 1, 18,  1]), array([ 2, 31, 30, 27, 25,  2]), array([ 3, 33, 34, 37, 40, 41, 39, 38, 36, 35,  3])]
 -- Premio: 
 ---------14.964724878581439
 ---------4.0
 ---------11.498473502456159
 ---------19.06839201537814
 -- Custo: 
 ---------33.0
 ---------7.0
 ---------26.0
 ---------46.0
 - Execucao 22
 -- BestCostGenaration: [-192.5135628345785, -210.7409859893324, -283.2888819628615, -317.9605210379108, -350.05743677368946, -477.8555885823789, -528.983565581702, -655.8112466531036, -705.569204523556, -709.0267660311956, -728.1108164683822, -754.5241796195044, -783.173290260178, -793.5797439185121, -797.7477749542838, -801.6182941772979, -827.1203579563144, -829.1203579563144, -848.8623775473304, -855.2318141363161, -858.0756836791704, -861.1314117691713, -862.0345096400144, -879.9815773361511, -889.0315048721484, -892.8362504998456, -898.9477066798473, -902.2506115579919, -908.6417417896814, -911.9554502886663]
 -- BestCostElement: [-911.95545029 -911.95545029 -911.95545029 -911.95545029]
 -- BestRoute: [array([ 0, 12, 10,  8,  6,  5,  0]), array([ 1, 18,  1]), array([ 2, 31, 30, 27, 25,  2]), array([ 3, 33, 34, 37, 40, 41, 39, 38, 36, 35,  3])]
 -- Premio: 
 ---------14.94427190999916
 ---------4.0
 ---------11.498473502456159
 ---------19.06839201537814
 -- Custo: 
 ---------32.0
 ---------7.0
 ---------26.0
 ---------46.0
 - Execucao 23
 -- BestCostGenaration: [-205.0786432563009, -276.74502037843433, -280.86201032130396, -448.87210940170036, -538.0176000289989, -597.6752452199586, -641.4684515295035, -658.5997469476388, -705.0503043466929, -726.1019745176484, -741.922539042112, -742.7208011410298, -752.1062192726081, -782.8936162084899, -790.1019745176484, -795.6095520151778, -815.005259224406, -828.1810338689968, -829.4635037068219, -830.445120268156, -856.8623775473304, -860.1760860463153, -861.4043401190643, -862.1871398591721, -866.5302856096798, -867.6123045381586, -872.1391553779902, -873.0902377300154, -874.7626796320365, -881.0151715574813, -886.493104749338, -893.7130575322109, -898.0562032827185, -899.2428679491729, -903.1793962503532]
 -- BestCostElement: [-903.17939625 -903.17939625 -903.17939625 -903.17939625]
 -- BestRoute: [array([ 0,  5,  6,  8, 10, 11,  0]), array([ 1, 18,  1]), array([ 2, 31, 30, 27, 25,  2]), array([ 3, 37, 34, 33, 35, 36, 38, 39, 41, 40,  3])]
 -- Premio: 
 ---------12.53663105724556
 ---------4.0
 ---------11.498473502456159
 ---------18.67004637770997
 -- Custo: 
 ---------30.0
 ---------7.0
 ---------26.0
 ---------46.0
