 - Execucao 0
 -- BestCostGenaration: [-157.94964056300415, -1328.3286226955768, -1531.1702019034383, -1618.399879288032, -1663.396622348835, -1762.737513062656, -1820.8678400237595, -1831.693063067401, -1882.7487911574017, -1901.0724611110452, -1942.4671243767166, -1968.2834192873927, -1982.0427803010969, -1991.9313241210955, -2000.4416541416056, -2010.3301979616037, -2026.8482715909329, -2029.7972823418847, -2039.685826161883, -2050.0847000023914, -2055.0289719123903, -2057.906918278167]
 -- BestCostElement: [-2057.90691828 -2057.90691828 -2057.90691828 -2057.90691828]
 -- BestRoute: [array([ 0, 49, 55, 59, 66, 60, 50, 48, 43, 40,  1])
 array([ 0, 74, 82, 73, 67, 62, 57, 52, 47, 51, 56,  2])
 array([ 0, 46, 45, 38, 27, 20, 15,  8, 16, 17, 10,  9,  3])
 array([ 0, 42, 41, 39, 33, 28, 32, 21, 22, 29, 23, 24, 30, 25,  7, 19, 12,
        4])
 array([ 0, 54, 58, 70, 79, 78, 85, 77, 69, 76, 84,  5])
 array([ 0, 53, 61, 72, 71, 80, 81, 63, 64, 65, 68,  6])]
 -- Custo: 
 ---------20.591830944406112
 ---------21.793968769870407
 ---------22.714776642118867
 ---------25.867759087201815
 ---------27.168771907171415
 ---------28.886163079689773
 ---- Total: 147.02327043045838
 -- Premio: 
 ---------47.0
 ---------57.0
 ---------61.0
 ---------101.0
 ---------55.0
 ---------57.0
 ---- Total: 378.0
 - Execucao 1
 -- BestCostGenaration: [-251.93446010198045, -1828.8021458035475, -1858.4279703736095, -1897.5541229183746, -1900.6098510083757, -1903.210977167867, -1945.0381621004067, -1947.6392882598984, -1956.5618492291287, -1979.822627351829, -1983.945820319464, -1990.8459586131767, -1996.8459586131767, -2002.2153952021622, -2004.5585409526698, -2008.1265853811528, -2009.2153952021622, -2012.9917979398037, -2023.7571487921673, -2043.8756029188494, -2044.6705980768854, -2056.2483929750297]
 -- BestCostElement: [-2056.24839298 -2056.24839298 -2056.24839298 -2056.24839298]
 -- BestRoute: [array([ 0, 35, 36, 24, 23, 14,  1])
 array([ 0, 65, 68, 75, 83, 82, 81, 73, 67, 57, 52, 47,  2])
 array([ 0, 29, 18, 22, 21, 10,  9, 17, 16,  8, 15, 20, 27,  3])
 array([ 0, 58, 59, 66, 60, 50, 48, 43, 40, 30, 25,  7, 26, 19, 12,  4])
 array([ 0, 34, 32, 28, 33, 39, 45, 41, 42, 46, 53, 62, 61,  5])
 array([ 0, 64, 54, 49, 55, 69, 76, 84, 86, 77, 85, 78, 70, 79,  6])]
 -- Custo: 
 ---------20.86621379023444
 ---------22.528023972905327
 ---------23.7249199158544
 ---------25.627463706948124
 ---------28.61228391298839
 ---------29.578996457311977
 ---- Total: 150.93790175624267
 -- Premio: 
 ---------22.0
 ---------68.0
 ---------66.0
 ---------73.0
 ---------77.0
 ---------74.0
 ---- Total: 380.0
 - Execucao 2
 -- BestCostGenaration: [-236.29381292564426, -1656.300643827803, -1668.7795999180198, -1710.7300821933923, -1826.195779976349, -1851.235653591984, -1868.200789677478, -1905.2642613762982, -1936.8418492202923, -1939.1849949707998, -1946.5592155914742, -1949.246131558417, -1951.934445311504, -1958.2876901424083, -1983.763681156709, -1995.6945146458854, -1998.3942445677235, -2019.0454040052118, -2036.9896759152111, -2039.3328216657187, -2047.6682238074075, -2064.0975050385855, -2064.514926108753, -2068.541216947231, -2075.6682238074072, -2076.832655554429, -2090.2987872184217, -2091.4632189654435, -2091.880640035611, -2094.2237857861187, -2096.474546617321, -2096.5714855940378, -2115.6829417740396, -2136.6829417740396]
 -- BestCostElement: [-2136.68294177 -2136.68294177 -2136.68294177 -2136.68294177]
 -- BestRoute: [array([ 0, 29, 22, 21, 14, 23,  1])
 array([ 0, 67, 72, 71, 80, 81, 73, 62, 45,  2])
 array([ 0, 53, 46, 42, 41, 39, 32, 33, 28, 27, 20, 15,  8, 16, 17,  3])
 array([ 0, 48, 43, 40, 19, 12,  7, 25, 30, 37, 31, 26,  4])
 array([ 0, 47, 52, 51, 56, 61, 57, 63, 64, 65, 68, 75, 83, 82,  5])
 array([ 0, 54, 58, 49, 59, 55, 60, 66, 69, 76, 84, 86, 77, 85, 78, 70, 79,
        6])]
 -- Custo: 
 ---------20.98126370799716
 ---------21.761609709805104
 ---------23.785844453984343
 ---------25.02260056222933
 ---------27.627043486498113
 ---------29.1509026359761
 ---- Total: 148.32926455649016
 -- Premio: 
 ---------33.0
 ---------48.0
 ---------93.0
 ---------59.0
 ---------69.0
 ---------88.0
 ---- Total: 390.0
 - Execucao 3
 -- BestCostGenaration: [-1567.4475782889426, -1674.8734911326778, -1763.9908015689, -1768.7783853406963, -1814.9131727820454, -1825.2803451671925, -1863.045696019556, -1898.9369923625354, -1916.8995224174816, -1918.8844106855793, -1934.7319875205715, -1952.4975021639282, -1974.9000616942103, -1977.2060265843763, -1995.7615885630876, -2000.41844281258, -2007.4975021639284, -2028.3590290328057, -2041.4704852128073, -2079.8118962732087, -2096.6445530599626, -2099.2456792194544, -2133.7002811499633, -2145.7745564696233, -2146.771596892493, -2151.0619741301302, -2159.595635411988, -2162.8273249824942, -2172.1782143418204, -2175.8867387622686, -2185.170470733002, -2190.883053072495, -2195.0356832916523, -2198.0914113816534, -2201.0501726022662, -2204.1059006922674, -2205.557543045646, -2206.091204327504, -2224.490078168012, -2225.8477132291337, -2231.750811099977, -2232.3100587684617, -2234.0939568504846, -2234.474283461334, -2242.437102600992, -2243.601534348014, -2249.732263870318, -2250.444846209811, -2252.4928306909933, -2262.8142827987967, -2264.862267279979, -2267.2054130304864, -2269.806539189978, -2290.0939568504846, -2298.5161619523406]
 -- BestCostElement: [-2298.51616195 -2298.51616195 -2298.51616195 -2298.51616195]
 -- BestRoute: [array([ 0, 29, 21, 22, 18, 14,  1])
 array([ 0, 63, 57, 52, 47, 51, 61, 56, 45, 38,  2])
 array([ 0, 46, 42, 41, 34, 32, 39, 33, 28, 27, 20, 15,  8, 16, 17,  3])
 array([ 0, 35, 36, 40, 43, 48, 44, 37, 31, 26, 30, 25,  7, 19, 12, 13,  4])
 array([ 0, 53, 64, 65, 68, 75, 83, 82, 74, 67, 62, 73, 81, 72, 71, 80,  5])
 array([ 0, 54, 58, 49, 55, 59, 69, 76, 84, 86, 85, 66, 60, 70, 79, 78,  6])]
 -- Custo: 
 ---------20.817746540598293
 ---------20.714776642118867
 ---------23.54320376686506
 ---------25.785844453984346
 ---------25.607698869111037
 ---------29.901689239237314
 ---- Total: 146.37095951191492
 -- Premio: 
 ---------31.0
 ---------52.0
 ---------90.0
 ---------75.0
 ---------79.0
 ---------85.0
 ---- Total: 412.0
 - Execucao 4
 -- BestCostGenaration: [-91.90135444660675, -1604.5791033132077, -1666.8306488903381, -1669.5912157110133, -1677.822641055635, -1728.0591069925447, -1762.0591069925447, -1764.8196738132199, -1815.5078296074785, -1818.1302967140157, -1836.3464572262008, -1855.588473889268, -1860.6367106153352, -1870.5252544353336, -1883.1366244817393, -1891.7067209618003, -1894.0808963917386, -1905.7624490518012, -1932.3374914269643, -1954.4715540292386, -1964.8626842609283, -1980.2058300114359, -1988.1763927599131, -1998.1501019214352, -2005.8626842609283, -2010.5195385104207, -2010.9369595805883, -2013.3764497791954, -2017.9542446773394, -2019.2945946417099, -2021.2679531763242, -2024.2388665517092, -2025.0413530736787, -2030.8242412676786, -2049.2175207208015, -2049.3214855368697, -2077.2175207208015, -2077.3214855368697, -2080.531229219786, -2080.6351940358545]
 -- BestCostElement: [-2080.63519404 -2080.63519404 -2080.63519404 -2080.63519404]
 -- BestRoute: [array([ 0, 53, 64, 75, 83, 68, 65, 54, 49,  1])
 array([ 0, 47, 52, 51, 56, 61, 62, 57, 63, 67,  2])
 array([ 0, 46, 42, 41, 39, 38, 27, 28, 20, 15,  8, 16, 17,  9,  3])
 array([ 0, 59, 66, 60, 55, 50, 48, 44, 43, 40, 30, 25,  7, 19, 12,  4])
 array([ 0, 36, 24, 23, 29, 22, 21, 32, 33, 45, 71, 80, 81,  5])
 array([ 0, 73, 74, 84, 86, 76, 69, 77, 85, 78, 70, 79,  6])]
 -- Custo: 
 ---------20.871718548338134
 ---------22.158998000518018
 ---------22.714776642118867
 ---------25.785844453984346
 ---------28.51166563067375
 ---------28.298198215403293
 ---- Total: 148.3412014910364
 -- Premio: 
 ---------37.0
 ---------50.0
 ---------82.0
 ---------77.0
 ---------72.0
 ---------64.0
 ---- Total: 382.0
 - Execucao 5
 -- BestCostGenaration: [-176.05855630409388, -1521.2870594582141, -1631.2092488458268, -1661.7168263433562, -1665.99041176623, -1719.055123233351, -1752.8827663692696, -1809.1729798159135, -1821.455613444732, -1828.9590255581602, -1849.2844359959154, -1849.701857066083, -1851.0047619442275, -1862.3035072566117, -1881.6490885532126, -1888.9405220684507, -1929.7605447332144, -1932.3471815820917, -1952.5316877252872, -1960.3527666676518, -1976.614057280674, -1983.9197513647805, -1987.5660727994918, -2005.6323337042736, -2011.9123606984108, -2041.3034220259628, -2045.9602762754553, -2052.3423583012004, -2070.9045481854546, -2133.9045481854546, -2146.221403097484, -2147.704051281367, -2156.418664330629, -2160.0209061933965, -2163.3739880373128, -2175.3467103216963, -2177.0766342833977, -2177.540013424409, -2201.0035645711887, -2206.051801297256, -2207.069142919464, -2215.4122886699715, -2216.7072428851475, -2217.5097294071174, -2223.591748335596, -2223.695713151664, -2227.698259508027, -2230.16658365661, -2231.1743272654285, -2249.573201105937, -2264.9163468564448, -2265.9240904652634, -2266.0132489856014, -2266.028055281332, -2270.1197601580325, -2290.714346782347, -2290.8035053026847, -2291.1317678525143, -2291.2209263728523]
 -- BestCostElement: [-2291.22092637 -2291.22092637 -2291.22092637 -2291.22092637]
 -- BestRoute: [array([ 0, 49, 59, 66, 60, 55, 48, 43, 40, 37, 44,  1])
 array([ 0, 54, 65, 68, 75, 82, 81, 72, 80, 71, 45,  2])
 array([ 0, 38, 27, 20, 15,  8, 16, 17, 21,  9,  3])
 array([ 0, 36, 24, 23, 14, 11,  7, 12, 19, 25, 30, 31, 26, 13,  4])
 array([ 0, 46, 41, 39, 33, 28, 32, 34, 22, 29, 42, 47, 52, 51, 56, 61,  5])
 array([ 0, 53, 57, 63, 67, 73, 74, 84, 86, 76, 69, 77, 85, 78, 70, 79,  6])]
 -- Custo: 
 ---------20.591830944406112
 ---------22.714776642118867
 ---------22.230954508899174
 ---------25.562968604702142
 ---------28.86421981519311
 ---------29.980017891467483
 ---- Total: 149.94476840678686
 -- Premio: 
 ---------51.0
 ---------58.0
 ---------54.0
 ---------68.0
 ---------96.0
 ---------86.0
 ---- Total: 413.0
 - Execucao 6
 -- BestCostGenaration: [-54.54384129282907, -1593.6873323216646, -1594.3715621655606, -1722.7399708800037, -1819.4217529148652, -1831.684358412294, -1858.5149788425906, -1888.8379516596635, -1900.1666080995574, -1925.9086276905734, -1928.572227641861, -1950.475432685212, -1990.6984502545308, -2022.0974878860325, -2038.1532159760332, -2043.2728916854803, -2046.4076791268294, -2069.466924475018, -2077.8100702255256, -2091.882933571597, -2109.0591012187197, -2126.0149676024334, -2126.570861803724, -2128.092928611867, -2132.5664716620995, -2135.7012591034486, -2156.4138414429417, -2162.070695692434, -2167.0149676024334, -2167.7275499419266, -2170.070695692434, -2174.7275499419266, -2176.928209833002, -2182.5850640824942, -2190.6407921724954, -2191.3533745119885, -2191.909268713279, -2193.0737004603, -2214.0737004603, -2226.909268713279]
 -- BestCostElement: [-2226.90926871 -2226.90926871 -2226.90926871 -2226.90926871]
 -- BestRoute: [array([ 0, 36, 23, 24, 25,  7, 12, 19, 40,  1])
 array([ 0, 65, 68, 64, 67, 57, 52, 47, 51, 61, 56,  2])
 array([ 0, 45, 38, 27, 20, 15,  8, 16, 17, 21,  9,  3])
 array([ 0, 35, 29, 22, 18, 14, 11, 26, 30, 37, 31, 13,  4])
 array([ 0, 34, 32, 28, 33, 39, 41, 42, 46, 53, 63, 74, 82, 73, 81, 72, 71,
       80,  5])
 array([ 0, 54, 58, 69, 76, 84, 86, 77, 85, 78, 79, 70, 60, 55, 59, 66,  6])]
 -- Custo: 
 ---------20.851074395954114
 ---------22.74822402570019
 ---------23.950844619618657
 ---------23.91925977444875
 ---------28.257980408983922
 ---------28.795299596974683
 ---- Total: 148.52268282168032
 -- Premio: 
 ---------40.0
 ---------57.0
 ---------60.0
 ---------54.0
 ---------107.0
 ---------85.0
 ---- Total: 403.0
 - Execucao 7
 -- BestCostGenaration: [-123.9437491808725, -1480.950440783181, -1668.4248022074257, -1716.8516045050558, -1730.4163270710906, -1785.21881359306, -1815.2762071943757, -1861.2919071270621, -1891.714112228918, -1939.1581766543381, -1957.9147134486393, -1975.4983565402638, -2006.776779594245, -2020.8425251005383, -2028.2522025618869, -2044.7453992879068, -2045.4112027536692, -2072.6986204141763, -2078.4022535373992, -2092.8538958907784, -2093.5196993565405, -2110.5002107453142, -2114.9734031686394, -2117.8334078555254, -2124.841151464344, -2134.889135945526, -2155.1471163545098, -2165.2105880533295, -2172.2028444445104, -2176.8519550851843, -2187.5459901950185, -2189.8519550851843, -2190.5645374246774, -2198.907683175185, -2203.556793815859, -2207.235341708055, -2214.9479240475484, -2227.9479240475484, -2228.6605063870416, -2231.003652137549, -2246.3467978880567]
 -- BestCostElement: [-2246.34679789 -2246.34679789 -2246.34679789 -2246.34679789]
 -- BestRoute: [array([ 0, 40, 30, 19, 12, 26, 31, 37, 44, 48,  1])
 array([ 0, 45, 38, 27, 20,  8, 15,  2])
 array([ 0, 53, 46, 42, 41, 39, 33, 32, 34, 28, 16, 17, 21, 10,  9,  3])
 array([ 0, 54, 36, 24, 23, 35, 29, 22, 18, 14, 11,  7,  4])
 array([ 0, 64, 75, 83, 82, 74, 73, 67, 63, 57, 52, 47, 51, 56, 61, 71, 72,
       80,  5])
 array([ 0, 49, 55, 60, 66, 59, 69, 65, 68, 76, 84, 86, 77, 85, 78, 70, 79,
        6])]
 -- Custo: 
 ---------20.422980574618236
 ---------21.733044070171104
 ---------23.36505818199175
 ---------25.470650405204033
 ---------28.258668539729122
 ---------29.66289875627159
 ---- Total: 148.91330052798583
 -- Premio: 
 ---------47.0
 ---------38.0
 ---------84.0
 ---------57.0
 ---------92.0
 ---------88.0
 ---- Total: 406.0
 - Execucao 8
 -- BestCostGenaration: [-96.5853818165077, -1469.5883903034605, -1737.4575592839933, -1757.4575592839933, -1786.1701416234866, -1811.8641767333206, -1830.6002346744663, -1831.3128170139594, -1836.2942697843005, -1872.6002346744663, -1873.3128170139594, -1874.9433804249738, -1895.655962764467, -1909.1404827148751, -1931.483628465383, -1971.5950846453845, -1978.5950846453845, -2013.5950846453845, -2055.5950846453848, -2083.5950846453848, -2085.9382303958923, -2091.9382303958923, -2097.466196140061, -2099.4073216370152, -2106.4073216370152, -2118.694739297522]
 -- BestCostElement: [-2118.6947393 -2118.6947393 -2118.6947393 -2118.6947393]
 -- BestRoute: [array([ 0, 11,  7, 19, 12, 13, 26,  1])
 array([ 0, 58, 65, 68, 75, 83, 82, 74, 73, 67, 63, 57, 52, 47,  2])
 array([ 0, 37, 30, 25, 24, 23, 14, 18, 22, 21, 17,  9,  3])
 array([ 0, 48, 44, 43, 40, 36, 35, 29,  4])
 array([ 0, 46, 42, 41, 39, 33, 28, 20,  8, 15, 27, 38, 45, 51, 56, 61, 80,
        5])
 array([ 0, 53, 54, 49, 59, 55, 60, 66, 69, 76, 84, 86, 85, 78, 70, 79,  6])]
 -- Custo: 
 ---------20.6512194528713
 ---------22.838896747497845
 ---------23.251407699364428
 ---------24.540966412917626
 ---------28.128990204491963
 ---------29.91483465847631
 ---- Total: 149.32631517561947
 -- Premio: 
 ---------33.0
 ---------68.0
 ---------53.0
 ---------37.0
 ---------108.0
 ---------89.0
 ---- Total: 388.0
 - Execucao 9
 -- BestCostGenaration: [-81.79619919326001, -1386.4950718071152, -1630.4784028089161, -1636.7681874273649, -1666.4413083495979, -1700.896593254883, -1758.6168288217239, -1766.711156095913, -1783.3830398708894, -1796.3907834797083, -1846.3974511313886, -1912.5606605357057, -1923.3568053583483, -1936.1923736113267, -1946.3038297913283, -1972.895521532071, -1984.5169269414396, -2028.186249396616, -2029.5092285233563, -2043.325775678918, -2062.1274396338013, -2063.790452242132, -2082.7776702771816, -2092.721942187181, -2100.8330044771187, -2122.7999031966147, -2133.647272977457, -2134.1134046414495, -2143.9609814764417, -2161.717490378072, -2175.4534039789123, -2176.9754707870557, -2177.6073059079135, -2179.3976758889116, -2183.7888061206013, -2184.79654972942, -2201.1102582284047, -2216.4534039789123, -2235.2696988895887, -2239.2109107875663, -2247.142655057058, -2254.9714776082415, -2255.344541378648, -2255.6397026479735, -2256.568386905444, -2257.7248679894974, -2258.6631502603573, -2273.5174727971444, -2279.5174727971444, -2294.673953881197, -2297.7296819711983, -2300.3679889910313, -2335.3757325998504, -2339.054280492047, -2354.3082677222164, -2374.5956853827233, -2377.979072005594, -2378.2742332749194, -2388.0425437044137, -2388.960524775935, -2389.878505847456]
 -- BestCostElement: [-2389.87850585 -2389.87850585 -2389.87850585 -2389.87850585]
 -- BestRoute: [array([ 0, 49, 59, 66, 60, 55, 48, 43, 40, 37, 44,  1])
 array([ 0, 35, 29, 22, 21, 18, 10,  9, 17, 16,  2])
 array([ 0, 34, 32, 28, 33, 42, 41, 39, 38, 27, 20, 15,  8,  3])
 array([ 0, 36, 24, 23, 14, 11,  7, 25, 30, 31, 26, 13, 19, 12,  4])
 array([ 0, 53, 46, 45, 47, 52, 51, 56, 61, 57, 63, 67, 73, 81, 72, 71, 80,
        5])
 array([ 0, 54, 58, 65, 68, 75, 74, 82, 83, 86, 84, 76, 69, 77, 85, 78, 70,
       79,  6])]
 -- Custo: 
 ---------20.591830944406112
 ---------21.008767012245137
 ---------22.142135623730955
 ---------25.970609457455744
 ---------28.948122114152724
 ---------29.368908386145314
 ---- Total: 148.030373538136
 -- Premio: 
 ---------51.0
 ---------41.0
 ---------78.0
 ---------68.0
 ---------99.0
 ---------89.0
 ---- Total: 426.0
 - Execucao 10
 -- BestCostGenaration: [-1720.1398199238638, -1723.1955480138647, -1782.6107126994175, -1807.1295538146792, -1834.068636375176, -1843.6011891727655, -1864.0887737835214, -1875.8106559661921, -1882.8011499563968, -1885.1442957069044, -1908.2576949417216, -1925.4364089452074, -1925.4807662449684, -1945.613301431405, -1960.912089882152, -1961.8826526306289, -1965.3236551541609, -1965.9941088106307, -1966.0384661103917, -1969.6776045255087, -1969.7219618252698, -1971.4051069132402, -1972.927173721383, -1975.0913984142553, -1983.792386280034, -1986.927173721383, -2007.7482526637477, -2012.4051069132402, -2013.814079834145, -2015.4446432451593]
 -- BestCostElement: [-2015.44464325 -2015.44464325 -2015.44464325 -2015.44464325]
 -- BestRoute: [array([ 0, 24, 23, 14, 11,  7,  1])
 array([ 0, 53, 63, 57, 62, 72, 71, 80, 81, 73, 67,  2])
 array([ 0, 46, 21, 22, 18, 10,  9, 17, 16, 20, 27, 15,  8,  3])
 array([ 0, 54, 49, 25, 19, 12, 13, 26, 30, 37, 31,  4])
 array([ 0, 34, 32, 28, 33, 42, 41, 39, 38, 45, 47, 52, 51, 56, 61,  5])
 array([ 0, 29, 35, 36, 40, 43, 44, 48, 55, 59, 66, 60, 70, 79, 78, 85,  6])]
 -- Custo: 
 ---------20.24654889793537
 ---------22.946328004297904
 ---------22.892922226992173
 ---------25.570926337907633
 ---------27.672882102102214
 ---------29.55923161947489
 ---- Total: 148.8888391887102
 -- Premio: 
 ---------29.0
 ---------58.0
 ---------64.0
 ---------49.0
 ---------88.0
 ---------85.0
 ---- Total: 373.0
 - Execucao 11
 -- BestCostGenaration: [-146.0901122873488, -1432.7912592788102, -1439.8997558816814, -1442.399121915189, -1463.1084801568643, -1602.092542753261, -1751.0651526784268, -1753.6662788379185, -1798.2856159068433, -1801.4204033481924, -1811.4649299670111, -1835.6146374565983, -1861.4625649184982, -1863.5105493996798, -1897.7406827358272, -1902.5913627207078, -1905.9050712196927, -1941.7936150396908, -1970.506197379184, -1976.3340220233436, -1977.3340652865, -1980.0205205785087, -1998.8560888314869, -1999.7475922286158, -2002.703458612329, -2019.937900705816, -2028.2887900651422, -2033.6582266541277, -2044.3036157597203, -2046.373833160335, -2049.673052348706, -2063.772707000843, -2068.813881039999, -2069.231302110167, -2077.914447198137, -2080.2575929486447, -2082.6007386991523, -2098.772707000843, -2099.190128071011]
 -- BestCostElement: [-2099.19012807 -2099.19012807 -2099.19012807 -2099.19012807]
 -- BestRoute: [array([ 0, 46, 42, 41, 39, 33,  1])
 array([ 0, 35, 29, 22, 21, 17, 16,  8, 15, 20, 28, 27, 45,  2])
 array([ 0, 64, 63, 57, 52, 56, 51, 47, 38,  3])
 array([ 0, 40, 36, 24, 23, 14, 11,  7, 12, 19, 30, 26, 13,  4])
 array([ 0, 54, 49, 58, 65, 68, 75, 83, 82, 74, 73, 67, 62, 61, 71, 80, 72,
       81,  5])
 array([ 0, 53, 84, 76, 69, 77, 85, 78, 79, 70, 60, 55, 59, 66,  6])]
 -- Custo: 
 ---------20.75587762649943
 ---------22.30713578936527
 ---------23.70434165837204
 ---------25.837194136991332
 ---------28.193485306737944
 ---------29.904433464281258
 ---- Total: 150.70246798224727
 -- Premio: 
 ---------39.0
 ---------73.0
 ---------41.0
 ---------68.0
 ---------91.0
 ---------74.0
 ---- Total: 386.0
 - Execucao 12
 -- BestCostGenaration: [-186.95588815693353, -1652.8303074605672, -1660.6513864029316, -1668.159403295548, -1691.0152195247772, -1729.2020669393896, -1733.946963794269, -1845.796046734834, -1998.7017781619422, -2003.4671290143058, -2055.8954401063365, -2058.653254404031, -2107.783983926335, -2120.6195521793134, -2121.593468394985, -2140.6195521793134, -2148.2501155903283, -2169.2650356385657, -2174.6195521793134, -2177.933260678298, -2196.962697929821, -2197.9776179780592, -2206.697180966168, -2219.1265720843785, -2238.1872479970607, -2238.6046690672283, -2247.921731033408, -2249.462390261946, -2254.1192445114384, -2254.70956705009, -2256.3927121380602, -2261.701823441271, -2263.384968529241, -2277.0449691917784, -2277.462390261946, -2279.1455353499164, -2279.6365271993]
 -- BestCostElement: [-2279.6365272 -2279.6365272 -2279.6365272 -2279.6365272]
 -- BestRoute: [array([ 0, 59, 66, 60, 55, 48, 43, 40, 37, 44,  1])
 array([ 0, 53, 67, 72, 71, 80, 81, 73, 62, 45,  2])
 array([ 0, 42, 41, 39, 33, 32, 28, 27, 20, 15,  8, 16, 17, 21,  3])
 array([ 0, 35, 29, 22, 18, 14, 23, 24, 25, 30, 31, 26, 19,  7, 11, 12,  4])
 array([ 0, 46, 47, 52, 51, 56, 61, 57, 63, 64, 65, 68, 75, 83, 82,  5])
 array([ 0, 36, 49, 54, 58, 69, 76, 84, 86, 77, 85, 78, 70, 79,  6])]
 -- Custo: 
 ---------20.19348530673794
 ---------21.792463872582434
 ---------23.71205413665293
 ---------25.96399003885765
 ---------27.76409195040512
 ---------28.16478289493888
 ---- Total: 147.59086820017495
 -- Premio: 
 ---------48.0
 ---------54.0
 ---------89.0
 ---------74.0
 ---------76.0
 ---------69.0
 ---- Total: 410.0
 - Execucao 13
 -- BestCostGenaration: [-75.55778439037348, -1634.0777904137124, -1637.2125778550615, -1657.102285008898, -1778.4001176123102, -1796.6774361924206, -1818.6948208782655, -1835.3811123792807, -1882.3139149132521, -1884.6570606637597, -1888.9558491145062, -1898.3773866120719, -1938.8288052819762, -1958.6684314539998, -1987.6576278331595, -1990.882319456985, -2009.0358169847823, -2016.8568959271465, -2024.091545074783, -2040.3789627352899, -2056.8568959271465, -2081.219334569452, -2084.354122010801, -2088.77305254411, -2122.484519310526, -2124.1150827215406, -2127.970196111202, -2130.3055982528904, -2131.664231221036, -2138.656487612217, -2140.9996333627246, -2141.7122157022177, -2141.9701961112014, -2145.6859248637397, -2146.398507203233, -2148.0290706142473, -2148.9996333627246, -2155.9996333627246, -2161.8352016157028, -2166.173608525258, -2206.7190065947484, -2213.0064242552553, -2229.062152345256, -2239.666074290885, -2240.378656630378, -2242.0092200413924, -2242.42664111156, -2242.6055621691958, -2243.318144508689, -2257.9487079197033, -2258.6612902591964]
 -- BestCostElement: [-2258.66129026 -2258.66129026 -2258.66129026 -2258.66129026]
 -- BestRoute: [array([ 0, 46, 42, 41, 39, 33,  1])
 array([ 0, 53, 67, 73, 81, 72, 80, 71, 61, 56, 51, 52, 47, 45,  2])
 array([ 0, 35, 29, 22, 21, 10,  9, 17, 16, 20, 28, 38, 27, 15,  8,  3])
 array([ 0, 36, 23, 24, 25,  7, 19, 30, 40, 37, 31, 26, 13, 12,  4])
 array([ 0, 54, 49, 58, 65, 68, 64, 75, 83, 82, 74, 63, 57, 62,  5])
 array([ 0, 43, 48, 50, 55, 60, 66, 59, 69, 76, 84, 86, 85, 78, 70, 79,  6])]
 -- Custo: 
 ---------20.75587762649943
 ---------22.326900627202352
 ---------23.899494936611667
 ---------25.792463872582438
 ---------26.782154177735688
 ---------29.777786194569302
 ---- Total: 149.3346774352009
 -- Premio: 
 ---------39.0
 ---------82.0
 ---------78.0
 ---------66.0
 ---------57.0
 ---------86.0
 ---- Total: 408.0
 - Execucao 14
 -- BestCostGenaration: [-19.166140931449405, -1551.8716996583526, -1572.066999221391, -1597.270573498861, -1606.296864337339, -1638.9290201762612, -1647.2891207285202, -1659.6883811899656, -1674.8345187980108, -1683.173267137767, -1704.0647705348958, -1740.595472239623, -1798.0157580422658, -1837.7549818471446, -1880.8500971290648, -1916.5222315420451, -1934.3666418343503, -1958.0451897265466, -1970.5082821500023, -1992.070776024581, -1996.3922281323844, -1998.3876309366105, -2007.5895965380373, -2023.1048104718775, -2034.3021788775304, -2037.3579069675313, -2044.402831436692, -2050.7196863487216, -2065.9587256379823, -2071.320418618149, -2072.275580550012, -2078.320418618149, -2082.6418707259527, -2106.220556911862, -2109.082416003318, -2110.5420090196653, -2113.403868111122, -2116.858863931695, -2119.7207230231515, -2128.430345785514, -2129.142928125007, -2131.486073875515, -2149.1723653765303, -2151.228093466531, -2151.4070145241662, -2179.228093466531]
 -- BestCostElement: [-2179.22809347 -2179.22809347 -2179.22809347 -2179.22809347]
 -- BestRoute: [array([ 0, 76, 69, 49, 40, 43, 48,  1])
 array([ 0, 35, 18, 10,  9, 17, 16,  8, 15, 20, 27,  2])
 array([ 0, 46, 42, 41, 39, 38, 33, 28, 32, 34, 29, 22, 21,  3])
 array([ 0, 36, 24, 23, 14, 11,  7, 12, 19, 25, 30, 31, 26, 13,  4])
 array([ 0, 53, 63, 73, 67, 62, 57, 52, 47, 45, 51, 56, 61, 72, 71, 80, 81,
        5])
 array([ 0, 54, 68, 75, 83, 82, 74, 64, 65, 58, 59, 66, 55, 60, 70,  6])]
 -- Custo: 
 ---------19.729473667624426
 ---------21.58594636553181
 ---------22.95741732923815
 ---------25.562968604702142
 ---------28.079834824110616
 ---------28.52733584216013
 ---- Total: 146.44297663336727
 -- Premio: 
 ---------34.0
 ---------47.0
 ---------79.0
 ---------68.0
 ---------95.0
 ---------72.0
 ---- Total: 395.0
