 - Execucao 0
 -- BestCostGenaration: [-98.89641872977748, -1152.1279259545227, -1179.034911192461, -1200.5797320988947, -1243.2004075951766, -1263.22839841764, -1263.5950733116358, -1276.321810145871, -1277.0343924853646, -1278.9229363053628, -1288.9755351569245, -1293.8299028844474, -1314.2468431862387, -1343.5111208332464, -1349.1396225871417, -1351.740748746633, -1369.7004357799283, -1372.30156193942, -1393.4488318305407, -1430.7919775810483, -1433.5934130047076, -1435.9288151463966, -1441.5329460737541, -1444.5257244435993, -1502.8724973755275, -1541.558788876543, -1543.099448105081, -1562.5060655544082]
 -- BestCostElement: [-1562.50606555 -1562.50606555 -1562.50606555 -1562.50606555]
 -- BestRoute: [array([ 0, 54, 58, 65, 68, 75, 83, 82, 74, 73, 67,  0])
 array([ 0, 36, 25, 30, 26, 19, 12,  7, 24,  0])
 array([ 0, 35, 29, 22, 21, 10,  9, 17, 16,  0])
 array([ 0, 47, 52, 51, 56, 61, 62, 57, 63,  0])
 array([ 0, 53, 46, 42, 41, 39, 33, 27, 20, 28, 32,  0])
 array([ 0, 49, 59, 66, 60, 55, 50, 48, 43, 40,  0])]
 -- Custo: 
 ---------20.881832902051922
 ---------20.712065434336854
 ---------19.638676800652846
 ---------19.34166020071207
 ---------20.957417329238154
 ---------20.591830944406112
 ---- Total: 122.12348361139796
 -- Premio: 
 ---------52.0
 ---------42.0
 ---------39.0
 ---------44.0
 ---------69.0
 ---------47.0
 ---- Total: 293.0
 - Execucao 1
 -- BestCostGenaration: [-195.82148610715265, -1133.7175971577947, -1139.9600903491407, -1163.068486517121, -1165.1691943204378, -1190.9322348919593, -1192.4566119809444, -1200.6214859701051, -1239.0169127120153, -1245.8996193491462, -1305.3781059120843, -1305.5444715419126, -1349.2992129128488, -1353.993248022683, -1366.9136215019353, -1372.1310954760536, -1378.7615584521768, -1381.3626846116686, -1392.3713472955526, -1413.3713472955526, -1420.2992129128488, -1424.315619205552, -1441.537712925381, -1461.5299693165618, -1462.8731150670696, -1474.5594065680848, -1493.4178734249408, -1514.3651501028062, -1515.0493799467022, -1535.2133809560996, -1537.3925256972097, -1551.3925256972097, -1559.1968299883665, -1566.4548103973505, -1589.3383631315107, -1607.4498193115126, -1607.628740369148]
 -- BestCostElement: [-1607.62874037 -1607.62874037 -1607.62874037 -1607.62874037]
 -- BestRoute: [array([ 0, 53, 57, 62, 72, 61, 56, 51, 52, 47,  0])
 array([ 0, 54, 58, 65, 68, 75, 83, 82, 74, 73, 67, 63,  0])
 array([ 0, 46, 42, 41, 39, 33, 27, 15, 20, 28,  0])
 array([ 0, 29, 22, 21, 16, 17, 14,  0])
 array([ 0, 49, 55, 60, 70, 78, 66, 69,  0])
 array([ 0, 36, 40, 30, 26, 19, 12,  7, 24,  0])]
 -- Custo: 
 ---------20.464077695584535
 ---------20.89292222699217
 ---------20.881832902051926
 ---------20.896492791108205
 ---------20.765928589759028
 ---------20.94156070221715
 ---- Total: 124.842814907713
 -- Premio: 
 ---------50.0
 ---------56.0
 ---------66.0
 ---------39.0
 ---------44.0
 ---------46.0
 ---- Total: 301.0
 - Execucao 2
 -- BestCostGenaration: [-185.59483773516172, -1144.853177491109, -1147.654612914768, -1162.2864364058219, -1218.3423468442254, -1221.611698043449, -1276.1861966161546, -1294.5491613061645, -1316.179724717179, -1336.671988276406, -1345.7499492858396, -1368.380512696854, -1375.4595720482023, -1406.2643176758997, -1408.6074634264073, -1422.6074634264073, -1423.6152070352261, -1443.6074634264073, -1444.6152070352261, -1446.1266551502777, -1471.0616437730027, -1471.5953050548603, -1476.2444156955337, -1485.8178203634602, -1487.2258684658748, -1502.9005654045825, -1518.24371115509, -1522.8928217957634, -1528.7799349626748, -1534.7799349626748, -1541.7799349626748, -1546.4367892121672, -1549.2317843702035, -1569.0673526231817]
 -- BestCostElement: [-1569.06735262 -1569.06735262 -1569.06735262 -1569.06735262]
 -- BestRoute: [array([ 0, 49, 69, 66, 60, 55, 48, 43,  0])
 array([ 0, 46, 42, 41, 39, 33, 28, 20, 15,  0])
 array([ 0, 40, 37, 30, 26, 19, 12,  7, 24,  0])
 array([ 0, 53, 47, 52, 51, 56, 61, 62, 57, 63,  0])
 array([ 0, 54, 58, 65, 68, 75, 83, 82, 74, 73, 67,  0])
 array([ 0, 36, 23, 14, 10, 17, 21, 22, 29,  0])]
 -- Custo: 
 ---------20.97607381588003
 ---------20.462185144412175
 ---------20.986290966626047
 ---------20.233345472033857
 ---------20.881832902051922
 ---------20.443433543200516
 ---- Total: 123.98316184420455
 -- Premio: 
 ---------42.0
 ---------60.0
 ---------45.0
 ---------50.0
 ---------52.0
 ---------46.0
 ---- Total: 295.0
 - Execucao 3
 -- BestCostGenaration: [-118.7528240611195, -1100.3741996092638, -1102.9753257687553, -1187.6383658590955, -1194.0868617994292, -1211.0311337094286, -1234.8288813904455, -1235.135755733743, -1278.2917413476744, -1282.5851296406295, -1300.0120672959863, -1300.6439024168442, -1300.6802923357186, -1322.4195594037537, -1343.1789204174581, -1349.4615992370123, -1351.0022584655503, -1353.2643380038674, -1378.4136147558304, -1390.6699575461707, -1402.1076498656644, -1430.0688313866792, -1440.4910364885352, -1441.2036188280283, -1442.0316957170733, -1473.6885499665657, -1474.6962935753845, -1476.7442780565664, -1477.546764578536, -1479.087423807074, -1482.105971036733, -1486.132261875211, -1492.0193750421224, -1513.6526909761178, -1526.8218615640922, -1528.3625207926302, -1551.418248882631, -1552.8549432951008, -1554.4560694545924, -1555.6763882348585, -1574.5271114828954, -1579.1839657323878, -1603.8702572334032, -1612.5008206444177]
 -- BestCostElement: [-1612.50082064 -1612.50082064 -1612.50082064 -1612.50082064]
 -- BestRoute: [array([ 0, 59, 66, 60, 55, 48, 44, 43, 40,  0])
 array([ 0, 30, 37, 31, 26, 19,  7, 25,  0])
 array([ 0, 36, 24, 23, 14, 17, 21, 22, 29,  0])
 array([ 0, 54, 58, 69, 76, 68, 75, 83, 82, 74,  0])
 array([ 0, 42, 41, 39, 33, 27, 15, 20, 28, 32,  0])
 array([ 0, 46, 47, 52, 51, 56, 61, 62, 67, 63, 57, 53,  0])]
 -- Custo: 
 ---------20.779271744364845
 ---------20.46310272435808
 ---------20.916257628945292
 ---------20.45354552482872
 ---------20.05519988716055
 ---------20.957417329238154
 ---- Total: 123.62479483889565
 -- Premio: 
 ---------45.0
 ---------36.0
 ---------47.0
 ---------47.0
 ---------63.0
 ---------63.0
 ---- Total: 301.0
 - Execucao 4
 -- BestCostGenaration: [-1108.453870628447, -1123.7491566427004, -1162.3947203463551, -1182.450448436356, -1201.974147841713, -1218.902266857363, -1224.4961713866996, -1238.3665895609527, -1257.1389383599965, -1281.2636175537975, -1281.673338278303, -1298.2295831065007, -1307.838452874811, -1327.2391789571777, -1327.4055445870058, -1335.3822133256585, -1337.98333948515, -1344.065358413629, -1362.7222126631214, -1367.872487322108, -1406.2636175537975, -1406.3040654803103, -1409.2899083922757, -1409.3303563187883, -1411.4796330707513, -1413.4535060232665, -1413.7264343731595, -1414.1932402736888, -1417.4272151847886, -1417.7001435346815, -1427.4684539641758, -1444.069580123667, -1464.0618365148484, -1491.3492541753553, -1492.0889884257776, -1500.854861256805, -1502.4854246678194, -1519.1639725600157, -1537.8108692856972, -1547.5791797151912]
 -- BestCostElement: [-1547.57917972 -1547.57917972 -1547.57917972 -1547.57917972]
 -- BestRoute: [array([ 0, 53, 57, 62, 61, 56, 51, 52, 47, 46, 41, 42,  0])
 array([ 0, 59, 66, 60, 55, 48, 44, 43, 40,  0])
 array([ 0, 54, 65, 76, 84, 86, 77, 69, 68, 64,  0])
 array([ 0, 35, 29, 22, 21, 17,  9, 16, 39,  0])
 array([ 0, 36, 25, 30, 26, 19, 12,  7, 24,  0])
 array([ 0, 34, 32, 33, 28, 20, 15,  8,  0])]
 -- Custo: 
 ---------20.705481427033433
 ---------20.779271744364845
 ---------20.895804660363012
 ---------20.042019056626884
 ---------20.712065434336854
 ---------20.970562748477143
 ---- Total: 124.10520507120216
 -- Premio: 
 ---------70.0
 ---------45.0
 ---------49.0
 ---------42.0
 ---------42.0
 ---------44.0
 ---- Total: 292.0
 - Execucao 5
 -- BestCostGenaration: [-1247.3038435768374, -1263.1111795394663, -1270.4903011891422, -1304.646989327345, -1315.6526808845858, -1333.7433337754446, -1337.9750233459504, -1350.1363086799274, -1357.5233809925717, -1372.479454430435, -1385.2556384560123, -1406.2029151338777, -1407.770916299204, -1407.8303005266048]
 -- BestCostElement: [-1407.83030053 -1407.83030053 -1407.83030053 -1407.83030053]
 -- BestRoute: [array([ 0, 75, 83, 82, 74, 73, 67, 63, 57,  0])
 array([ 0, 52, 47, 45, 56, 61,  0])
 array([ 0, 49, 55, 59, 66, 60, 50, 48, 43, 40,  0])
 array([ 0, 35, 29, 34, 15, 20,  0])
 array([ 0, 53, 68, 76, 84, 86, 77, 69, 58, 54,  0])
 array([ 0, 46, 42, 41, 39, 32, 33, 28, 16, 17, 21, 22,  0])]
 -- Custo: 
 ---------20.82842712474619
 ---------20.683490532932844
 ---------20.591830944406112
 ---------20.874744778152635
 ---------20.436125993857228
 ---------20.62780549425379
 ---- Total: 124.0424248683488
 -- Premio: 
 ---------42.0
 ---------33.0
 ---------47.0
 ---------28.0
 ---------50.0
 ---------72.0
 ---- Total: 272.0
 - Execucao 6
 -- BestCostGenaration: [-251.01257335420627, -1169.9010765277496, -1198.6137927081545, -1201.8831439073783, -1206.8274158173776, -1230.3085156405143, -1233.1701010177444, -1246.733473265351, -1251.1440838934925, -1268.0883558034918, -1271.1440838934925, -1289.1255366638334, -1311.4686824143414, -1419.2881089972607, -1461.9604073260282, -1463.5010665545663, -1483.530503806089, -1488.588794421817, -1502.4098733641815, -1504.010999523673, -1523.4176169730003]
 -- BestCostElement: [-1523.41761697 -1523.41761697 -1523.41761697 -1523.41761697]
 -- BestRoute: [array([ 0, 28, 15,  8, 16, 17,  0])
 array([ 0, 34, 32, 33, 20, 27, 38, 39, 41, 42, 46,  0])
 array([ 0, 49, 59, 66, 60, 55, 50, 48, 43, 40,  0])
 array([ 0, 54, 58, 65, 68, 75, 83, 82, 74, 73, 67,  0])
 array([ 0, 53, 57, 52, 47, 51, 56, 61, 62, 63,  0])
 array([ 0, 36, 24, 23, 14, 10, 21, 22, 29,  0])]
 -- Custo: 
 ---------20.678721890606806
 ---------20.307135789365265
 ---------20.591830944406112
 ---------20.881832902051922
 ---------20.307135789365265
 ---------20.378938440954535
 ---- Total: 123.14559575674991
 -- Premio: 
 ---------31.0
 ---------64.0
 ---------47.0
 ---------52.0
 ---------50.0
 ---------44.0
 ---- Total: 288.0
 - Execucao 7
 -- BestCostGenaration: [-154.99296175421708, -1147.6199958068987, -1148.5660007749207, -1180.5700796056226, -1328.6563266279018, -1330.1969858564398, -1349.5196665357241, -1391.0947255402125, -1391.8073078797056, -1419.0947255402125, -1421.43787129072, -1422.1504536302132, -1424.0389974502114, -1436.1909015567262, -1438.3401783086892, -1438.6131066585822, -1440.2436700695964, -1449.5868158201042, -1454.2436700695966, -1480.7848512767985, -1481.7110567255145, -1482.1656586560237, -1486.83700221613, -1491.7812741261291, -1492.527510579434, -1494.8706563299415, -1509.9263844199427, -1514.8706563299415, -1541.4118375371434]
 -- BestCostElement: [-1541.41183754 -1541.41183754 -1541.41183754 -1541.41183754]
 -- BestRoute: [array([ 0, 54, 65, 68, 76, 84, 86, 77, 69, 58,  0])
 array([ 0, 59, 66, 60, 55, 48, 44, 43, 40,  0])
 array([ 0, 57, 67, 73, 81, 62, 52, 47,  0])
 array([ 0, 46, 42, 41, 39, 32, 33, 28, 20, 16, 17, 21,  0])
 array([ 0, 36, 30, 26, 19, 12,  7, 24, 23,  0])
 array([ 0, 53, 64, 63, 74, 82, 83, 75,  0])]
 -- Custo: 
 ---------18.556395895082645
 ---------20.779271744364845
 ---------20.51323307596588
 ---------20.902019706710778
 ---------20.34555711384423
 ---------19.30056307974577
 ---- Total: 120.39704061571415
 -- Premio: 
 ---------47.0
 ---------45.0
 ---------47.0
 ---------76.0
 ---------43.0
 ---------31.0
 ---- Total: 289.0
 - Execucao 8
 -- BestCostGenaration: [-90.81993934724353, -1067.9252350619433, -1155.6901145291183, -1242.2592937259801, -1302.9878988377673, -1329.3004892422105, -1344.6436349927183, -1346.1550831077698, -1361.4944427336127, -1365.8971026987858, -1371.0955688931042, -1381.7818603941196, -1392.0428455709696, -1405.3302632314765, -1410.139381702733, -1415.9751570098613, -1455.453090201718, -1460.7941742951064, -1473.139381702733, -1493.42679936324, -1501.849004465096, -1506.7142170237469, -1515.1364221256028, -1520.764923879498, -1522.1364221256028]
 -- BestCostElement: [-1522.13642213 -1522.13642213 -1522.13642213 -1522.13642213]
 -- BestRoute: [array([ 0, 20, 15,  8, 16, 17,  0])
 array([ 0, 54, 65, 68, 75, 83, 82, 73, 67, 63, 57, 53,  0])
 array([ 0, 40, 37, 30, 25,  7, 12, 19,  0])
 array([ 0, 35, 36, 24, 23, 14, 18, 22, 21,  0])
 array([ 0, 42, 46, 47, 41, 39, 33, 28, 32, 34, 29,  0])
 array([ 0, 49, 55, 60, 70, 78, 85, 77, 69,  0])]
 -- Custo: 
 ---------20.67163376670752
 ---------20.77927174436485
 ---------20.76109429552531
 ---------19.895446997091284
 ---------20.822014343031604
 ---------20.53643332187874
 ---- Total: 123.46589446859932
 -- Premio: 
 ---------31.0
 ---------63.0
 ---------39.0
 ---------36.0
 ---------71.0
 ---------48.0
 ---- Total: 288.0
 - Execucao 9
 -- BestCostGenaration: [-159.4764366704868, -1147.1974829762758, -1208.1664532968448, -1210.0102180228885, -1239.7727427474615, -1239.860488406679, -1323.8695207501282, -1365.5821030896216, -1373.1468928310037, -1387.1042233985297, -1413.6454046057318, -1413.9183329556247, -1426.9183329556247, -1434.2057506161314, -1447.41390187114, -1474.495920799619]
 -- BestCostElement: [-1474.4959208 -1474.4959208 -1474.4959208 -1474.4959208]
 -- BestRoute: [array([ 0, 34, 32, 33, 28, 20, 15,  8,  0])
 array([ 0, 42, 41, 39, 38, 27, 16, 17,  0])
 array([ 0, 46, 47, 52, 51, 56, 61, 62, 57, 63,  0])
 array([ 0, 36, 30, 25,  7, 19, 12, 11, 24,  0])
 array([ 0, 54, 58, 69, 77, 86, 84, 76, 68, 64, 53,  0])
 array([ 0, 49, 55, 59, 66, 60, 50, 48, 43, 40,  0])]
 -- Custo: 
 ---------20.970562748477143
 ---------20.61602089821564
 ---------19.478708664619077
 ---------20.803275282639756
 ---------20.66562126173752
 ---------20.591830944406112
 ---- Total: 123.12601980009525
 -- Premio: 
 ---------44.0
 ---------44.0
 ---------51.0
 ---------41.0
 ---------54.0
 ---------47.0
 ---- Total: 281.0
 - Execucao 10
 -- BestCostGenaration: [-210.84001261318755, -1140.3441669745241, -1228.0838922935843, -1229.677274844257, -1241.9042255738102, -1268.7957289709389, -1296.2988888394816, -1315.705506288809, -1318.0114711789747, -1340.5335379871178, -1343.6710779514478, -1366.193144759591, -1386.311598886273, -1386.4729712675507, -1387.599698122698, -1402.2472525290132, -1407.1915244390123, -1407.9041067785056, -1425.590398279521, -1428.0906263725826, -1428.6242876544402, -1430.2548510654544, -1442.6242876544402, -1444.2548510654544, -1459.5979968159622]
 -- BestCostElement: [-1459.59799682 -1459.59799682 -1459.59799682 -1459.59799682]
 -- BestRoute: [array([ 0, 36, 40, 43, 48, 50, 60, 55, 59,  0])
 array([ 0, 25, 30, 26, 19, 12,  7, 24,  0])
 array([ 0, 32, 33, 28, 20, 15,  8, 16,  0])
 array([ 0, 53, 62, 61, 56, 51, 52, 47, 41, 42, 46,  0])
 array([ 0, 35, 29, 22, 21, 17,  9, 10, 14, 23,  0])
 array([ 0, 54, 63, 57, 67, 81, 73,  0])]
 -- Custo: 
 ---------20.148755042329046
 ---------20.681211271559523
 ---------20.874744778152635
 ---------20.084259940083065
 ---------20.57772817821186
 ---------20.98380158567333
 ---- Total: 123.35050079600946
 -- Premio: 
 ---------43.0
 ---------38.0
 ---------45.0
 ---------64.0
 ---------47.0
 ---------42.0
 ---- Total: 279.0
 - Execucao 11
 -- BestCostGenaration: [-173.49569389180542, -1153.2620908565032, -1163.8663634290397, -1236.1583315574671, -1260.474835842589, -1269.7397014603139, -1273.4482479090684, -1317.0728634521445, -1338.0201401300098, -1358.9627085705606, -1386.3236970102835, -1399.4421511369655, -1400.4127138854426, -1414.4127138854426, -1422.241536436626, -1448.7190766259505, -1449.4033064698465, -1456.136497696118, -1457.7558964835105, -1472.099746774462, -1473.9882905944603, -1486.057077341988, -1487.9456211619863, -1491.1579735555572, -1494.9605691028953, -1498.5598406594174, -1512.1922586734013, -1512.8764885172973, -1513.1628214218783, -1516.3751738154494, -1516.792594885617, -1517.7913231757736, -1517.9702442334092, -1556.403503148122, -1595.8814363399788]
 -- BestCostElement: [-1595.88143634 -1595.88143634 -1595.88143634 -1595.88143634]
 -- BestRoute: [array([ 0, 35, 29, 22, 21, 10,  9, 17, 16, 32,  0])
 array([ 0, 36, 30, 26, 19, 12,  7, 24, 23,  0])
 array([ 0, 65, 69, 66, 60, 55, 48, 43, 40,  0])
 array([ 0, 46, 42, 41, 39, 33, 27, 15, 20, 28,  0])
 array([ 0, 53, 47, 52, 51, 56, 61, 62, 57, 63,  0])
 array([ 0, 54, 64, 74, 82, 81, 73, 67,  0])]
 -- Custo: 
 ---------19.99070478491457
 ---------20.34555711384423
 ---------20.960299762608994
 ---------20.881832902051926
 ---------20.233345472033857
 ---------20.117900879551712
 ---- Total: 122.52964091500529
 -- Premio: 
 ---------43.0
 ---------43.0
 ---------49.0
 ---------66.0
 ---------50.0
 ---------47.0
 ---- Total: 298.0
 - Execucao 12
 -- BestCostGenaration: [-122.31914311895387, -1160.1433343837443, -1160.8275642276406, -1172.7531298538102, -1175.354256013302, -1177.5407136256067, -1216.0573749149773, -1287.4038490452833, -1290.459577135284, -1335.8556551896554, -1338.911383279656, -1340.7999270996545, -1349.4189607771855, -1387.6534028706724, -1408.2359818005048, -1408.6534028706722, -1410.843127549148, -1430.5449062678008, -1430.817834617694]
 -- BestCostElement: [-1430.81783462 -1430.81783462 -1430.81783462 -1430.81783462]
 -- BestRoute: [array([ 0, 33, 28, 20, 15,  8, 16,  0])
 array([ 0, 54, 58, 76, 84, 86, 77, 69, 68, 65,  0])
 array([ 0, 42, 41, 39, 32, 34, 21, 22, 18, 14,  0])
 array([ 0, 49, 48, 43, 40, 30,  7,  0])
 array([ 0, 46, 47, 52, 51, 56, 61, 62, 57, 63,  0])
 array([ 0, 53, 64, 74, 82, 81, 73, 67,  0])]
 -- Custo: 
 ---------20.705696672997938
 ---------19.837882267736525
 ---------20.81913190966076
 ---------20.836220951010507
 ---------19.478708664619077
 ---------20.117900879551712
 ---- Total: 121.79554134557652
 -- Premio: 
 ---------41.0
 ---------47.0
 ---------52.0
 ---------38.0
 ---------51.0
 ---------45.0
 ---- Total: 274.0
 - Execucao 13
 -- BestCostGenaration: [-201.22019088892623, -1159.2859235550864, -1159.442611693289, -1175.0284528704576, -1177.4679430690646, -1210.2074960948949, -1248.1843885170222, -1284.5920332805813, -1289.188948865236, -1326.191953633102, -1330.7888692177567, -1362.9716411402878, -1365.8518016398477, -1367.792927136802, -1370.1360728873096, -1370.7061693673704, -1432.365819403, -1437.6905817148418, -1474.107838994016, -1476.7942942860245, -1479.4326013058576, -1499.424857697039, -1507.379877983723, -1559.137485227268]
 -- BestCostElement: [-1559.13748523 -1559.13748523 -1559.13748523 -1559.13748523]
 -- BestRoute: [array([ 0, 53, 57, 62, 61, 56, 51, 52, 47, 41, 42, 46,  0])
 array([ 0, 54, 58, 65, 68, 75, 83, 82, 74, 73, 67,  0])
 array([ 0, 32, 33, 28, 20, 15,  8, 16,  0])
 array([ 0, 34, 21, 17,  9, 10, 18, 14, 23,  0])
 array([ 0, 40, 30, 26, 19,  7, 25, 24, 29,  0])
 array([ 0, 49, 59, 55, 60, 66, 69, 76,  0])]
 -- Custo: 
 ---------20.12899020449196
 ---------20.881832902051922
 ---------20.874744778152635
 ---------20.64222328045784
 ---------20.8220143430316
 ---------19.6158231849971
 ---- Total: 122.96562869318305
 -- Premio: 
 ---------70.0
 ---------52.0
 ---------45.0
 ---------38.0
 ---------49.0
 ---------39.0
 ---- Total: 293.0
 - Execucao 14
 -- BestCostGenaration: [-188.62446879098718, -1147.0370290041913, -1176.7558878183145, -1204.313011551807, -1204.3534594783196, -1223.7196290011343, -1228.7492300436504, -1270.708825380294, -1276.2182118382261, -1276.2586597647391, -1298.5164331195733, -1303.5460341620894, -1313.5526498766199, -1338.5537777709083, -1339.6641060566214, -1373.7012869169635, -1374.6718496654403, -1403.044432667471, -1404.014995415948, -1409.6434971698432, -1412.6992252598443, -1415.0002423273286, -1441.3297886708585, -1446.3880792865866, -1461.8102843884426, -1480.6610076364796, -1480.7014555629924, -1482.8507323149554, -1483.1236606648483, -1492.8919710943424]
 -- BestCostElement: [-1492.89197109 -1492.89197109 -1492.89197109 -1492.89197109]
 -- BestRoute: [array([ 0, 54, 65, 76, 84, 86, 77, 69, 68, 64,  0])
 array([ 0, 49, 59, 55, 60, 70, 78, 66,  0])
 array([ 0, 42, 46, 52, 47, 41, 39, 33, 28,  0])
 array([ 0, 48, 43, 40, 30, 25,  7,  0])
 array([ 0, 53, 63, 74, 82, 81, 73, 67, 57,  0])
 array([ 0, 36, 24, 23, 14, 17, 21, 22, 29,  0])]
 -- Custo: 
 ---------20.895804660363012
 ---------20.516246517219884
 ---------20.044110562220304
 ---------20.689811215547053
 ---------20.714776642118863
 ---------20.916257628945292
 ---- Total: 123.77700722641441
 -- Premio: 
 ---------49.0
 ---------39.0
 ---------60.0
 ---------38.0
 ---------51.0
 ---------47.0
 ---- Total: 284.0
