 - Execucao 0
 -- BestCostGenaration: [-1759.3361572686645, -1760.0606207994283, -1770.7469123004437, -1773.5074791211189, -1829.348145632443, -1830.5125773794648, -1832.1087124531182, -1834.1547186348687, -1834.4097295206027, -1836.9152854555439, -1848.4097295206027, -1849.5741612676243, -1852.0518707760066, -1858.8605654735643, -1875.0502901520401, -1875.323218501933, -1875.5048920825495, -1880.7220923424416, -1900.7220923424416, -1902.1587867549113]
 -- BestCostElement: [-1902.15878675 -1902.15878675 -1902.15878675 -1902.15878675]
 -- BestRoute: [array([ 0, 65, 68, 76, 84, 86, 77, 69, 59, 58, 54,  0])
 array([ 0, 35, 36, 24, 23, 14, 18, 22, 21, 17,  0])
 array([ 0, 46, 42, 41, 39, 33, 28, 20, 15,  8, 16,  0])
 array([ 0, 29, 11,  7, 12, 19, 30, 26, 31, 37, 40,  0])
 array([ 0, 34, 32, 27, 38, 45, 47, 52, 51, 56, 61, 62, 57, 63,  0])
 array([ 0, 53, 67, 73, 81, 80, 71, 72, 74, 82, 83, 75, 64,  0])]
 -- Custo: 
 ---------20.48816380760941
 ---------22.689811215547056
 ---------22.28895834052573
 ---------25.90237736998251
 ---------28.883627011906743
 ---------27.207365565700727
 ---- Total: 147.46030331127216
 -- Premio: 
 ---------51.0
 ---------42.0
 ---------71.0
 ---------58.0
 ---------68.0
 ---------66.0
 ---- Total: 356.0
 - Execucao 1
 -- BestCostGenaration: [-150.13157994340332, -1664.287501297893, -1668.8585072310855, -1671.9932946724346, -1677.4712278642914, -1713.5066547549536, -1734.9724923174956, -1737.5071402669112, -1756.3711793220896, -1784.3233816768222, -1788.0019295690186, -1789.278760900443, -1817.8894509124736, -1819.9374353936555, -1833.9374353936555, -1836.2805811441633, -1837.7949043434876, -1840.1380500939952, -1851.313824738586, -1851.848625353854, -1856.2630333461261, -1856.4241652153114, -1860.3684371253107, -1860.9083466226691, -1865.767310965819, -1871.5111228879132, -1891.611721169531, -1894.6674492595316, -1897.6139762062176, -1899.1337879776743, -1924.9013938667242, -1937.7774100462152, -1940.378536205707, -1947.4350551485818, -1965.6775483399283, -1968.5738357687455, -1975.5738357687455, -1980.9727096092538, -1986.5376004737122, -1992.7828894511958, -2006.6117120023791, -2007.4141985243486, -2008.9548577528867, -2016.1115458910897, -2023.2904669487255, -2023.5484473577092]
 -- BestCostElement: [-2023.54844736 -2023.54844736 -2023.54844736 -2023.54844736]
 -- BestRoute: [array([ 0, 53, 54, 65, 68, 75, 83, 82, 64,  0])
 array([ 0, 57, 67, 73, 72, 71, 61, 56, 51, 52, 47, 46,  0])
 array([ 0, 49, 58, 69, 76, 84, 86, 85, 77,  0])
 array([ 0, 36, 40, 30, 26, 13, 12, 19,  7, 11, 24, 23,  0])
 array([ 0, 59, 66, 78, 79, 70, 60, 55, 50, 44, 48, 43,  0])
 array([ 0, 42, 41, 39, 33, 28, 20, 15,  8, 16, 17,  9, 10, 21, 22, 18, 14,
       29,  0])]
 -- Custo: 
 ---------20.528023972905327
 ---------22.650281539872886
 ---------22.324224830715014
 ---------25.477269823802125
 ---------27.878291257957635
 ---------29.754796735319687
 ---- Total: 148.61288816057265
 -- Premio: 
 ---------42.0
 ---------67.0
 ---------38.0
 ---------60.0
 ---------60.0
 ---------107.0
 ---- Total: 374.0
 - Execucao 2
 -- BestCostGenaration: [-1681.2975597350398, -1725.8025053849499, -1728.6939782271863, -1733.6382501371854, -1751.593018178984, -1756.5372900889834, -1759.4362500630875, -1790.887655417273, -1798.5402990919283, -1803.6833878231537, -1824.0062880366936, -1828.8542154985935, -1860.931681568503, -1863.6181368605114, -1875.6514403474157, -1881.2966847527077, -1883.9349917725413, -1886.0023297067419, -1907.4425692700706, -1917.5462818412534, -1934.1696409201777, -1936.5127866706853, -1939.5612951829044, -1941.904440933412, -1942.9673886011947, -1945.41976203976, -1966.474966098724, -1967.3975012276564, -1969.740646978164, -1981.2185801700207, -1987.5059978305276, -1989.8491435810352, -1990.0280646386707, -1996.289004624785, -2011.6321503752927]
 -- BestCostElement: [-2011.63215038 -2011.63215038 -2011.63215038 -2011.63215038]
 -- BestRoute: [array([ 0, 40, 43, 44, 48, 55, 60, 66, 59,  0])
 array([ 0, 34, 32, 33, 28, 20, 15,  8, 16,  9, 17,  0])
 array([ 0, 53, 61, 56, 52, 47, 45, 39, 41, 42, 46,  0])
 array([ 0, 64, 63, 57, 67, 73, 81, 72, 80, 71, 62,  0])
 array([ 0, 36,  7, 12, 19, 26, 30, 24, 23, 14, 21, 22, 29,  0])
 array([ 0, 49, 70, 78, 85, 77, 69, 76, 84, 86, 83, 75, 68, 65, 58, 54,  0])]
 -- Custo: 
 ---------20.77927174436485
 ---------22.93245190266634
 ---------23.92836857399956
 ---------25.01151123728908
 ---------28.99495933917018
 ---------29.945399608686788
 ---- Total: 151.5919624061768
 -- Premio: 
 ---------45.0
 ---------57.0
 ---------69.0
 ---------56.0
 ---------72.0
 ---------75.0
 ---- Total: 374.0
 - Execucao 3
 -- BestCostGenaration: [-261.05251360286354, -1616.4017914956926, -1706.163922863896, -1721.2248347872028, -1726.8026296853468, -1729.937417126696, -1732.5385432861872, -1745.717464343823, -1748.852251785172, -1765.4561737308009, -1769.9485962332717, -1783.9563398420905, -1789.032659068974, -1837.9241624661029, -1863.4020956579595, -1869.9502895135877, -1872.5514156730792, -1874.371396273529, -1876.0019596845434, -1876.5760688929138, -1878.3029767520277, -1883.8634865534207, -1896.8557429446016]
 -- BestCostElement: [-1896.85574294 -1896.85574294 -1896.85574294 -1896.85574294]
 -- BestRoute: [array([ 0, 65, 68, 76, 84, 86, 77, 69, 58, 54,  0])
 array([ 0, 36, 35, 29, 22, 21, 17,  9, 16, 20,  0])
 array([ 0, 46, 42, 41, 47, 52, 51, 56, 61, 72, 73, 67, 57,  0])
 array([ 0, 48, 43, 40, 30, 25,  7, 19, 12, 11, 24, 23,  0])
 array([ 0, 64, 75, 85, 78, 79, 70, 66, 60, 55, 59, 49,  0])
 array([ 0, 53, 34, 32, 39, 33, 28,  8, 15, 27, 38, 45,  0])]
 -- Custo: 
 ---------18.48816380760941
 ---------22.48686876323612
 ---------23.886349517372675
 ---------25.81379615571165
 ---------28.16367454374367
 ---------29.947211476176058
 ---- Total: 148.78606426384957
 -- Premio: 
 ---------47.0
 ---------47.0
 ---------80.0
 ---------59.0
 ---------57.0
 ---------66.0
 ---- Total: 356.0
 - Execucao 4
 -- BestCostGenaration: [-183.5173102309663, -1603.8816454735972, -1609.5997415238699, -1714.4527724967961, -1754.9864883765313, -1784.056705777146, -1789.430674152935, -1807.1651571892817, -1809.5083029397895, -1856.1651571892817, -1874.6430903811383, -1884.4851377410955, -1896.986236131646, -1899.3293818821537, -1909.171429242111, -1916.3503502997467]
 -- BestCostElement: [-1916.3503503 -1916.3503503 -1916.3503503 -1916.3503503]
 -- BestRoute: [array([ 0, 29, 34, 42, 41, 45, 53,  0])
 array([ 0, 36, 40, 30, 25,  7, 19, 12, 11, 24, 23,  0])
 array([ 0, 65, 68, 75, 83, 82, 74, 73, 67, 62, 57, 52, 47,  0])
 array([ 0, 54, 58, 59, 55, 60, 66, 69, 76, 84, 86, 77,  0])
 array([ 0, 46, 39, 33, 32, 28, 27, 20, 15,  8, 16, 17,  9, 10, 21, 22,  0])
 array([ 0, 38, 51, 56, 61, 71, 80, 72, 81, 63, 64,  0])]
 -- Custo: 
 ---------20.735043195166526
 ---------22.82698828392924
 ---------23.878979388702824
 ---------25.40458785766592
 ---------28.692300596499773
 ---------29.374513103099115
 ---- Total: 150.9124124250634
 -- Premio: 
 ---------41.0
 ---------52.0
 ---------65.0
 ---------60.0
 ---------88.0
 ---------54.0
 ---- Total: 360.0
 - Execucao 5
 -- BestCostGenaration: [-135.4440371856637, -1618.3906034731308, -1657.7746226743723, -1681.5506767126851, -1693.7152674029505, -1701.5429331038663, -1730.1859789646521, -1732.5182798840317, -1771.545153394903, -1773.8179849808744, -1778.1199887159169, -1786.1757168059175, -1788.4816816960833, -1802.4922210910395, -1807.3401485529391, -1812.5035918812794, -1814.8095567714452, -1816.99601438375, -1819.3845558834519, -1828.6606122420612, -1831.7953996834106, -1836.64332714531, -1862.5637101129043, -1862.6058387959276, -1867.4116375748042, -1903.9506250752527, -1910.6849010574497, -1921.098264208572, -1927.6730995295857, -1930.274225689077, -1935.2184975990763, -1938.8606388544804, -1958.890076106003]
 -- BestCostElement: [-1958.89007611 -1958.89007611 -1958.89007611 -1958.89007611]
 -- BestRoute: [array([ 0, 58, 65, 68, 76, 84, 86, 77, 69, 54,  0])
 array([ 0, 49, 59, 66, 70, 60, 55, 48, 43, 40,  0])
 array([ 0, 21, 22, 18, 14, 23, 24, 11,  7,  0])
 array([ 0, 46, 42, 41, 39, 47, 52, 51, 56, 61, 67, 63, 57,  0])
 array([ 0, 53, 62, 72, 71, 80, 81, 73, 74, 82, 83, 75, 64,  0])
 array([ 0, 34, 32, 33, 28, 27, 20, 15,  8, 16, 17,  9, 10, 29, 35, 36,  0])]
 -- Custo: 
 ---------19.34009275541994
 ---------22.2355397746595
 ---------23.756831087892145
 ---------24.81913190966076
 ---------26.443433543200516
 ---------28.932451902666337
 ---- Total: 145.5274809734992
 -- Premio: 
 ---------47.0
 ---------52.0
 ---------43.0
 ---------77.0
 ---------63.0
 ---------81.0
 ---- Total: 363.0
 - Execucao 6
 -- BestCostGenaration: [-141.70390691254514, -1713.8834012138961, -1724.4654788772013, -1743.2486272280446, -1750.2109223361704, -1803.336867826786, -1805.759072928642, -1850.4453644296568, -1852.8675695315128, -1855.8148010186424, -1858.2370061204983, -1861.111060629883, -1879.2370061204983, -1882.111060629883, -1924.2150254459511, -1926.3251595119705, -1926.401483058256, -1930.713537220679, -1948.707447948422, -1971.817582014441, -1995.3992277774805, -2020.2644403361314, -2022.607586086639, -2024.4961299066376, -2026.8020947968034, -2026.8392756571452, -2029.145240547311, -2047.1266933176516, -2049.4326582078174, -2051.1500245789994, -2054.918335008493, -2065.6046265095088, -2067.6603545995094, -2081.6603545995094]
 -- BestCostElement: [-2081.6603546 -2081.6603546 -2081.6603546 -2081.6603546]
 -- BestRoute: [array([ 0, 53, 39, 16, 17, 21, 22, 29,  0])
 array([ 0, 54, 58, 65, 68, 75, 83, 82, 74, 73, 67, 62, 57,  0])
 array([ 0, 36, 40, 30, 26, 19, 12,  7, 11, 24, 23,  0])
 array([ 0, 45, 38, 27, 15,  8, 20, 28, 33, 32, 34,  0])
 array([ 0, 46, 42, 41, 47, 52, 51, 56, 61, 71, 80, 72, 81, 63, 64,  0])
 array([ 0, 49, 59, 69, 76, 84, 86, 85, 78, 70, 66, 60, 55, 48,  0])]
 -- Custo: 
 ---------20.77995987511004
 ---------22.307135789365265
 ---------23.06962897104853
 ---------24.89292222699217
 ---------27.207365565700727
 ---------29.827898921905902
 ---- Total: 148.08491135012264
 -- Premio: 
 ---------43.0
 ---------61.0
 ---------54.0
 ---------61.0
 ---------87.0
 ---------76.0
 ---- Total: 382.0
 - Execucao 7
 -- BestCostGenaration: [-222.44759536540073, -1656.622110933945, -1659.0443160358009, -1659.7840502862232, -1702.6454421952922, -1703.3851764457145, -1723.5927188731575, -1750.1526710820863, -1752.5748761839423, -1773.0992994578546, -1787.0566300253806, -1789.4788351272366, -1791.8219808777442, -1808.769212364874, -1814.5415158845892, -1826.0558842746493, -1828.4057464083369, -1830.8279515101929, -1831.1231127795186, -1837.0254649882231, -1837.3206262575488, -1839.3686107387307, -1840.081193078224, -1840.3763543475497, -1845.1494488087321, -1845.5668698788998, -1845.8620311482255, -1851.4745280979569, -1868.175308909586, -1877.5184546600935, -1895.9963878519502, -1923.9963878519502, -1931.9963878519502]
 -- BestCostElement: [-1931.99638785 -1931.99638785 -1931.99638785 -1931.99638785]
 -- BestRoute: [array([ 0, 21, 17, 16,  9, 10, 14,  0])
 array([ 0, 37, 30, 25,  7, 19, 12, 11, 24, 23,  0])
 array([ 0, 38, 27, 15,  8, 20, 28, 33, 32, 34,  0])
 array([ 0, 54, 65, 68, 75, 83, 82, 74, 81, 73, 67, 57, 52, 47,  0])
 array([ 0, 49, 59, 69, 66, 60, 55, 50, 48, 43, 40, 36, 29,  0])
 array([ 0, 53, 63, 62, 72, 80, 71, 61, 56, 51, 45, 39, 41, 42, 46,  0])]
 -- Custo: 
 ---------20.65937901959149
 ---------22.871718548338137
 ---------23.173032116272687
 ---------25.74000583838024
 ---------28.699068645318846
 ---------27.607698869111037
 ---- Total: 148.75090303701245
 -- Premio: 
 ---------33.0
 ---------44.0
 ---------55.0
 ---------79.0
 ---------69.0
 ---------81.0
 ---- Total: 361.0
 - Execucao 8
 -- BestCostGenaration: [-1630.5109087967664, -1632.022356911818, -1766.0552562613104, -1769.1109843513111, -1771.151792393074, -1776.8086466425664, -1795.0980010377887, -1857.6464658569175, -1875.0675726168588, -1887.5306650403145, -1889.161228451329, -1893.187519289807, -1894.1600226443582, -1906.8773438248038, -1926.8773438248038, -1929.1414302239634, -1929.2576704356532, -1954.61936341582]
 -- BestCostElement: [-1954.61936342 -1954.61936342 -1954.61936342 -1954.61936342]
 -- BestRoute: [array([ 0, 53, 61, 56, 51, 52, 47, 41, 42, 46,  0])
 array([ 0, 34, 32, 33, 28, 16, 21, 22, 18, 14, 23,  0])
 array([ 0, 65, 68, 75, 83, 82, 74, 73, 67, 62, 57, 63, 64,  0])
 array([ 0, 35, 24, 11, 12, 19,  7, 25, 30, 26, 31, 37, 40,  0])
 array([ 0, 36, 29, 10,  9, 17,  8, 15, 20, 27, 38, 39,  0])
 array([ 0, 54, 58, 59, 55, 60, 66, 69, 76, 84, 86, 77, 85, 78,  0])]
 -- Custo: 
 ---------19.86387347175358
 ---------22.64222328045784
 ---------23.903065500727703
 ---------25.42955328423773
 ---------28.749249803145435
 ---------29.5071938057227
 ---- Total: 150.09515914604498
 -- Premio: 
 ---------61.0
 ---------53.0
 ---------59.0
 ---------58.0
 ---------63.0
 ---------71.0
 ---- Total: 365.0
 - Execucao 9
 -- BestCostGenaration: [-217.1447649354222, -1654.2902995444492, -1690.850438500699, -1754.1699194669407, -1814.035132025591, -1816.457337127447, -1821.4016090374464, -1845.4601329135849, -1848.5158610035855, -1869.2801700394914, -1881.2922656688058, -1888.1250813988033, -1894.9742051493251, -1897.16066276163, -1899.2058947198313, -1899.4666276517958, -1908.1049346716293, -1914.549040470339, -1962.3846087233171, -1962.6532923182501, -1964.9592572084164, -1965.6989914588387, -1972.7803361507806, -1973.520070401203]
 -- BestCostElement: [-1973.5200704 -1973.5200704 -1973.5200704 -1973.5200704]
 -- BestRoute: [array([ 0, 46, 42, 41, 47, 52, 51, 56, 61,  0])
 array([ 0, 35, 18, 14, 23, 24, 25, 19,  7,  0])
 array([ 0, 74, 82, 83, 84, 77, 69, 76, 68, 65, 54,  0])
 array([ 0, 53, 57, 62, 72, 71, 80, 81, 73, 67, 63, 64,  0])
 array([ 0, 29, 22, 21, 17, 10,  9, 16,  8, 15, 20, 27, 28, 33, 39, 32, 34,
        0])
 array([ 0, 49, 43, 40, 30, 26, 31, 37, 44, 48, 50, 60, 55, 59,  0])]
 -- Custo: 
 ---------19.712539288171435
 ---------22.43787531334234
 ---------23.039331962455627
 ---------22.666309392482717
 ---------28.501309226848402
 ---------29.012617216398706
 ---- Total: 145.36998239969924
 -- Premio: 
 ---------55.0
 ---------36.0
 ---------53.0
 ---------62.0
 ---------93.0
 ---------66.0
 ---- Total: 365.0
 - Execucao 10
 -- BestCostGenaration: [-317.5218697383515, -1677.231795874718, -1688.2977845952764, -1688.9318773593068, -1698.0515944746908, -1731.681697740873, -1734.2828239003645, -1735.047383899854, -1753.5624979520526, -1758.9148817990986, -1759.1001524127241, -1801.2041172287923, -1814.2335544803152, -1822.9943283551402, -1852.5423151566185, -1878.9489326059459, -1899.6537713366204, -1912.4893395895986, -1919.9411889971273, -1923.9674798356052, -1941.9117517456043, -1942.2019651922485, -1961.6135304642573, -1961.9037439109015, -1962.2470534524023, -1962.7807147342596, -1976.4905012876154]
 -- BestCostElement: [-1976.49050129 -1976.49050129 -1976.49050129 -1976.49050129]
 -- BestRoute: [array([ 0, 46, 42, 41, 39, 33, 28, 20, 15,  0])
 array([ 0, 52, 61, 71, 80, 81, 73, 67, 57,  0])
 array([ 0, 53, 63, 74, 82, 75, 84, 86, 76, 68, 65, 54,  0])
 array([ 0, 59, 55, 60, 66, 69, 77, 85, 78, 70,  0])
 array([ 0, 29, 22, 21, 10,  9, 17, 16,  8, 27, 38, 45, 47,  0])
 array([ 0, 49, 48, 43, 40, 30, 26, 19, 12,  7, 25, 24, 23, 14, 35,  0])]
 -- Custo: 
 ---------20.462185144412175
 ---------22.627805494253792
 ---------23.073262114491122
 ---------25.737888181154084
 ---------28.10847465658312
 ---------29.867759087201815
 ---- Total: 149.87737467809612
 -- Premio: 
 ---------60.0
 ---------55.0
 ---------56.0
 ---------54.0
 ---------70.0
 ---------73.0
 ---- Total: 368.0
 - Execucao 11
 -- BestCostGenaration: [-260.8511505573058, -1663.169678139022, -1699.2783691627164, -1844.2837951365827, -1847.5531463358066, -1850.914880526261, -1884.7885864249104, -1887.9233738662597, -1888.6359562057528, -1899.4584993319297, -1911.6916842957535, -1925.6490148632797, -1950.4794751216996, -1964.4368056892258, -1965.1245278433278, -1967.4676735938356, -1967.5040635127098, -1986.910680962037, -1987.369499754835]
 -- BestCostElement: [-1987.36949975 -1987.36949975 -1987.36949975 -1987.36949975]
 -- BestRoute: [array([ 0, 47, 52, 51, 56, 61, 62, 57, 63,  0])
 array([ 0, 49, 59, 69, 66, 60, 55, 48, 43, 40,  0])
 array([ 0, 32, 33, 28, 20, 15,  8, 16, 17,  9, 10, 21,  0])
 array([ 0, 54, 46, 42, 41, 45, 38, 27, 39, 34,  0])
 array([ 0, 30, 26, 25,  7, 19, 12, 11, 24, 23, 14, 18, 22, 29, 35,  0])
 array([ 0, 58, 65, 68, 75, 83, 82, 74, 73, 81, 80, 71, 72, 67, 64, 53,  0])]
 -- Custo: 
 ---------19.34166020071207
 ---------22.2355397746595
 ---------23.895446997091284
 ---------25.177617382033013
 ---------28.946328004297907
 ---------29.311032702497425
 ---- Total: 148.9076250612912
 -- Premio: 
 ---------44.0
 ---------53.0
 ---------66.0
 ---------58.0
 ---------70.0
 ---------78.0
 ---- Total: 369.0
 - Execucao 12
 -- BestCostGenaration: [-182.55300397871204, -1583.0074017689071, -1719.6033693776567, -1723.1495583000215, -1750.434180174391, -1750.7808262514798, -1820.7351972418753, -1823.6842079928272, -1848.5562761842398, -1851.8256273834636, -1858.955150024748, -1879.955150024748, -1883.2245012239719, -1885.2473065262075, -1886.9759984968932, -1911.350795325323, -1931.350795325323, -1934.2998060762748, -1936.6429518267823, -1955.2470827541397, -1961.6412177536959, -1964.5902285046473, -1966.9333742551548, -1967.7358607771248, -1984.0724246168306, -1990.0724246168306]
 -- BestCostElement: [-1990.07242462 -1990.07242462 -1990.07242462 -1990.07242462]
 -- BestRoute: [array([ 0, 64, 68, 69, 77, 86,  0])
 array([ 0, 49, 55, 59, 66, 60, 50, 44, 48, 43, 40,  0])
 array([ 0, 39, 33, 28, 20, 27, 15,  8, 16, 17, 21,  0])
 array([ 0, 65, 75, 76, 85, 78, 79, 70, 58, 54,  0])
 array([ 0, 36, 23, 24, 25,  7, 19, 13, 12, 11, 14, 18, 22, 29, 35,  0])
 array([ 0, 53, 63, 67, 73, 81, 72, 80, 71, 61, 56, 51, 52, 57, 47, 41, 42,
       46,  0])]
 -- Custo: 
 ---------20.553458888307865
 ---------22.591830944406112
 ---------23.694825366598884
 ---------25.38532473503941
 ---------28.73454147995595
 ---------29.021912431484132
 ---- Total: 149.98189384579234
 -- Premio: 
 ---------30.0
 ---------51.0
 ---------68.0
 ---------44.0
 ---------67.0
 ---------110.0
 ---- Total: 370.0
 - Execucao 13
 -- BestCostGenaration: [-213.97671795332758, -1604.5449687730206, -1604.6685196022177, -1627.2248076935723, -1627.9373900330656, -1643.5287633209114, -1651.3498422632756, -1686.232200318277, -1695.6332222229726, -1710.164735440643, -1712.0904601209832, -1716.5341720296285, -1726.505595850557, -1740.8750324395426, -1742.8007571198827, -1758.1439028703903, -1762.9796781775183, -1806.322823928026, -1810.349114766504, -1810.639328213148, -1813.315080319207, -1825.5760203053214, -1828.2919561120093, -1847.7219806364712, -1854.7142370276522, -1863.5613330942683, -1876.3969013472465, -1884.8254194934275, -1892.646498435792, -1899.6387548269731, -1907.9819005774807, -1912.4743230799513, -1914.0149823084894]
 -- BestCostElement: [-1914.01498231 -1914.01498231 -1914.01498231 -1914.01498231]
 -- BestRoute: [array([ 0, 17, 16,  8, 15, 20,  0])
 array([ 0, 54, 58, 65, 68, 75, 83, 82, 74, 73, 67,  0])
 array([ 0, 46, 42, 41, 39, 33, 28, 32, 34, 21, 22, 18, 14, 23,  0])
 array([ 0, 49, 43, 40, 30, 26, 25,  7, 19, 12, 11, 24, 36,  0])
 array([ 0, 35, 29, 47, 52, 51, 56, 61, 62, 57, 63, 64, 53,  0])
 array([ 0, 48, 50, 55, 60, 70, 78, 85, 86, 84, 76, 69, 59,  0])]
 -- Custo: 
 ---------20.67163376670752
 ---------20.881832902051922
 ---------23.991941740584956
 ---------25.89681914012433
 ---------27.124473589171213
 ---------29.429553284237734
 ---- Total: 147.99625442287768
 -- Premio: 
 ---------31.0
 ---------52.0
 ---------79.0
 ---------60.0
 ---------65.0
 ---------71.0
 ---- Total: 358.0
 - Execucao 14
 -- BestCostGenaration: [-177.7881802249234, -1570.8495564340878, -1718.2163850065072, -1730.3561936821059, -1740.4367037867733, -1779.7833350735232, -1786.876926998642, -1833.2758008391504, -1836.4105882804995, -1869.7833350735232, -1872.9181225148725, -1875.4273368321064, -1891.9187225715543, -1896.5755768210468, -1923.6050140725695, -1934.2913055735846, -1939.8461630118522, -1943.8341544298382, -1944.562928527413, -1945.051167853816, -1954.8843806352168, -1967.876637026398]
 -- BestCostElement: [-1967.87663703 -1967.87663703 -1967.87663703 -1967.87663703]
 -- BestRoute: [array([ 0, 40, 37, 30, 26, 19, 12,  7, 25,  0])
 array([ 0, 32, 39, 33, 28, 20, 15,  8, 16, 17,  0])
 array([ 0, 54, 58, 65, 68, 75, 83, 82, 74, 73, 67, 62, 57,  0])
 array([ 0, 46, 47, 52, 51, 56, 61, 72, 71, 80, 81, 63,  0])
 array([ 0, 64, 84, 76, 69, 77, 85, 78, 79, 70, 60, 55, 59,  0])
 array([ 0, 21, 22, 18, 14, 23, 24, 36, 35, 29, 34, 41, 42, 53,  0])]
 -- Custo: 
 ---------20.7681824194246
 ---------22.689811215547056
 ---------22.307135789365265
 ---------24.491900792836663
 ---------28.501309226848406
 ---------29.77250129937853
 ---- Total: 148.53084074340052
 -- Premio: 
 ---------44.0
 ---------57.0
 ---------61.0
 ---------66.0
 ---------67.0
 ---------71.0
 ---- Total: 366.0
