 - Execucao 0
 -- BestCostGenaration: [-237.01064463006287, -1182.439162195197, -1193.6072363688356, -1205.3985458370983, -1234.702282110526, -1239.194704612997, -1242.9600554653607, -1267.6152490189118, -1294.720622286036, -1336.1184961766485, -1348.564932914425, -1388.7148834951875, -1400.4089186050214, -1402.3461514466455, -1462.696336265528, -1478.6335691071522, -1480.9767148576598, -1481.4018795366462, -1487.8682182547886, -1508.8682182547886, -1515.8127138482623, -1529.0009916843162, -1531.0861570258398]
 -- BestCostElement: [-1531.08615703 -1531.08615703 -1531.08615703 -1531.08615703]
 -- BestRoute: [array([ 0, 49, 70, 79, 78, 85, 77, 69,  0])
 array([ 0, 46, 42, 41, 39, 33, 28, 20, 15,  8, 16, 17,  0])
 array([ 0, 53, 57, 52, 47, 51, 56, 61, 62, 67, 73,  0])
 array([ 0, 54, 65, 68, 59, 66, 60, 55, 48, 43, 40,  0])
 array([ 0, 34, 32, 21, 22, 29, 18, 14, 23, 24,  0])]
 -- Custo: 
 ---------22.306938053998444
 ---------22.689811215547056
 ---------22.93245190266634
 ---------22.620890997328626
 ---------21.92836857399956
 ---- Total: 112.47846074354004
 -- Premio: 
 ---------40.0
 ---------77.0
 ---------61.0
 ---------59.0
 ---------46.0
 ---- Total: 283.0
 - Execucao 1
 -- BestCostGenaration: [-153.75033309694334, -1168.9322912642806, -1239.4067954893387, -1318.6378946415684, -1346.3848620552662, -1374.5443027164497, -1388.5443027164497, -1397.7230167199355, -1415.0854839236517, -1429.042814491178, -1430.6733779021922, -1438.2215284946637, -1439.8520919056782, -1445.4169827701367, -1448.8851654923324, -1454.320267476894, -1472.2645393868934, -1498.0808342975693]
 -- BestCostElement: [-1498.0808343 -1498.0808343 -1498.0808343 -1498.0808343]
 -- BestRoute: [array([ 0, 57, 52, 47, 51, 56, 61, 62, 67, 73,  0])
 array([ 0, 36, 40, 30, 26, 19, 12,  7, 24, 23, 29,  0])
 array([ 0, 58, 69, 76, 84, 86, 85, 78,  0])
 array([ 0, 46, 42, 41, 39, 33, 28, 20, 15,  8, 16, 17,  0])
 array([ 0, 54, 65, 68, 75, 83, 82, 74, 63, 64, 53,  0])]
 -- Custo: 
 ---------22.86795680042036
 ---------22.915569498200096
 ---------21.805609291821426
 ---------22.689811215547056
 ---------19.950844619618657
 ---- Total: 110.2297914256076
 -- Premio: 
 ---------55.0
 ---------59.0
 ---------37.0
 ---------77.0
 ---------49.0
 ---- Total: 277.0
 - Execucao 2
 -- BestCostGenaration: [-251.15703517505239, -1223.2724909032145, -1249.7562123436294, -1279.722036251154, -1292.173633413797, -1317.5430700027825, -1329.2202254516137, -1354.1644973616128, -1396.4596586309383, -1401.056045949477, -1402.8038124894672, -1407.035502059973]
 -- BestCostElement: [-1407.03550206 -1407.03550206 -1407.03550206 -1407.03550206]
 -- BestRoute: [array([ 0, 59, 66, 70, 60, 55, 48, 43, 40,  0])
 array([ 0, 33, 28, 20, 15,  8, 16,  9, 17,  0])
 array([ 0, 53, 46, 42, 41, 39, 32, 34, 21, 29, 36,  0])
 array([ 0, 74, 82, 83, 84, 76, 69, 68, 65, 58, 54,  0])
 array([ 0, 64, 63, 57, 52, 47, 51, 56, 61, 62,  0])]
 -- Custo: 
 ---------21.837194136991332
 ---------22.520763110392355
 ---------21.89681914012433
 ---------21.803263984955837
 ---------22.183084112542893
 ---- Total: 110.24112448500674
 -- Premio: 
 ---------49.0
 ---------50.0
 ---------65.0
 ---------52.0
 ---------48.0
 ---- Total: 264.0
 - Execucao 3
 -- BestCostGenaration: [-155.68722715780154, -1262.199328043637, -1292.9716138313731, -1301.5052751132307, -1323.6917327255355, -1329.061169314521, -1335.5130187220498, -1349.348586975028, -1351.3893950167908, -1364.9700573974947, -1373.4067797026355, -1392.2574750580015, -1405.0930433109797, -1405.7612683507118, -1418.3804609714866, -1420.4212690132492, -1426.0781232627417, -1439.8992022051061, -1476.9549302951068, -1479.2980760456146]
 -- BestCostElement: [-1479.29807605 -1479.29807605 -1479.29807605 -1479.29807605]
 -- BestRoute: [array([ 0, 42, 41, 46, 47, 52, 51, 56, 61, 62, 57, 63,  0])
 array([ 0, 35, 29, 20, 15,  8, 16, 17,  0])
 array([ 0, 49, 59, 66, 70, 60, 55, 48, 43, 40,  0])
 array([ 0, 34, 32, 39, 33, 28, 21, 22, 18, 14, 23,  0])
 array([ 0, 54, 58, 69, 68, 75, 83, 82, 74, 73, 67,  0])]
 -- Custo: 
 ---------22.05519988716055
 ---------22.374617166766743
 ---------22.2355397746595
 ---------22.056436842830934
 ---------22.70368731717862
 ---- Total: 111.42548098859635
 -- Premio: 
 ---------68.0
 ---------42.0
 ---------52.0
 ---------55.0
 ---------58.0
 ---- Total: 275.0
 - Execucao 4
 -- BestCostGenaration: [-171.46381474344085, -1260.8176875821237, -1272.731903593013, -1340.1406749014227, -1496.8148642784183, -1504.1130855597653, -1510.6841347561144, -1515.6908804579093, -1519.1984579554387, -1529.3409890056068, -1543.0458277362811, -1545.7322830282894, -1549.4185745293046, -1556.4185745293046]
 -- BestCostElement: [-1556.41857453 -1556.41857453 -1556.41857453 -1556.41857453]
 -- BestRoute: [array([ 0, 39, 33, 28, 20, 15,  8, 16, 17,  0])
 array([ 0, 36, 40, 30, 31, 26, 19, 12,  7, 24,  0])
 array([ 0, 46, 42, 41, 32, 34, 21, 22, 18, 14, 23, 29, 35,  0])
 array([ 0, 53, 57, 52, 47, 51, 56, 61, 62, 67, 73,  0])
 array([ 0, 64, 75, 83, 76, 84, 86, 77, 69, 68, 65, 54,  0])]
 -- Custo: 
 ---------21.66076246030846
 ---------22.94156070221715
 ---------22.714776642118867
 ---------22.93245190266634
 ---------22.895804660363012
 ---- Total: 113.14535636767383
 -- Premio: 
 ---------53.0
 ---------50.0
 ---------68.0
 ---------61.0
 ---------55.0
 ---- Total: 287.0
 - Execucao 5
 -- BestCostGenaration: [-1198.961593100944, -1231.244500299543, -1255.8278679358787, -1266.899083243517, -1270.5776311357135, -1306.492306850946, -1328.0314421247556, -1341.5753809467765, -1357.2451300628027, -1361.0897040575078, -1375.1444342404845, -1375.8824390870188, -1390.495323599811, -1401.3605361584619, -1407.9717613983498, -1418.042247761768, -1428.684343737843, -1435.684343737843, -1456.3891824685174, -1461.8671156603743, -1477.254618710643, -1477.3509631587424, -1481.4228008799357, -1483.7287657701017, -1502.4228008799357, -1513.109092380951, -1525.4785289699366, -1532.4785289699366, -1540.3965100414578, -1561.3965100414578, -1568.1344737662973, -1599.8285088761315, -1602.3360431105043, -1603.6791888610119, -1606.9928973599967, -1666.6791888610119, -1687.6791888610119, -1701.0109638212798]
 -- BestCostElement: [-1701.01096382 -1701.01096382 -1701.01096382 -1701.01096382]
 -- BestRoute: [array([ 0, 46, 42, 41, 39, 33, 28, 20, 15,  8, 16, 17,  0])
 array([ 0, 53, 47, 52, 51, 56, 61, 72, 81, 73, 67,  0])
 array([ 0, 54, 65, 68, 76, 69, 77, 85, 78, 70, 60, 55,  0])
 array([ 0, 43, 48, 37, 26, 19,  7, 30, 40,  0])
 array([ 0, 35, 29, 34, 32, 21, 22, 18, 14, 23, 24, 36,  0])]
 -- Custo: 
 ---------22.689811215547056
 ---------22.872537686966496
 ---------22.75679569874575
 ---------22.871718548338134
 ---------22.556395895082645
 ---- Total: 113.74725904468008
 -- Premio: 
 ---------77.0
 ---------65.0
 ---------67.0
 ---------47.0
 ---------52.0
 ---- Total: 308.0
 - Execucao 6
 -- BestCostGenaration: [-190.30997315625325, -1195.9826834200242, -1200.164044858801, -1219.6274887400439, -1268.2287033579005, -1268.3761711494606, -1325.1425680020238, -1336.799422251516, -1338.5970717913708, -1346.4181507337353, -1349.7121841087726, -1376.938419662765, -1377.6066447024973, -1380.2324530378023, -1380.8222246418106, -1384.116258016848, -1404.712245209134, -1408.5960501881796, -1416.6974072877852, -1444.1070847491337, -1444.8196670886268, -1446.1478927908965, -1458.776997656153, -1460.8178056979154, -1474.1201434066606, -1478.3518329771664, -1481.8178056979157, -1498.1315141969003, -1518.1609514484235, -1522.3926410189292, -1524.7357867694368, -1531.7357867694368]
 -- BestCostElement: [-1531.73578677 -1531.73578677 -1531.73578677 -1531.73578677]
 -- BestRoute: [array([ 0, 54, 65, 68, 75, 83, 82, 74, 81, 73, 67,  0])
 array([ 0, 58, 69, 66, 60, 55, 50, 48, 43, 40,  0])
 array([ 0, 34, 32, 33, 28, 17, 21, 22, 18, 14, 23,  0])
 array([ 0, 53, 47, 52, 51, 56, 61, 62, 57, 63, 64,  0])
 array([ 0, 46, 42, 41, 39, 27, 15, 20, 16, 29,  0])]
 -- Custo: 
 ---------22.62989699984721
 ---------21.856958974828416
 ---------22.056436842830934
 ---------21.35645109765152
 ---------22.666309392482717
 ---- Total: 110.5660533076408
 -- Premio: 
 ---------59.0
 ---------51.0
 ---------55.0
 ---------54.0
 ---------63.0
 ---- Total: 282.0
 - Execucao 7
 -- BestCostGenaration: [-225.45913614163942, -1310.2124694442787, -1323.2124694442787, -1326.5633588036053, -1331.043418021841, -1376.7590367625528, -1387.2555172726618, -1389.4419748849666, -1394.5506785419875, -1397.6854659833366, -1399.0431010444581, -1417.2266471905384, -1437.931485921213, -1445.0477261329029, -1467.939022475882, -1494.1267916162076]
 -- BestCostElement: [-1494.12679162 -1494.12679162 -1494.12679162 -1494.12679162]
 -- BestRoute: [array([ 0, 39, 33, 28, 20, 15,  8, 16, 17,  0])
 array([ 0, 54, 65, 68, 75, 83, 82, 74, 81, 73, 67,  0])
 array([ 0, 49, 59, 66, 70, 79, 78, 85, 77, 69,  0])
 array([ 0, 35, 29, 34, 32, 21, 22, 18, 14, 23, 24,  0])
 array([ 0, 42, 41, 46, 47, 52, 51, 56, 61, 62, 57, 63,  0])]
 -- Custo: 
 ---------21.66076246030846
 ---------22.62989699984721
 ---------22.53643332187874
 ---------22.33600942675316
 ---------22.05519988716055
 ---- Total: 111.21830209594813
 -- Premio: 
 ---------53.0
 ---------59.0
 ---------49.0
 ---------48.0
 ---------68.0
 ---- Total: 277.0
 - Execucao 8
 -- BestCostGenaration: [-174.9031449487603, -1239.4588488522645, -1277.8945070231825, -1297.8945070231825, -1302.8387789331816, -1347.5920751669985, -1352.9537681471652, -1360.845107753301, -1400.241185807672, -1430.3931351049223, -1433.448863194923, -1439.1165210652555, -1440.74708447627, -1457.1506971577312, -1457.8632794972243, -1479.1753955683014, -1485.8105561750897, -1488.1537019255973, -1491.423053124821, -1491.7182143941466, -1494.0613601446544, -1499.3223001307686, -1527.1433790731332, -1539.9789473261117, -1578.650913307506, -1585.1963113769966, -1587.5394571275042, -1596.595185217505, -1601.2442958581787, -1609.882602878012, -1612.6431696986872, -1625.4787379516656]
 -- BestCostElement: [-1625.47873795 -1625.47873795 -1625.47873795 -1625.47873795]
 -- BestRoute: [array([ 0, 42, 41, 39, 33, 28, 20, 15,  8, 16, 17,  0])
 array([ 0, 53, 64, 75, 83, 86, 84, 76, 69, 68, 65, 54,  0])
 array([ 0, 40, 30, 26, 25,  7, 19, 12, 11, 24,  0])
 array([ 0, 46, 47, 52, 51, 56, 61, 72, 81, 73, 67, 57,  0])
 array([ 0, 35, 29, 22, 21,  9, 10, 18, 14, 23, 36,  0])]
 -- Custo: 
 ---------21.852088875715435
 ---------22.52733584216013
 ---------22.74365027950676
 ---------22.714776642118867
 ---------21.79246387258243
 ---- Total: 111.63031551208363
 -- Premio: 
 ---------70.0
 ---------58.0
 ---------49.0
 ---------72.0
 ---------47.0
 ---- Total: 296.0
 - Execucao 9
 -- BestCostGenaration: [-166.83637182085016, -1196.0645285714108, -1251.07101523483, -1254.3403664340537, -1262.3755506345506, -1264.7537295851762, -1303.557224215167, -1314.2878730159432, -1319.848382817336, -1329.3784669485244, -1338.3165852288712, -1348.4990401740195, -1351.100166333511, -1353.4433120840185, -1354.3695175327348, -1356.7126632832424, -1375.073875495033, -1378.3432266942568, -1379.563545474523, -1380.1398761888545, -1396.9081866183485, -1422.4416242167317, -1424.7847699672393, -1428.371406816117, -1435.1842446633682, -1435.4422250723524, -1477.1842446633682, -1480.4782780384057, -1485.0560729365498, -1510.5340061284064, -1512.877151878914]
 -- BestCostElement: [-1512.87715188 -1512.87715188 -1512.87715188 -1512.87715188]
 -- BestRoute: [array([ 0, 29, 23, 24, 14, 18, 22, 21, 17, 34,  0])
 array([ 0, 53, 57, 52, 47, 45, 51, 56, 61,  0])
 array([ 0, 40, 30, 37, 31, 26, 19, 12,  7, 25, 36,  0])
 array([ 0, 46, 42, 41, 39, 33, 28, 20, 15,  8, 16,  0])
 array([ 0, 54, 58, 65, 68, 75, 83, 82, 74, 73, 67, 63, 64,  0])]
 -- Custo: 
 ---------22.835159762270592
 ---------22.4273159302903
 ---------22.213250144575028
 ---------22.28895834052573
 ---------22.01602785260983
 ---- Total: 111.78071203027147
 -- Premio: 
 ---------48.0
 ---------49.0
 ---------52.0
 ---------71.0
 ---------60.0
 ---- Total: 280.0
 - Execucao 10
 -- BestCostGenaration: [-185.70212682253515, -1233.8656267473657, -1267.250697597256, -1275.8656267473657, -1281.795409346751, -1290.478347380572, -1332.6867056897304, -1363.8214931310795, -1383.8214931310795, -1389.302233234214, -1394.5155282409137, -1399.996268344048, -1400.4136894142157, -1404.5926556625868, -1407.5233253504975, -1412.4254685774733, -1425.4254685774733, -1432.7128862379802, -1441.4811966674743, -1441.510223399608, -1446.1066107181468, -1453.6125587681486, -1460.6048151593297, -1462.6722800369637]
 -- BestCostElement: [-1462.67228004 -1462.67228004 -1462.67228004 -1462.67228004]
 -- BestRoute: [array([ 0, 46, 42, 41, 39, 33, 28, 20, 15,  8, 16, 17,  0])
 array([ 0, 54, 65, 69, 77, 78, 86, 84, 76, 68,  0])
 array([ 0, 53, 67, 73, 72, 71, 80, 81, 74,  0])
 array([ 0, 47, 52, 51, 56, 61, 62, 57, 63, 64,  0])
 array([ 0, 59, 66, 70, 60, 55, 48, 43, 40,  0])]
 -- Custo: 
 ---------22.689811215547056
 ---------22.419347431175638
 ---------22.920811380715318
 ---------20.46476582632973
 ---------21.837194136991332
 ---- Total: 110.33192999075906
 -- Premio: 
 ---------77.0
 ---------50.0
 ---------48.0
 ---------48.0
 ---------49.0
 ---- Total: 272.0
 - Execucao 11
 -- BestCostGenaration: [-150.46046573409657, -1405.4797215225972, -1408.2402883432724, -1448.9823079342887, -1451.878595363106, -1468.9823079342887, -1471.2103703233734, -1473.9709371440485, -1478.8144560599958, -1481.575022880671, -1508.683519483542, -1510.0643268627673, -1522.8998951157457, -1523.7907242763376, -1546.1338700268452]
 -- BestCostElement: [-1546.13387003 -1546.13387003 -1546.13387003 -1546.13387003]
 -- BestRoute: [array([ 0, 42, 41, 39, 32, 33, 28, 20, 15,  8, 16,  0])
 array([ 0, 40, 30, 43, 48, 55, 60, 66,  0])
 array([ 0, 54, 58, 69, 68, 75, 83, 82, 74, 73, 67,  0])
 array([ 0, 46, 47, 52, 51, 56, 61, 62, 57, 63, 64, 53,  0])
 array([ 0, 35, 29, 22, 21, 17,  9, 10, 18, 14, 23, 24,  0])]
 -- Custo: 
 ---------22.865449563067205
 ---------22.590036834551295
 ---------22.70368731717862
 ---------21.54320376686506
 ---------22.514155011626467
 ---- Total: 112.21653249328865
 -- Premio: 
 ---------68.0
 ---------45.0
 ---------58.0
 ---------61.0
 ---------53.0
 ---- Total: 285.0
 - Execucao 12
 -- BestCostGenaration: [-147.30576689738587, -1195.5160462390972, -1235.8599054064862, -1256.0846422210473, -1319.4488436454278, -1346.3329204111205, -1352.747281469267, -1388.3329204111205, -1415.593860397235, -1421.6235047029077, -1442.1571227216086, -1448.571483779755, -1460.3546774099268, -1463.9146295302626, -1486.0115316594192, -1486.324907935825, -1496.351198774303]
 -- BestCostElement: [-1496.35119877 -1496.35119877 -1496.35119877 -1496.35119877]
 -- BestRoute: [array([ 0, 40, 30, 26, 13, 12, 19,  7, 24, 23,  0])
 array([ 0, 57, 52, 47, 51, 56, 61, 62, 67, 73,  0])
 array([ 0, 53, 63, 72, 71, 80, 81, 82, 74,  0])
 array([ 0, 46, 42, 41, 39, 33, 28, 20, 15,  8, 16, 17,  0])
 array([ 0, 54, 76, 84, 86, 78, 77, 69, 68, 65,  0])]
 -- Custo: 
 ---------22.69357296346483
 ---------22.86795680042036
 ---------22.99460169804673
 ---------22.689811215547056
 ---------22.916257628945292
 ---- Total: 114.16220030642427
 -- Premio: 
 ---------52.0
 ---------55.0
 ---------45.0
 ---------77.0
 ---------50.0
 ---- Total: 279.0
 - Execucao 13
 -- BestCostGenaration: [-176.19186412280703, -1340.3656306265443, -1368.4728762317088, -1381.7602938922155, -1385.0296450914393, -1409.005582869699, -1412.2749340689227, -1424.6443706579084, -1430.2395069787406, -1431.870070389755, -1433.5006338007695, -1438.4449057107686, -1460.5571534123847, -1478.6608659835674, -1483.772322163569, -1484.948283644074, -1487.0489914473906, -1489.8504268710499, -1490.1455881403756, -1492.1935726215575, -1492.9061549610508, -1508.9618830510517, -1511.5630092105432, -1529.5072811205423, -1543.3283600629068, -1559.3840881529077]
 -- BestCostElement: [-1559.38408815 -1559.38408815 -1559.38408815 -1559.38408815]
 -- BestRoute: [array([ 0, 46, 42, 41, 39, 33, 28, 20, 15,  8, 16, 17,  0])
 array([ 0, 47, 52, 51, 45, 38, 32, 21, 34,  0])
 array([ 0, 53, 56, 61, 71, 80, 81, 73, 67,  0])
 array([ 0, 36, 24, 25,  7, 19, 12, 13, 26, 30, 40,  0])
 array([ 0, 54, 58, 69, 76, 68, 75, 83, 82, 74, 63, 57,  0])]
 -- Custo: 
 ---------22.689811215547056
 ---------22.976073815880028
 ---------22.74478443814492
 ---------22.964036747836243
 ---------22.779271744364845
 ---- Total: 114.1539779617731
 -- Premio: 
 ---------77.0
 ---------45.0
 ---------54.0
 ---------55.0
 ---------57.0
 ---- Total: 288.0
 - Execucao 14
 -- BestCostGenaration: [-233.1692707202805, -1163.9221805490133, -1206.3689637640377, -1219.4472097348605, -1329.4370380622208, -1334.1394391944286, -1370.0309425915575, -1375.5088757834146, -1423.089502081496, -1433.5679572520166, -1435.9250703344742, -1445.411269113814, -1447.459253594996, -1448.8825980302622, -1466.1161078444884, -1490.6408093793602, -1516.9282270398667, -1519.5665340597002, -1520.435804537396, -1522.0319396110494, -1523.4915326273972, -1524.6330657705412, -1542.5773376805405, -1544.662503022064, -1544.86131984329]
 -- BestCostElement: [-1544.86131984 -1544.86131984 -1544.86131984 -1544.86131984]
 -- BestRoute: [array([ 0, 34, 32, 21, 22, 29, 18, 14, 23, 24,  0])
 array([ 0, 54, 65, 68, 75, 83, 82, 74, 81, 73, 67,  0])
 array([ 0, 49, 59, 55, 60, 70, 78, 66, 69,  0])
 array([ 0, 53, 47, 52, 51, 56, 61, 62, 57, 63, 64,  0])
 array([ 0, 46, 42, 41, 39, 33, 28, 20, 15,  8, 16, 17,  0])]
 -- Custo: 
 ---------21.92836857399956
 ---------22.62989699984721
 ---------22.180142152132127
 ---------21.35645109765152
 ---------22.689811215547056
 ---- Total: 110.78467003917747
 -- Premio: 
 ---------46.0
 ---------59.0
 ---------48.0
 ---------54.0
 ---------77.0
 ---- Total: 284.0
