 - Execucao 0
 -- BestCostGenaration: [-270.02716956309376, -1595.0411499385864, -1598.0968780285873, -1632.473283733068, -1635.5290118230691, -1643.3688881871092, -1654.5215184062668, -1660.473283733068, -1674.473283733068, -1690.7228808216137, -1697.6826399492504, -1700.0365893205985, -1732.4354631611068, -1732.6934435700907, -1738.0923174105992, -1739.7228808216137, -1745.1287073294739, -1759.4246595402665, -1766.4610494591411, -1794.0064475286317, -1799.5476454537516, -1799.8056258627355, -1800.5182082022286, -1807.554598121103, -1809.6103262111037, -1816.6103262111037]
 -- BestCostElement: [-1816.61032621 -1816.61032621 -1816.61032621 -1816.61032621]
 -- BestRoute: [array([ 0, 54, 58, 65, 68, 75, 83, 82, 74, 73, 67, 63, 57,  0])
 array([ 0, 49, 48, 43, 40, 30, 26, 19, 12,  7,  0])
 array([ 0, 59, 66, 69, 84, 86, 85, 78, 70,  0])
 array([ 0, 35, 29, 22, 21, 10,  9, 17, 16,  8, 15, 20, 27, 28, 33, 32, 34,
        0])
 array([ 0, 64, 53, 46, 42, 41, 39, 38, 45, 56, 61, 51, 52, 47,  0])]
 -- Custo: 
 ---------22.307135789365265
 ---------23.842793660630004
 ---------25.96738344903438
 ---------27.135562914111453
 ---------29.344542634082913
 ---- Total: 128.59741844722402
 -- Premio: 
 ---------62.0
 ---------52.0
 ---------48.0
 ---------89.0
 ---------82.0
 ---- Total: 333.0
 - Execucao 1
 -- BestCostGenaration: [-209.3256005958737, -1652.7697884890629, -1662.8126125453782, -1663.5251948848718, -1675.2673782668808, -1682.9298755994832, -1696.445848815967, -1698.6926501183752, -1704.868053917823, -1719.4323843687976, -1731.3377675802346, -1738.1733358332128, -1768.9180180311105, -1829.4104405335809, -1863.439877785104, -1872.9247637329056, -1875.3469688347616, -1893.6605135427528, -1904.0593873832615, -1910.8468122118143, -1914.7833405129945, -1917.8362728168581, -1944.1389687132735, -1946.4080029351146, -1957.5907748576458, -1978.5380515355112, -1999.2428902661854, -2002.1623667310246, -2006.0988950322048, -2006.811477371698, -2008.1119536897318, -2010.2497007082115, -2030.5371183687184, -2037.2791379597343]
 -- BestCostElement: [-2037.27913796 -2037.27913796 -2037.27913796 -2037.27913796]
 -- BestRoute: [array([ 0, 35, 23, 24,  7, 12, 19, 26, 31, 30, 40,  0])
 array([ 0, 29, 22, 21, 17, 16,  9, 10, 18, 14, 36,  0])
 array([ 0, 34, 32, 33, 28, 20,  8, 15, 27, 38, 39, 41, 42, 46,  0])
 array([ 0, 57, 52, 47, 51, 56, 61, 72, 81, 73, 67, 82, 74, 63, 53,  0])
 array([ 0, 49, 55, 59, 66, 60, 70, 78, 85, 77, 86, 84, 76, 69, 68, 65, 54,
        0])]
 -- Custo: 
 ---------22.422980574618236
 ---------23.0937150830734
 ---------24.307135789365265
 ---------28.436125993857228
 ---------29.420258069152304
 ---- Total: 127.68021551006643
 -- Premio: 
 ---------52.0
 ---------51.0
 ---------85.0
 ---------86.0
 ---------90.0
 ---- Total: 364.0
 - Execucao 2
 -- BestCostGenaration: [-233.1419388818998, -1592.1183652060245, -1607.4231242892197, -1663.1357066287128, -1665.4788523792204, -1701.0949264796209, -1703.079814747719, -1729.0522570471471, -1732.1870444884962, -1734.5301902390038, -1748.8878253001253, -1752.0226127414749, -1754.3657584919824, -1756.5974480624882, -1773.9041586147923, -1777.333361663329, -1779.6765074138366, -1800.1283568213648, -1802.4715025718724, -1810.3627989148517, -1812.7059446653593, -1821.5944884853577, -1823.9376342358653, -1825.001105934685, -1843.6394129545183]
 -- BestCostElement: [-1843.63941295 -1843.63941295 -1843.63941295 -1843.63941295]
 -- BestRoute: [array([ 0, 49, 48, 43, 40, 25,  7, 19, 30,  0])
 array([ 0, 46, 39, 32, 33, 28, 20, 15,  8, 16, 17, 21,  0])
 array([ 0, 81, 72, 80, 71, 61, 56, 51, 52, 47, 41, 42,  0])
 array([ 0, 69, 76, 84, 86, 77, 85, 78, 79, 70, 60, 55, 59,  0])
 array([ 0, 54, 58, 65, 68, 75, 83, 82, 74, 73, 67, 62, 57, 63, 64, 53,  0])]
 -- Custo: 
 ---------22.556106682515797
 ---------23.55230124658366
 ---------25.243311591830082
 ---------28.20258278645655
 ---------25.785844453984343
 ---- Total: 125.34014676137042
 -- Premio: 
 ---------45.0
 ---------73.0
 ---------72.0
 ---------70.0
 ---------75.0
 ---- Total: 335.0
 - Execucao 3
 -- BestCostGenaration: [-229.35719091424085, -1504.7509773745996, -1616.2911328966118, -1633.7120439371245, -1640.8205405399956, -1645.0212206493063, -1692.7383347756024, -1699.8468313784736, -1714.02985554589, -1733.6322547071652, -1780.8273305867292, -1784.4686976185837, -1792.3860109972213, -1797.6747003675714, -1814.0542360369534, -1821.6034850599328, -1826.3860109972213, -1851.6956030688082, -1862.168795492133, -1880.024159073811, -1884.5165815762816, -1886.067835443931, -1890.129078526013, -1894.0284259668515, -1898.5093187358386, -1911.5093187358386, -1913.139882146853, -1914.818079412142, -1918.5093187358386, -1923.453590645838, -1941.139882146853, -1952.8339172566873, -1954.4644806677015]
 -- BestCostElement: [-1954.46448067 -1954.46448067 -1954.46448067 -1954.46448067]
 -- BestRoute: [array([ 0, 45, 56, 61, 51, 52, 47, 53,  0])
 array([ 0, 54, 58, 65, 68, 75, 83, 82, 74, 73, 67, 62, 57, 63,  0])
 array([ 0, 46, 42, 41, 39, 33, 28, 27, 20, 15,  8, 16, 17, 21, 29,  0])
 array([ 0, 35, 18, 14, 23, 24, 25,  7, 12, 19, 26, 31, 37, 30, 40,  0])
 array([ 0, 59, 66, 69, 76, 84, 86, 85, 78, 79, 70, 60, 55, 49,  0])]
 -- Custo: 
 ---------21.22677276241436
 ---------23.72134935173836
 ---------25.252095830109624
 ---------28.591830944406112
 ---------28.591830944406112
 ---- Total: 127.38387983307457
 -- Premio: 
 ---------43.0
 ---------65.0
 ---------101.0
 ---------68.0
 ---------75.0
 ---- Total: 352.0
 - Execucao 4
 -- BestCostGenaration: [-1593.8669744376164, -1623.363955429398, -1626.3129661803498, -1667.3129661803498, -1672.0456051240503, -1688.5554041275407, -1711.2148590290765, -1727.2705871190774, -1736.613732869585, -1744.9242949555248, -1778.2658482781246, -1780.206973775079, -1796.2627018650796, -1810.3291129227946, -1832.3103788572212, -1835.3925846216143, -1853.1314577995854, -1855.4746035500932, -1857.3631473700916, -1863.4746035500932, -1896.2958895466072, -1909.1314577995854, -1917.1314577995854, -1923.583307207114, -1925.9264529576217, -1937.1314577995854, -1939.474603550093, -1941.3631473700916, -1942.4111318512732, -1944.2996756712719, -1949.4111318512732, -1953.6505650305985, -1960.6505650305985, -1962.9565299207643, -1972.2996756712719]
 -- BestCostElement: [-1972.29967567 -1972.29967567 -1972.29967567 -1972.29967567]
 -- BestRoute: [array([ 0, 54, 58, 65, 68, 75, 83, 82, 74, 73, 67, 62, 57,  0])
 array([ 0, 40, 43, 48, 44, 37, 30, 26, 19,  7,  0])
 array([ 0, 35, 29, 34, 32, 39, 33, 28, 20, 15,  8, 16, 17, 21, 22,  0])
 array([ 0, 59, 55, 60, 66, 69, 76, 84, 86, 85, 78, 70,  0])
 array([ 0, 46, 42, 41, 45, 47, 52, 51, 56, 61, 71, 80, 72, 81, 63, 53,  0])]
 -- Custo: 
 ---------22.307135789365265
 ---------23.40458785766592
 ---------25.928368573999563
 ---------28.973956158653873
 ---------29.311032702497425
 ---- Total: 129.92508108218206
 -- Premio: 
 ---------61.0
 ---------51.0
 ---------83.0
 ---------66.0
 ---------95.0
 ---- Total: 356.0
 - Execucao 5
 -- BestCostGenaration: [-206.3479342365669, -1517.0909252471129, -1530.8035075866064, -1639.9983350973714, -1743.7342407868969, -1766.0773865374044, -1768.7638418294127, -1792.0896552476556, -1792.8022375871487, -1794.4328009981632, -1806.3476356566393, -1813.3476356566393, -1820.0896552476556]
 -- BestCostElement: [-1820.08965525 -1820.08965525 -1820.08965525 -1820.08965525]
 -- BestRoute: [array([ 0, 43, 40, 30, 25,  7, 19, 12, 11, 24,  0])
 array([ 0, 54, 58, 69, 76, 68, 83, 82, 74, 73, 67, 57,  0])
 array([ 0, 47, 52, 51, 56, 61, 71, 80, 72, 81, 63, 64,  0])
 array([ 0, 36, 26, 31, 37, 44, 48, 55, 59, 66, 60,  0])
 array([ 0, 53, 46, 42, 41, 39, 33, 28, 27, 20, 15,  8, 16, 17,  9, 10, 21,
       22,  0])]
 -- Custo: 
 ---------22.78474740047306
 ---------23.950844619618657
 ---------25.070317101793723
 ---------27.743308492201095
 ---------29.928368573999563
 ---- Total: 129.4775861880861
 -- Premio: 
 ---------48.0
 ---------66.0
 ---------63.0
 ---------50.0
 ---------107.0
 ---- Total: 334.0
 - Execucao 6
 -- BestCostGenaration: [-134.2525807430841, -1516.4953205031852, -1572.5804858447088, -1576.6904466313924, -1632.275720099492, -1674.8238706919633, -1688.2330506670182, -1719.17476005129, -1723.5736338917984, -1736.002791749599, -1738.9986085735313, -1752.800539430616, -1758.6953962063462, -1771.6876525975274, -1771.7667119488758, -1780.6510389065852, -1796.3739440985426, -1796.453003449891, -1805.4163897589488, -1832.4163897589488, -1837.9812806234074, -1846.884565330165, -1847.3019864003327, -1847.8720828803935, -1850.4732090398848, -1875.1595005409001]
 -- BestCostElement: [-1875.15950054 -1875.15950054 -1875.15950054 -1875.15950054]
 -- BestRoute: [array([ 0, 65, 69, 76, 84, 86, 85, 78,  0])
 array([ 0, 54, 68, 58, 59, 66, 60, 55, 48, 43, 40,  0])
 array([ 0, 42, 41, 39, 33, 32, 28, 20, 27, 15,  8, 16, 17, 21, 34,  0])
 array([ 0, 36, 30, 26, 25,  7, 19, 12, 11, 24, 23, 14, 18, 29, 35,  0])
 array([ 0, 46, 47, 52, 51, 56, 61, 62, 57, 63, 67, 73, 81, 72, 71,  0])]
 -- Custo: 
 ---------22.323163641975096
 ---------23.251407699364428
 ---------25.71205413665293
 ---------28.482605577751233
 ---------29.94089380903125
 ---- Total: 129.71012486477494
 -- Premio: 
 ---------38.0
 ---------58.0
 ---------92.0
 ---------71.0
 ---------83.0
 ---- Total: 342.0
 - Execucao 7
 -- BestCostGenaration: [-201.5478369517648, -1547.8502939231041, -1562.018640783463, -1568.0441629216486, -1636.1286861221733, -1639.1844142121743, -1646.3896712990233, -1648.732817049531, -1680.0181730529187, -1718.7328170495311, -1721.3339432090227, -1732.7827382654289, -1767.9000013195337, -1770.5011274790252, -1796.9475642168018, -1833.0327295583254, -1838.0141823286663, -1840.6153084881578, -1840.7315486998477, -1844.0169047032355, -1845.0141823286663, -1860.7315486998477, -1896.879394887317, -1896.9956350990071, -1897.4130561691748, -1910.4053125603557, -1920.6906685637434, -1922.321231974758, -1923.8254560050925, -1945.8352497379103, -1948.9700371792594, -1950.6006005902739, -1962.9700371792594, -1980.9143090892585, -1994.9143090892585]
 -- BestCostElement: [-1994.91430909 -1994.91430909 -1994.91430909 -1994.91430909]
 -- BestRoute: [array([ 0, 23, 24,  7, 19, 12, 13, 26, 30,  0])
 array([ 0, 54, 58, 59, 66, 70, 60, 55, 48, 43, 40, 36,  0])
 array([ 0, 62, 67, 73, 81, 72, 80, 71, 61, 56, 51, 52, 47,  0])
 array([ 0, 46, 57, 63, 64, 65, 68, 69, 76, 84, 83, 82, 74, 53,  0])
 array([ 0, 35, 29, 22, 21, 10,  9, 17, 16,  8, 15, 20, 27, 28, 33, 32, 39,
       41, 42,  0])]
 -- Custo: 
 ---------22.388493268398307
 ---------23.856958974828412
 ---------25.57321156289111
 ---------28.81913190966076
 ---------28.88362701190674
 ---- Total: 129.52142272768532
 -- Premio: 
 ---------45.0
 ---------63.0
 ---------73.0
 ---------69.0
 ---------109.0
 ---- Total: 359.0
 - Execucao 8
 -- BestCostGenaration: [-146.93138835474272, -1582.0498154063393, -1602.7988329440357, -1621.455687193528, -1623.7988329440357, -1634.2912554465065, -1643.3469835365072, -1647.7458573770155, -1654.7458573770155, -1665.9802994705024, -1672.9802994705024, -1673.0593588218508, -1673.0965396821925, -1710.4025045723583, -1715.2677171310092, -1717.6108628815168, -1733.211989041008, -1763.9802994705024, -1768.211989041008, -1782.3348160112496, -1788.211989041008, -1790.5551347915157, -1792.3281840619625, -1820.1492630043272, -1821.1570066131458]
 -- BestCostElement: [-1821.15700661 -1821.15700661 -1821.15700661 -1821.15700661]
 -- BestRoute: [array([ 0, 30, 31, 26, 19, 12,  7, 25, 24, 23,  0])
 array([ 0, 53, 57, 52, 47, 51, 56, 61, 72, 81, 73, 67,  0])
 array([ 0, 46, 42, 41, 39, 33, 28, 27, 20, 15,  8, 16, 17, 21, 22,  0])
 array([ 0, 55, 60, 66, 69, 68, 76, 84, 86, 85, 78,  0])
 array([ 0, 35, 29, 18, 14, 36, 40, 43, 44, 50, 48, 49, 54,  0])]
 -- Custo: 
 ---------22.74478443814492
 ---------23.774755129044095
 ---------25.278087034126678
 ---------28.41364994823813
 ---------28.99947179715971
 ---- Total: 129.21074834671353
 -- Premio: 
 ---------46.0
 ---------71.0
 ---------95.0
 ---------61.0
 ---------61.0
 ---- Total: 334.0
 - Execucao 9
 -- BestCostGenaration: [-173.69934433701974, -1526.315574296326, -1528.9167004558178, -1530.4573596843557, -1627.5762375247186, -1630.6319656147195, -1640.8300157731596, -1659.7667530560686, -1662.3678792155602, -1677.1656268965771, -1681.0494318756228, -1704.1672645152207, -1706.5547675654893, -1718.5764612081932, -1722.9148681177483, -1724.8488171752833, -1726.184219316972, -1738.8488171752833, -1740.184219316972, -1740.7745418556233, -1760.217549223825, -1767.7745418556233, -1768.0325222646072, -1768.7451046041003]
 -- BestCostElement: [-1768.7451046 -1768.7451046 -1768.7451046 -1768.7451046]
 -- BestRoute: [array([ 0, 67, 73, 81, 72, 80,  0])
 array([ 0, 53, 47, 52, 51, 61, 56, 45, 38, 41, 42,  0])
 array([ 0, 57, 62, 63, 64, 74, 82, 83, 75, 68, 65, 58, 54,  0])
 array([ 0, 69, 76, 84, 86, 85, 78, 79, 70, 66, 60, 55, 59,  0])
 array([ 0, 35, 29, 22, 21, 10,  9, 17, 16,  8, 15, 20, 27, 28, 33, 32, 39,
       46,  0])]
 -- Custo: 
 ---------21.5452598611638
 ---------23.551328082751116
 ---------24.128990204491963
 ---------28.20258278645655
 ---------29.135562914111457
 ---- Total: 126.56372384897487
 -- Premio: 
 ---------35.0
 ---------65.0
 ---------54.0
 ---------72.0
 ---------99.0
 ---- Total: 325.0
 - Execucao 10
 -- BestCostGenaration: [-1625.8254560936857, -1628.586022914361, -1641.8734405748678, -1645.008228016217, -1647.3513737667245, -1658.0803179822958, -1666.344404381455, -1669.479191822804, -1670.1917741622972, -1687.5973937046008, -1697.1840305534786, -1697.6676090890433, -1708.3539005900586, -1736.1749795324229, -1744.887561871916, -1751.5037997633099, -1759.0519503557812, -1811.9962655289369, -1823.1943009856313, -1823.6531197784293, -1826.4209994702992, -1839.723337179044, -1867.5999205279347, -1873.2567747774272, -1880.8873381884416, -1887.264518386246, -1889.7720526206188, -1915.264518386246, -1917.7720526206188, -1928.4583441216341, -1931.0594702811254, -1932.6900336921399, -1957.376325193155, -1958.0889075326484]
 -- BestCostElement: [-1958.08890753 -1958.08890753 -1958.08890753 -1958.08890753]
 -- BestRoute: [array([ 0, 46, 42, 41, 39, 33, 28, 20, 15,  8, 16, 17,  0])
 array([ 0, 35, 29, 22, 21,  9, 10, 18, 14, 23, 24,  0])
 array([ 0, 53, 57, 63, 67, 73, 81, 72, 80, 71, 61, 56, 51, 52, 47,  0])
 array([ 0, 59, 69, 76, 84, 86, 85, 78, 79, 70, 66, 60, 55,  0])
 array([ 0, 54, 65, 68, 58, 49, 48, 43, 40, 30, 26, 19,  7, 36,  0])]
 -- Custo: 
 ---------22.689811215547056
 ---------22.33600942675316
 ---------25.64879599007734
 ---------28.57865011387245
 ---------28.974506370587896
 ---- Total: 128.2277731168379
 -- Premio: 
 ---------77.0
 ---------47.0
 ---------86.0
 ---------72.0
 ---------71.0
 ---- Total: 353.0
 - Execucao 11
 -- BestCostGenaration: [-237.59224281532596, -1516.8435430857712, -1524.6646220281357, -1536.056139080282, -1547.1970325118066, -1554.8124331132556, -1577.927457540515, -1585.3448786106826, -1588.7893166319714, -1595.9010250568583, -1618.236427198547, -1629.468116769053, -1630.1806991085462, -1632.7818252680377, -1633.45005030777, -1636.0511764672615, -1640.1548890384445, -1641.3752078187104, -1643.468597537429, -1674.6094909689537, -1694.0161084182812, -1704.2106171284454, -1723.6172345777727, -1724.2414742786434, -1724.356968828195, -1738.356968828195, -1749.1857461886425]
 -- BestCostElement: [-1749.18574619 -1749.18574619 -1749.18574619 -1749.18574619]
 -- BestRoute: [array([ 0, 55, 48, 43, 40, 30, 19,  7,  0])
 array([ 0, 49, 59, 69, 76, 84, 86, 85, 78,  0])
 array([ 0, 53, 46, 42, 41, 47, 52, 51, 56, 61, 62, 57, 67, 63,  0])
 array([ 0, 34, 32, 33, 39, 38, 27, 28, 20, 15,  8, 16, 17, 21, 29,  0])
 array([ 0, 54, 58, 65, 68, 64, 75, 83, 82, 74, 73, 81, 72, 71,  0])]
 -- Custo: 
 ---------22.89683043780825
 ---------23.598403654025606
 ---------25.543203766865055
 ---------28.080522954855812
 ---------29.584602639284636
 ---- Total: 129.70356345283935
 -- Premio: 
 ---------46.0
 ---------42.0
 ---------80.0
 ---------89.0
 ---------67.0
 ---- Total: 324.0
 - Execucao 12
 -- BestCostGenaration: [-261.7764686671467, -1610.5479488931644, -1617.345595398087, -1665.5479488931644, -1676.5991777275794, -1701.7437589017463, -1719.1543695298878, -1724.6323027217445, -1729.006478151683, -1735.9272117461849, -1770.9643926065266, -1788.3411973185955, -1790.684343069103, -1799.0274888196107, -1806.7036812402296, -1816.0096461303956, -1816.1136109464637, -1833.9539180403947, -1836.0390833819185, -1862.6023889694486, -1880.5466608794477, -1883.4956716303993, -1885.073511719279, -1897.4956716303993, -1897.5996364464677, -1909.8651082193853, -1936.181963131415, -1948.5513997204005, -1962.5513997204005, -1976.5513997204005, -1978.12923980928, -1978.8418221487734, -1980.7303659687718, -1989.7860940587725, -1992.0920589489385, -2016.7783504499537]
 -- BestCostElement: [-2016.77835045 -2016.77835045 -2016.77835045 -2016.77835045]
 -- BestRoute: [array([ 0, 64, 75, 83, 82, 74, 73, 67, 62, 57, 52,  0])
 array([ 0, 29, 23, 24,  7, 19, 12, 13, 26, 30, 40,  0])
 array([ 0, 54, 65, 68, 69, 77, 85, 78, 79, 70, 66, 60, 55,  0])
 array([ 0, 34, 32, 33, 28, 20, 15,  8, 16, 17,  9, 10, 14, 18, 22, 21,  0])
 array([ 0, 46, 42, 41, 39, 45, 47, 51, 56, 61, 71, 80, 72, 81, 63, 53,  0])]
 -- Custo: 
 ---------22.986979097371243
 ---------23.953727052989496
 ---------25.34258213637266
 ---------28.96651480895676
 ---------29.80560929182143
 ---- Total: 131.05541238751158
 -- Premio: 
 ---------50.0
 ---------61.0
 ---------74.0
 ---------82.0
 ---------96.0
 ---- Total: 363.0
 - Execucao 13
 -- BestCostGenaration: [-234.4833735779944, -1564.341307205029, -1564.8535802803544, -1587.078732872711, -1594.8998118150753, -1598.9930489126837, -1613.5228593296456, -1616.649903162176, -1653.3033900238656, -1665.1898126595343, -1668.3246001008838, -1691.5560029538333, -1692.98116763282, -1711.5560029538333, -1737.667459133835, -1739.708267175598, -1745.3651214250904, -1750.8244621965523, -1755.420849515091, -1777.7639952655986, -1778.4765776050917, -1794.8197233555993, -1801.8197233555993, -1806.4765776050917, -1813.4765776050917, -1840.7639952655986, -1840.8752987797475, -1850.1071410161062, -1850.218444530255, -1853.0436693172865, -1853.1549728314353]
 -- BestCostElement: [-1853.15497283 -1853.15497283 -1853.15497283 -1853.15497283]
 -- BestRoute: [array([ 0, 34, 32, 33, 28, 21, 22, 18, 14, 23,  0])
 array([ 0, 59, 55, 60, 66, 69, 76, 86, 84,  0])
 array([ 0, 36, 24, 11,  7, 19, 12, 13, 26, 31, 30, 40,  0])
 array([ 0, 54, 65, 68, 75, 83, 82, 74, 81, 72, 73, 67, 63, 57, 52, 47,  0])
 array([ 0, 53, 46, 42, 41, 39, 38, 27, 20, 15,  8, 16, 17,  9, 10, 29, 35,
        0])]
 -- Custo: 
 ---------20.64222328045784
 ---------23.823313656145572
 ---------25.61431828770913
 ---------28.568432963126433
 ---------29.562968604702142
 ---- Total: 128.2112567921411
 -- Premio: 
 ---------49.0
 ---------47.0
 ---------60.0
 ---------87.0
 ---------95.0
 ---- Total: 338.0
 - Execucao 14
 -- BestCostGenaration: [-187.349714706538, -1502.416447724217, -1577.890862557138, -1588.7421673834383, -1591.7978954734392, -1631.718161885554, -1634.773889975555, -1683.5032582351505, -1686.5589863251514, -1687.2715686646445, -1689.872694824136, -1692.3947616322791, -1694.737907382787, -1744.2793122734633, -1757.2715686646445, -1790.4322274463134, -1801.842838074455, -1802.3910319300828, -1818.8127611113123, -1823.9359540789474, -1840.7307421828336, -1840.8420456969825, -1842.5251907849529, -1855.5251907849529, -1860.8946273739384, -1861.429427989207, -1868.429427989207, -1876.3474090607278, -1897.3474090607278, -1903.9299879905602, -1924.217405651067, -1933.7764031275356, -1936.1195488780431, -1951.8801156987183]
 -- BestCostElement: [-1951.8801157 -1951.8801157 -1951.8801157 -1951.8801157]
 -- BestRoute: [array([ 0, 53, 63, 62, 72, 71, 80, 81, 73, 67,  0])
 array([ 0, 36, 40, 30, 26, 19, 12,  7, 11, 24, 23,  0])
 array([ 0, 54, 49, 59, 55, 60, 66, 70, 78, 85, 77, 69, 68,  0])
 array([ 0, 35, 29, 22, 21, 10,  9, 17, 16,  8, 15, 20, 27, 28, 33, 32, 34,
        0])
 array([ 0, 65, 64, 57, 52, 47, 51, 61, 56, 45, 38, 39, 41, 42, 46,  0])]
 -- Custo: 
 ---------22.117900879551712
 ---------23.06962897104853
 ---------25.942786360203613
 ---------27.135562914111453
 ---------29.764091950405117
 ---- Total: 128.02997107532042
 -- Premio: 
 ---------52.0
 ---------54.0
 ---------72.0
 ---------89.0
 ---------85.0
 ---- Total: 352.0
