 - Execucao 0
 -- BestCostGenaration: [-279.70088676214795, -463.55865810052404, -681.98601074093176, -733.42709174289485, -847.41047096806756, -948.87428397357496, -1043.8302392140611, -1103.0813832181361, -1133.6517837869367, -1218.4369852121552, -1253.4126842143196, -1279.258937037956, -1321.7941293486226, -1340.5059824141335, -1358.108607223407, -1404.3601924689103, -1420.1176992775643, -1454.0331202858088, -1464.9568567205974, -1469.3790618224534, -1513.8406184364867, -1518.4741414246314, -1527.4663978158128, -1541.6501029051365, -1547.5346535463204, -1567.3027549940857, -1587.1396305707076, -1590.1953586607085, -1599.1876150518897, -1599.5570516408752, -1603.6098201537457, -1606.6655482437466, -1607.0059414712732, -1612.5013235508745, -1616.554092063745, -1617.0086939942544]
 -- BestCostElement: [-1617.00869399 -1617.00869399 -1617.00869399 -1617.00869399]
 -- BestRoute: [array([ 0,  8,  6,  5,  4,  7,  9, 12, 10, 11,  0]), array([ 1, 22, 21, 18, 14, 15, 13, 16, 17, 19, 20,  1]), array([ 2, 24, 23, 25, 26, 28, 29, 32, 30, 27, 31,  2]), array([ 3, 35, 38, 36, 33, 34, 37, 42, 40, 41, 39,  3])]
 -- Custo: 
 ---------21.365058182
 ---------24.9349766949
 ---------24.9324519027
 ---------22.0153397219
 ---- Total: 93.2478265014
 -- Premio: 
 ---------49.0
 ---------48.0
 ---------54.0
 ---------48.0
 ---- Total: 199.0
 - Execucao 1
 -- BestCostGenaration: [-281.98400965649211, -491.0246317764786, -646.75791578671669, -762.33732424095228, -947.70563223739327, -1002.5000429279651, -1129.9149350333369, -1149.6981286635087, -1243.6217061550542, -1304.9091238155611, -1311.8336789936859, -1365.5561850009756, -1377.6213141925691, -1389.5414405253059, -1439.369358471107, -1443.3465645589092, -1462.5365427411095, -1480.0087254727648, -1498.1445212216549, -1502.8431433624473, -1520.235676202318, -1539.9015891884708, -1557.1367776128361, -1558.9539638112774, -1579.7604435120611, -1586.5512391058733, -1597.4173429522891, -1597.6558429648212, -1599.7233078424549]
 -- BestCostElement: [-1599.72330784 -1599.72330784 -1599.72330784 -1599.72330784]
 -- BestRoute: [array([ 0,  8,  6,  5,  4,  7,  9, 12, 10, 11,  0]), array([ 1, 18, 14, 15, 13, 16, 17, 20, 19, 22,  1]), array([ 2, 32, 29, 28, 26, 25, 23, 24, 30, 27, 31,  2]), array([ 3, 38, 36, 35, 33, 34, 37, 42, 40, 39, 41,  3])]
 -- Custo: 
 ---------21.365058182
 ---------23.2912678647
 ---------24.8444549774
 ---------23.0683920154
 ---- Total: 92.5691730394
 -- Premio: 
 ---------49.0
 ---------46.0
 ---------54.0
 ---------48.0
 ---- Total: 197.0
 - Execucao 2
 -- BestCostGenaration: [-260.77026930519929, -498.64911455113452, -668.53253722593024, -747.11311428110685, -837.86236306304102, -934.18175741474499, -1007.0300603623803, -1071.9084236658005, -1122.8848581587872, -1175.4843320345863, -1215.0692491615375, -1237.8294641887387, -1283.0042649940242, -1321.4491336643439, -1351.1776010250846, -1433.343606909358, -1445.5966394956602, -1457.6076933085171, -1461.9136581986829, -1471.1955371534475, -1500.3139912801296, -1513.9607464492256, -1513.9987371391833, -1535.8603504090838, -1545.7779375905409, -1565.207095448342, -1568.8744890927903, -1578.0359179995248, -1587.8866412475618, -1589.9657005989102, -1598.3088463494178, -1607.3011027405992, -1611.7233078424551, -1614.0399759185702, -1618.0927444314407, -1622.7790359324558]
 -- BestCostElement: [-1622.77903593 -1622.77903593 -1622.77903593 -1622.77903593]
 -- BestRoute: [array([ 0,  8,  6,  5,  4,  7,  9, 12, 10, 11,  0]), array([ 1, 16, 17, 19, 20, 22, 21, 18, 14, 13, 15,  1]), array([ 2, 27, 30, 24, 23, 25, 26, 28, 29, 32, 31,  2]), array([ 3, 42, 37, 34, 33, 35, 36, 38, 39, 40, 41,  3])]
 -- Custo: 
 ---------21.365058182
 ---------23.8770543023
 ---------24.0805229549
 ---------22.4826055778
 ---- Total: 91.8052410169
 -- Premio: 
 ---------49.0
 ---------48.0
 ---------54.0
 ---------48.0
 ---- Total: 199.0
 - Execucao 3
 -- BestCostGenaration: [-283.46657357418064, -439.99108411191156, -641.90666597584072, -729.97589354582681, -804.76942061185082, -973.98723269984271, -1012.2962456210312, -1068.907174795193, -1138.5260382584011, -1210.1850737737268, -1294.517411712726, -1350.9510475858965, -1376.3791641849234, -1411.267879453005, -1423.6547878860629, -1435.3977978156063, -1448.0750439675508, -1465.9257672155877, -1493.9217740367735, -1512.1493604974985, -1529.4475817788455, -1529.5544407630732, -1538.4196533217241, -1542.7114159331195, -1554.1641668818222, -1563.7123174742935, -1568.8950245680005, -1575.5138060006461, -1575.6501029051367, -1590.9011305581757, -1596.47892545632, -1597.9196777878351, -1603.2813707680016, -1604.2628235383427, -1605.7035758698576]
 -- BestCostElement: [-1605.70357587 -1605.70357587 -1605.70357587 -1605.70357587]
 -- BestRoute: [array([ 0,  8,  6,  5,  4,  7,  9, 10, 11, 12,  0]), array([ 1, 17, 16, 13, 15, 14, 18, 21, 22, 20, 19,  1]), array([ 2, 24, 23, 25, 26, 28, 29, 32, 30, 31, 27,  2]), array([ 3, 35, 36, 38, 39, 41, 40, 42, 37, 34,  3])]
 -- Custo: 
 ---------23.3005630797
 ---------25.7186735553
 ---------24.1040247779
 ---------17.9508446196
 ---- Total: 91.0741060325
 -- Premio: 
 ---------49.0
 ---------48.0
 ---------54.0
 ---------46.0
 ---- Total: 197.0
 - Execucao 4
 -- BestCostGenaration: [-323.9797796342238, -537.04608263665443, -735.10495713970022, -809.12846040681484, -885.25624934379948, -970.76868518732078, -1072.6914483629512, -1129.0883791486444, -1186.0623956739173, -1218.152498862451, -1307.1727565876702, -1333.242973988285, -1380.2103219721034, -1392.5344495678369, -1432.6687395228919, -1439.3550310239073, -1454.8843862108752, -1461.4961773465948, -1489.0955403061712, -1491.3684686560641, -1519.1733327954255, -1523.5164785459331, -1554.2027700469484, -1563.7623047472766, -1570.327061356498, -1573.103841507454, -1574.5789523377291, -1581.9454293495842, -1587.068622317219, -1593.5643982868842, -1597.4117680677264, -1603.1125488793557, -1608.9647026918865, -1613.5347539812115]
 -- BestCostElement: [-1613.53475398 -1613.53475398 -1613.53475398 -1613.53475398]
 -- BestRoute: [array([ 0,  8,  6,  5,  4,  7,  9, 12, 10, 11,  0]), array([ 1, 15, 14, 13, 16, 17, 19, 20, 22, 18,  1]), array([ 2, 24, 23, 25, 26, 28, 29, 32, 27, 30, 31,  2]), array([ 3, 42, 37, 34, 33, 35, 36, 38, 39, 41, 40,  3])]
 -- Custo: 
 ---------21.365058182
 ---------21.9061143552
 ---------24.346665465
 ---------21.4984735025
 ---- Total: 89.1163115047
 -- Premio: 
 ---------49.0
 ---------46.0
 ---------54.0
 ---------48.0
 ---- Total: 197.0
 - Execucao 5
 -- BestCostGenaration: [-283.74081229115143, -453.30259640438334, -662.04939367157215, -783.7652863036966, -875.73002372399992, -963.38654258730799, -1044.4587043676979, -1165.7332097750132, -1170.4853388520692, -1235.8609449299679, -1246.0335061277801, -1296.9166730199688, -1320.3409560550281, -1389.8641663958215, -1396.1185747120444, -1419.9597362539134, -1431.9552825249589, -1454.3071737640232, -1479.0616758048111, -1485.4901095661407, -1496.6495286616566, -1502.7054804351324, -1512.9596378718916, -1519.6225096576668, -1528.7653933876113, -1540.4634864164905, -1550.7653933876113, -1558.4973138982309, -1574.9403212664329, -1579.5738442545776, -1589.1219948470491, -1591.7231210065406, -1596.6673929165399, -1598.831617609412, -1600.7201614294102, -1602.599928038906, -1604.4884718589042]
 -- BestCostElement: [-1604.48847186 -1604.48847186 -1604.48847186 -1604.48847186]
 -- BestRoute: [array([ 0,  8,  6,  5,  4,  7,  9, 11, 10, 12,  0]), array([ 1, 21, 18, 14, 15, 13, 16, 17, 19, 20, 22,  1]), array([ 2, 32, 29, 28, 26, 25, 23, 24, 30, 31, 27,  2]), array([ 3, 33, 34, 37, 42, 40, 35, 36, 38, 39, 41,  3])]
 -- Custo: 
 ---------23.7082039325
 ---------24.5563958951
 ---------24.0160278526
 ---------24.0972543551
 ---- Total: 96.3778820353
 -- Premio: 
 ---------49.0
 ---------48.0
 ---------54.0
 ---------48.0
 ---- Total: 199.0
 - Execucao 6
 -- BestCostGenaration: [-277.07732129781391, -547.44445841895117, -716.25503547443031, -873.0958942438773, -923.69130703289102, -1019.5325311608869, -1081.6370864287978, -1179.6927946001194, -1211.6352427493798, -1230.3704539310686, -1267.648266528749, -1270.0789958683131, -1301.0263561796851, -1342.9696950114844, -1375.5922710449934, -1401.5070191771565, -1406.5280793517775, -1440.81127057306, -1465.2246956026302, -1485.690702032073, -1494.836543286279, -1513.8021582120746, -1523.7865705595459, -1534.4034481625595, -1561.1923990835783, -1564.1718037827891, -1574.9282674936833, -1583.1524657002556, -1600.1629618320553, -1609.8354037340762, -1613.149112233061, -1613.8988754328961, -1620.8911318240771, -1622.7640879915471, -1625.8198160815477]
 -- BestCostElement: [-1625.81981608 -1625.81981608 -1625.81981608 -1625.81981608]
 -- BestRoute: [array([ 0,  9,  7,  4,  5,  6,  8, 11, 10, 12,  0]), array([ 1, 21, 22, 20, 19, 17, 16, 13, 15, 14, 18,  1]), array([ 2, 30, 31, 32, 29, 28, 26, 25, 23, 24, 27,  2]), array([ 3, 37, 34, 33, 35, 36, 38, 39, 41, 40, 42,  3])]
 -- Custo: 
 ---------22.5366310572
 ---------24.4826055778
 ---------23.2912678647
 ---------20.73454148
 ---- Total: 91.0450459796
 -- Premio: 
 ---------49.0
 ---------48.0
 ---------54.0
 ---------48.0
 ---- Total: 199.0
 - Execucao 7
 -- BestCostGenaration: [-255.62228735611214, -463.53219188805343, -655.22156152004277, -751.355419807928, -880.70630916725463, -982.94607530474059, -1007.3642873163755, -1155.3274349146543, -1208.5035149954169, -1254.6943109054919, -1301.2791449606041, -1315.4889870622394, -1356.6804949258162, -1402.7672547114203, -1403.9901003150203, -1412.248080724004, -1428.1397925227152, -1439.9019969620335, -1464.2675820173836, -1485.056451547156, -1491.3881127549159, -1513.1565648295887, -1526.5122135727383, -1543.0280105997128, -1549.5434954970542, -1561.5129599036168, -1578.0034207359806, -1583.9831494866546, -1589.8353032991852, -1598.8275596903666, -1608.2420211834035]
 -- BestCostElement: [-1608.24202118 -1608.24202118 -1608.24202118 -1608.24202118]
 -- BestRoute: [array([ 0,  7,  4,  5,  6,  8, 11, 10, 12,  9,  0]), array([ 1, 18, 14, 15, 13, 16, 17, 20, 19, 22,  1]), array([ 2, 29, 28, 26, 25, 23, 24, 27, 30, 31, 32,  2]), array([ 3, 38, 39, 41, 40, 42, 37, 34, 33, 35, 36,  3])]
 -- Custo: 
 ---------22.1289902045
 ---------23.2912678647
 ---------21.9508446196
 ---------23.0683920154
 ---- Total: 90.4394947041
 -- Premio: 
 ---------49.0
 ---------46.0
 ---------54.0
 ---------48.0
 ---- Total: 197.0
 - Execucao 8
 -- BestCostGenaration: [-366.8982212608862, -462.9839506887572, -666.54992259776463, -776.00684800473027, -913.11080115321283, -931.55255148034496, -1026.115089175802, -1073.2235374351362, -1159.455063214649, -1209.1911406950762, -1253.9851809953623, -1299.3892891469452, -1314.8775304895205, -1346.7236565417834, -1393.4119178840212, -1412.0982093850364, -1435.0421758588636, -1441.5219886902648, -1457.0464387791899, -1481.3195927985239, -1488.2453294598627, -1497.9545463511627, -1507.9938591551027, -1511.8851554980818, -1516.7898807635838, -1517.1727369495818, -1538.9688470119552, -1541.3666059481263, -1574.0157165887999, -1576.1197613825616, -1586.4034933532948, -1586.6195952712721, -1588.9255601614382, -1593.6118516624533, -1596.667579752454]
 -- BestCostElement: [-1596.66757975 -1596.66757975 -1596.66757975 -1596.66757975]
 -- BestRoute: [array([ 0,  8,  6,  5,  4,  7,  9, 12, 10, 11,  0]), array([ 1, 18, 14, 15, 13, 16, 17, 20, 19, 22,  1]), array([ 2, 32, 29, 28, 26, 25, 23, 24, 30, 27, 31,  2]), array([ 3, 38, 36, 35, 33, 34, 37, 42, 41, 39, 40,  3])]
 -- Custo: 
 ---------21.365058182
 ---------23.2912678647
 ---------24.8444549774
 ---------23.8323240379
 ---- Total: 93.3331050619
 -- Premio: 
 ---------49.0
 ---------46.0
 ---------54.0
 ---------48.0
 ---- Total: 197.0
 - Execucao 9
 -- BestCostGenaration: [-287.39080010937749, -565.03580838063863, -672.1221431762533, -812.87060473386555, -872.31092850827747, -915.02006153968841, -1067.5045969491755, -1136.2882739798774, -1168.599437531019, -1209.8028028267602, -1259.393944270925, -1321.9572498584553, -1345.4380645695944, -1375.63288526163, -1385.1108184534867, -1436.3526755523296, -1448.8377318592961, -1478.6478368216553, -1488.0689435815966, -1508.9630713245133, -1511.6172397996945, -1519.8177087858144, -1536.5040002868295, -1545.4962566780109, -1558.9856191684603, -1566.8646401158171, -1570.7540300328451, -1573.2811065421179, -1577.2495005663382, -1596.4541299225666, -1601.3984018325659, -1606.4425354488524, -1610.8647405507081, -1614.8119720378379, -1616.2891143768204, -1620.3418828896909, -1621.5881265110415, -1628.1629618320553]
 -- BestCostElement: [-1628.16296183 -1628.16296183 -1628.16296183 -1628.16296183]
 -- BestRoute: [array([ 0,  7,  4,  5,  6,  8, 11, 10, 12,  9,  0]), array([ 1, 14, 18, 21, 22, 20, 19, 17, 16, 13, 15,  1]), array([ 2, 32, 31, 30, 27, 24, 23, 25, 26, 29, 28,  2]), array([ 3, 42, 40, 41, 39, 38, 36, 35, 33, 34, 37,  3])]
 -- Custo: 
 ---------22.1289902045
 ---------24.4826055778
 ---------23.1131222798
 ---------20.73454148
 ---- Total: 90.459259542
 -- Premio: 
 ---------49.0
 ---------48.0
 ---------54.0
 ---------48.0
 ---- Total: 199.0
 - Execucao 10
 -- BestCostGenaration: [-319.53670726001167, -461.28470767277372, -694.29311109952801, -851.85553012934281, -933.70173949346997, -990.64674109029363, -1046.6319056754683, -1129.1363831793217, -1191.7854938199953, -1291.1416417475077, -1311.4139596648445, -1316.8888512490084, -1384.9153772452696, -1415.3926179662744, -1428.2794523610517, -1434.6478338712789, -1453.6722202113847, -1459.940740015325, -1471.3154651077798, -1487.7038428164885, -1504.2259096246319, -1509.3733159552617, -1528.2086326320943, -1538.366212058062, -1554.8289514874543, -1555.2968928644511, -1569.2624994868793, -1580.9734442077292, -1592.0142243568212, -1592.7532843707068, -1600.4581231013808]
 -- BestCostElement: [-1600.4581231 -1600.4581231 -1600.4581231 -1600.4581231]
 -- BestRoute: [array([ 0,  6,  5,  4,  7,  9, 12, 10, 11,  8,  0]), array([ 1, 18, 14, 15, 13, 16, 20, 22, 19, 17,  1]), array([ 2, 29, 28, 32, 31, 30, 27, 24, 23, 25, 26,  2]), array([ 3, 37, 34, 33, 35, 36, 38, 40, 41, 39, 42,  3])]
 -- Custo: 
 ---------20.5366310572
 ---------23.6251184001
 ---------23.7186735553
 ---------24.5050462121
 ---- Total: 92.3854692247
 -- Premio: 
 ---------49.0
 ---------46.0
 ---------54.0
 ---------48.0
 ---- Total: 197.0
 - Execucao 11
 -- BestCostGenaration: [-305.89074303238294, -509.41412987143394, -694.77659498585933, -826.82919538143096, -945.37248660511307, -1072.6701672256027, -1078.5704693103085, -1183.4034914257159, -1206.0601608554659, -1279.7255254932577, -1314.1536052524582, -1335.7624134785733, -1347.7178994618992, -1369.1039280337673, -1403.0144314109707, -1429.2471153579772, -1442.9007633688459, -1469.0534995385224, -1478.9123538621125, -1495.9242297928731, -1497.6764831317109, -1522.5043898064328, -1546.2946028603596, -1560.407826323185, -1570.4884718589042, -1582.9781418383941, -1599.6644333394095, -1609.2125839318808, -1614.5742769120475, -1619.2077999001924]
 -- BestCostElement: [-1619.2077999 -1619.2077999 -1619.2077999 -1619.2077999]
 -- BestRoute: [array([ 0,  9,  7,  4,  5,  6,  8, 11, 10, 12,  0]), array([ 1, 21, 18, 14, 15, 13, 16, 17, 19, 20, 22,  1]), array([ 2, 32, 31, 30, 27, 24, 23, 25, 26, 28, 29,  2]), array([ 3, 37, 34, 33, 35, 36, 38, 39, 42, 40, 41,  3])]
 -- Custo: 
 ---------22.5366310572
 ---------24.5563958951
 ---------21.9508446196
 ---------23.654178453
 ---- Total: 92.698050025
 -- Premio: 
 ---------49.0
 ---------48.0
 ---------54.0
 ---------48.0
 ---- Total: 199.0
 - Execucao 12
 -- BestCostGenaration: [-313.87243210415568, -482.50110793034753, -659.66345045794583, -758.70703601547984, -869.6422692585711, -997.51469602957195, -1054.2390819131015, -1124.1866506762453, -1195.3633682194059, -1245.2236790803149, -1293.0525036476706, -1332.7475456951508, -1364.0612541941355, -1374.3488789087919, -1435.5359589423852, -1450.9546642826799, -1459.1863538531857, -1489.5628768427441, -1490.0222176142061, -1499.927880026949, -1510.2560778365473, -1531.7207453167277, -1537.3719241581734, -1538.1702727834042, -1547.7184233758758, -1559.5861196501994, -1565.6157639558719, -1579.7264744737354, -1589.2746250662067, -1601.3504173513838, -1604.4061454413845, -1604.4465933678975, -1610.6486386327308, -1613.7043667227317, -1615.5929105427304]
 -- BestCostElement: [-1615.59291054 -1615.59291054 -1615.59291054 -1615.59291054]
 -- BestRoute: [array([ 0, 12,  9,  7,  4,  5,  6,  8, 10, 11,  0]), array([ 1, 15, 13, 14, 18, 21, 22, 20, 19, 16, 17,  1]), array([ 2, 29, 28, 26, 25, 23, 24, 27, 30, 31, 32,  2]), array([ 3, 41, 40, 42, 37, 34, 33, 35, 36, 38, 39,  3])]
 -- Custo: 
 ---------23.365058182
 ---------25.803263985
 ---------21.9508446196
 ---------22.4826055778
 ---- Total: 93.6017723643
 -- Premio: 
 ---------49.0
 ---------48.0
 ---------54.0
 ---------48.0
 ---- Total: 199.0
 - Execucao 13
 -- BestCostGenaration: [-267.14442866760652, -445.04860514234821, -678.03964594065087, -826.54989941239955, -864.55200715018123, -922.23055504237755, -1039.5739912090889, -1104.3448939896869, -1171.717471069823, -1211.5006253425606, -1255.4378541151436, -1288.3753843923887, -1337.2087311394059, -1364.6208390884447, -1376.8229173038569, -1405.0863310408176, -1431.7024051412182, -1435.2612105675644, -1437.1117469796873, -1464.0176412392866, -1505.2791232998115, -1517.6478553483535, -1518.2868669086306, -1534.6621189895263, -1536.9409469441848, -1574.525652719246, -1587.3544752704292, -1596.9026258629005, -1607.5037520223921, -1609.3720245930645, -1609.6300050020482, -1618.8871386452629, -1622.4588275532315, -1624.3845522335719, -1625.0599537127232, -1630.4588275532315]
 -- BestCostElement: [-1630.45882755 -1630.45882755 -1630.45882755 -1630.45882755]
 -- BestRoute: [array([ 0,  8,  6,  5,  4,  7,  9, 10, 11, 12,  0]), array([ 1, 16, 13, 15, 14, 18, 21, 22, 20, 19, 17,  1]), array([ 2, 29, 28, 26, 25, 23, 24, 27, 30, 31, 32,  2]), array([ 3, 33, 34, 37, 42, 40, 41, 39, 38, 36, 35,  3])]
 -- Custo: 
 ---------23.3005630797
 ---------24.9349766949
 ---------21.9508446196
 ---------19.6989087174
 ---- Total: 89.8852931117
 -- Premio: 
 ---------49.0
 ---------48.0
 ---------54.0
 ---------48.0
 ---- Total: 199.0
 - Execucao 14
 -- BestCostGenaration: [-334.23041024029504, -539.25587807281295, -767.28518277429146, -815.89840456309764, -985.45333081511012, -993.90309994454105, -1072.0537651753525, -1131.5189440344639, -1231.786679877951, -1281.2849142691462, -1316.822195470475, -1369.3383477286102, -1391.5700372991159, -1424.6872406276113, -1427.9208833952857, -1455.7380689474496, -1475.3807661975002, -1480.1340689992894, -1522.0988504216157, -1552.8301870449181, -1555.7361595344255, -1560.5817295085751, -1573.1781168271141, -1579.6927722490173, -1581.0125867381776, -1596.8120724727287, -1598.5776303792422, -1600.0467216203654, -1608.6074646821683, -1613.1335245805326, -1624.010331612898]
 -- BestCostElement: [-1624.01033161 -1624.01033161 -1624.01033161 -1624.01033161]
 -- BestRoute: [array([ 0,  8,  6,  5,  4,  7,  9, 12, 10, 11,  0]), array([ 1, 20, 22, 21, 18, 14, 15, 13, 16, 17, 19,  1]), array([ 2, 32, 31, 30, 27, 24, 23, 25, 26, 28, 29,  2]), array([ 3, 33, 34, 37, 42, 35, 36, 38, 39, 41, 40,  3])]
 -- Custo: 
 ---------21.365058182
 ---------24.9547415328
 ---------21.9508446196
 ---------23.2267727624
 ---- Total: 91.4974170968
 -- Premio: 
 ---------49.0
 ---------48.0
 ---------54.0
 ---------48.0
 ---- Total: 199.0
 - Execucao 15
 -- BestCostGenaration: [-314.80720713838684, -482.64897449366373, -705.8564928065714, -790.22694807406538, -921.50783237379699, -991.63878849974594, -1018.9761329099518, -1067.2063915982076, -1177.5579376893534, -1211.7201595018309, -1241.3749405550393, -1287.0546520650985, -1334.5202895294258, -1344.6157620282927, -1380.9021265376205, -1408.3800597294774, -1443.1332151639126, -1450.1858152451971, -1460.9861090637851, -1479.8576174355985, -1496.9859452727919, -1501.5306856616489, -1512.4700097489667, -1529.9479429408236, -1533.704157741003, -1575.2371166238786, -1575.446177332019, -1584.7852672163499, -1585.4187902044951, -1587.9528021132601, -1591.056678475436, -1596.0009503854353, -1598.4112103866694, -1600.0537188983058, -1602.901295733298, -1603.1813452707213, -1607.024281646783]
 -- BestCostElement: [-1607.02428165 -1607.02428165 -1607.02428165 -1607.02428165]
 -- BestRoute: [array([ 0,  8,  6,  5,  4,  7,  9, 12, 11, 10,  0]), array([ 1, 20, 19, 17, 16, 13, 15, 14, 18, 22,  1]), array([ 2, 32, 29, 28, 26, 25, 23, 24, 27, 30, 31,  2]), array([ 3, 37, 42, 40, 41, 39, 38, 36, 33, 34,  3])]
 -- Custo: 
 ---------21.365058182
 ---------23.1421823327
 ---------23.1355629141
 ---------20.6011261595
 ---- Total: 88.2439295883
 -- Premio: 
 ---------49.0
 ---------46.0
 ---------54.0
 ---------47.0
 ---- Total: 196.0
 - Execucao 16
 -- BestCostGenaration: [-317.90934718558464, -493.46370807570611, -669.95869144279834, -728.58805246740621, -911.08195153275983, -966.35805115452558, -1023.14669000508, -1069.66292056456, -1158.2191251476975, -1231.3437269823373, -1285.6868727328449, -1332.3277906304802, -1361.0773638330618, -1405.800916297402, -1457.2001407648179, -1463.7810820760069, -1502.6631908445897, -1510.0620646850982, -1515.2935693472691, -1530.3331056791883, -1540.9423241468271, -1556.1287838120004, -1560.3936610640339, -1575.4418525993658, -1587.1920484566706, -1593.3709695143064, -1605.1112916610996, -1611.8306197023878, -1619.2294935428963, -1620.5169112034032, -1622.9976401813974, -1625.1504341915484, -1626.3113486803823, -1628.2852216328974]
 -- BestCostElement: [-1628.28522163 -1628.28522163 -1628.28522163 -1628.28522163]
 -- BestRoute: [array([ 0,  5,  4,  7,  9, 12, 10, 11,  8,  6,  0]), array([ 1, 21, 18, 14, 15, 13, 16, 17, 19, 20, 22,  1]), array([ 2, 23, 24, 27, 30, 31, 32, 29, 28, 26, 25,  2]), array([ 3, 42, 37, 34, 33, 35, 36, 38, 39, 41, 40,  3])]
 -- Custo: 
 ---------21.0087670122
 ---------24.5563958951
 ---------23.365058182
 ---------21.4984735025
 ---- Total: 90.4286945918
 -- Premio: 
 ---------49.0
 ---------48.0
 ---------54.0
 ---------48.0
 ---- Total: 199.0
 - Execucao 17
 -- BestCostGenaration: [-292.1862715565843, -487.24530156271874, -641.51896293034611, -757.1449662142104, -916.29537042404775, -1040.8363431880641, -1111.3148340609782, -1149.7223713639544, -1250.473076004525, -1251.5026770470411, -1288.915411821265, -1341.5117991398038, -1344.2135778584566, -1389.9975212198083, -1402.2187331852126, -1419.4583301555306, -1436.3079647940838, -1474.0019999039177, -1480.0931997500279, -1499.2359996666723, -1508.6742898481823, -1521.2359996666723, -1524.7120470640414, -1538.1454125980133, -1550.6970238346223, -1574.1115851162729, -1583.103841507454, -1592.7310514512737, -1598.2386289488031, -1611.1004880402595, -1615.1532565531299, -1618.2089846431306]
 -- BestCostElement: [-1618.20898464 -1618.20898464 -1618.20898464 -1618.20898464]
 -- BestRoute: [array([ 0,  8,  6,  5,  4,  7,  9, 12, 10, 11,  0]), array([ 1, 16, 13, 15, 14, 18, 21, 22, 20, 19, 17,  1]), array([ 2, 32, 29, 28, 26, 25, 23, 24, 30, 27, 31,  2]), array([ 3, 33, 34, 37, 42, 40, 41, 39, 35, 38, 36,  3])]
 -- Custo: 
 ---------21.365058182
 ---------24.9349766949
 ---------24.8444549774
 ---------21.803263985
 ---- Total: 92.9477538392
 -- Premio: 
 ---------49.0
 ---------48.0
 ---------54.0
 ---------48.0
 ---- Total: 199.0
 - Execucao 18
 -- BestCostGenaration: [-289.17964543056564, -487.16316429247058, -662.40611807192249, -790.5562670315378, -858.32596990439731, -954.53403411210525, -1036.1138857200581, -1120.7783251902983, -1148.2087526164805, -1209.8542311566082, -1264.9673383061468, -1366.8498352928088, -1368.1288702130239, -1372.4430761983028, -1420.8842857759844, -1428.70494935121, -1447.5955079472692, -1447.7069641272706, -1454.1652602204917, -1469.0491049011473, -1493.1006767786739, -1508.3061974226671, -1524.3283914861008, -1534.022426595935, -1553.0437620432347, -1557.3928269480034, -1566.1736650180046, -1576.8119720378379, -1580.6040076187437, -1592.3944645666468, -1592.6343563762666, -1605.0895980183955, -1608.9808943613748, -1613.6671858623899, -1620.9546035228968, -1626.3162965030638, -1626.9066190417147]
 -- BestCostElement: [-1626.90661904 -1626.90661904 -1626.90661904 -1626.90661904]
 -- BestRoute: [array([ 0,  6,  5,  4,  7,  9, 12, 10, 11,  8,  0]), array([ 1, 15, 13, 14, 18, 21, 22, 19, 17, 16, 20,  1]), array([ 2, 29, 28, 26, 25, 23, 24, 27, 30, 31, 32,  2]), array([ 3, 39, 41, 40, 42, 37, 34, 33, 35, 36, 38,  3])]
 -- Custo: 
 ---------20.5366310572
 ---------26.7873960603
 ---------21.9508446196
 ---------21.4984735025
 ---- Total: 90.7733452396
 -- Premio: 
 ---------49.0
 ---------48.0
 ---------54.0
 ---------48.0
 ---- Total: 199.0
 - Execucao 19
 -- BestCostGenaration: [-271.55174998426787, -481.85058532129216, -666.91100725576007, -808.01924968616675, -869.08502577004288, -920.52616877611183, -1018.8583843685162, -1079.2278209575018, -1137.5370619248927, -1211.2076926899726, -1236.2994082718635, -1287.3665607573907, -1327.1396552185731, -1346.1368118563437, -1407.6549763249213, -1417.3598150555958, -1451.5618603204289, -1472.7336870655345, -1491.7894151555352, -1500.0424477418376, -1534.4163728544695, -1544.8757136259314, -1557.7773201724981, -1570.3454097917163, -1575.171200910996, -1584.1781988576763, -1599.361925512668, -1600.3534773634053, -1601.2504693326662, -1604.3061974226671, -1605.715170343572, -1610.8383633112066]
 -- BestCostElement: [-1610.83836331 -1610.83836331 -1610.83836331 -1610.83836331]
 -- BestRoute: [array([ 0,  5,  4,  6,  8, 11, 10,  9, 12,  0]), array([ 1, 21, 18, 14, 15, 13, 16, 17, 19, 20, 22,  1]), array([ 2, 29, 28, 26, 25, 23, 24, 27, 30, 31, 32,  2]), array([ 3, 39, 38, 36, 35, 33, 34, 37, 42, 40, 41,  3])]
 -- Custo: 
 ---------23.3005630797
 ---------24.5563958951
 ---------21.9508446196
 ---------22.4826055778
 ---- Total: 92.2904091722
 -- Premio: 
 ---------48.0
 ---------48.0
 ---------54.0
 ---------48.0
 ---- Total: 198.0
 - Execucao 20
 -- BestCostGenaration: [-281.88748655286793, -504.67743419904087, -640.81225250977809, -768.21179143878112, -882.58671684515821, -934.5062186729009, -1049.052348437375, -1114.2714565073475, -1153.7285408579939, -1204.8880670226933, -1283.1152808594661, -1340.7038241342952, -1357.6480960442941, -1373.3266439364907, -1404.0771283060942, -1414.6612900155237, -1457.315259828634, -1461.6584055791416, -1464.6861703338629, -1505.9487828167787, -1509.1088060178477, -1518.8774670742491, -1529.2700278704326, -1545.0238275122383, -1554.9573172784719, -1564.5054678709432, -1568.7668017471219, -1580.9613104572859, -1586.6972240581267, -1592.3190102586384, -1599.6854872704937]
 -- BestCostElement: [-1599.68548727 -1599.68548727 -1599.68548727 -1599.68548727]
 -- BestRoute: [array([ 0,  9,  7,  4,  5,  6,  8, 10, 11, 12,  0]), array([ 1, 16, 13, 15, 14, 18, 21, 22, 20, 17, 19,  1]), array([ 2, 32, 29, 28, 26, 25, 23, 24, 30, 27, 31,  2]), array([ 3, 33, 34, 37, 42, 40, 41, 35, 36, 38, 39,  3])]
 -- Custo: 
 ---------23.365058182
 ---------26.3689550951
 ---------24.8444549774
 ---------23.0001599279
 ---- Total: 97.5786281824
 -- Premio: 
 ---------49.0
 ---------48.0
 ---------54.0
 ---------48.0
 ---- Total: 199.0
 - Execucao 21
 -- BestCostGenaration: [-305.44495454958371, -484.31991888114106, -584.64591628064773, -801.1047663233378, -847.87932903737374, -935.24659430578401, -1045.7685695927562, -1096.2513573087235, -1157.831589805334, -1196.423076174869, -1253.1740234497638, -1276.9450920358206, -1302.0814802527261, -1356.1677737615412, -1378.7323364787344, -1401.4998439857623, -1415.9844548827191, -1439.8910294616071, -1445.6561732598209, -1455.5306438050843, -1481.1393497824013, -1505.9518942630725, -1515.5367497952593, -1536.2274747010554, -1545.2197310922365, -1545.6110251149194, -1553.8425508944322, -1565.9623471317157, -1573.8610548609345, -1575.8130703797526, -1581.2374442058649, -1582.0927444314407, -1585.2902127187353, -1587.0370163414398, -1591.7233078424551, -1595.1631688862051, -1603.0633071799177, -1604.693870590932, -1607.7495986809331]
 -- BestCostElement: [-1607.74959868 -1607.74959868 -1607.74959868 -1607.74959868]
 -- BestRoute: [array([ 0,  8,  6,  5,  4,  7,  9, 10, 11, 12,  0]), array([ 1, 22, 21, 18, 14, 15, 13, 16, 17, 19, 20,  1]), array([ 2, 32, 29, 28, 26, 25, 23, 24, 30, 27, 31,  2]), array([ 3, 42, 37, 34, 33, 35, 36, 38, 39, 40, 41,  3])]
 -- Custo: 
 ---------23.3005630797
 ---------24.9349766949
 ---------24.8444549774
 ---------22.4826055778
 ---- Total: 95.5626003298
 -- Premio: 
 ---------49.0
 ---------48.0
 ---------54.0
 ---------48.0
 ---- Total: 199.0
 - Execucao 22
 -- BestCostGenaration: [-286.29011301175319, -462.29257645002195, -661.69357495501947, -751.73764567735725, -989.05833902532856, -1020.9695763226338, -1084.8259037926841, -1158.3957344293069, -1215.2883381845227, -1217.0944652422268, -1270.014890041266, -1308.0706354215979, -1357.3625513157097, -1391.9561407952426, -1412.8211895629001, -1417.1643353134077, -1455.4631141872189, -1495.6900197260366, -1508.6977633348554, -1518.9255602500311, -1541.7975184218838, -1548.0859339894146, -1554.8052620307026, -1559.7339462881732, -1574.6983656631978, -1582.3168974472771, -1588.768872023235, -1593.6118516624533, -1602.4034933532948, -1605.2639218802574, -1609.3166903931278]
 -- BestCostElement: [-1609.31669039 -1609.31669039 -1609.31669039 -1609.31669039]
 -- BestRoute: [array([ 0,  6,  5,  4,  7,  9, 12, 10, 11,  8,  0]), array([ 1, 18, 14, 15, 13, 16, 17, 20, 19, 22,  1]), array([ 2, 32, 29, 28, 26, 25, 23, 24, 30, 27, 31,  2]), array([ 3, 42, 37, 34, 33, 35, 36, 38, 39, 41, 40,  3])]
 -- Custo: 
 ---------20.5366310572
 ---------23.2912678647
 ---------24.8444549774
 ---------21.4984735025
 ---- Total: 90.1708274017
 -- Premio: 
 ---------49.0
 ---------46.0
 ---------54.0
 ---------48.0
 ---- Total: 197.0
 - Execucao 23
 -- BestCostGenaration: [-301.86022452579067, -562.41185877084035, -661.12980744892548, -792.21420828822386, -849.14149032191517, -949.10425351872914, -1006.4440073489236, -1115.3007222522722, -1168.2333291150853, -1194.9693864139736, -1253.6974978276696, -1304.3072609488204, -1320.908753639158, -1366.1120792022659, -1384.5855770617627, -1400.4693820408083, -1415.1799575194593, -1437.7858430627739, -1440.9387255268171, -1454.8575413606461, -1466.584732348862, -1493.9741538016081, -1503.4638968689774, -1514.7306627032378, -1515.7863907932388, -1520.830023253925, -1536.9761968193031, -1537.6807032388053, -1554.45413001116, -1557.9758645081311, -1567.0120175114362, -1569.2591790588569, -1575.4461964050874, -1584.3108080195248, -1592.296111654761, -1601.3402452710475, -1601.7624503729035, -1603.0498680334103, -1603.9314139067283, -1606.1846554747594, -1606.4798167440849, -1608.7857816342507, -1611.8415097242519]
 -- BestCostElement: [-1611.84150972 -1611.84150972 -1611.84150972 -1611.84150972]
 -- BestRoute: [array([ 0,  8,  6,  5,  4,  7,  9, 12, 10, 11,  0]), array([ 1, 18, 15, 14, 13, 16, 17, 20, 22, 19,  1]), array([ 2, 29, 28, 26, 25, 23, 24, 27, 30, 31, 32,  2]), array([ 3, 39, 41, 40, 42, 37, 34, 33, 35, 36, 38,  3])]
 -- Custo: 
 ---------21.365058182
 ---------24.7252462649
 ---------21.9508446196
 ---------21.4984735025
 ---- Total: 89.5396225689
 -- Premio: 
 ---------49.0
 ---------46.0
 ---------54.0
 ---------48.0
 ---- Total: 197.0
 - Execucao 24
 -- BestCostGenaration: [-254.99843415175275, -409.23938419323196, -661.16713345969345, -817.32096928630199, -880.97518033368442, -994.38354779064161, -1071.9108772395812, -1113.1162808193585, -1204.8662677026682, -1287.4181331926013, -1313.0486966036158, -1322.0124279504296, -1331.9617876116724, -1375.1087704709498, -1385.0297111196014, -1412.3790185592966, -1424.1354550742024, -1448.8498502968364, -1478.3815273135908, -1499.7367636399783, -1512.9289301910551, -1516.10549568852, -1521.0497675985193, -1533.8777992968285, -1546.0609651094235, -1556.9552210295333, -1559.4671886686867, -1571.5679416627393, -1573.0977520797014, -1585.6841818744294, -1586.5756852715581, -1591.3410361239216, -1591.5199571815569, -1595.9421622834129, -1599.6314133615588, -1602.0536184634148, -1603.7739444117269, -1606.1961495135829]
 -- BestCostElement: [-1606.19614951 -1606.19614951 -1606.19614951 -1606.19614951]
 -- BestRoute: [array([ 0,  9,  7,  4,  5,  6,  8, 10, 12, 11,  0]), array([ 1, 13, 15, 14, 18, 21, 22, 20, 19, 17, 16,  1]), array([ 2, 23, 25, 26, 28, 29, 32, 31, 30, 27, 24,  2]), array([ 3, 33, 34, 37, 42, 40, 35, 36, 38, 39, 41,  3])]
 -- Custo: 
 ---------23.4295532842
 ---------24.27539994
 ---------24.1487550423
 ---------24.0972543551
 ---- Total: 95.9509626216
 -- Premio: 
 ---------49.0
 ---------48.0
 ---------54.0
 ---------48.0
 ---- Total: 199.0
 - Execucao 25
 -- BestCostGenaration: [-330.23765900335968, -506.19145879665814, -670.7219147728581, -853.79319991030491, -964.97519327764439, -990.60575668865886, -1058.0017044325723, -1124.333831917121, -1209.5999065618312, -1249.3675125394748, -1304.5337450273933, -1343.2999021917096, -1387.1784471221138, -1388.0845312341253, -1412.6942461652607, -1437.2948511247969, -1463.9109252251976, -1472.4872529891527, -1479.9561804392827, -1491.5246160448164, -1507.0026744051024, -1512.2467047802011, -1542.1187710440342, -1558.9546899239203, -1567.9469463151015, -1572.3691514169575, -1575.4248795069582, -1579.5511324866143, -1583.3141278674002, -1584.6743254542489, -1586.3698559574013, -1592.152258646106, -1594.0408024661042, -1599.9733375884703, -1602.0408024661042, -1606.7796756440757]
 -- BestCostElement: [-1606.77967564 -1606.77967564 -1606.77967564 -1606.77967564]
 -- BestRoute: [array([ 0,  8,  6,  5,  4,  7,  9, 12, 10, 11,  0]), array([ 1, 18, 14, 13, 15, 16, 17, 20, 19, 22,  1]), array([ 2, 32, 31, 30, 27, 24, 23, 25, 26, 28, 29,  2]), array([ 3, 38, 36, 35, 33, 34, 37, 42, 39, 41, 40,  3])]
 -- Custo: 
 ---------21.365058182
 ---------24.0551998872
 ---------21.9508446196
 ---------23.4339784002
 ---- Total: 90.805081089
 -- Premio: 
 ---------49.0
 ---------46.0
 ---------54.0
 ---------48.0
 ---- Total: 197.0
 - Execucao 26
 -- BestCostGenaration: [-262.54054261238167, -432.07757332948933, -662.55613894293811, -818.13605938379555, -894.1990413149033, -951.9005564032891, -1037.831647610268, -1133.9247121368294, -1198.7421465997081, -1289.8168189707712, -1314.6930458075976, -1356.4656850163137, -1366.0814642774121, -1405.8545587385945, -1427.9361966873107, -1444.8812434671365, -1466.2073025024915, -1475.9013376123257, -1489.8737896441849, -1498.137876043344, -1501.6900197260366, -1511.6494466310946, -1524.8289062967187, -1531.4705255734589, -1558.5337450273933, -1564.9808104032331, -1579.4657415417703, -1589.0138921342418, -1593.5063146367127, -1595.0206378360369, -1598.155425277386, -1602.6850286401984, -1604.1993518395227, -1607.334139280872]
 -- BestCostElement: [-1607.33413928 -1607.33413928 -1607.33413928 -1607.33413928]
 -- BestRoute: [array([ 0,  8,  6,  5,  4,  7,  9, 12, 10, 11,  0]), array([ 1, 15, 14, 13, 16, 17, 19, 20, 22, 18,  1]), array([ 2, 27, 24, 23, 25, 26, 28, 29, 32, 30, 31,  2]), array([ 3, 40, 42, 37, 34, 33, 35, 36, 38, 39, 41,  3])]
 -- Custo: 
 ---------21.365058182
 ---------21.9061143552
 ---------24.3269006272
 ---------23.0683920154
 ---- Total: 90.6664651798
 -- Premio: 
 ---------49.0
 ---------46.0
 ---------54.0
 ---------48.0
 ---- Total: 197.0
 - Execucao 27
 -- BestCostGenaration: [-247.05161946869907, -463.00878406744391, -662.68143467548293, -857.60299165147262, -909.22345598209063, -1058.6255375957439, -1102.5967601487864, -1193.9362614198083, -1254.3385707580737, -1286.9359032321377, -1314.0270717840513, -1319.8679282993305, -1349.6952993241734, -1381.9740148327464, -1413.7319105147258, -1434.21006466931, -1450.8831672525307, -1457.9463867064649, -1468.8748675289021, -1497.1090205743733, -1505.6014430768439, -1528.4065761790089, -1534.6822404225579, -1546.1681408989746, -1564.2575084010412, -1567.0182620576311, -1586.2575084010412, -1592.1528626630659, -1593.7834260740801, -1604.0103316128975, -1605.8988754328961, -1608.6966231139131, -1610.5851669339113]
 -- BestCostElement: [-1610.58516693 -1610.58516693 -1610.58516693 -1610.58516693]
 -- BestRoute: [array([ 0,  7,  4,  5,  6,  8, 11, 10, 12,  9,  0]), array([ 1, 18, 14, 15, 13, 16, 17, 20, 19, 22,  1]), array([ 2, 32, 31, 30, 27, 24, 23, 25, 26, 28, 29,  2]), array([ 3, 42, 37, 34, 33, 35, 36, 38, 39, 40, 41,  3])]
 -- Custo: 
 ---------22.1289902045
 ---------23.2912678647
 ---------21.9508446196
 ---------22.4826055778
 ---- Total: 89.8537082665
 -- Premio: 
 ---------49.0
 ---------46.0
 ---------54.0
 ---------48.0
 ---- Total: 197.0
 - Execucao 28
 -- BestCostGenaration: [-292.14103675609056, -490.81827595075879, -677.57189876455311, -884.13512930612274, -951.16181403466476, -998.55034463943309, -1080.3118932954917, -1116.3848665532576, -1205.1941985656358, -1218.9646022569955, -1293.4270463036355, -1327.5620407991344, -1377.5256508802599, -1394.1004862012735, -1425.5891225790795, -1438.3241632078907, -1449.932268329587, -1459.6900393641251, -1482.0807953503706, -1490.3811148082357, -1517.4020830070363, -1520.640792661442, -1550.633755520646, -1559.6332580343519, -1572.648638632731, -1579.4130981973294, -1592.0954969544214, -1597.3798114650399, -1600.3534773634053, -1607.3457337545865, -1610.4014618445874, -1615.524654812222]
 -- BestCostElement: [-1615.52465481 -1615.52465481 -1615.52465481 -1615.52465481]
 -- BestRoute: [array([ 0, 10,  9,  7,  4,  5,  6,  8, 11, 12,  0]), array([ 1, 15, 13, 14, 18, 21, 22, 20, 19, 17, 16,  1]), array([ 2, 25, 26, 28, 29, 32, 31, 30, 27, 24,  2]), array([ 3, 42, 40, 41, 39, 38, 36, 35, 33, 34, 37,  3])]
 -- Custo: 
 ---------24.5366310572
 ---------23.8770543023
 ---------21.9706094575
 ---------20.73454148
 ---- Total: 91.1188362969
 -- Premio: 
 ---------49.0
 ---------48.0
 ---------53.0
 ---------48.0
 ---- Total: 198.0
 - Execucao 29
 -- BestCostGenaration: [-280.61658717242273, -440.03978117157413, -685.63599399491034, -797.92717744817378, -942.31849451577796, -994.70083982135998, -1060.4806615822749, -1155.6158657273811, -1196.5952806498049, -1216.5347246186818, -1308.5009975718322, -1332.2906510171226, -1342.3401263461549, -1364.3493191347586, -1374.3401263461549, -1383.052773425879, -1390.7551938723241, -1417.9822842308836, -1440.1480029329448, -1458.1330919230625, -1477.3693132803714, -1484.7662008029081, -1489.341450232221, -1508.7451081044178, -1528.5742381446416, -1541.0773638330618, -1550.9280870810987, -1568.0588166034024, -1579.6624882317253, -1583.5847342764412, -1593.1328848689129, -1598.1363203666697, -1608.9390158703682, -1609.1328848689129, -1609.9467594791872, -1610.9322701685733]
 -- BestCostElement: [-1610.93227017 -1610.93227017 -1610.93227017 -1610.93227017]
 -- BestRoute: [array([ 0,  6,  5,  4,  7,  9, 12, 10, 11,  8,  0]), array([ 1, 20, 22, 21, 18, 14, 15, 13, 16, 17, 19,  1]), array([ 2, 25, 23, 24, 27, 30, 31, 32, 29, 26, 28,  2]), array([ 3, 33, 34, 37, 42, 41, 35, 36, 38, 39, 40,  3])]
 -- Custo: 
 ---------20.5366310572
 ---------24.9547415328
 ---------23.9415494045
 ---------25.3340104633
 ---- Total: 94.7669324579
 -- Premio: 
 ---------49.0
 ---------48.0
 ---------54.0
 ---------48.0
 ---- Total: 199.0
