 - Execucao 0
 -- BestCostGenaration: [-257.1814272873749, -411.25274863879059, -624.95321436395807, -682.54178576789855, -799.03199217398492, -899.81444493146387, -978.74285523710853, -995.91056777322672, -1033.2397634898493, -1063.2200833549421, -1093.6382305377529, -1110.6548779428992, -1168.1200901927737, -1186.1793513167565, -1186.6648676706736, -1198.194938969285, -1251.0142386478274, -1264.2070132849051, -1288.7290800930482, -1292.099673731821, -1321.3669824117242, -1322.2874704483017, -1358.4934491100285, -1369.9192779930045, -1397.5292159613373, -1428.9955695075303, -1435.4061801356718, -1444.7923691937037, -1451.7062059451559, -1456.9868779038679, -1462.4870440151574, -1466.6994169802047, -1474.5656274458793, -1479.3972411348736, -1488.389497526055, -1488.9453917273454, -1514.1009815236334, -1533.8105044973827, -1535.6990483173809, -1535.9662080417056, -1537.9393162590136, -1538.8507154197332, -1539.3501556178994, -1542.2464430467166, -1542.3255023980651]
 -- BestCostElement: [-1542.3255024 -1542.3255024 -1542.3255024 -1542.3255024]
 -- BestRoute: [array([ 0, 10, 12, 24, 25, 26,  9,  7,  4,  5,  6,  8, 11,  0]), array([ 1, 15, 14, 13, 16, 17, 19, 20, 34, 33, 22, 21, 18,  1]), array([ 2, 29, 28, 32, 30, 37, 35, 36, 38, 39, 41, 40, 42, 27, 31,  2])]
 -- Custo: 
 ---------37.7054383757
 ---------31.9602058912
 ---------39.7529801336
 ---- Total: 109.4186244
 -- Premio: 
 ---------67.0
 ---------54.0
 ---------77.0
 ---- Total: 198.0
 - Execucao 1
 -- BestCostGenaration: [-242.757176769225, -478.49936015123421, -578.66874630938185, -693.08462894195395, -770.91148969274468, -818.4730187752848, -928.31094326832613, -930.94498292003777, -1003.7303983205043, -1015.5692757555399, -1020.5391217586669, -1092.6797792192533, -1097.6471271953383, -1148.6916752912314, -1183.7570100671728, -1186.6802788410444, -1231.4161047085859, -1234.1850695830587, -1272.3316200183012, -1306.5173515179629, -1323.2455215099849, -1326.4597690233918, -1334.5592300089695, -1350.064054983518, -1353.2691010357698, -1365.2981443972285, -1373.0812927480715, -1377.1192233395927, -1381.9520390695905, -1395.0077671595914, -1399.0605356724616, -1407.6409146620006, -1437.7950206363876, -1449.7362877785206, -1453.3584851671612, -1458.7285441697018, -1463.0525202769954, -1465.5064729112162, -1466.5116925205448, -1476.5705670235907, -1478.1142579236007, -1484.8285474325744]
 -- BestCostElement: [-1484.82854743 -1484.82854743 -1484.82854743 -1484.82854743]
 -- BestRoute: [array([ 0,  6,  5,  4,  7,  9, 12, 10, 11,  8,  0]), array([ 1, 18, 15, 13, 16, 17, 19, 20, 22, 35, 36, 38, 39, 40,  1]), array([ 2, 32, 29, 28, 26, 25, 23, 24, 33, 34, 37, 30, 27, 31,  2])]
 -- Custo: 
 ---------20.5366310572
 ---------39.1644365515
 ---------36.5917955331
 ---- Total: 96.2928631419
 -- Premio: 
 ---------49.0
 ---------72.0
 ---------66.0
 ---- Total: 187.0
 - Execucao 2
 -- BestCostGenaration: [-247.35695781215804, -427.6687169583131, -562.0770563947699, -712.24903542704033, -734.45775316311438, -777.27644542482449, -865.95854100713382, -883.91413378696029, -972.33663428906834, -1004.0485488055749, -1051.5785080433752, -1105.2751097711835, -1111.1911829466408, -1129.7681962039137, -1166.0815265793985, -1205.6833376826908, -1243.750406103585, -1257.8690174944725, -1293.750406103585, -1302.469881979323, -1318.3168754022247, -1339.3039485961003, -1356.3766244182452, -1377.3579883318137, -1394.110205447354, -1410.6311895317767, -1429.3174810327919, -1438.0592065223573, -1445.2417339383503, -1445.9168711916177, -1446.9241136448363, -1454.3724634606542, -1473.712462798117, -1482.5709296549728, -1495.4250884007668, -1505.4468201645991, -1511.8534376139264, -1513.4468201645991]
 -- BestCostElement: [-1513.44682016 -1513.44682016 -1513.44682016 -1513.44682016]
 -- BestRoute: [array([ 0,  6,  5,  4,  7,  9, 12, 10,  8, 17, 16, 20, 19, 11,  0]), array([ 1, 15, 13, 14, 18, 21, 22, 33, 35, 36, 38, 39, 41,  1]), array([ 2, 25, 26, 28, 29, 32, 27, 24, 34, 37, 40, 42, 30, 31,  2])]
 -- Custo: 
 ---------37.3756564092
 ---------39.2722642543
 ---------39.9903742953
 ---- Total: 116.638294959
 -- Premio: 
 ---------67.0
 ---------58.0
 ---------73.0
 ---- Total: 198.0
 - Execucao 3
 -- BestCostGenaration: [-262.20906382910084, -478.27896052428002, -570.15405789190277, -672.872553659446, -779.2689399396254, -794.69121513249036, -868.4960720639541, -942.59461473192493, -994.9620903856744, -1041.7202581557347, -1060.7426446661491, -1108.0848343739315, -1136.1677651956766, -1148.4581424333139, -1156.6060838780479, -1223.6050860596172, -1227.4678932747127, -1263.9073656157714, -1284.932435756014, -1300.1756597502704, -1312.8499538044732, -1325.962311614242, -1340.2968930639709, -1399.4648974357051, -1407.9037019710549, -1440.031301302723, -1458.5907579529371, -1462.5482725027937, -1478.9177811505078, -1496.5701194775843, -1500.5066477787645, -1505.9210088369109, -1507.9210088369109, -1514.6799587218338, -1521.9055216192733, -1523.4989041699455, -1523.5579423753916, -1530.8674480082427, -1531.9046307961639, -1533.2028520775107, -1533.9825898780182, -1539.3335796722354, -1540.1252213630771]
 -- BestCostElement: [-1540.12522136 -1540.12522136 -1540.12522136 -1540.12522136]
 -- BestRoute: [array([ 0,  5,  4,  7,  9,  6,  8, 16, 17, 11, 12, 10,  0]), array([ 1, 15, 13, 14, 18, 22, 35, 36, 38, 39, 41, 40, 37, 34, 19, 20,  1]), array([ 2, 32, 31, 30, 27, 24, 23, 25, 26, 28, 29,  2])]
 -- Custo: 
 ---------35.5220000882
 ---------39.9958499514
 ---------21.9508446196
 ---- Total: 97.4686946592
 -- Premio: 
 ---------55.0
 ---------84.0
 ---------54.0
 ---- Total: 193.0
 - Execucao 4
 -- BestCostGenaration: [-265.89281001739596, -487.51044370420163, -607.97033905247508, -712.02717196530853, -777.34348829825512, -857.5233251177275, -896.42922155178246, -914.20366404526112, -978.75738417635148, -1037.8396165211575, -1111.121956438368, -1128.5832219515169, -1211.6022506174302, -1226.4570490748438, -1248.6602611797225, -1256.2084117721938, -1270.5227160733643, -1274.1891789800347, -1286.537024948931, -1326.4406805008316, -1340.0512611009544, -1346.9982855339344, -1364.7873983183674, -1422.4343402347845, -1427.5165459991779, -1429.763535951407, -1438.049791913897, -1450.102560426767, -1457.2743170337158, -1468.6925074796827, -1469.6568638030938, -1474.2903867912387, -1475.9534474657974]
 -- BestCostElement: [-1475.95344747 -1475.95344747 -1475.50159806 -1475.50159806]
 -- BestRoute: [array([ 0, 10, 11,  8,  6,  5,  4,  7,  9, 25, 23, 24, 12,  0]), array([ 1, 21, 18, 14, 15, 13, 16, 17, 19, 34, 33, 22, 20,  1]), array([ 2, 26, 28, 29, 27, 31, 30, 37, 35, 36, 38, 39, 40,  2])]
 -- Custo: 
 ---------34.6656212617
 ---------31.4679746087
 ---------39.8780422631
 ---- Total: 106.011638134
 -- Premio: 
 ---------61.0
 ---------54.0
 ---------75.0
 ---- Total: 190.0
 - Execucao 5
 -- BestCostGenaration: [-240.13304938781476, -454.87325378595506, -664.06347971956211, -699.44445081558058, -774.61494187941707, -818.76507124476768, -864.54873182430106, -946.32903128631369, -1031.2446166603636, -1073.6309628603647, -1080.4187263984682, -1106.478018990261, -1124.4787408920661, -1155.9321789198002, -1166.7975331236296, -1219.4180471865775, -1244.9974980770639, -1258.2503111847063, -1275.4135396784557, -1313.7222311029043, -1328.499066227685, -1349.5654023498412, -1354.651182028942, -1390.4752309523244, -1393.465931109147, -1401.7110470823304, -1403.8482136297766, -1420.0403599071929, -1433.5785090807824, -1437.4975854185523, -1446.3579617770256, -1463.3777690867239, -1472.2708739089471, -1475.2615740657698, -1478.0213114110068, -1487.4623139345385, -1488.7605352158855, -1504.3012355661181, -1506.2384684077422, -1508.1005345533481]
 -- BestCostElement: [-1508.10053455 -1508.10053455 -1508.10053455 -1508.10053455]
 -- BestRoute: [array([ 0,  6,  5,  4,  7,  9, 10,  8, 16, 17, 11, 12,  0]), array([ 1, 15, 13, 14, 18, 22, 36, 38, 39, 41, 34, 33, 19, 20,  1]), array([ 2, 26, 25, 23, 24, 37, 40, 42, 30, 27, 31, 32, 28, 29,  2])]
 -- Custo: 
 ---------35.0498641332
 ---------39.4543676623
 ---------38.4706345662
 ---- Total: 112.974866362
 -- Premio: 
 ---------55.0
 ---------71.0
 ---------70.0
 ---- Total: 196.0
 - Execucao 6
 -- BestCostGenaration: [-209.12080846486379, -397.46514269911063, -529.84073046900721, -616.63817806950783, -702.16851324105187, -767.82014650183714, -806.34221330998037, -820.69467763216539, -899.00780144764985, -937.93979737399559, -968.08039237797402, -995.78741397636293, -1027.3789701148346, -1081.6387980184636, -1117.9196390550387, -1132.1503621285492, -1150.1134577917742, -1197.3743977778886, -1259.1584347920766, -1260.1544200475946, -1285.1584347920766, -1294.3147015943277, -1318.2439607601073, -1347.6319527635771, -1367.1949111119743, -1389.7176823719683, -1396.3651654821911, -1416.0053070866247, -1432.4376383626693, -1439.0038230403388, -1452.9616353570973, -1466.5484949971865, -1473.9743857888159, -1485.6157528206704, -1486.6234964294895, -1491.3570835868254, -1499.0926872597061, -1507.7119643916369, -1515.1440639754887, -1522.0055700728815, -1531.5940687102238, -1533.2416755732347, -1533.331374201181, -1534.502451768356, -1535.5101953771746, -1535.830906481071]
 -- BestCostElement: [-1535.83090648 -1535.83090648 -1535.83090648 -1535.83090648]
 -- BestRoute: [array([ 0,  6,  5,  4,  7,  9, 12, 20, 16, 17,  8, 11, 10,  0]), array([ 1, 13, 15, 18, 21, 35, 36, 38, 39, 41, 40, 37, 34, 33, 22, 19,  1]), array([ 2, 29, 28, 26, 25, 23, 24, 27, 30, 31, 32,  2])]
 -- Custo: 
 ---------37.2675269315
 ---------39.3239018286
 ---------21.9508446196
 ---- Total: 98.5422733797
 -- Premio: 
 ---------58.0
 ---------81.0
 ---------54.0
 ---- Total: 193.0
 - Execucao 7
 -- BestCostGenaration: [-248.00093301171447, -382.62604657322754, -562.43475259949537, -676.29362823767974, -741.56548524717584, -812.47460078283552, -873.59608617555887, -969.04237892096728, -1030.4561295465573, -1055.9637070440867, -1094.5888711331329, -1109.055867496787, -1168.0234036721617, -1235.4825828039702, -1256.1283352624105, -1266.7358525858192, -1286.6276783960379, -1290.5846695823582, -1321.7160585384213, -1330.2407439717567, -1346.9457307487162, -1364.9518484720199, -1369.7997759339196, -1393.9441048632011, -1411.3884196436397, -1437.4847640917392, -1457.3058430341036, -1462.1537704960033, -1476.5595424945786, -1481.8107774012874, -1491.3701253051433, -1498.7366023169986, -1499.0608521385188, -1500.556475651912, -1501.2972805499774, -1504.0578473706526, -1511.45551560371, -1511.7397868511719, -1516.1046262443836, -1521.6452854729216, -1522.2356080115728, -1529.6452854729216]
 -- BestCostElement: [-1529.64528547 -1529.64528547 -1529.64528547 -1529.64528547]
 -- BestRoute: [array([ 0,  8,  6,  5,  4,  7,  9, 12, 10, 11,  0]), array([ 1, 18, 15, 13, 16, 17, 19, 20, 22, 36, 38, 39, 41, 40, 34,  1]), array([ 2, 29, 28, 26, 25, 23, 24, 33, 37, 42, 30, 27, 31, 32,  2])]
 -- Custo: 
 ---------21.365058182
 ---------39.4536439205
 ---------36.7699765293
 ---- Total: 97.5886786318
 -- Premio: 
 ---------49.0
 ---------79.0
 ---------64.0
 ---- Total: 192.0
 - Execucao 8
 -- BestCostGenaration: [-275.21209618451996, -451.27536134476316, -579.30910549799194, -743.41278393345556, -784.84555079487427, -805.26821782080196, -867.26821782080196, -957.91621554016831, -971.22644969603959, -977.90435708193752, -1056.554181751397, -1088.9246868202245, -1111.371746803135, -1131.4427604495531, -1162.2322372454132, -1180.6864085635875, -1182.5127050624124, -1205.2062633843179, -1249.2075936392105, -1274.4353757640476, -1281.8444673738031, -1285.5273070256014, -1290.3788555991837, -1306.8065374924338, -1311.1496832429416, -1349.427559415516, -1369.2486383578803, -1373.3014068707507, -1388.3475619248311, -1405.8548108350292, -1415.4029614275005, -1421.3917823209249, -1432.2536414123811, -1434.8784438849648, -1441.245897803562, -1441.717607930339, -1444.3551675559343, -1449.8729797450917, -1461.8540449332556, -1469.6997206886385, -1469.8202221596071, -1470.080143174665, -1470.151570096167]
 -- BestCostElement: [-1470.1515701 -1470.1515701 -1470.1515701 -1470.1515701]
 -- BestRoute: [array([ 0,  6,  5,  4,  7,  9, 12, 10, 22, 20, 11,  8,  0]), array([ 1, 18, 15, 13, 16, 17, 19, 33, 34, 37, 35, 36, 38, 39,  1]), array([ 2, 27, 30, 40, 41, 42, 24, 23, 25, 26, 28, 29, 32, 31,  2])]
 -- Custo: 
 ---------37.2414568888
 ---------39.318785235
 ---------38.4018653522
 ---- Total: 114.962107476
 -- Premio: 
 ---------56.0
 ---------69.0
 ---------68.0
 ---- Total: 193.0
 - Execucao 9
 -- BestCostGenaration: [-257.34487692586833, -456.31995543919152, -611.12183701563458, -763.55547902571584, -831.44872560404428, -869.8277381613666, -932.01658641490189, -981.48590646438595, -1033.7554361563487, -1100.913298334166, -1123.4616559807873, -1156.0231090835928, -1178.4885948740603, -1200.4885948740603, -1220.7262534477941, -1275.7733847737491, -1289.2566782936428, -1301.7099130749295, -1303.7185018543073, -1307.4485791987511, -1316.2312341323411, -1327.7842335853252, -1349.2725766108165, -1352.5684274896769, -1365.6195077368529, -1382.7292614693868, -1391.4962189233406, -1400.8751851741706, -1412.1913908646302, -1424.2011244345883, -1433.1933808257695, -1443.2610047471746, -1446.5956611381316, -1452.2532611383558, -1459.4314156221963, -1462.3429247061486, -1464.7011529731367, -1471.8092634242912, -1475.8620319371614, -1477.5186219607697, -1478.8168432421166, -1486.8168432421166, -1487.8620319371614, -1490.6117951369965]
 -- BestCostElement: [-1490.61179514 -1490.61179514 -1490.61179514 -1490.61179514]
 -- BestRoute: [array([ 0,  7,  4,  5,  6,  8, 16, 17, 19, 11, 10, 12,  9,  0]), array([ 1, 15, 13, 14, 18, 20, 22, 33, 35, 36, 38, 39, 40,  1]), array([ 2, 29, 28, 26, 25, 23, 24, 34, 37, 41, 42, 27, 30, 31,  2])]
 -- Custo: 
 ---------34.6422232805
 ---------39.6739432908
 ---------38.0308846445
 ---- Total: 112.347051216
 -- Premio: 
 ---------64.0
 ---------63.0
 ---------67.0
 ---- Total: 194.0
 - Execucao 10
 -- BestCostGenaration: [-257.89065663135949, -432.37020013989638, -545.96388469812121, -742.39333702644535, -766.02669284649869, -815.78394322709801, -896.26461311477829, -946.94542710769247, -995.6634492555205, -1022.2716102924239, -1168.4665942238228, -1179.2058180287015, -1190.6767375396801, -1209.2203688808356, -1225.6047803231024, -1251.6534062783328, -1256.0756113801885, -1302.6267987742779, -1313.3660225791566, -1338.3421423835334, -1365.5350383338821, -1372.8754439505403, -1391.9797601305502, -1423.7532504093761, -1432.0791463417497, -1448.6006182626393, -1451.8090217625333, -1461.0491768436632, -1474.2323535726678, -1496.8186195764026, -1498.0843435942054, -1506.3667701688742, -1508.3233447623377, -1512.2025454760021, -1516.5456912265097, -1517.8714953548092, -1521.4328512339594, -1534.0236244183666, -1536.2409319437947, -1543.2539301763238, -1546.4101044593483]
 -- BestCostElement: [-1546.41010446 -1546.41010446 -1546.41010446 -1546.41010446]
 -- BestRoute: [array([ 0,  6,  5,  4,  7,  9, 10,  8, 13, 16, 11, 12,  0]), array([ 1, 18, 21, 35, 36, 38, 39, 41, 40, 42, 37, 34, 33, 22, 20, 19, 17,
       15,  1]), array([ 2, 26, 25, 23, 24, 27, 30, 31, 32, 28, 29,  2])]
 -- Custo: 
 ---------38.3773642444
 ---------38.8014360855
 ---------23.7186735553
 ---- Total: 100.897473885
 -- Premio: 
 ---------58.0
 ---------83.0
 ---------54.0
 ---- Total: 195.0
 - Execucao 11
 -- BestCostGenaration: [-220.74585651063737, -408.39430053615274, -594.71989072288443, -677.53421678802522, -721.76440608559278, -774.16692436703784, -942.67270084992992, -959.46943302380532, -996.39302930448343, -1040.686069810379, -1053.6074201601723, -1072.7422763100362, -1096.7374429776892, -1135.918205395157, -1171.4093429968636, -1183.6541650148497, -1238.5322092264068, -1248.8755187679076, -1262.376949351966, -1302.7713723981528, -1352.325884293122, -1387.2129791442981, -1392.2140774862128, -1420.6505261701554, -1424.7010114165512, -1427.1007194616836, -1448.0946318802719, -1472.0262505684923, -1487.2121108128611, -1508.140544878315, -1514.0611551433735, -1517.5815474018466, -1518.284172217529, -1526.3256170282684, -1543.9089004985447, -1548.3311056004006, -1551.4029357608308, -1552.0981766776358, -1557.5292298621816, -1574.379909847062]
 -- BestCostElement: [-1574.37990985 -1574.37990985 -1574.37990985 -1574.37990985]
 -- BestRoute: [array([ 0,  7,  4,  5,  6,  8, 11, 10, 12,  9,  0]), array([ 1, 18, 15, 13, 16, 17, 19, 33, 34, 37, 40, 41, 39, 38, 36, 35, 22,
       20,  1]), array([ 2, 25, 23, 24, 27, 30, 31, 32, 29, 28, 26,  2])]
 -- Custo: 
 ---------22.1289902045
 ---------39.0705509067
 ---------22.705481427
 ---- Total: 83.9050225382
 -- Premio: 
 ---------49.0
 ---------88.0
 ---------54.0
 ---- Total: 191.0
 - Execucao 12
 -- BestCostGenaration: [-240.20028268415189, -440.86210978717759, -549.94868866721652, -668.77795023307567, -725.62681891795478, -836.34061249772776, -898.16971259241188, -924.65939222331508, -967.3470048734689, -1014.1803350213672, -1061.9224293174407, -1071.7507200059933, -1081.8216608429341, -1116.2932507516327, -1123.8267233935962, -1131.6342506796263, -1208.0353726984767, -1208.379769247171, -1234.2779110805586, -1237.766547546958, -1260.4885441313945, -1271.0394785208691, -1285.7606385636559, -1305.4792990006536, -1331.600696835465, -1337.9299708978456, -1356.9213271177475, -1368.9205565153609, -1381.6952597640015, -1387.2707170080207, -1399.143539006348, -1417.7610891901397, -1418.7261179361803, -1421.4983377394183, -1427.3633432439196, -1450.324648713186, -1464.6002195665001, -1477.4406366799908, -1483.0068370158274, -1491.9990934070083, -1496.4316713998139, -1499.6931285168425, -1511.0428129149955, -1512.9118763385418, -1513.4241494138673, -1528.6097629820115, -1532.7641487513301, -1533.9350660433038, -1534.3723828770619]
 -- BestCostElement: [-1534.37238288 -1534.37238288 -1534.37238288 -1534.37238288]
 -- BestRoute: [array([ 0, 10,  8,  6,  5,  4,  7,  9, 12, 11,  0]), array([ 1, 14, 15, 13, 16, 17, 19, 33, 34, 35, 38, 36, 22, 20, 18,  1]), array([ 2, 25, 23, 24, 37, 39, 41, 40, 42, 30, 27, 31, 29, 28, 26,  2])]
 -- Custo: 
 ---------23.4295532842
 ---------38.1804997933
 ---------39.7968512032
 ---- Total: 101.406904281
 -- Premio: 
 ---------49.0
 ---------65.0
 ---------80.0
 ---- Total: 194.0
 - Execucao 13
 -- BestCostGenaration: [-231.94944329267605, -407.23114309798763, -590.20340533656827, -671.26012483975569, -741.99048570782088, -860.95201750392289, -890.06933933742027, -946.88813044569793, -998.19743010663149, -1034.5789248909014, -1095.7155337054317, -1109.8992387947555, -1142.7689986736996, -1147.3197344437026, -1184.479046082902, -1191.1544566457994, -1217.94603359641, -1249.4656411068795, -1267.9028526964116, -1321.3318270724508, -1321.8410586624532, -1330.6626952858749, -1345.2962182740198, -1364.1082317376713, -1418.7307009129595, -1425.4813540164307, -1433.7746707382526, -1439.6437341617991, -1446.2937994463398, -1451.1373183622868, -1457.3826506029268, -1467.0880286103297, -1482.7049493512104, -1484.3132798427919, -1490.2308670242489, -1490.9406968407613, -1498.8536868264446, -1499.1443694116606]
 -- BestCostElement: [-1499.14436941 -1499.14436941 -1499.14436941 -1499.14436941]
 -- BestRoute: [array([ 0, 11,  8,  6,  5,  4,  7,  9, 10, 12,  0]), array([ 1, 13, 15, 18, 22, 35, 36, 38, 39, 41, 40, 37, 34, 33, 19, 17,  1]), array([ 2, 31, 30, 27, 24, 23, 25, 26, 29, 32, 28,  2])]
 -- Custo: 
 ---------24.5366310572
 ---------39.5378167626
 ---------26.1394598272
 ---- Total: 90.2139076471
 -- Premio: 
 ---------49.0
 ---------83.0
 ---------54.0
 ---- Total: 186.0
 - Execucao 14
 -- BestCostGenaration: [-256.92021238788459, -429.83810911497392, -568.20668770886857, -637.35173811020059, -767.92541161613667, -816.12870959072529, -904.70234075723749, -930.04767577609869, -978.12224426936416, -1028.9286384430907, -1102.9286384430907, -1169.2981870411938, -1199.6541774535067, -1207.4677447000299, -1239.0915375504214, -1272.0621002988985, -1297.9399070347354, -1300.9595178777447, -1340.9055194262319, -1350.5995545360661, -1370.4037538174273, -1375.368251786017, -1382.753798006195, -1395.5827275086274, -1414.8061798981284, -1425.0865114309299, -1428.9117473431015, -1430.3195705993999, -1441.1481841688542, -1448.5947370543729, -1457.9606734053705, -1464.8976781288122, -1471.2644243805444, -1472.6808264796555, -1473.0456658728672, -1480.0425194598222, -1496.264686157687, -1496.9304896234494, -1498.5489574051489, -1505.3142078226215, -1506.6124291039687]
 -- BestCostElement: [-1506.6124291 -1506.6124291 -1506.6124291 -1506.6124291]
 -- BestRoute: [array([ 0,  4,  5,  6,  8, 16, 17, 11, 10, 12,  9,  7,  0]), array([ 1, 15, 13, 14, 18, 22, 20, 19, 33, 35, 36, 38, 39,  1]), array([ 2, 32, 31, 27, 30, 42, 40, 41, 37, 34, 24, 25, 26, 28, 29,  2])]
 -- Custo: 
 ---------33.6554154087
 ---------39.9280734957
 ---------39.7634038197
 ---- Total: 113.346892724
 -- Premio: 
 ---------55.0
 ---------64.0
 ---------77.0
 ---- Total: 196.0
 - Execucao 15
 -- BestCostGenaration: [-342.91309660494187, -510.93651419818968, -589.69603650814918, -664.27044886854628, -741.85604549605773, -857.1829807442233, -909.73552261535428, -944.33664035263098, -997.50187730731386, -1020.6258607702067, -1053.3085489137968, -1060.6133453677605, -1123.5601431314074, -1130.6541517386822, -1157.7626483415534, -1209.585138729974, -1252.5132024828556, -1268.4627203857481, -1289.6606921490593, -1320.9646022569955, -1344.2500793114282, -1350.5549570991454, -1362.3724255132938, -1368.5080597204121, -1411.6528472799887, -1415.8739974555385, -1424.8595081449248, -1436.3245414670025, -1454.6992105870613, -1464.1600525482465, -1464.6987620876766, -1482.3387234138654, -1493.8211515526987, -1496.1556369721286, -1513.1259106358939, -1519.9614788888721, -1520.9692224976907, -1521.5776602548085, -1526.638172376498]
 -- BestCostElement: [-1526.63817238 -1526.63817238 -1526.63817238 -1526.63817238]
 -- BestRoute: [array([ 0,  7,  4,  5,  6,  8, 17, 16, 20, 11, 10,  9, 12,  0]), array([ 1, 13, 15, 18, 21, 35, 36, 38, 39, 41, 40, 37, 34, 33, 22, 19,  1]), array([ 2, 25, 23, 24, 27, 30, 31, 32, 29, 28, 26,  2])]
 -- Custo: 
 ---------38.8110736502
 ---------39.3239018286
 ---------22.705481427
 ---- Total: 100.840456906
 -- Premio: 
 ---------58.0
 ---------81.0
 ---------54.0
 ---- Total: 193.0
 - Execucao 16
 -- BestCostGenaration: [-273.61866017469117, -386.17807409760871, -608.97285377504738, -700.1394561739047, -763.96588742531958, -808.92646553947054, -880.63306277963989, -937.85031926397471, -990.78916260449432, -1016.9888261526312, -1100.0358774670203, -1125.0827288193295, -1163.0867219981437, -1191.8815008842989, -1192.7402639907293, -1230.0791652050693, -1244.9456863412938, -1245.0744227881034, -1285.206518123603, -1295.8833852156306, -1327.2286917318208, -1341.5203817386198, -1369.5731502514902, -1378.6782268202821, -1386.6991999711331, -1388.6533971117722, -1407.7228352908801, -1426.2796041506108, -1433.0133498382907, -1438.2185893395877, -1457.422526893175, -1464.15765549405, -1476.8504796703933, -1486.6320017504866, -1488.3200697804969, -1501.0235460018826, -1511.0824205049282, -1515.1652999221014, -1517.9592072081314, -1521.4910789952205, -1527.4046642004764, -1531.2087323982453, -1537.1978423763815, -1538.2598632924721, -1557.5998626299347, -1558.7493464360477, -1559.9058275201007, -1573.0288788425569]
 -- BestCostElement: [-1573.02887884 -1573.02887884 -1573.02887884 -1573.02887884]
 -- BestRoute: [array([ 0,  6,  5,  4,  7,  9, 12, 11, 10,  8,  0]), array([ 1, 22, 33, 35, 38, 36, 21, 18, 14, 15, 13, 16, 17, 19, 20,  1]), array([ 2, 29, 28, 26, 25, 23, 24, 34, 37, 39, 41, 40, 42, 30, 31, 27,  2])]
 -- Custo: 
 ---------21.365058182
 ---------36.9547415328
 ---------38.4229805746
 ---- Total: 96.7427802894
 -- Premio: 
 ---------49.0
 ---------63.0
 ---------84.0
 ---- Total: 196.0
 - Execucao 17
 -- BestCostGenaration: [-232.2998176380724, -401.02061961405946, -568.68544360185001, -677.274304943061, -735.71753270585623, -905.47559924843608, -916.71816638943449, -1009.5455489006742, -1033.3828451261993, -1068.5309193176813, -1116.8563492338137, -1143.7161476929944, -1172.5816563218441, -1217.3062019228532, -1237.8311210425904, -1248.6666892955689, -1252.307416615804, -1263.3002122837138, -1288.3373667241065, -1312.8594335322496, -1326.5668276778747, -1341.3273944985499, -1348.5579857271409, -1348.7640889110198, -1358.6850295596714, -1364.7113203981494, -1368.2331801521427, -1379.054466148657, -1389.1133406517026, -1392.6352004056962, -1400.4183487565392, -1407.6731827524784, -1408.0380221456899, -1408.899991256706, -1416.6831396075493, -1417.6011206790704, -1424.3447778887301, -1446.9310661268726, -1447.295905520084]
 -- BestCostElement: [-1447.29590552 -1447.29590552 -1447.29590552 -1447.29590552]
 -- BestRoute: [array([ 0, 10, 12,  9,  7,  4,  5,  6,  8, 11, 19,  0]), array([ 1, 18, 14, 15, 13, 16, 17, 20, 22, 36, 38, 39, 40,  1]), array([ 2, 25, 26, 28, 29, 32, 30, 27, 24, 33, 34, 37, 31,  2])]
 -- Custo: 
 ---------32.4874916542
 ---------39.8462916167
 ---------38.3422403491
 ---- Total: 110.67602362
 -- Premio: 
 ---------58.0
 ---------66.0
 ---------65.0
 ---- Total: 189.0
 - Execucao 18
 -- BestCostGenaration: [-268.89666393003415, -418.30929548480913, -546.44764314032932, -649.58927964812733, -699.06941532985752, -799.15228120889662, -839.97994346389487, -877.30387817894666, -938.31523282023591, -974.58677634981291, -1027.0029381122447, -1052.0790248947121, -1084.3154913654198, -1139.8675332104242, -1178.9859873371061, -1202.3889252593178, -1222.9449465288349, -1238.8876260109264, -1267.1680457247526, -1279.2984395443743, -1299.51583386177, -1316.6035487827912, -1332.4488107314996, -1367.9524419540953, -1371.8592819292423, -1390.4198337867201, -1398.4185295977272, -1429.7392353746525, -1431.9757822760366, -1460.9514000267109, -1462.1203201870469, -1476.2216178211149, -1499.9802331726808, -1500.9869686734785, -1510.5351192659498, -1515.105170555275, -1515.1973336439594, -1525.8815584650724, -1543.3594916569291, -1544.7037221633623, -1546.029526291662]
 -- BestCostElement: [-1546.02952629 -1546.02952629 -1546.02952629 -1546.02952629]
 -- BestRoute: [array([ 0,  6,  5,  4,  7,  9, 12, 19, 20, 16, 17, 11, 10,  8,  0]), array([ 1, 15, 13, 14, 18, 21, 35, 36, 38, 39, 41, 40, 42, 37, 22,  1]), array([ 2, 30, 34, 33, 24, 23, 25, 26, 28, 29, 32, 31, 27,  2])]
 -- Custo: 
 ---------37.2832096052
 ---------37.9439489079
 ---------35.765459914
 ---- Total: 110.992618427
 -- Premio: 
 ---------67.0
 ---------72.0
 ---------60.0
 ---- Total: 199.0
 - Execucao 19
 -- BestCostGenaration: [-241.17522864926974, -499.96197939301049, -692.37773824434566, -727.86200230414897, -767.54071398733856, -867.68712623566012, -890.71917976017357, -998.41123512312765, -1024.626240663466, -1050.202264306072, -1095.6697794117708, -1118.9649426086755, -1164.8840545598478, -1170.2720409748117, -1191.148465753846, -1258.2423599640535, -1275.1795711514169, -1319.5702874911326, -1335.9333685990809, -1361.7120220029481, -1371.8237735657021, -1405.3457337545865, -1407.4414853733392, -1452.9010151478633, -1460.0274915412197, -1466.7794500407554, -1494.2748321203562, -1510.7264179482784, -1518.539208863067, -1535.0172843688422, -1535.9575631000275, -1550.8451737532328, -1555.6671858623902, -1563.524654812222, -1573.1072337420544, -1576.0967025618725, -1585.9852463818706, -1588.0898921198464, -1590.8072584910278, -1592.5479860735695, -1598.2169359523764]
 -- BestCostElement: [-1598.21693595 -1598.21693595 -1598.21693595 -1598.21693595]
 -- BestRoute: [array([ 0,  8,  6,  5,  4,  7,  9, 12, 10, 11,  0]), array([ 1, 15, 13, 16, 17, 19, 20, 22, 33, 34, 37, 40, 41, 39, 38, 36, 35,
       21, 18,  1]), array([ 2, 29, 28, 26, 25, 23, 24, 27, 30, 31, 32,  2])]
 -- Custo: 
 ---------21.365058182
 ---------39.6298632103
 ---------21.9508446196
 ---- Total: 82.9457660119
 -- Premio: 
 ---------49.0
 ---------90.0
 ---------54.0
 ---- Total: 193.0
 - Execucao 20
 -- BestCostGenaration: [-244.47350744416579, -433.00514055313084, -617.50901611834115, -656.7088722171934, -728.52397544650421, -773.58836704448731, -854.87344612768948, -944.10881752547584, -977.59854100573068, -1027.5934897023892, -1086.9174787656345, -1121.4291161097883, -1166.3873434565076, -1171.0198296285059, -1183.807166081587, -1231.0589309183238, -1245.5820352883684, -1269.1151606752508, -1270.3778654082325, -1288.380949000355, -1302.9561167903007, -1312.6527322178283, -1316.3880457619871, -1342.2088334732684, -1362.0299124156329, -1369.6423252521583, -1379.7395351779955, -1389.5001452618276, -1394.2006411655448, -1396.3703056431596, -1402.2505233144539, -1402.9174583286074, -1405.4554277215268, -1417.078454577872, -1418.2616019861389, -1427.7603126741064, -1432.2527351765771, -1433.9103802789436, -1434.8063170808532]
 -- BestCostElement: [-1434.80631708 -1434.80631708 -1434.80631708 -1434.80631708]
 -- BestRoute: [array([ 0,  4,  5,  6,  8, 10, 11, 17, 20, 16, 13, 19,  0]), array([ 1, 15, 18, 22, 33, 34, 37, 35, 36, 38, 39, 40, 41,  1]), array([ 2, 32, 30, 27, 24, 12,  9, 23, 25, 26, 28, 29, 31,  2])]
 -- Custo: 
 ---------39.4044174195
 ---------38.6473057822
 ---------38.2466975282
 ---- Total: 116.29842073
 -- Premio: 
 ---------61.0
 ---------63.0
 ---------66.0
 ---- Total: 190.0
 - Execucao 21
 -- BestCostGenaration: [-231.76653031268728, -444.49808757563244, -576.28560333439395, -658.53045475329782, -733.50928209744575, -830.87303205742489, -884.20063146651967, -933.29431236923051, -982.51849166219495, -1051.0879356290363, -1082.4939233714852, -1105.5679893758918, -1156.7075243550894, -1157.6573870368597, -1196.0974429188495, -1211.6620699934376, -1222.4451461150388, -1237.2237461334403, -1246.279180099657, -1275.9375350441387, -1282.7262651578289, -1311.2746228044502, -1334.2024661763714, -1345.4864969072394, -1372.4791469889647, -1384.8007025697641, -1410.7702845569063, -1429.1585624770014, -1437.3378989017758, -1450.1968416792581, -1463.0628102119713, -1476.4953132635485, -1484.1323281639807, -1495.8153094609577, -1505.9209098428007, -1513.7257107146534, -1521.65187562096, -1531.2000262134313, -1542.2660172634151, -1545.193746788425, -1546.7871293390976]
 -- BestCostElement: [-1546.78712934 -1546.78712934 -1546.78712934 -1546.78712934]
 -- BestRoute: [array([ 0,  9,  7,  4,  5,  6,  8, 17, 16, 20, 19, 11, 12, 10,  0]), array([ 1, 15, 13, 14, 18, 22, 33, 35, 36, 38, 39, 41, 40, 37, 34,  1]), array([ 2, 24, 23, 25, 26, 28, 29, 32, 30, 31, 27,  2])]
 -- Custo: 
 ---------37.3756564092
 ---------39.3235364781
 ---------24.1040247779
 ---- Total: 100.803217665
 -- Premio: 
 ---------67.0
 ---------74.0
 ---------54.0
 ---- Total: 195.0
 - Execucao 22
 -- BestCostGenaration: [-245.52013293992516, -424.0636558770193, -561.80384922761277, -652.28797647548004, -701.0640556956107, -795.22964210035184, -887.5507354403378, -920.11743959720525, -985.36712465695973, -1042.5707396980979, -1061.1054478675032, -1071.8461490178454, -1104.7181196087786, -1114.3445159076323, -1212.143194501421, -1238.4170978628586, -1262.4170978628586, -1292.3224516331234, -1312.5458364265978, -1314.5237321627499, -1333.6543330294689, -1356.5524881310337, -1365.4135289566443, -1389.5794555114007, -1402.2742195476485, -1433.6374714107956, -1434.3889546359824, -1453.3968324245002, -1459.2326077316279, -1463.4113440997203, -1467.1455198635492, -1473.3827503592793, -1478.4153796541593, -1490.3124896955078, -1497.3451189903881, -1498.0131707507849, -1502.9056287917806, -1511.039418326106, -1513.4988042883037, -1516.0208710964471, -1516.9179660658504, -1518.7754183279703, -1520.9707345787208]
 -- BestCostElement: [-1520.97073458 -1520.97073458 -1520.97073458 -1520.97073458]
 -- BestRoute: [array([ 0,  4,  5,  6,  8, 14, 16, 17, 11, 10, 12,  9,  0]), array([ 1, 13, 15, 18, 33, 34, 37, 40, 41, 39, 38, 36, 22, 20, 19,  1]), array([ 2, 26, 28, 29, 32, 31, 30, 27, 24, 23, 25,  2])]
 -- Custo: 
 ---------39.9179495381
 ---------39.6338853902
 ---------22.705481427
 ---- Total: 102.257316355
 -- Premio: 
 ---------58.0
 ---------81.0
 ---------54.0
 ---- Total: 193.0
 - Execucao 23
 -- BestCostGenaration: [-234.87830250778714, -468.57944463822196, -581.6336657508698, -630.61212355658824, -732.4699833842119, -783.09178005579611, -815.26315566822518, -903.10462075569262, -1009.8837723735453, -1011.8744292672113, -1034.6093850318534, -1124.2097870948739, -1156.3430585471294, -1180.6443391942203, -1223.9486158798186, -1259.1828381182154, -1310.1079706923638, -1325.6063157735666, -1345.156620231066, -1356.6397081002342, -1384.1275184172753, -1420.5357013909043, -1437.476860471091, -1469.4447378815453, -1474.2914981393128, -1477.9089857764748, -1498.3285354766965, -1503.8846415493551, -1511.2563788486177, -1520.9504139584519, -1534.7262035102342, -1542.4945139397284, -1543.685071903355, -1551.0176864736807, -1559.9089754327654, -1569.4571260252369, -1569.8831239893741, -1574.9666352428603, -1581.2723998164934, -1594.6233896107108, -1594.7828302718945]
 -- BestCostElement: [-1594.78283027 -1594.78283027 -1594.78283027 -1594.78283027]
 -- BestRoute: [array([ 0,  8,  6,  5,  4,  7,  9, 12, 19, 20, 17, 11, 10,  0]), array([ 1, 16, 13, 15, 14, 18, 21, 35, 36, 38, 39, 41, 40, 42, 37, 34, 33,
       22,  1]), array([ 2, 25, 26, 28, 29, 32, 31, 30, 27, 24, 23,  2])]
 -- Custo: 
 ---------35.5351455075
 ---------39.9040887426
 ---------23.365058182
 ---- Total: 98.804292432
 -- Premio: 
 ---------65.0
 ---------80.0
 ---------54.0
 ---- Total: 199.0
 - Execucao 24
 -- BestCostGenaration: [-273.13236156578466, -407.96554624245459, -577.72517577848737, -679.29464451957665, -730.15434139584943, -776.12404145771575, -920.51719179258509, -947.4903665612369, -958.04322703263335, -1061.9671121564563, -1070.5419474774699, -1112.05055158094, -1134.1283892531965, -1155.7303399734742, -1173.8323366961058, -1196.9828565561229, -1220.523515784661, -1268.8980641434321, -1269.8267484009025, -1300.9333043976999, -1303.3483602900292, -1316.5110992958439, -1323.4581237288239, -1342.1416627068584, -1351.0922043980258, -1361.9455598106892, -1361.9627416492226, -1378.8134216341032, -1382.7019654541014, -1383.2356267359592, -1388.5072393479143, -1403.0736729441608, -1422.5227265655521, -1439.8217386997731, -1442.3438055079164, -1450.4530093397125, -1460.2992780901591, -1463.1907814872879, -1465.8770729883031, -1472.0470239180122, -1488.3684760258157, -1488.9021373076735, -1489.3539867152019, -1498.9021373076735, -1499.6945896853599, -1500.8510707694131]
 -- BestCostElement: [-1500.85107077 -1500.85107077 -1500.85107077 -1500.85107077]
 -- BestRoute: [array([ 0,  9,  7,  4,  5,  6,  8, 11, 10, 12, 23, 24, 27,  0]), array([ 1, 18, 14, 15, 13, 16, 17, 19, 20, 22, 33, 35, 36, 38, 39,  1]), array([ 2, 25, 26, 28, 29, 32, 42, 40, 41, 37, 34, 30, 31,  2])]
 -- Custo: 
 ---------38.7169709447
 ---------39.8990134427
 ---------38.6712479202
 ---- Total: 117.287232308
 -- Premio: 
 ---------64.0
 ---------70.0
 ---------63.0
 ---- Total: 197.0
 - Execucao 25
 -- BestCostGenaration: [-269.83936074830802, -458.75785424379552, -599.79793787407948, -688.79857483775595, -773.11229770875957, -874.30324086856535, -877.8860562268485, -923.41271477915745, -978.93313024025974, -1022.4626363390133, -1028.2474663142607, -1104.6754299805318, -1131.5251063496153, -1221.7490796365867, -1244.0543399863088, -1273.6208737462321, -1301.1562088960857, -1345.6929239114343, -1367.4591531539982, -1376.7365182509916, -1384.9714196435136, -1391.2058617370003, -1417.164829343023, -1425.8754655827365, -1426.1496743479643, -1434.8677219739177, -1453.8400145604028, -1469.470577971417, -1488.775337054612, -1501.8680770862964, -1502.1898798210075, -1504.748336548025, -1507.7606773526179, -1535.6235966648605, -1545.0602910773302, -1551.7620697959833, -1553.0602910773302, -1554.6536736280029]
 -- BestCostElement: [-1554.65367363 -1554.65367363 -1554.65367363 -1554.65367363]
 -- BestRoute: [array([ 0,  8, 16, 17, 11, 10, 12,  9,  7,  4,  5,  6,  0]), array([ 1, 15, 13, 14, 18, 21, 36, 38, 39, 41, 40, 33, 22, 20, 19,  1]), array([ 2, 32, 29, 28, 26, 25, 23, 24, 34, 37, 42, 30, 27, 31,  2])]
 -- Custo: 
 ---------31.0498641332
 ---------39.565368108
 ---------35.7213493517
 ---- Total: 106.336581593
 -- Premio: 
 ---------55.0
 ---------77.0
 ---------66.0
 ---- Total: 198.0
 - Execucao 26
 -- BestCostGenaration: [-252.8448408744338, -405.19132788773538, -535.55430377612561, -658.59659435107244, -721.97303657787415, -788.87702551383859, -890.03248600718871, -917.79828605242938, -993.84172826416557, -1011.2558358593051, -1048.1112546851382, -1096.8798532020833, -1143.7936090681401, -1159.7936090681401, -1190.7810814276329, -1195.4504633176325, -1206.3139221061238, -1251.5364356173866, -1269.1656476949593, -1302.3755022283156, -1324.3755022283156, -1337.1616553470249, -1357.9245274792272, -1377.8300825931572, -1382.5906494138324, -1394.8460257203428, -1402.7516908460993, -1418.9310906269757, -1431.3029878516156, -1438.0418610295869, -1444.5651879177692, -1456.5497458908674, -1459.9006352501938, -1464.8251751875955, -1466.6395084281648, -1482.2139498591146, -1485.9795077656277, -1486.1779092197153, -1487.3343903037685, -1487.5728903163003]
 -- BestCostElement: [-1487.57289032 -1487.57289032 -1487.57289032 -1487.57289032]
 -- BestRoute: [array([ 0,  6,  5,  4,  7,  9, 12, 10, 11,  8, 16, 17, 19,  0]), array([ 1, 15, 13, 14, 18, 20, 22, 33, 34, 35, 36, 38, 39,  1]), array([ 2, 25, 26, 28, 29, 23, 24, 37, 41, 40, 42, 30, 27, 31,  2])]
 -- Custo: 
 ---------35.5666177255
 ---------38.5499831134
 ---------38.9901765821
 ---- Total: 113.106777421
 -- Premio: 
 ---------64.0
 ---------59.0
 ---------71.0
 ---- Total: 194.0
 - Execucao 27
 -- BestCostGenaration: [-253.15174733502457, -461.3188723800863, -524.60619211335347, -710.98450090914309, -789.4755430505395, -847.93727304896652, -936.48589028261028, -956.30696922497475, -994.36611736642647, -1044.4797794143942, -1060.48188532222, -1093.9686748808617, -1167.9102903149828, -1174.2250283117523, -1204.4038280909749, -1227.9366548545549, -1259.7278578165897, -1265.6100000792021, -1292.7466552382657, -1306.7271748418136, -1309.9321796837776, -1336.5482537841781, -1339.1493799436696, -1356.1308327140105, -1358.731958873502, -1359.5675271264804, -1368.2801094659735, -1372.0779004101469, -1372.8728090418699, -1376.518859670522, -1376.9285803950274, -1379.7939567446715, -1389.3246584493986]
 -- BestCostElement: [-1389.32465845 -1389.32465845 -1389.32465845 -1389.32465845]
 -- BestRoute: [array([ 0,  9,  7,  4,  5,  6,  8, 10, 11, 17, 16, 15, 19,  0]), array([ 1, 13, 18, 22, 33, 34, 37, 40, 41, 38, 39,  1]), array([ 2, 27, 30, 24, 12, 23, 25, 26, 28, 29, 32, 31,  2])]
 -- Custo: 
 ---------37.9017052166
 ---------39.2144712612
 ---------30.5526589099
 ---- Total: 107.668835388
 -- Premio: 
 ---------62.0
 ---------58.0
 ---------62.0
 ---- Total: 182.0
 - Execucao 28
 -- BestCostGenaration: [-221.7221678593661, -443.20766149752342, -576.68401096984269, -722.47176886316424, -750.68111746254681, -865.75483962630005, -894.82282844018334, -954.66879464570809, -1025.5383608384584, -1069.1457163844709, -1119.5715326924342, -1161.2038452253782, -1205.0603004844725, -1219.9593404362704, -1238.0077004031878, -1254.8284497192922, -1288.8584256673973, -1299.1527508045199, -1335.4642013241751, -1341.2714571760873, -1352.9514356327775, -1357.5436113024309, -1365.0662452799736, -1375.7944152719956, -1401.9867920385614, -1406.4089971404173, -1407.0843986195687, -1411.886930332274, -1415.0318169426127, -1418.8791867234552, -1423.4492380127804, -1427.5020065256508]
 -- BestCostElement: [-1427.50200653 -1427.50200653 -1427.50200653 -1427.50200653]
 -- BestRoute: [array([ 0,  8,  6,  5,  4,  7,  9, 12, 10, 11,  0]), array([ 1, 15, 13, 16, 17, 19, 34, 37, 40, 41, 38, 39, 18,  1]), array([ 2, 24, 23, 25, 26, 28, 29, 32, 31, 30, 27,  2])]
 -- Custo: 
 ---------21.365058182
 ---------39.6106851443
 ---------22.1487550423
 ---- Total: 83.1244983686
 -- Premio: 
 ---------49.0
 ---------73.0
 ---------54.0
 ---- Total: 176.0
 - Execucao 29
 -- BestCostGenaration: [-274.85520555101118, -474.90656900372517, -619.73941644297895, -672.77694533905242, -727.41477260215902, -789.74906529634438, -856.08613195112264, -948.51454574098648, -1047.340161590771, -1098.1208048252206, -1104.8194658148784, -1171.5578379925937, -1208.1038395798748, -1255.7358556635686, -1298.0310169328941, -1322.6416662458339, -1332.0602432174828, -1371.3476608779897, -1403.4055479111398, -1442.3514847276251, -1468.5784035287429, -1483.2572836435183, -1502.5620427267136, -1509.7698866179712, -1519.5891683274997, -1531.6649914502214, -1534.2930085048727, -1539.4872097259963, -1540.7854310073433, -1543.5399782388668, -1544.8381995202137, -1545.7352944896172]
 -- BestCostElement: [-1545.73529449 -1545.73529449 -1545.73529449 -1545.73529449]
 -- BestRoute: [array([ 0,  4,  5,  6,  8, 14, 16, 17, 11, 10, 12,  9,  0]), array([ 1, 13, 15, 18, 21, 36, 38, 39, 41, 40, 37, 34, 33, 19, 20, 22,  1]), array([ 2, 32, 31, 30, 27, 24, 23, 25, 26, 28, 29,  2])]
 -- Custo: 
 ---------39.9179495381
 ---------39.1973822199
 ---------21.9508446196
 ---- Total: 101.066176378
 -- Premio: 
 ---------58.0
 ---------83.0
 ---------54.0
 ---- Total: 195.0
