 - Execucao 0
 -- BestCostGenaration: [-241.79088991757595, -385.01960496226206, -519.74319592387656, -695.90061017472249, -853.02960369636071, -889.91539432463833, -971.15664752889097, -1078.0285865053056, -1082.909990822038, -1126.909990822038, -1159.5260196431097, -1172.5139127676669, -1200.1869720877312, -1202.6627587897392, -1221.8740139000724, -1254.6717615810894, -1273.3424202388405, -1284.8780697662492, -1320.7617109543016, -1343.130356690413, -1359.7539673454828, -1368.0443445831199, -1387.8654235254844, -1399.1267141385065, -1418.7197460622715, -1429.5485686134548, -1446.3992485983351, -1455.3915049895163, -1456.1385156663705, -1472.0777964905315, -1481.5441352086739]
 -- BestCostElement: [-1481.54413521 -1481.54413521 -1481.54413521 -1481.54413521]
 -- BestRoute: [array([ 0,  4,  5,  6,  8, 10, 11, 12,  0]), array([ 1, 15, 13, 16, 17, 19, 20, 22, 18,  1]), array([ 2, 31, 30, 27, 24, 23, 25, 26, 28,  2]), array([ 3, 37, 34, 33, 35, 36, 38, 39, 40, 41,  3])]
 -- Custo: 
 ---------19.9061143552
 ---------18.0842599401
 ---------19.4694134495
 ---------19.654178453
 ---- Total: 77.1139661978
 -- Premio: 
 ---------44.0
 ---------42.0
 ---------47.0
 ---------46.0
 ---- Total: 179.0
 - Execucao 1
 -- BestCostGenaration: [-287.64845015756953, -380.28672142343021, -587.86082857893189, -739.78156358002514, -855.04007973521448, -910.71885615863528, -935.55465470703712, -1004.9413364637878, -1054.0126522063174, -1104.1735487555618, -1128.8861310950549, -1167.5785635460347, -1177.5654782244703, -1215.2422282375533, -1215.7756379432653, -1239.2902127187353, -1308.6863340362627, -1314.3431882857551, -1320.9922989264287, -1341.2091269570494, -1344.7563876458846, -1369.335820162672, -1373.8885863552459, -1399.0780035446812, -1404.025027977661, -1419.8961229099152, -1429.8332553166483, -1438.4098884281823, -1438.6087052494086, -1456.4661741992404, -1458.3182828210356, -1468.6154509512035, -1471.6711790412044, -1480.6634354323855, -1486.7640879915468, -1486.7748916123871, -1494.1257809717135, -1499.782635221206, -1501.3760177718787]
 -- BestCostElement: [-1501.37601777 -1501.37601777 -1501.37601777 -1501.37601777]
 -- BestRoute: [array([ 0,  6,  5,  4,  7,  9, 12, 10, 11,  0]), array([ 1, 18, 14, 15, 13, 16, 17, 19,  1]), array([ 2, 29, 28, 26, 25, 23, 24, 27, 31,  2]), array([ 3, 40, 41, 39, 38, 36, 35, 33, 34, 37,  3])]
 -- Custo: 
 ---------19.365058182
 ---------17.9061143552
 ---------18.7147766421
 ---------18.6700463777
 ---- Total: 74.655995557
 -- Premio: 
 ---------46.0
 ---------39.0
 ---------49.0
 ---------46.0
 ---- Total: 180.0
 - Execucao 2
 -- BestCostGenaration: [-240.2820524255514, -482.75866231845055, -630.43721021064698, -783.26619728294122, -829.26619728294122, -951.61603349108873, -1006.1233587437326, -1033.6012919355894, -1069.0366009743011, -1123.5966394956604, -1151.2320643283326, -1182.0905311851884, -1194.9177600271623, -1250.2722047658049, -1260.0608868795159, -1295.4339710371469, -1322.6415779986883, -1327.5068539134413, -1341.3542236942835, -1364.9294529053614, -1383.655052111947, -1386.8990824870457, -1399.7172018522797, -1411.8791681081639, -1416.2683120218817, -1431.7002470505286, -1441.2483976429999, -1450.240654034181, -1456.8897646748546, -1474.6689651262122, -1478.4737107539095, -1485.1228213945831, -1491.4814543627283, -1494.5371824527292]
 -- BestCostElement: [-1494.53718245 -1491.48145436 -1491.48145436 -1491.22347395]
 -- BestRoute: [array([ 0,  6,  5,  4,  7,  9, 12, 10, 11,  0]), array([ 1, 18, 14, 15, 13, 16, 17, 19, 20,  1]), array([ 2, 31, 30, 27, 24, 23, 25, 26, 28,  2]), array([ 3, 33, 34, 37, 40, 41, 39, 38, 36,  3])]
 -- Custo: 
 ---------19.365058182
 ---------18.5366310572
 ---------19.4694134495
 ---------18.994601698
 ---- Total: 76.3657043868
 -- Premio: 
 ---------46.0
 ---------42.0
 ---------47.0
 ---------45.0
 ---- Total: 180.0
 - Execucao 3
 -- BestCostGenaration: [-370.55525448967069, -446.12810156513319, -645.8187450866443, -800.43841577664887, -868.7169935392908, -925.39071980003212, -981.56415626598346, -1013.1167566146955, -1090.897715337823, -1116.4052928353524, -1144.3196047795227, -1171.7892639256877, -1192.918517692762, -1259.5564907150124, -1298.6749448416945, -1300.353312313573, -1308.1571061591862, -1326.7122095076022, -1346.5332884499667, -1353.2170078483191, -1368.9665473646796, -1376.0963869833472, -1377.1668114381118, -1391.9850945943385, -1409.9243754184997, -1415.6494853985002, -1433.8284064561358, -1439.3359839536654, -1442.820662847317, -1447.1638085978248, -1450.9321190273188, -1464.514534166158, -1473.679129704173, -1483.4104461092395, -1496.2392686604228, -1500.8883793010964]
 -- BestCostElement: [-1500.8883793 -1500.8883793 -1500.8883793 -1500.8883793]
 -- BestRoute: [array([ 0,  4,  5,  6,  8, 11, 10, 12,  0]), array([ 1, 18, 21, 22, 20, 19, 17, 16, 13, 15,  1]), array([ 2, 29, 28, 26, 25, 23, 24, 27, 31,  2]), array([ 3, 37, 34, 35, 36, 38, 40, 41, 39,  3])]
 -- Custo: 
 ---------19.0776872305
 ---------19.8770543023
 ---------18.7147766421
 ---------19.6083869999
 ---- Total: 77.2779051747
 -- Premio: 
 ---------44.0
 ---------44.0
 ---------49.0
 ---------44.0
 ---- Total: 181.0
 - Execucao 4
 -- BestCostGenaration: [-278.99772266973685, -444.27823093048386, -593.50145246370982, -717.27355407130335, -864.11490233541463, -893.84897126346232, -962.99884381761092, -993.27004609496805, -1033.2307620079341, -1123.9808172930475, -1155.9723711599572, -1173.9275280750812, -1215.9196478378226, -1239.4925083008748, -1262.3525701594951, -1264.8882788662054, -1266.6957159100027, -1321.3395825736754, -1364.8802418022133, -1390.5323984210409, -1392.4209422410393, -1409.682069063068, -1412.5323984210409, -1438.9430090491824, -1447.9352654403635, -1451.2489739393484, -1459.5435959319452, -1460.551339540764, -1471.4476269695813, -1480.9957775620528, -1490.6898126718868, -1494.0035211708716]
 -- BestCostElement: [-1494.00352117 -1494.00352117 -1494.00352117 -1494.00352117]
 -- BestRoute: [array([ 0,  6,  5,  4,  7,  9, 12, 10, 11,  0]), array([ 1, 13, 15, 18, 22, 20, 19, 17,  1]), array([ 2, 29, 28, 26, 25, 23, 24, 27, 31,  2]), array([ 3, 33, 34, 37, 40, 41, 39, 38, 36,  3])]
 -- Custo: 
 ---------19.365058182
 ---------19.4246831851
 ---------18.7147766421
 ---------18.994601698
 ---- Total: 76.4991197073
 -- Premio: 
 ---------46.0
 ---------40.0
 ---------49.0
 ---------45.0
 ---- Total: 180.0
 - Execucao 5
 -- BestCostGenaration: [-265.4038294056441, -431.96052103791084, -653.66505035196542, -786.40286900442732, -894.94289269814647, -910.89548059976755, -1003.8254901421619, -1041.5176828284243, -1153.8291973090099, -1179.9850945943388, -1186.2692020508075, -1223.9850945943388, -1245.8885863552459, -1262.5748778562613, -1297.1244570856475, -1314.9718268664897, -1326.6726076781188, -1347.8370394251406, -1370.1342075553084, -1372.3707007069984, -1396.7502816557089, -1400.9258492461502, -1427.758025264528, -1431.0125701757552, -1445.4705643408647, -1449.8137100913723, -1467.6866662588418, -1472.8098592264766, -1480.794372008839, -1481.802115617658]
 -- BestCostElement: [-1481.80211562 -1481.80211562 -1481.80211562 -1481.80211562]
 -- BestRoute: [array([ 0,  4,  5,  6,  8, 11, 10, 12,  0]), array([ 1, 13, 15, 18, 22, 20, 19, 17,  1]), array([ 2, 31, 27, 24, 23, 25, 26, 29, 28,  2]), array([ 3, 37, 34, 33, 35, 36, 38, 39, 41, 40,  3])]
 -- Custo: 
 ---------19.0776872305
 ---------19.4246831851
 ---------19.8770543023
 ---------18.6700463777
 ---- Total: 77.0494710956
 -- Premio: 
 ---------44.0
 ---------40.0
 ---------49.0
 ---------46.0
 ---- Total: 179.0
 - Execucao 6
 -- BestCostGenaration: [-270.93904653461982, -411.39029139367835, -556.04178037321083, -802.9677689474446, -810.14534442152512, -892.46775529242689, -944.03786310720898, -999.6773004018653, -1030.4120385371475, -1073.3533590847901, -1138.2869025146972, -1177.4445238196929, -1206.9771871945268, -1231.4624912224804, -1308.3808450667234, -1325.4237380271766, -1345.5654782244706, -1346.1566920508867, -1391.020763129756, -1392.3081807902627, -1395.3639088802636, -1420.1039235380165, -1437.4394894706984, -1443.0963437201908, -1447.4021448193635, -1457.0961799291977, -1467.1441644103797, -1467.4021448193635, -1470.4578729093644, -1472.5404495189005, -1487.3085528942447, -1496.7748916123871]
 -- BestCostElement: [-1496.77489161 -1496.77489161 -1496.77489161 -1496.77489161]
 -- BestRoute: [array([ 0,  6,  5,  4,  7,  9, 12, 10, 11,  0]), array([ 1, 18, 14, 15, 13, 16, 17, 19,  1]), array([ 2, 27, 30, 31, 32, 29, 28, 26, 25,  2]), array([ 3, 37, 34, 33, 35, 36, 38, 39, 41, 40,  3])]
 -- Custo: 
 ---------19.365058182
 ---------17.9061143552
 ---------17.365058182
 ---------18.6700463777
 ---- Total: 73.3062770969
 -- Premio: 
 ---------46.0
 ---------39.0
 ---------48.0
 ---------46.0
 ---- Total: 179.0
 - Execucao 7
 -- BestCostGenaration: [-291.34751368714853, -500.00461042728665, -594.05646884522071, -817.46776662714831, -868.17487711242734, -946.53502445063236, -992.23812718064119, -1078.6761249363065, -1118.0451906801495, -1174.4589845688959, -1191.4556743648577, -1217.6647993368024, -1217.8073951194681, -1246.2800920726711, -1276.4037824380068, -1293.6974698796821, -1313.5330813958171, -1357.6012919355894, -1367.3252807677159, -1373.7386439188381, -1396.9475428888541, -1401.4104461092397, -1418.0967376102549, -1428.9106122205289, -1434.5253377869983, -1449.9804973985647, -1451.2116292880135, -1457.7973315859695, -1463.2537579710367, -1464.0095407600234, -1469.0700528817129, -1469.7075690486718, -1473.4758794781658, -1478.5363915998551]
 -- BestCostElement: [-1478.5363916 -1478.5363916 -1478.5363916 -1478.5363916]
 -- BestRoute: [array([ 0,  4,  5,  6,  8, 10, 11, 12,  0]), array([ 1, 13, 15, 18, 22, 20, 19, 17,  1]), array([ 2, 27, 30, 31, 32, 29, 28, 26, 25,  2]), array([ 3, 37, 34, 33, 35, 36, 38, 39, 41, 40,  3])]
 -- Custo: 
 ---------19.9061143552
 ---------19.4246831851
 ---------17.365058182
 ---------18.6700463777
 ---- Total: 75.3659021
 -- Premio: 
 ---------44.0
 ---------40.0
 ---------48.0
 ---------46.0
 ---- Total: 178.0
 - Execucao 8
 -- BestCostGenaration: [-244.39503138990688, -370.46797076112739, -536.35252140231148, -816.50842817598254, -879.29527552321179, -910.30941092028934, -965.40717916835808, -1046.7833181959822, -1151.1524657002556, -1228.693079738058, -1268.4661741992404, -1312.4661741992404, -1347.3652141510383, -1387.0700528817126, -1432.1257809717135, -1434.3837613806975, -1441.1180373628947, -1462.4952175606993, -1466.8383633112069, -1471.4874739518802]
 -- BestCostElement: [-1471.48747395 -1471.48747395 -1471.48747395 -1471.48747395]
 -- BestRoute: [array([ 0,  4,  5,  6,  8, 10, 11, 12,  0]), array([ 1, 18, 14, 15, 13, 16, 17, 19, 20,  1]), array([ 2, 29, 28, 26, 25, 23, 24, 27, 31,  2]), array([ 3, 34, 37, 40, 41, 36, 38, 39,  3])]
 -- Custo: 
 ---------19.9061143552
 ---------18.5366310572
 ---------18.7147766421
 ---------19.9706094575
 ---- Total: 77.128131512
 -- Premio: 
 ---------44.0
 ---------42.0
 ---------49.0
 ---------43.0
 ---- Total: 178.0
 - Execucao 9
 -- BestCostGenaration: [-260.64772580999977, -421.68534430035504, -602.57345610916082, -760.93208907730627, -793.29863930233023, -917.54891924036247, -978.72934074475086, -1035.5888527489742, -1065.7743133884594, -1112.745046997537, -1130.0436889553553, -1159.8855250619229, -1217.2797946370501, -1257.2252100796998, -1287.0454429250349, -1323.3543019833601, -1328.6678688371662, -1345.220471238747, -1362.2538012341934, -1368.761171677573, -1377.6945535657082, -1394.9072199859288, -1408.9056643978474, -1423.8994763771097, -1443.4277312059905, -1452.1912841792409, -1453.3313867578911, -1460.2784111908709, -1464.6215569413785, -1469.7447499090133, -1473.4922579835688, -1499.8238092603617]
 -- BestCostElement: [-1499.82380926 -1499.82380926 -1499.82380926 -1499.82380926]
 -- BestRoute: [array([ 0,  4,  5,  6,  8, 10, 11, 12,  0]), array([ 1, 13, 15, 18, 22, 20, 19, 17,  1]), array([ 2, 29, 28, 26, 25, 23, 24, 27, 30, 31,  2]), array([ 3, 37, 34, 33, 35, 36, 38, 39, 41, 40,  3])]
 -- Custo: 
 ---------19.9061143552
 ---------19.4246831851
 ---------19.5432037669
 ---------18.6700463777
 ---- Total: 77.5440476849
 -- Premio: 
 ---------44.0
 ---------40.0
 ---------51.0
 ---------46.0
 ---- Total: 181.0
 - Execucao 10
 -- BestCostGenaration: [-258.55525448967069, -428.04396021140451, -565.24920336721345, -722.87237628142907, -835.42832573460817, -946.21590950640439, -978.6789226500232, -1015.2791385739708, -1036.16035276816, -1128.3590057983929, -1169.9188380371693, -1176.0991548768138, -1199.2807492809175, -1224.26822164041, -1261.1049753050665, -1279.2178691191693, -1284.5194367981039, -1297.0799352647753, -1318.0290211564754, -1335.1205629575952, -1344.8145980674294, -1372.926054247431, -1399.7083147108103, -1414.8802830125012, -1419.5293936531748, -1432.7091062324243, -1434.0445083741131, -1463.7385434839471, -1473.8655873164776, -1486.8733309252964, -1495.8655873164776, -1500.5146979571512]
 -- BestCostElement: [-1500.51469796 -1500.51469796 -1500.51469796 -1500.51469796]
 -- BestRoute: [array([ 0,  4,  5,  6,  8, 11, 10, 12,  0]), array([ 1, 15, 13, 16, 17, 19, 20, 22, 18,  1]), array([ 2, 29, 28, 26, 25, 23, 24, 27, 31,  2]), array([ 3, 33, 34, 37, 40, 41, 39, 38, 36,  3])]
 -- Custo: 
 ---------19.0776872305
 ---------18.0842599401
 ---------18.7147766421
 ---------18.994601698
 ---- Total: 74.8713255107
 -- Premio: 
 ---------44.0
 ---------42.0
 ---------49.0
 ---------45.0
 ---- Total: 180.0
 - Execucao 11
 -- BestCostGenaration: [-268.51017608485415, -396.37204990966961, -556.22711044484333, -750.96222885310056, -849.11761159523894, -931.11761159523894, -972.39293362643093, -1020.8797519954817, -1088.8643693809304, -1133.9968759039677, -1169.8905562850616, -1186.5917504476572, -1257.0725784764134, -1284.4234678357398, -1302.5349240157416, -1302.5612600449551, -1323.5419219624218, -1327.6484303197421, -1354.678031362258, -1360.0025434820832, -1369.6965785919172, -1372.9468153920825, -1403.4433822146216, -1417.6291137142834, -1419.5441352086741, -1436.2304267096893, -1443.3076616064798, -1456.320189246987, -1460.0932385174337, -1468.9954269351454, -1473.6445375758187, -1479.8824969274933, -1490.4952175606991, -1491.1699145880002, -1497.6555913886757, -1498.9909935303644, -1502.3047020293491]
 -- BestCostElement: [-1502.30470203 -1502.30470203 -1502.30470203 -1502.30470203]
 -- BestRoute: [array([ 0,  4,  5,  6,  8, 10, 11, 12,  0]), array([ 1, 15, 13, 16, 17, 19, 20, 22, 18,  1]), array([ 2, 27, 30, 31, 32, 29, 28, 26, 25,  2]), array([ 3, 33, 34, 37, 40, 41, 39, 38, 36, 35,  3])]
 -- Custo: 
 ---------19.9061143552
 ---------18.0842599401
 ---------17.365058182
 ---------19.0683920154
 ---- Total: 74.4238244927
 -- Premio: 
 ---------44.0
 ---------42.0
 ---------48.0
 ---------46.0
 ---- Total: 180.0
 - Execucao 12
 -- BestCostGenaration: [-284.6012947507005, -454.32402088402944, -658.9633355426638, -762.737430052332, -876.94574509833376, -910.66899705464755, -995.92049393485183, -1080.1761724473388, -1169.6309814319977, -1186.5752533419968, -1191.6265480272168, -1245.1462592751893, -1272.407386097218, -1283.7758247791799, -1364.2087330669851, -1394.5781696559707, -1422.1675590278296, -1434.5682121321597, -1445.116569778781, -1462.9692998876606, -1469.5867593618191, -1473.3915049895165, -1483.0855400993505, -1492.0777964905315, -1495.3915049895163]
 -- BestCostElement: [-1495.39150499 -1495.39150499 -1495.39150499 -1495.39150499]
 -- BestRoute: [array([ 0,  4,  5,  6,  8, 10, 11, 12,  0]), array([ 1, 18, 14, 15, 13, 16, 17, 19, 20,  1]), array([ 2, 29, 28, 26, 25, 23, 24, 27, 31,  2]), array([ 3, 33, 34, 37, 40, 41, 39, 38, 36,  3])]
 -- Custo: 
 ---------19.9061143552
 ---------18.5366310572
 ---------18.7147766421
 ---------18.994601698
 ---- Total: 76.1521237526
 -- Premio: 
 ---------44.0
 ---------42.0
 ---------49.0
 ---------45.0
 ---- Total: 180.0
 - Execucao 13
 -- BestCostGenaration: [-279.26704597628975, -421.26188741481951, -563.4317973847451, -746.32506045126593, -865.29898992923802, -949.47479444939518, -1009.0152775080001, -1031.3311066158622, -1095.3622526463287, -1146.9969191671239, -1147.5312835167038, -1185.822552130699, -1237.4933982045111, -1283.9858207069817, -1301.8365439550187, -1331.8495856809391, -1348.5358771819544, -1351.6706646233035, -1368.3569561243187, -1378.8089693228405, -1385.0843986195689, -1387.6655133655886, -1404.9054775619331, -1411.6535433175457, -1411.7498877656451, -1426.8730807332799, -1456.5978152275447, -1464.1783626486695, -1473.011178378667, -1473.6447013668119, -1481.6224684473793, -1498.0358315985015, -1502.088600111372, -1509.2605684130626, -1518.252824804244, -1523.3760177718787]
 -- BestCostElement: [-1523.37601777 -1523.37601777 -1523.37601777 -1523.37601777]
 -- BestRoute: [array([ 0,  4,  5,  6,  8, 10, 11, 12,  0]), array([ 1, 18, 14, 15, 13, 16, 17, 19, 20,  1]), array([ 2, 31, 30, 27, 24, 23, 25, 26, 28, 29,  2]), array([ 3, 37, 34, 33, 35, 36, 38, 39, 41, 40,  3])]
 -- Custo: 
 ---------19.9061143552
 ---------18.5366310572
 ---------19.5432037669
 ---------18.6700463777
 ---- Total: 76.655995557
 -- Premio: 
 ---------44.0
 ---------42.0
 ---------51.0
 ---------46.0
 ---- Total: 183.0
 - Execucao 14
 -- BestCostGenaration: [-376.63712812451331, -471.33890684316623, -605.44133414349153, -688.96793273843764, -812.66751821025855, -929.439945435563, -998.36819837603412, -1014.4337570386792, -1080.9010688050175, -1122.871424499345, -1129.1815337095795, -1178.6026404695208, -1221.6154942143598, -1284.451062467338, -1309.73173442605, -1334.9691360966672, -1350.237162010967, -1381.5999065618312, -1393.8384065743633, -1411.2638467395091, -1433.6115010355459, -1441.8650480397487, -1450.9477930808707, -1458.3027403592425, -1467.2949967504237, -1483.7083599015459, -1485.640104171038, -1489.6928726839083, -1491.6037141635702, -1496.252824804244, -1501.3760177718787]
 -- BestCostElement: [-1501.37601777 -1501.37601777 -1501.37601777 -1501.37601777]
 -- BestRoute: [array([ 0,  6,  5,  4,  7,  9, 12, 10, 11,  0]), array([ 1, 18, 14, 15, 13, 16, 17, 19,  1]), array([ 2, 29, 28, 26, 25, 23, 24, 27, 31,  2]), array([ 3, 37, 34, 33, 35, 36, 38, 39, 41, 40,  3])]
 -- Custo: 
 ---------19.365058182
 ---------17.9061143552
 ---------18.7147766421
 ---------18.6700463777
 ---- Total: 74.655995557
 -- Premio: 
 ---------46.0
 ---------39.0
 ---------49.0
 ---------46.0
 ---- Total: 180.0
 - Execucao 15
 -- BestCostGenaration: [-330.04049927915389, -459.40348426779519, -626.28388819377551, -774.88543994220117, -866.23572844590694, -936.36453956126081, -988.19032320837027, -1102.9530948170886, -1108.7742701253028, -1161.7136616377638, -1192.8293758903419, -1220.2282497308506, -1237.0609238156694, -1258.3856227714086, -1276.8246203314714, -1290.5671158431139, -1318.6149904010626, -1336.7269071312053, -1339.5149216406257, -1356.3437275624842, -1368.6234016141721, -1407.5340360396845, -1411.877181790192, -1421.0434114163272, -1424.6234016141721, -1442.8157150246357, -1456.2985960391738, -1458.820662847317, -1479.7599869346345, -1492.5888094858178, -1509.4394894706984]
 -- BestCostElement: [-1509.43948947 -1509.43948947 -1509.43948947 -1509.43948947]
 -- BestRoute: [array([ 0,  4,  5,  6,  8, 11, 10, 12,  0]), array([ 1, 18, 21, 22, 20, 19, 17, 16, 13, 15,  1]), array([ 2, 29, 28, 26, 25, 23, 24, 27, 31,  2]), array([ 3, 34, 33, 36, 38, 39, 41, 40, 37,  3])]
 -- Custo: 
 ---------19.0776872305
 ---------19.8770543023
 ---------18.7147766421
 ---------19.9706094575
 ---- Total: 77.6401276323
 -- Premio: 
 ---------44.0
 ---------44.0
 ---------49.0
 ---------45.0
 ---- Total: 182.0
 - Execucao 16
 -- BestCostGenaration: [-305.1517382626526, -478.45580130829086, -657.22674373292921, -740.38558390767616, -839.24892874861268, -905.33246669547748, -943.81793451442422, -990.53807248165504, -1033.69919197177, -1100.4030327954206, -1112.1645975231195, -1156.5017236844753, -1192.380329264694, -1249.4099303072098, -1284.465658397211, -1304.1539576932723, -1329.4952594397269, -1339.6223032722573, -1366.0407020312134, -1367.806735858353, -1386.4884071186732, -1401.6603754203641, -1407.8547203395349, -1429.7718316003659, -1434.4209422410393, -1435.9661765195367, -1445.1307720575517, -1445.8698320714373, -1454.8620884626184, -1455.4584305904216]
 -- BestCostElement: [-1455.45843059 -1455.45843059 -1455.45843059 -1455.45843059]
 -- BestRoute: [array([ 0,  4,  5,  6,  8, 10, 11, 12,  0]), array([ 1, 18, 14, 15, 13, 16, 17, 19,  1]), array([ 2, 29, 28, 26, 25, 23, 24, 27, 31,  2]), array([ 3, 37, 34, 35, 36, 38, 40, 41, 39,  3])]
 -- Custo: 
 ---------19.9061143552
 ---------17.9061143552
 ---------18.7147766421
 ---------19.6083869999
 ---- Total: 76.1353923524
 -- Premio: 
 ---------44.0
 ---------39.0
 ---------49.0
 ---------44.0
 ---- Total: 176.0
 - Execucao 17
 -- BestCostGenaration: [-258.40704812004924, -388.85830060792449, -500.86643408224688, -666.67826004124424, -779.9507360955788, -881.80806006606167, -990.83698289968379, -991.06763065373184, -1033.5387296899014, -1073.2618090688961, -1094.39994997744, -1132.7249002703629, -1162.2730508628342, -1195.2725122548457, -1219.068505966183, -1229.6947173567014, -1241.6959641744402, -1277.2002633455231, -1280.8144183011223, -1293.4008029051145, -1303.2318393712899, -1359.6453023110257, -1359.8095270038975, -1379.46638125339, -1410.0000425352478, -1419.5481931277191, -1430.9393666225656, -1440.8430221744659, -1449.0774642679526, -1458.6256148604241, -1461.681342950425, -1462.5993240219461, -1467.0261263195762, -1478.2606116762195, -1487.8087622686908, -1504.4950537697059, -1521.3457337545865, -1530.3379901457677, -1531.2559712172888]
 -- BestCostElement: [-1531.25597122 -1531.25597122 -1531.25597122 -1531.25597122]
 -- BestRoute: [array([ 0,  6,  5,  4,  7,  9, 12, 10, 11,  0]), array([ 1, 22, 20, 19, 17, 16, 13, 15, 18,  1]), array([ 2, 31, 30, 27, 24, 23, 25, 26, 28, 29,  2]), array([ 3, 34, 33, 36, 38, 39, 41, 40, 37,  3])]
 -- Custo: 
 ---------19.365058182
 ---------18.3071357894
 ---------19.5432037669
 ---------19.9706094575
 ---- Total: 77.1860071957
 -- Premio: 
 ---------46.0
 ---------42.0
 ---------51.0
 ---------45.0
 ---- Total: 184.0
 - Execucao 18
 -- BestCostGenaration: [-323.50097128471992, -400.70863037096683, -538.91655666893269, -706.23349296524725, -790.25345060728569, -907.69549494727517, -966.02227545468054, -1038.1568712123656, -1099.3624616280576, -1129.2149297602743, -1181.8957722830078, -1204.0187581964926, -1238.265559587494, -1270.0114718338402, -1275.563615605126, -1310.7052135770941, -1318.1723431481109, -1338.4356386058028, -1355.1085391381189, -1365.65689678474, -1383.7948306391343, -1410.0292727326209, -1440.577630379242, -1450.1257809717138, -1459.2422282375533, -1468.1074407962042, -1468.790378830025, -1471.2861547996899, -1477.6555913886757, -1485.3915049895163]
 -- BestCostElement: [-1485.39150499 -1485.39150499 -1485.39150499 -1485.39150499]
 -- BestRoute: [array([ 0,  6,  5,  4,  7,  9, 12, 11, 10,  0]), array([ 1, 18, 14, 15, 13, 16, 17, 19,  1]), array([ 2, 29, 28, 26, 25, 23, 24, 31, 27,  2]), array([ 3, 33, 34, 37, 40, 41, 39, 38, 36,  3])]
 -- Custo: 
 ---------19.365058182
 ---------17.9061143552
 ---------19.8863495174
 ---------18.994601698
 ---- Total: 76.1521237526
 -- Premio: 
 ---------46.0
 ---------39.0
 ---------49.0
 ---------45.0
 ---- Total: 179.0
 - Execucao 19
 -- BestCostGenaration: [-371.471357605869, -501.39304391665917, -651.08321830626051, -767.53437340429161, -843.88771178539901, -901.38396843484725, -996.76090970091025, -1035.6707532735486, -1092.7181134468733, -1115.5435137215895, -1145.9129503105755, -1241.2256859411573, -1252.7346940031803, -1268.9016712190332, -1277.6339981808626, -1305.1119313727193, -1321.0778397536881, -1345.0961799291974, -1346.5480014440552, -1352.1676594627202, -1371.1686574583373, -1378.5675312988456, -1399.5593722342951, -1424.2719545737882, -1456.2719545737882, -1461.9288088232806, -1473.4902511227265, -1478.3396710275676, -1480.1393617633998, -1493.9001808289606, -1503.4483314214319, -1512.4405878126133, -1519.8616945725541, -1528.8539509637355]
 -- BestCostElement: [-1528.85395096 -1528.85395096 -1528.85395096 -1528.85395096]
 -- BestRoute: [array([ 0,  6,  5,  4,  7,  9, 12, 10, 11,  0]), array([ 1, 18, 14, 15, 13, 16, 17, 19, 20,  1]), array([ 2, 29, 28, 26, 25, 23, 24, 27, 31,  2]), array([ 3, 37, 34, 33, 35, 36, 38, 39, 41, 40,  3])]
 -- Custo: 
 ---------19.365058182
 ---------18.5366310572
 ---------18.7147766421
 ---------18.6700463777
 ---- Total: 75.2865122591
 -- Premio: 
 ---------46.0
 ---------42.0
 ---------49.0
 ---------46.0
 ---- Total: 183.0
 - Execucao 20
 -- BestCostGenaration: [-267.12530577899588, -440.16637871452099, -570.66627885799971, -726.58771614714829, -845.34809555829395, -928.85211060689983, -1023.6082363071893, -1091.273257916984, -1117.4733581994228, -1192.3438240169271, -1220.4513927700714, -1231.4622781436092, -1235.8054238941168, -1271.2353726047913, -1293.9371679527694, -1317.15242050952, -1341.6528554950196, -1350.7767774954682, -1358.924668873673, -1390.4173150596184, -1392.1865001475526, -1404.7767774954682, -1421.7346507400239, -1424.9393818677615, -1443.6076069074936, -1462.7787843563103, -1477.9507526580012, -1482.5998632986748, -1486.9430090491824, -1491.592119689856, -1495.4286858498581, -1504.4209422410393, -1510.0298120093496, -1513.0855400993505]
 -- BestCostElement: [-1513.0855401 -1513.0855401 -1513.0855401 -1513.0855401]
 -- BestRoute: [array([ 0,  4,  5,  6,  8, 11, 12, 10,  0]), array([ 1, 18, 21, 22, 20, 19, 17, 16, 13, 15,  1]), array([ 2, 29, 28, 26, 25, 23, 24, 27, 31,  2]), array([ 3, 33, 34, 37, 40, 41, 39, 38, 36,  3])]
 -- Custo: 
 ---------19.1421823327
 ---------19.8770543023
 ---------18.7147766421
 ---------18.994601698
 ---- Total: 76.7286149752
 -- Premio: 
 ---------44.0
 ---------44.0
 ---------49.0
 ---------45.0
 ---- Total: 182.0
 - Execucao 21
 -- BestCostGenaration: [-291.5758675235827, -400.94845052561317, -501.88695562641675, -625.26028835962666, -764.14979122738941, -833.34805036755813, -902.60184961664675, -973.29132446686015, -1006.8399342620402, -1086.8186559864748, -1124.7550204966617, -1153.6793165400873, -1189.9299051123267, -1214.2381271806412, -1249.2054228629472, -1279.0890188602639, -1288.8839707551435, -1300.9214158413693, -1318.9739975183254, -1343.2317137014252, -1359.4323284017646, -1371.3159243990815, -1376.2830083866452, -1386.9210652144618, -1398.3455254415976, -1424.2719545737882, -1432.4580367003575, -1461.7454543608642, -1466.7269071312053, -1477.4023086103566, -1497.2233875527209, -1506.6897262708633, -1507.6077073423846]
 -- BestCostElement: [-1507.60770734 -1507.60770734 -1507.60770734 -1507.60770734]
 -- BestRoute: [array([ 0,  4,  5,  6,  8, 10, 11, 12,  0]), array([ 1, 22, 20, 19, 17, 16, 13, 15, 18,  1]), array([ 2, 29, 28, 26, 25, 23, 24, 27, 31,  2]), array([ 3, 37, 34, 33, 35, 36, 38, 39, 41, 40,  3])]
 -- Custo: 
 ---------19.9061143552
 ---------18.3071357894
 ---------18.7147766421
 ---------18.6700463777
 ---- Total: 75.5980731644
 -- Premio: 
 ---------44.0
 ---------42.0
 ---------49.0
 ---------46.0
 ---- Total: 181.0
 - Execucao 22
 -- BestCostGenaration: [-347.37194329041085, -462.03726305052714, -574.6065924380473, -701.26163444207123, -794.85844094928973, -917.62741898307422, -1009.0792251274461, -1050.2322714710754, -1073.4690334892418, -1118.4991103046225, -1131.8289883272812, -1158.7160583196292, -1215.6708696245846, -1215.7190178967596, -1272.6632898067589, -1300.1412229986156, -1300.9738749376199, -1323.0003295670911, -1339.2428679491732, -1371.0845854554832, -1384.6092445261374, -1432.8049114037954, -1446.11861990278, -1450.282844595652, -1475.2752647778261, -1484.7416034959685, -1497.5704260471518, -1517.3915049895163]
 -- BestCostElement: [-1517.39150499 -1517.39150499 -1517.39150499 -1517.39150499]
 -- BestRoute: [array([ 0,  4,  5,  6,  8, 10, 11, 12,  0]), array([ 1, 18, 21, 22, 20, 19, 17, 16, 13, 15,  1]), array([ 2, 29, 28, 26, 25, 23, 24, 27, 31,  2]), array([ 3, 37, 34, 33, 35, 36, 38, 39, 40, 41,  3])]
 -- Custo: 
 ---------19.9061143552
 ---------19.8770543023
 ---------18.7147766421
 ---------19.654178453
 ---- Total: 78.1521237526
 -- Premio: 
 ---------44.0
 ---------44.0
 ---------49.0
 ---------46.0
 ---- Total: 183.0
 - Execucao 23
 -- BestCostGenaration: [-267.23770334056451, -487.95458204582235, -622.48269625232183, -725.47095630334957, -836.458804148578, -918.68480625738619, -1000.5091738381211, -1035.1208393925688, -1047.4328658645866, -1149.3864820260865, -1179.755918615072, -1193.6395146123891, -1217.4339520893679, -1251.3694385740905, -1317.302324323364, -1339.7953699158629, -1348.6281856458604, -1359.6164488582272, -1366.0298120093498, -1380.0021540216489, -1390.8749226844643, -1414.8772250533486, -1424.780880605249, -1432.0074152989237, -1454.86927439038, -1460.2389180335153, -1489.0522533670608, -1515.6422004199767, -1532.0555635710989, -1541.6037141635704, -1543.946859914078]
 -- BestCostElement: [-1543.94685991 -1543.94685991 -1543.94685991 -1543.94685991]
 -- BestRoute: [array([ 0,  6,  5,  4,  7,  9, 12, 11, 10,  0]), array([ 1, 18, 14, 15, 13, 16, 17, 19, 20,  1]), array([ 2, 31, 30, 27, 24, 23, 25, 26, 28, 29,  2]), array([ 3, 33, 34, 37, 40, 41, 39, 38, 36, 35,  3])]
 -- Custo: 
 ---------19.365058182
 ---------18.5366310572
 ---------19.5432037669
 ---------19.0683920154
 ---- Total: 76.5132850215
 -- Premio: 
 ---------46.0
 ---------42.0
 ---------51.0
 ---------46.0
 ---- Total: 185.0
 - Execucao 24
 -- BestCostGenaration: [-260.96447178444822, -408.28892523291921, -611.91081927467872, -726.84838200842262, -857.34695407851223, -892.90781450681254, -968.79352331549046, -1028.314061110997, -1094.26145638912, -1126.3405157404682, -1129.4319745768216, -1204.8997634089533, -1232.3776966008099, -1242.8565629594596, -1264.6296122299063, -1286.1559645541147, -1308.6037560425982, -1331.3159037309215, -1354.6623803536272, -1364.5660359055275, -1381.5325407349596, -1385.7230562663094, -1399.727840297998, -1436.794372008839, -1439.380701368676, -1457.3652141510383, -1462.7269071312053, -1464.320289681878, -1469.3122818471747, -1485.4584305904216, -1486.1629618320553, -1492.4054550234016]
 -- BestCostElement: [-1492.40545502 -1492.40545502 -1492.40545502 -1492.40545502]
 -- BestRoute: [array([ 0,  4,  5,  6,  8, 10, 11, 12,  0]), array([ 1, 22, 20, 19, 17, 16, 13, 15, 18,  1]), array([ 2, 29, 28, 26, 25, 23, 24, 27, 31,  2]), array([ 3, 34, 33, 36, 38, 39, 41, 40, 37,  3])]
 -- Custo: 
 ---------19.9061143552
 ---------18.3071357894
 ---------18.7147766421
 ---------19.9706094575
 ---- Total: 76.8986362441
 -- Premio: 
 ---------44.0
 ---------42.0
 ---------49.0
 ---------45.0
 ---- Total: 180.0
 - Execucao 25
 -- BestCostGenaration: [-279.76152596029328, -454.97598383629719, -632.61394215680207, -739.03881582349732, -866.87713865232513, -942.03424541413051, -977.80238550693184, -1059.7325379286629, -1076.418829429678, -1102.2434478927391, -1123.5665998076593, -1164.1301691857589, -1188.8475355569403, -1212.5704693103085, -1272.1045827991315, -1281.7986179089655, -1294.1045827991315, -1327.6108906029897, -1331.2530318583936, -1368.6103162926074, -1395.2486233124405, -1396.8274732893428, -1405.6926858479937, -1410.8791867234552, -1430.7002656658194, -1433.7559937558203, -1446.3087599483945, -1449.4435473897436, -1456.3905718227236, -1464.4950537697059, -1471.4873101608871, -1474.3987093216065, -1481.3909657127876]
 -- BestCostElement: [-1481.39096571 -1481.39096571 -1481.39096571 -1481.39096571]
 -- BestRoute: [array([ 0,  4,  5,  6,  8, 11, 12, 10,  0]), array([ 1, 18, 14, 15, 13, 16, 17, 19, 20,  1]), array([ 2, 27, 30, 31, 32, 29, 28, 26, 25,  2]), array([ 3, 37, 34, 35, 36, 38, 40, 41, 39,  3])]
 -- Custo: 
 ---------19.1421823327
 ---------18.5366310572
 ---------17.365058182
 ---------19.6083869999
 ---- Total: 74.6522585718
 -- Premio: 
 ---------44.0
 ---------42.0
 ---------48.0
 ---------44.0
 ---- Total: 178.0
 - Execucao 26
 -- BestCostGenaration: [-255.34140769697319, -352.08986512210629, -539.85321154513372, -740.85898531273006, -817.61566071836671, -898.73042710240645, -998.88492539901085, -1086.4627202971549, -1142.4207255437054, -1173.5712169000262, -1190.521269467436, -1238.2547558780607, -1269.3104839680614, -1296.2176614187424, -1310.2067713968786, -1340.6661121683405, -1355.4266789890157, -1359.0497510360965, -1373.8103178567717, -1387.7543375218856, -1396.9890318602577, -1406.5371824527292, -1412.3534773634053, -1416.4581231013808, -1421.8198160815477, -1426.7122107664416, -1427.7124178205913, -1431.4442735023867, -1440.5864723299758, -1447.5334967629558, -1451.8766425134634, -1461.4247931059347, -1466.5479860735695]
 -- BestCostElement: [-1466.54798607 -1463.49225798 -1461.42479311 -1461.18629309]
 -- BestRoute: [array([ 0,  6,  5,  4,  7,  9, 12, 10, 11,  0]), array([ 1, 18, 14, 15, 13, 16, 17, 19, 20,  1]), array([ 2, 31, 30, 27, 24, 23, 25, 26, 28,  2]), array([ 3, 37, 34, 33, 35, 36, 38, 39, 40,  3])]
 -- Custo: 
 ---------19.365058182
 ---------18.5366310572
 ---------19.4694134495
 ---------18.4919007928
 ---- Total: 75.8630034816
 -- Premio: 
 ---------46.0
 ---------42.0
 ---------47.0
 ---------42.0
 ---- Total: 177.0
 - Execucao 27
 -- BestCostGenaration: [-258.33866641345844, -390.0131027148667, -625.04608263665432, -747.33466199517818, -860.37490286754132, -941.33412271844941, -1093.9020673583191, -1146.9194089805269, -1195.0308651605287, -1221.513525858617, -1276.2892878116515, -1284.1400110596885, -1316.0022640412089, -1358.0351367904889, -1359.7797189072321, -1367.9387923423892, -1390.9060951354718, -1404.5337038171051, -1411.4807282500851, -1443.5603885456476, -1447.9035342961552, -1453.1085391381189, -1457.4516848886265, -1464.3987093216065, -1476.3770156789024, -1483.3240401118824, -1493.1423665312661, -1502.6905171237377, -1512.1568558418801, -1521.149112233061, -1525.8354037340764, -1542.5216952350918]
 -- BestCostElement: [-1542.52169524 -1542.52169524 -1542.52169524 -1542.52169524]
 -- BestRoute: [array([ 0, 10, 11, 12,  9,  7,  4,  5,  6,  0]), array([ 1, 18, 15, 13, 16, 17, 19, 20, 22,  1]), array([ 2, 31, 30, 27, 24, 23, 25, 26, 28, 29,  2]), array([ 3, 37, 34, 33, 35, 36, 38, 39, 40, 41,  3])]
 -- Custo: 
 ---------19.365058182
 ---------18.3071357894
 ---------19.5432037669
 ---------19.654178453
 ---- Total: 76.8695761912
 -- Premio: 
 ---------46.0
 ---------42.0
 ---------51.0
 ---------46.0
 ---- Total: 185.0
 - Execucao 28
 -- BestCostGenaration: [-253.08848395985575, -401.33741460675208, -597.71233967927685, -782.76111013537741, -871.15350044710613, -890.3887505389564, -956.39903961660639, -1011.9396536544087, -1042.8819638943014, -1076.7177392014291, -1132.8334170914693, -1168.094543913498, -1173.8337312372748, -1198.1241495966069, -1247.8250142215354, -1264.8807423115363, -1271.086845495415, -1293.1509284330366, -1308.5234947171491, -1329.8472471409682, -1342.1932458493475, -1343.2009894581663, -1362.1230284487326, -1383.4150433050133, -1404.3543673923309, -1409.6494853985, -1412.1715522066434, -1421.2050473772115, -1422.3241824258012, -1434.398293954468, -1448.9538126700227, -1449.9615562788415, -1457.8190252286734, -1458.8267688374924]
 -- BestCostElement: [-1458.82676884 -1458.82676884 -1458.82676884 -1458.82676884]
 -- BestRoute: [array([ 0,  4,  5,  6,  8, 11, 10, 12,  0]), array([ 1, 13, 15, 18, 22, 20, 19, 17,  1]), array([ 2, 25, 26, 28, 29, 32, 30, 31, 27,  2]), array([ 3, 34, 33, 36, 38, 39, 41, 40, 37,  3])]
 -- Custo: 
 ---------19.0776872305
 ---------19.4246831851
 ---------19.3203279176
 ---------19.9706094575
 ---- Total: 77.7933077906
 -- Premio: 
 ---------44.0
 ---------40.0
 ---------48.0
 ---------45.0
 ---- Total: 177.0
 - Execucao 29
 -- BestCostGenaration: [-122.57920426408721, -279.1047063944344, -440.01134233914479, -546.2283147292078, -687.66607097192718, -811.43910889377821, -860.28371292708891, -908.60429670345559, -1008.7135948813605, -1053.6684061863159, -1081.7798623663175, -1113.5496237808061, -1198.3885454123858, -1225.6494853985002, -1254.2567175481672, -1299.5557296823883, -1302.0184075695852, -1317.3865571668348, -1327.1685926295131, -1343.3962438304688, -1354.3763294515873, -1375.2293118053519, -1389.5724575558595, -1394.0798279992391, -1396.127812480421, -1413.9009069416038, -1425.0159624103553, -1447.3111236796813, -1453.1274185903571, -1455.4705643408647, -1477.7285447498487, -1483.5448396605248, -1499.1011277518792, -1504.9174226625551, -1509.2605684130626, -1515.1970967142429, -1523.3760177718787, -1524.2939988433998]
 -- BestCostElement: [-1524.29399884 -1524.29399884 -1524.29399884 -1524.29399884]
 -- BestRoute: [array([ 0,  4,  5,  6,  8, 10, 11, 12,  0]), array([ 1, 22, 20, 19, 17, 16, 13, 15, 18,  1]), array([ 2, 31, 30, 27, 24, 23, 25, 26, 28, 29,  2]), array([ 3, 37, 34, 33, 35, 36, 38, 39, 41, 40,  3])]
 -- Custo: 
 ---------19.9061143552
 ---------18.3071357894
 ---------19.5432037669
 ---------18.6700463777
 ---- Total: 76.4265002892
 -- Premio: 
 ---------44.0
 ---------42.0
 ---------51.0
 ---------46.0
 ---- Total: 183.0
