105
custo
95.2096671724
 -
153.0

_____

50,50

custo
49.3179588959
47.7694483264
 -
82.0
71.0

_____

50,40,30

custo
48.4895317712
28.3442303979
28.1032487827
 -
82.0
37.0
34.0

_____

23, 22, 21, 10

custo
22.6142267884
21.9229088952
20.4874756769
18.6868409177
 -
33.0
22.0
14.0
15.0

_____

60,30

custo
59.910198331
29.223471975
 -
99.0
41.0

_____

50, 25, 15

custo
47.3179588959
24.4874756769
14.1421356237
 -
80.0
29.0
9.0

####################

125

custo
117.485814104
 -
235.0

----
custo
119.044006028
 -
225.0
-----
custo
112.321795176
 -
235.0

---
custo
111.637983677
 -
235.0

++++++++++

number_agents= 2,
max_coust=[60,60],

custo
58.36658607345018
58.43721064122305
 -
117.0
115.0


------------

number_agents= 2,
max_coust=[60,50],

custo
57.05379098276448
49.729449952816296
 -
116.0
103.0

custo
59.218606298726044
49.93374494445696
 -
112.0
102.0

custo
59.7852687914891
49.930702721493475
 -
112.0
90.0

custo
56.620316085509714
49.06987319785799
 -
114.0
102.0

custo
59.38955678797508
49.96251578481263
 -
115.0
103.0

custo
57.67823847813621
48.97481314540153
 -
116.0
97.0

custo
58.671665768516704
49.53092549313132
 -
108.0
99.0

custo
59.272631778220386
48.382010754062506
 -
103.0
90.0

custo
59.40270160001377
49.542009152857574
 -
115.0
105.0

_________

number_agents= 3,
max_coust=[50,40,30],

custo
49.84310043544363
36.35571991558453
28.262315764655987
 -
103.0
69.0
45.0


custo
49.50366345737894
39.4779992021301
28.815831122221347
 -
91.0
76.0
46.0

custo
49.98038849128751
39.9148346584763
29.9147898681066
 -
92.0
66.0
42.0

custo
49.63094451076377
38.503713382388725
29.14156263052096
 -
99.0
64.0
45.0

custo
48.85158780765124
39.2170375090828
29.04532639010164
 -
98.0
67.0
47.0

custo
49.4376538853
34.0518990997
29.3066075865
 -
103.0
54.0
55.0

custo
48.9984062459
32.4383202965
29.6208442884
 -
102.0
63.0
47.0

custo
49.9895101709
39.3952926426
29.255743055
 -
96.0
67.0
48.0

custo
49.9915758377
33.2141767599
29.4573025985
 -
97.0
64.0
44.0

custo
49.8823952614
33.2141767599
29.1415626305
 -
101.0
64.0
45.0

custo
49.7294499528
33.4245934248
28.2623157647
 -
95.0
69.0
45.0

_______

number_agents= 4,
max_coust=[50,40,30, 20],

custo
49.7108690952
33.2879670772
29.0639668994
19.0465254977
 -
94.0
54.0
42.0
21.0

custo
49.3342585558
37.7261728802
29.1415626305
19.177617382
 -
86.0
64.0
45.0
15.0

custo
49.8179001592
35.2370804547
29.1415626305
0.0
 -
104.0
64.0
45.0
0.0


custo
48.8591065685
34.5546000049
28.8158311222
19.2645083282
 -
84.0
64.0
46.0
23.0

custo
49.6534115936
33.3803979039
29.4338886399
18.6716337667
 -
79.0
69.0
45.0
17.0

custo
48.5958358105
35.3723017963
29.847372252
19.2645083282
 -
83.0
64.0
34.0
23.0

custo
49.7900948509
33.2141767599
29.8737535148
0.0
 -
104.0
64.0
44.0
0.0

custo
49.6708435868
37.5368050666
29.8737535148
19.0368822571
 -
89.0
63.0
49.0
19.0

custo
49.6096937779
39.145177985
28.2623157647
14.1421356237
 -
86.0
69.0
45.0
9.0

custo
49.9748598544
32.7208211489
29.8737535148
18.2180983729
 -
88.0
60.0
49.0
14.0


 git commit -m 'Adicionado ultimos testes'