 - Execucao 0
 -- BestCostGenaration: [-95.16456509845978, -1412.3260820601058, -1414.0183441935694, -1466.2830640875732, -1479.9610614196597, -1504.3943203343724, -1565.5260775141928, -1596.188012149213, -1597.1957557580317, -1636.8387761251552, -1649.192725496503, -1667.7350635539724, -1688.6962450749872, -1692.0099535739719, -1709.5173240173517, -1712.8310325163363, -1715.0743165605568, -1718.3880250595414, -1721.5228125008905, -1722.2824246776984, -1723.6235203042072, -1725.4172121190475, -1748.3098118052226, -1750.1035036200628]
 -- BestCostElement: [-1750.10350362 -1750.10350362 -1750.10350362 -1750.10350362]
 -- BestRoute: [array([ 0, 49, 48, 47, 43,  0]) array([ 0, 39, 44, 46, 40,  0])
 array([ 0, 59, 58, 65, 61, 57, 53,  0])
 array([ 0, 66, 74, 75, 76, 68, 62, 60, 54, 50,  0])
 array([ 0, 41, 34, 27, 22,  0])
 array([ 0, 45, 51, 55, 64, 71, 70, 77, 69, 63,  0])
 array([ 0, 33, 36, 30, 31, 14, 21,  9, 13, 26, 25,  0])
 array([ 0, 42, 38, 37, 35, 28, 18, 19, 11, 12, 23, 24, 20, 16, 29, 32,  0])]
 -- Custo: 
 ---------13.34166020071207
 ---------16.99851445020445
 ---------17.187600727863643
 ---------19.803263984955837
 ---------20.22446323827975
 ---------22.53643332187874
 ---------24.063056261429033
 ---------26.81913190966076
 ---- Total: 160.9741240949843
 -- Premio: 
 ---------17.0
 ---------27.0
 ---------34.0
 ---------60.0
 ---------25.0
 ---------46.0
 ---------52.0
 ---------81.0
 ---- Total: 342.0
 - Execucao 1
 -- BestCostGenaration: [-1361.779850691361, -1391.8737378035635, -1397.010429743285, -1419.2880988617096, -1433.6799759775267, -1495.3299662716054, -1514.5631512354294, -1520.041084427286, -1526.6750393156967, -1532.1529725075534, -1547.4961182580614, -1552.974051449918, -1567.028284146601, -1569.2147417589058, -1573.335039889641, -1582.5961667116699, -1583.4249892628532, -1584.9021316018357, -1591.9021316018357, -1597.3800647936923, -1604.2850706950821, -1624.7333595812665, -1673.3547488189683, -1675.0470109524317, -1675.863963136202, -1677.6999252792448, -1678.1173463494122, -1687.431054848397, -1687.689035257381, -1713.6157394843312]
 -- BestCostElement: [-1713.61573948 -1713.61573948 -1713.61573948 -1713.61573948]
 -- BestRoute: [array([ 0, 48, 47, 43, 37, 38,  0]) array([ 0, 23, 24, 20, 16, 25,  0])
 array([ 0, 36, 39, 44, 46, 40,  0])
 array([ 0, 49, 59, 58, 53, 57, 61, 65,  0])
 array([ 0, 50, 45, 54, 60, 62, 67, 75, 74, 66,  0])
 array([ 0, 30, 31, 14, 21,  9, 13, 26, 33,  0])
 array([ 0, 51, 55, 64, 71, 70, 69, 76, 68, 63,  0])
 array([ 0, 42, 35, 28, 22, 27, 17, 10, 18, 19, 11, 12, 29, 32,  0])]
 -- Custo: 
 ---------14.197724007175768
 ---------16.994466510684067
 ---------17.78584445398434
 ---------19.518238340293244
 ---------20.86118637758232
 ---------21.89502503026951
 ---------24.93089334409867
 ---------26.912687064829253
 ---- Total: 163.09606512891716
 -- Premio: 
 ---------25.0
 ---------27.0
 ---------34.0
 ---------38.0
 ---------56.0
 ---------42.0
 ---------49.0
 ---------67.0
 ---- Total: 338.0
 - Execucao 2
 -- BestCostGenaration: [-1413.5177890105551, -1447.784404316123, -1469.6954450302158, -1489.9828626907224, -1490.3142271316012, -1492.4622600663915, -1510.5461403855818, -1528.625721715594, -1547.4250618245187, -1553.312013216609, -1553.7294342867767, -1553.8449288363283, -1556.2088316624458, -1560.9874146957607, -1575.0081717713706, -1588.7294342867767, -1592.5760584054806, -1607.5287743957015, -1611.3753985144053, -1613.8547958900747, -1613.9660994042238]
 -- BestCostElement: [-1613.9660994 -1613.9660994 -1613.9660994 -1613.9660994]
 -- BestRoute: [array([ 0, 49, 58, 53, 48, 43,  0]) array([ 0, 51, 46, 44, 39, 36,  0])
 array([ 0, 42, 38, 37, 35, 34, 41,  0])
 array([ 0, 32, 23, 20, 16, 25, 26, 33,  0])
 array([ 0, 57, 72, 73, 65, 61,  0])
 array([ 0, 50, 45, 54, 60, 62, 67, 75, 74, 66, 59,  0])
 array([ 0, 29, 24, 12, 11, 19, 18, 22, 17, 10,  0])
 array([ 0, 55, 64, 70, 77, 69, 63, 68, 78, 76,  0])]
 -- Custo: 
 ---------13.991941740584954
 ---------16.336009426753158
 ---------17.414213562373096
 ---------19.097452068300655
 ---------20.826013312702784
 ---------20.895804660363012
 ---------24.501309226848402
 ---------26.94573115101804
 ---- Total: 160.0084751489441
 -- Premio: 
 ---------26.0
 ---------32.0
 ---------39.0
 ---------40.0
 ---------27.0
 ---------62.0
 ---------46.0
 ---------50.0
 ---- Total: 322.0
 - Execucao 3
 -- BestCostGenaration: [-254.48774813689676, -1350.7705023869457, -1358.1852140719996, -1397.8498119303108, -1400.2720170321668, -1407.8805113147416, -1425.88353036759, -1446.0250924889085, -1485.5457254422963, -1515.972951778402, -1518.5740779378934, -1541.6661649994185, -1542.7219310575501, -1577.6163735805353, -1608.1372794060735, -1636.0845560839389, -1651.0198446168174, -1657.262337808164, -1657.797138423432, -1663.338319630634, -1665.3127333326, -1677.338319630634, -1679.3127333326]
 -- BestCostElement: [-1679.31273333 -1679.31273333 -1679.31273333 -1679.31273333]
 -- BestRoute: [array([ 0, 42, 38, 37, 35,  0]) array([ 0, 59, 58, 53, 48, 43,  0])
 array([ 0, 45, 51, 46, 44, 40, 39, 36,  0])
 array([ 0, 24, 23, 12, 11, 19, 18,  0])
 array([ 0, 50, 54, 60, 62, 67, 75, 74, 66, 65, 61,  0])
 array([ 0, 63, 68, 76, 69, 77, 70,  0])
 array([ 0, 33, 30, 14, 21,  9, 13, 26, 25, 16, 20, 29, 32,  0])
 array([ 0, 49, 47, 41, 34, 27, 17, 10, 22, 28,  0])]
 -- Custo: 
 ---------11.799378369507599
 ---------15.050552263956636
 ---------18.34919025728683
 ---------19.19541448304116
 ---------20.881832902051922
 ---------21.794941933702944
 ---------24.482605577751237
 ---------26.117900879551712
 ---- Total: 157.67181666685005
 -- Premio: 
 ---------25.0
 ---------28.0
 ---------41.0
 ---------31.0
 ---------65.0
 ---------31.0
 ---------64.0
 ---------45.0
 ---- Total: 330.0
 - Execucao 4
 -- BestCostGenaration: [-1227.764501603794, -1308.1566890086954, -1330.4295721678527, -1346.4592616642608, -1387.4325769357188, -1394.4248333269, -1418.5677130763966, -1441.0844833625297, -1443.9272567516034, -1467.7862620811825, -1469.3641021700623, -1488.4215643331497, -1504.2066879192166, -1510.6995043117513, -1519.8852358114127, -1522.7631821771888, -1532.8629833424848, -1536.1766918414696, -1552.6842693389988, -1555.5622157047746, -1557.7519403832507, -1557.863232772259, -1558.3742457675453, -1563.423742573652, -1582.7111602341588]
 -- BestCostElement: [-1582.71116023 -1582.71116023 -1582.71116023 -1582.71116023]
 -- BestRoute: [array([ 0, 45, 51, 44, 36,  0]) array([ 0, 46, 40, 39,  0])
 array([ 0, 49, 48, 47, 35, 37, 38, 42,  0])
 array([ 0, 60, 62, 68, 76, 77, 69, 63, 54, 50,  0])
 array([ 0, 43, 41, 34, 27, 22,  0])
 array([ 0, 59, 67, 75, 74, 66, 65, 61, 57, 53, 58,  0])
 array([ 0, 26, 25, 16, 20, 24, 23, 19, 18, 11, 12,  0])
 array([ 0, 29, 32, 33, 30, 14, 15, 21,  9, 13,  0])]
 -- Custo: 
 ---------14.934976694913729
 ---------16.17008732545826
 ---------17.365746312736945
 ---------19.25209583010962
 ---------20.559550729372326
 ---------22.60181429023674
 ---------24.893860139990586
 ---------26.79407861864212
 ---- Total: 162.57220994146033
 -- Premio: 
 ---------20.0
 ---------21.0
 ---------38.0
 ---------51.0
 ---------29.0
 ---------61.0
 ---------54.0
 ---------45.0
 ---- Total: 319.0
 - Execucao 5
 -- BestCostGenaration: [-1375.5820594894426, -1420.9360088607905, -1428.7570878031547, -1470.6236690176456, -1538.9037281836531, -1557.7030682925779, -1578.4074095369583, -1587.0462140430855, -1606.3546862148237, -1623.7209109817932, -1636.7209109817932, -1643.5419899241576, -1659.426316881867, -1661.732281772033, -1663.6604440508397, -1682.6865710983245, -1684.0304478092248, -1684.9119936825427, -1703.0565748567096]
 -- BestCostElement: [-1703.05657486 -1703.05657486 -1703.05657486 -1703.05657486]
 -- BestRoute: [array([ 0, 38, 35, 34, 37, 42,  0]) array([ 0, 33,  9, 21, 14, 30,  0])
 array([ 0, 49, 58, 53, 48, 43, 41,  0])
 array([ 0, 51, 55, 46, 44, 40, 39, 36,  0])
 array([ 0, 25, 26, 13, 16, 20, 24, 23,  0])
 array([ 0, 50, 54, 60, 59, 67, 75, 74, 66, 65, 61,  0])
 array([ 0, 32, 29, 12, 11, 19, 18, 22, 17, 10,  0])
 array([ 0, 45, 63, 68, 76, 78, 69, 77, 70, 64,  0])]
 -- Custo: 
 ---------14.974836860209646
 ---------16.614226788360828
 ---------18.12899020449196
 ---------19.750222989126257
 ---------20.994466510684067
 ---------22.70368731717862
 ---------24.74768689919494
 ---------26.071738716576274
 ---- Total: 163.9858562858226
 -- Premio: 
 ---------30.0
 ---------24.0
 ---------35.0
 ---------41.0
 ---------41.0
 ---------68.0
 ---------48.0
 ---------50.0
 ---- Total: 337.0
 - Execucao 6
 -- BestCostGenaration: [-101.33721733979202, -1229.5791336835064, -1286.107164836646, -1351.3360662298505, -1361.60015262901, -1441.5027428812855, -1455.7168379384204, -1462.3249611570604, -1466.3322463543761, -1467.541847190295, -1502.541847190295, -1530.303347177763, -1530.994090802175, -1551.8151697445392, -1564.8942290958876, -1583.4720239940316, -1584.9762933036952]
 -- BestCostElement: [-1584.9762933 -1584.9762933 -1584.9762933 -1584.9762933]
 -- BestRoute: [array([ 0, 42, 38, 37, 43, 48,  0]) array([ 0, 20, 16, 25, 26, 33,  0])
 array([ 0, 68, 76, 77, 69, 63,  0])
 array([ 0, 45, 51, 55, 46, 44, 40, 39, 36,  0])
 array([ 0, 23, 19, 11, 12, 24, 29, 32,  0])
 array([ 0, 50, 54, 60, 62, 67, 75, 74, 66, 65, 61, 57, 53,  0])
 array([ 0, 49, 59, 58, 73, 72, 56,  0])
 array([ 0, 41, 34, 27, 22, 17, 10, 18, 28, 35,  0])]
 -- Custo: 
 ---------13.621232784634294
 ---------16.338595345635092
 ---------18.983934339928254
 ---------19.76340381965992
 ---------17.309660559464376
 ---------22.307135789365265
 ---------23.73230412600852
 ---------26.449659909380486
 ---- Total: 158.5059266740762
 -- Premio: 
 ---------29.0
 ---------26.0
 ---------26.0
 ---------45.0
 ---------35.0
 ---------75.0
 ---------30.0
 ---------51.0
 ---- Total: 317.0
 - Execucao 7
 -- BestCostGenaration: [-1360.3194857903104, -1391.808213259275, -1398.8899177571411, -1421.7856852079922, -1424.1288309584997, -1442.6067641503564, -1452.594668521042, -1463.7492500097887, -1499.6167148233521, -1504.0300779744744, -1510.0155886638604, -1511.2020462761652, -1518.5934287527402, -1519.2020462761652, -1534.5451920266728]
 -- BestCostElement: [-1534.54519203 -1534.54519203 -1534.54519203 -1534.54519203]
 -- BestRoute: [array([ 0, 59, 67, 62, 60, 54, 50,  0]) array([ 0, 34, 41,  0])
 array([ 0, 63, 68, 75, 74, 66,  0])
 array([ 0, 65, 61, 57, 53, 48, 43,  0])
 array([ 0, 32, 29, 20, 12, 16, 26,  0])
 array([ 0, 38, 37, 35, 28, 22, 17, 10, 18, 19, 23, 24,  0])
 array([ 0, 49, 42, 47, 52, 56, 72, 73, 58,  0])
 array([ 0, 45, 51, 46, 44, 39, 36, 30, 14, 21,  9, 13,  0])]
 -- Custo: 
 ---------13.837882267736527
 ---------16.280109889280517
 ---------18.805788755054945
 ---------18.552762751640053
 ---------19.86387347175358
 ---------22.440364694295056
 ---------24.689811215547053
 ---------26.14310894802404
 ---- Total: 160.61370199333177
 -- Premio: 
 ---------34.0
 ---------14.0
 ---------34.0
 ---------33.0
 ---------37.0
 ---------60.0
 ---------36.0
 ---------63.0
 ---- Total: 311.0
 - Execucao 8
 -- BestCostGenaration: [-1240.0733395953257, -1293.8003674196093, -1347.6588342764649, -1394.2978995994104, -1404.350831903274, -1415.6649807168187, -1420.9571372182781, -1441.7071629006068, -1447.3114354731433, -1452.178240459702, -1453.576323447336, -1478.8286318485746, -1491.1596932300429, -1500.2420627854292, -1512.5294804459359, -1541.7230007451521, -1543.8834298172837, -1575.0653270813748, -1592.75161858239, -1625.3641155321213, -1626.743874973571, -1627.6700804222874, -1647.3791772255381, -1655.5137409834128, -1676.0474022652706, -1676.226323322906, -1677.2929002244828, -1677.550880633467, -1682.2399679206194, -1682.4979483296033, -1683.2105306690964]
 -- BestCostElement: [-1683.21053067 -1683.21053067 -1683.21053067 -1683.21053067]
 -- BestRoute: [array([ 0, 59, 37,  0]) array([ 0, 32, 29, 20, 16, 25, 26,  0])
 array([ 0, 58, 66, 74, 75, 67, 62, 60, 54, 50,  0])
 array([ 0, 63, 69, 78, 76, 68,  0])
 array([ 0, 39, 36, 30, 14, 21,  9, 13,  0])
 array([ 0, 45, 51, 55, 64, 71, 46, 44,  0])
 array([ 0, 27, 22, 17, 10, 18, 19, 11, 12, 23,  0])
 array([ 0, 49, 53, 61, 65, 57, 48, 43, 41, 34, 35, 38, 42,  0])]
 -- Custo: 
 ---------14.077163146080622
 ---------16.449659909380483
 ---------18.714776642118867
 ---------18.22000231742804
 ---------20.779287721702673
 ---------22.976073815880028
 ---------24.957704745389833
 ---------25.772699034745347
 ---- Total: 161.9473673327259
 -- Premio: 
 ---------15.0
 ---------34.0
 ---------57.0
 ---------28.0
 ---------41.0
 ---------41.0
 ---------50.0
 ---------67.0
 ---- Total: 333.0
 - Execucao 9
 -- BestCostGenaration: [-179.19149142560843, -1312.9392005474278, -1315.7406359710872, -1341.4728618292856, -1357.0246062256308, -1387.5157383171982, -1408.4046832246104, -1472.9223557665255, -1479.7890737719138, -1595.5012058320208, -1599.9936283344914, -1601.4663900201922, -1626.9936283344914, -1655.4261058846723, -1689.0684708235508, -1691.1955146560813, -1691.7514088573716, -1717.7733095542253, -1726.352202794284, -1745.4858918937184, -1747.612935726249, -1768.9080969955744, -1771.5092231550661, -1773.6099309583828]
 -- BestCostElement: [-1773.60993096 -1773.60993096 -1773.60993096 -1773.60993096]
 -- BestRoute: [array([ 0, 42, 43, 47, 48,  0]) array([ 0, 37, 41, 34, 35, 38,  0])
 array([ 0, 45, 44, 46, 40, 39, 36,  0])
 array([ 0, 59, 66, 74, 75, 76, 68, 62, 60, 54, 50,  0])
 array([ 0, 49, 58, 61, 65, 73, 72, 57, 53,  0])
 array([ 0, 29, 24, 23, 12, 11, 19, 18, 22,  0])
 array([ 0, 51, 55, 64, 71, 70, 77, 69, 63,  0])
 array([ 0, 32, 33, 26, 25, 20, 16, 13,  9, 21, 14, 30,  0])]
 -- Custo: 
 ---------13.035446347007388
 ---------16.683728923454208
 ---------17.625118400082528
 ---------19.83788226773653
 ---------20.912687064829257
 ---------20.761782426270507
 ---------22.52325249134507
 ---------25.46761933967883
 ---- Total: 156.84751726040432
 -- Premio: 
 ---------20.0
 ---------32.0
 ---------38.0
 ---------66.0
 ---------43.0
 ---------44.0
 ---------42.0
 ---------58.0
 ---- Total: 343.0
