 - Execucao 0
 -- BestCostGenaration: [-218.01498024775935, -1255.2029762853272, -1270.3038944503714, -1303.2029762853272, -1334.730160457528, -1336.188979250326, -1396.7344258707126, -1412.9613314095302, -1425.0948563081874, -1436.3596924385263, -1467.904778943663, -1468.5161775514796, -1475.5084339426608, -1482.5239211602984, -1489.711477114518, -1508.41103432721, -1515.403290718391, -1524.5252439177243, -1530.884722982899, -1546.1116285217167, -1549.2464159630658, -1551.1721406434058, -1552.3990461822232, -1574.3909971372327, -1604.2822934802116, -1616.8571288012254, -1625.661614800143, -1646.661614800143]
 -- BestCostElement: [-1646.6616148 -1646.6616148 -1646.6616148 -1646.6616148]
 -- BestRoute: [array([ 0, 29, 16, 20, 24, 23,  0])
 array([ 0, 30, 14, 21,  9, 13, 26,  0])
 array([ 0, 43, 48, 47, 52, 56, 57, 61, 53,  0])
 array([ 0, 50, 54, 60, 62, 75, 74, 66, 59, 58, 49,  0])
 array([ 0, 45, 51, 64, 70, 77, 69, 76,  0])
 array([ 0, 63, 55, 46, 44, 39, 36, 33, 32,  0])
 array([ 0, 42, 37, 35, 34, 27, 22, 17, 10, 18, 19, 11, 12,  0])]
 -- Custo: 
 ---------16.94476230537753
 ---------18.43857058444024
 ---------19.927446638338978
 ---------20.601126159491542
 ---------22.762715467031754
 ---------23.151279812428157
 ---------26.508695332856078
 ---- Total: 148.3345962999643
 -- Premio: 
 ---------30.0
 ---------35.0
 ---------38.0
 ---------64.0
 ---------37.0
 ---------48.0
 ---------68.0
 ---- Total: 320.0
 - Execucao 1
 -- BestCostGenaration: [-155.69165416900424, -1284.068846757165, -1331.4522398327153, -1401.9784799794434, -1406.7678694153726, -1428.9707363706245, -1429.1274245088275, -1430.0442133351303, -1432.1747744258482, -1482.4400271636173, -1490.2611061059815, -1492.5670709961473, -1493.5004528842828, -1520.5670709961473, -1521.5004528842828, -1523.6310139750008, -1525.2615773860152, -1552.0928018332718, -1572.728104085239, -1574.858665175957, -1577.757705127755, -1580.44399662877, -1582.0745600397845, -1582.6093606550526, -1603.0745600397845, -1616.7871423792776, -1617.321942994546]
 -- BestCostElement: [-1617.32194299 -1617.32194299 -1617.32194299 -1617.32194299]
 -- BestRoute: [array([ 0, 36, 39, 44, 46, 45,  0])
 array([ 0, 42, 49, 58, 61, 53, 48, 43,  0])
 array([ 0, 50, 54, 60, 59, 67, 75, 74, 66,  0])
 array([ 0, 32, 29, 24, 23, 19, 18, 11, 12,  0])
 array([ 0, 28, 22, 10, 17, 27, 34, 35, 37, 38,  0])
 array([ 0, 33, 25, 26, 30, 31, 21,  9, 13,  0])
 array([ 0, 51, 55, 64, 71, 70, 77, 69, 63, 76, 68,  0])]
 -- Custo: 
 ---------15.877054302287245
 ---------18.399582593338558
 ---------19.625118400082528
 ---------19.272627355356292
 ---------22.629896999847208
 ---------24.862310706115352
 ---------26.25292389433632
 ---- Total: 146.9195142513635
 -- Premio: 
 ---------33.0
 ---------42.0
 ---------55.0
 ---------42.0
 ---------47.0
 ---------43.0
 ---------53.0
 ---- Total: 315.0
 - Execucao 2
 -- BestCostGenaration: [-137.38553591247813, -1370.1137903978552, -1388.2702262911725, -1390.158770111171, -1395.2674305050352, -1398.3231585950361, -1400.8452254031793, -1408.6663043455437, -1443.0502950739674, -1484.9300616834632, -1504.9223180746444, -1512.6915616709312, -1519.1764928094683, -1527.6886020938007, -1539.1687492006495, -1541.0572930206479, -1608.9177667383458, -1612.0525541796949, -1629.6468822956765, -1641.303736545169, -1644.438523986518, -1647.0473937548284, -1653.7599760943215, -1657.9916656648275]
 -- BestCostElement: [-1657.99166566 -1657.99166566 -1657.99166566 -1657.99166566]
 -- BestRoute: [array([ 0, 33, 26, 25, 16, 20, 29,  0])
 array([ 0, 49, 48, 43, 41, 34, 35, 37, 42,  0])
 array([ 0, 53, 57, 56, 61, 65,  0])
 array([ 0, 36, 30, 39, 44, 46, 51,  0])
 array([ 0, 50, 54, 60, 62, 68, 76, 75, 74, 66, 58, 59,  0])
 array([ 0, 45, 55, 64, 71, 70, 77, 69, 63,  0])
 array([ 0, 32, 24, 23, 12, 11, 19, 18, 10, 17, 22, 27,  0])]
 -- Custo: 
 ---------16.378938440954535
 ---------18.89292222699217
 ---------19.787593773469453
 ---------20.157863841879855
 ---------21.837882267736525
 ---------22.49170305746984
 ---------25.95517997529072
 ---- Total: 145.50208358379308
 -- Premio: 
 ---------32.0
 ---------50.0
 ---------27.0
 ---------39.0
 ---------71.0
 ---------43.0
 ---------58.0
 ---- Total: 320.0
 - Execucao 3
 -- BestCostGenaration: [-128.41064132989334, -1268.563084459322, -1300.644066624778, -1307.7537025610598, -1376.916653005226, -1404.5588108899547, -1407.8063640712767, -1411.4152338395872, -1431.2317091506102, -1465.4094908748352, -1465.8269119450028, -1472.519126811117, -1482.480761426629, -1512.3605280361248, -1519.4701639724067, -1546.196096289103, -1546.3750173467386, -1566.83139854107, -1574.1199555349874, -1582.6320648193198, -1583.344647158813, -1583.7620682289805, -1583.9409892866163, -1588.3918416927193, -1588.570762750355, -1602.3918416927193, -1610.7349874432268, -1610.9139085008626, -1615.8581804108617, -1624.4593065703534, -1632.1718889098465, -1644.3508551582177]
 -- BestCostElement: [-1644.35085516 -1644.35085516 -1644.35085516 -1644.35085516]
 -- BestRoute: [array([ 0, 49, 61, 65, 57, 53,  0])
 array([ 0, 50, 54, 60, 62, 75, 67,  0])
 array([ 0, 42, 38, 37, 35, 34, 41, 43, 48,  0])
 array([ 0, 39, 36, 30, 14, 21,  9, 13, 26,  0])
 array([ 0, 45, 51, 55, 64, 71, 70, 77, 69, 63,  0])
 array([ 0, 68, 76, 78, 74, 66, 58, 59,  0])
 array([ 0, 32, 29, 20, 16, 12, 19, 18, 10, 17, 22, 23,  0])]
 -- Custo: 
 ---------16.084259940083065
 ---------15.30056307974577
 ---------19.03544634700739
 ---------20.78474740047306
 ---------22.53643332187874
 ---------23.19696199942009
 ---------26.723874121837476
 ---- Total: 143.6622862104456
 -- Premio: 
 ---------27.0
 ---------36.0
 ---------49.0
 ---------49.0
 ---------46.0
 ---------44.0
 ---------66.0
 ---- Total: 317.0
 - Execucao 4
 -- BestCostGenaration: [-1246.9627494524295, -1347.70347305007, -1355.5245519924342, -1358.838260491419, -1388.2278136656864, -1394.4710525191713, -1434.4296547965405, -1466.115946297556, -1473.9370252399203, -1494.5800711007062, -1515.5357138009454, -1520.897406781112, -1528.866000708503, -1540.3438435188887, -1547.529620209286, -1571.210596661593, -1575.2911201967538, -1599.1356404200255, -1603.072168721206, -1604.5460439940173, -1605.2586263335108, -1619.2586263335108, -1619.7934269487791, -1620.890283798607]
 -- BestCostElement: [-1620.8902838 -1620.8902838 -1620.8902838 -1620.8902838]
 -- BestRoute: [array([ 0, 58, 61, 57, 53, 48, 43,  0])
 array([ 0, 38, 35, 37, 42, 49, 59,  0])
 array([ 0, 50, 54, 60, 62, 67, 75, 74, 66,  0])
 array([ 0, 39, 36, 30, 14, 21,  9, 13, 26,  0])
 array([ 0, 24, 23, 19, 11, 12, 16, 20, 29, 32,  0])
 array([ 0, 45, 51, 55, 64, 70, 77, 69, 63, 76, 68,  0])
 array([ 0, 28, 22, 18, 10, 17, 27, 34, 41,  0])]
 -- Custo: 
 ---------16.755873763085166
 ---------16.8220143430316
 ---------17.803263984955834
 ---------20.78474740047306
 ---------20.62780549425379
 ---------24.266104724869987
 ---------25.467619339678826
 ---- Total: 142.52742905034827
 -- Premio: 
 ---------34.0
 ---------35.0
 ---------52.0
 ---------49.0
 ---------47.0
 ---------51.0
 ---------45.0
 ---- Total: 313.0
 - Execucao 5
 -- BestCostGenaration: [-1317.133780282018, -1368.401484736742, -1376.2225636791068, -1394.231054172053, -1397.4786073533749, -1462.8807319821262, -1466.209360529349, -1484.787155427493, -1492.6082343698577, -1503.8986116074948, -1511.719690549859, -1517.1976237417161, -1517.8986116074948, -1522.8348028672608, -1553.452483483459, -1563.3759840744628, -1572.9936646906608, -1597.2281067841475, -1611.2281067841475, -1624.8702646688764, -1626.6797491375264, -1631.6240210475255, -1661.9377295465104, -1663.9121432484762, -1665.1852827278324, -1688.682708714657, -1691.8174961560062, -1707.3395629641495, -1710.4743504054986, -1712.4487641074645]
 -- BestCostElement: [-1712.44876411 -1712.44876411 -1712.44876411 -1712.44876411]
 -- BestRoute: [array([ 0, 45, 51, 46, 44, 39, 36,  0])
 array([ 0, 33, 30, 14, 21,  9, 13, 26,  0])
 array([ 0, 50, 54, 60, 62, 67, 75, 74, 66,  0])
 array([ 0, 32, 29, 24, 23, 19, 11, 12, 16,  0])
 array([ 0, 49, 59, 58, 53, 48, 43, 47, 57, 61,  0])
 array([ 0, 38, 28, 18, 10, 17, 22, 27, 34, 35, 37, 42,  0])
 array([ 0, 63, 68, 76, 69, 77, 70, 71, 64, 55,  0])]
 -- Custo: 
 ---------16.34919025728683
 ---------18.80327528263976
 ---------17.803263984955834
 ---------20.242640687119284
 ---------22.360541566671003
 ---------24.660751162624543
 ---------25.66814603183663
 ---- Total: 145.8878089731339
 -- Premio: 
 ---------36.0
 ---------38.0
 ---------52.0
 ---------44.0
 ---------47.0
 ---------61.0
 ---------50.0
 ---- Total: 328.0
 - Execucao 6
 -- BestCostGenaration: [-203.35213040534595, -1348.6497762545034, -1367.15261491108, -1395.8468824871409, -1404.6903145624876, -1452.980591918483, -1453.6931742579761, -1494.2657956639978, -1527.6352322529833, -1529.9411971431493, -1548.7405372520739, -1571.6290810720723, -1572.3416634115654, -1581.4438814950288, -1596.9752315904461, -1599.5763577499376, -1600.2889400894308, -1615.6615230914615, -1620.4003962694326, -1640.4003962694326]
 -- BestCostElement: [-1640.40039627 -1640.40039627 -1640.40039627 -1640.40039627]
 -- BestRoute: [array([ 0, 53, 61, 57, 48,  0])
 array([ 0, 45, 51, 46, 44, 40, 39, 36,  0])
 array([ 0, 29, 24, 23, 12, 11, 19, 18,  0])
 array([ 0, 32, 25, 26, 13,  9, 21, 14, 30,  0])
 array([ 0, 50, 54, 60, 62, 67, 75, 74, 66, 65, 58, 59, 49,  0])
 array([ 0, 42, 38, 37, 35, 28, 22, 10, 17, 27, 34,  0])
 array([ 0, 63, 68, 76, 78, 69, 77, 70, 64,  0])]
 -- Custo: 
 ---------15.7993783695076
 ---------18.34919025728683
 ---------19.347568863897408
 ---------19.289473754805524
 ---------22.779271744364845
 ---------24.3446049915265
 ---------24.740412951253195
 ---- Total: 144.6499009326419
 -- Premio: 
 ---------25.0
 ---------41.0
 ---------37.0
 ---------43.0
 ---------71.0
 ---------54.0
 ---------46.0
 ---- Total: 317.0
 - Execucao 7
 -- BestCostGenaration: [-147.96588936960006, -1312.466952912633, -1333.9934433025348, -1347.4335169484698, -1362.746266514391, -1435.226204639511, -1438.8535172622828, -1463.8803752701604, -1482.7034548565916, -1487.6477267665907, -1490.2488529260825, -1498.416037196085, -1501.0171633555765, -1501.6876170120465, -1526.1181234037786, -1529.434584425744, -1530.9084596985556, -1576.4393232666969, -1577.9131985395081, -1604.386599944562, -1607.6581797605236, -1615.0728914455772, -1623.4160371960847, -1626.7013931994725, -1631.6035364264483, -1666.3648293597666, -1667.7079751102742, -1669.6491006072285, -1687.9953927707809, -1689.9365182677352]
 -- BestCostElement: [-1689.93651827 -1689.93651827 -1689.93651827 -1689.93651827]
 -- BestRoute: [array([ 0, 33, 26, 25, 16, 20,  0])
 array([ 0, 42, 38, 37, 35, 27, 22,  0])
 array([ 0, 49, 59, 53, 48, 41, 43,  0])
 array([ 0, 28, 18, 19, 11, 12, 23, 24, 29, 32,  0])
 array([ 0, 45, 51, 55, 64, 71, 70, 77, 69, 63,  0])
 array([ 0, 58, 61, 65, 66, 74, 75, 67, 76, 68, 62, 60, 54, 50,  0])
 array([ 0, 44, 46, 40, 39, 36, 30, 14,  9, 13,  0])]
 -- Custo: 
 ---------16.338595345635095
 ---------18.467103925399037
 ---------19.80450094062622
 ---------20.23155136217904
 ---------22.53643332187874
 ---------24.128990204491963
 ---------26.50869533285608
 ---- Total: 148.0158704330662
 -- Premio: 
 ---------26.0
 ---------36.0
 ---------36.0
 ---------44.0
 ---------46.0
 ---------81.0
 ---------57.0
 ---- Total: 326.0
 - Execucao 8
 -- BestCostGenaration: [-136.44663986661777, -1352.5546400111837, -1394.0624460322038, -1396.6635721916953, -1398.6402409303478, -1412.9417517556635, -1418.8468660928904, -1421.447992252382, -1426.6579881801838, -1429.7911380028895, -1451.480434271771, -1454.0815604312625, -1468.7892568942332, -1472.1029653932178, -1474.7040915527093, -1490.5337132301847, -1496.7048906790014, -1499.3060168384932, -1500.7702146196793, -1505.2022134543531, -1508.2292952342982, -1509.6101026135238, -1522.6101026135238, -1525.8811416800345, -1545.8321963333528, -1546.0979203511556, -1560.8399399421714]
 -- BestCostElement: [-1560.83993994 -1560.83993994 -1560.83993994 -1560.83993994]
 -- BestRoute: [array([ 0, 42, 37, 34, 35, 38,  0])
 array([ 0, 49, 53, 48, 47, 41, 43,  0])
 array([ 0, 46, 44, 39, 30, 36,  0])
 array([ 0, 32, 29, 24, 23, 12, 19, 18, 22,  0])
 array([ 0, 63, 69, 70, 78, 76, 68, 62, 60, 54, 50,  0])
 array([ 0, 45, 67, 75, 74, 66, 65, 61, 58, 59,  0])
 array([ 0, 33, 31, 21,  9, 13, 26, 25, 16, 20,  0])]
 -- Custo: 
 ---------14.974836860209644
 ---------17.049864133211436
 ---------19.607698869111037
 ---------20.467103925399037
 ---------22.743638959674556
 ---------23.530548743004438
 ---------26.916323523846955
 ---- Total: 145.2900150144571
 -- Premio: 
 ---------30.0
 ---------33.0
 ---------36.0
 ---------46.0
 ---------58.0
 ---------55.0
 ---------48.0
 ---- Total: 306.0
 - Execucao 9
 -- BestCostGenaration: [-227.47930218364456, -1288.6928856219056, -1319.069530912509, -1382.4742961056286, -1384.4487098075945, -1425.1169334993988, -1430.8900279605812, -1451.2283896794004, -1466.5715354299082, -1481.7745786017654, -1486.8589530904148, -1488.8333667923807, -1488.9373316084489, -1499.1806156526693, -1500.0316711232854, -1514.5237614031769, -1529.494324151654, -1530.5794894931776, -1541.5118802119061, -1544.8374699021617, -1548.8637607406397, -1551.0502183529443, -1558.9387621729427, -1595.2819079234503, -1598.7894854209796]
 -- BestCostElement: [-1598.78948542 -1598.78948542 -1598.78948542 -1598.78948542]
 -- BestRoute: [array([ 0, 49, 58, 59,  0]) array([ 0, 23, 24, 20, 16, 25, 26, 33,  0])
 array([ 0, 45, 51, 55, 46, 40, 44, 39, 36,  0])
 array([ 0, 12, 11, 19, 18, 22,  0])
 array([ 0, 50, 54, 60, 62, 67, 75, 74, 66, 65, 61, 57, 53,  0])
 array([ 0, 63, 68, 76, 78, 69, 77, 70, 64,  0])
 array([ 0, 32, 29, 28, 35, 34, 41, 47, 48, 43, 42, 37, 38,  0])]
 -- Custo: 
 ---------11.18760072786364
 ---------18.50099827255527
 ---------19.76340381965992
 ---------19.84023634414366
 ---------22.307135789365265
 ---------24.740412951253195
 ---------26.46284073991415
 ---- Total: 142.8026286447551
 -- Premio: 
 ---------15.0
 ---------38.0
 ---------45.0
 ---------26.0
 ---------75.0
 ---------46.0
 ---------65.0
 ---- Total: 310.0
