 - Execucao 0
 -- BestCostGenaration: [-1134.6982365015394, -1201.3887385874527, -1217.4804969649185, -1256.0716786678552, -1272.7399037075875, -1317.2925925101918, -1346.8593902139642, -1355.1057842709793, -1379.218869279139, -1390.960888870155, -1410.4010097534351, -1423.082568689719, -1425.4712271540498, -1465.2365780064133, -1493.0343256874303, -1503.4085463081042, -1519.4642743981049, -1522.5787699300588, -1543.7432016770806, -1549.8661875905655, -1581.4006559832549, -1587.5236418967397, -1614.1832919323695, -1615.5264376828773, -1619.0944388482035, -1621.8047100012564, -1623.5354413717353, -1648.9674402064088, -1655.0060782091678, -1668.9674402064088, -1672.0758916185443, -1689.0404837345732, -1690.7327458680368, -1691.3541639369237, -1731.3105407661808, -1732.139363317364, -1748.9530694960526, -1750.2962152465602, -1778.2962152465602, -1791.7430735682506, -1806.6610546397717, -1833.0304912287572, -1834.448929976874, -1834.9825912587316, -1841.2622653104195, -1853.9748476499128, -1857.0305757399135, -1858.2065372204186, -1858.919119559912, -1863.863391469911]
 -- BestCostElement: [-1863.86339147 -1863.86339147 -1863.86339147 -1863.86339147]
 -- BestRoute: [array([ 0, 50, 54,  1]) array([ 0, 29, 25, 26, 33,  2])
 array([ 0, 24, 23, 12, 11, 19, 18, 22, 27, 17, 10,  3])
 array([ 0, 60, 62, 67, 75, 74, 66, 58, 61, 65, 72,  4])
 array([ 0, 13,  9, 21, 14, 30, 31, 15,  5])
 array([ 0, 59, 76, 78, 68, 63, 69, 77, 70, 64, 71,  6])
 array([ 0, 49, 53, 48, 43, 41, 35, 37, 42, 38, 32, 16,  7])
 array([ 0, 45, 51, 55, 46, 40, 44, 39, 36,  8])]
 -- Custo: 
 ---------14.090588048783435
 ---------16.06737753561682
 ---------18.627805494253792
 ---------19.764091950405117
 ---------18.4442002306101
 ---------22.501309226848406
 ---------24.977182167075235
 ---------26.06159747892935
 ---- Total: 160.53415213252225
 -- Premio: 
 ---------18.0
 ---------20.0
 ---------53.0
 ---------60.0
 ---------35.0
 ---------58.0
 ---------69.0
 ---------45.0
 ---- Total: 358.0
 - Execucao 1
 -- BestCostGenaration: [-1156.5776041829026, -1195.8119716605534, -1250.5225636383302, -1264.894061884435, -1267.2372076349425, -1385.9749387504378, -1393.5003589371822, -1462.136167265921, -1498.1171324861884, -1558.9294127409757, -1583.5627100596798, -1621.3559259538936, -1629.3559259538936, -1656.5381572155673, -1702.8294257409698, -1720.602520202152, -1729.0006031897865, -1737.874657699171, -1752.1725714914774, -1765.6730450918076, -1783.9007414834991, -1786.5018676429906, -1793.6103642458618, -1805.696441181979, -1816.3827326829942, -1825.5320094349572, -1842.7229188563713, -1844.6546631258632, -1859.647917424068, -1862.7229188563713, -1879.647917424068, -1887.4689963664327, -1905.1408976075961, -1909.3996688694542, -1912.9619765499606, -1916.3919252606354, -1935.6366734886683, -1938.9503819876531, -1950.9798192391759, -1954.2935277381607, -1956.5994926283265, -1963.591749019508, -1977.2252720076526]
 -- BestCostElement: [-1977.22527201 -1977.22527201 -1977.22527201 -1977.22527201]
 -- BestRoute: [array([ 0, 59, 49, 34,  1]) array([ 0, 32, 36, 39, 44, 46, 40,  2])
 array([ 0, 42, 38, 37, 35, 28, 18, 22, 27, 17, 10,  3])
 array([ 0, 58, 53, 48, 43, 41, 47, 52, 56,  4])
 array([ 0, 29, 24, 23, 19, 11, 12,  5])
 array([ 0, 45, 51, 63, 68, 76, 78, 69, 77, 70, 64, 71,  6])
 array([ 0, 33, 13,  9, 21, 31, 30, 14, 26, 25, 20, 16,  7])
 array([ 0, 50, 54, 60, 62, 67, 75, 74, 73, 72, 57, 61, 65, 66,  8])]
 -- Custo: 
 ---------14.99836581805009
 ---------14.779959875110043
 ---------17.656854249492383
 ---------19.837882267736525
 ---------20.99689376755111
 ---------22.725246264870524
 ---------24.62157912807382
 ---------26.32690062720235
 ---- Total: 161.94368199808684
 -- Premio: 
 ---------15.0
 ---------39.0
 ---------56.0
 ---------40.0
 ---------30.0
 ---------59.0
 ---------57.0
 ---------79.0
 ---- Total: 375.0
 - Execucao 2
 -- BestCostGenaration: [-1200.7697990364718, -1312.5668111426148, -1324.6677279276605, -1596.9453180083449, -1627.5087825391188, -1669.0320378561678, -1703.213945496133, -1750.0613334625118, -1763.4011690089815, -1807.628074547799, -1814.634612349647, -1845.703273951218, -1867.704290473533, -1892.3406568872924, -1893.1694794384757, -1917.6107139189, -1927.6838026378, -1930.8060134819384, -1943.9097260531212, -1961.2453804396955, -1966.1896523496948, -1968.7062053650093, -1968.8101701810774, -1975.9936230255162, -1985.7838793425994, -1992.0493511155169, -1994.127025093107, -2019.0712970031063, -2024.0155689131057, -2026.20202652541, -2028.0905703454087, -2030.3965352355744]
 -- BestCostElement: [-2030.39653524 -2030.39653524 -2030.39653524 -2030.39653524]
 -- BestRoute: [array([ 0, 28, 27, 34, 41,  1]) array([ 0, 54, 45, 51, 55, 46, 40,  2])
 array([ 0, 29, 24, 23, 12, 11, 19, 18, 22, 17, 10,  3])
 array([ 0, 60, 62, 67, 75, 74, 66, 61, 65, 73, 72,  4])
 array([ 0, 44, 39, 36, 30, 14, 21,  9, 13,  5])
 array([ 0, 49, 63, 68, 76, 78, 69, 77, 70, 64, 71,  6])
 array([ 0, 50, 32, 33, 26, 25, 20, 16,  7])
 array([ 0, 42, 38, 37, 35, 43, 48, 47, 52, 56, 57, 53, 58, 59,  8])]
 -- Custo: 
 ---------13.403124237432849
 ---------15.14218233270955
 ---------16.77995987511004
 ---------18.601814290236735
 ---------20.57772817821186
 ---------22.380728371329855
 ---------16.985369030965458
 ---------24.779959875110045
 ---- Total: 148.6508661911064
 -- Premio: 
 ---------20.0
 ---------34.0
 ---------55.0
 ---------58.0
 ---------47.0
 ---------56.0
 ---------40.0
 ---------65.0
 ---- Total: 375.0
 - Execucao 3
 -- BestCostGenaration: [-48.142847174961425, -1043.9434512468697, -1131.6811029992227, -1162.1437652106251, -1237.8840017993834, -1591.4206911385477, -1610.2762965068364, -1671.929282257408, -1714.1548591463234, -1728.3362578944061, -1776.1916893797577, -1778.6138944816137, -1787.1902251959452, -1794.8263107098173, -1805.388789772286, -1809.4150806107639, -1868.6412816091376, -1869.470104160321, -1885.6825203885246, -1902.346120339812, -1906.37241117829, -1909.5443794799808, -1915.7155569287975, -1916.5443794799808, -1924.4838673582917, -1925.312689909475, -1927.691679321114, -1942.9618005501484, -1945.304946300656, -1945.7521914428035, -1948.5127582634786, -1957.8187231536444, -1980.161868904152, -1988.5609949895456, -1988.9784160597133, -1991.164873672018, -1995.1014019731983, -1998.1571300631995]
 -- BestCostElement: [-1998.15713006 -1998.15713006 -1998.15713006 -1998.15713006]
 -- BestRoute: [array([ 0, 59, 58, 53, 57, 47,  1]) array([ 0, 32, 29, 25, 26,  2])
 array([ 0, 49, 42, 38, 37, 35, 28, 19, 22, 17, 10,  3])
 array([ 0, 67, 75, 74, 66, 61, 65, 73, 72,  4])
 array([ 0, 33, 30, 31, 14, 21,  9, 13,  5])
 array([ 0, 36, 39, 44, 40, 46, 51, 55, 64, 70, 71,  6])
 array([ 0, 48, 43, 41, 34, 27, 18, 11, 12, 23, 24, 20, 16,  7])
 array([ 0, 50, 45, 54, 60, 62, 68, 63, 69, 77, 78, 76,  8])]
 -- Custo: 
 ---------14.016027852609831
 ---------15.46053121577954
 ---------18.779271744364845
 ---------18.06449510224598
 ---------19.517129989098038
 ---------22.01533972186464
 ---------24.69230059649977
 ---------20.665621261737524
 ---- Total: 153.21071748420016
 -- Premio: 
 ---------24.0
 ---------22.0
 ---------52.0
 ---------51.0
 ---------34.0
 ---------61.0
 ---------68.0
 ---------61.0
 ---- Total: 373.0
 - Execucao 4
 -- BestCostGenaration: [-1152.192389873352, -1196.307085093298, -1256.9130350604792, -1298.0327811956354, -1333.4286954590134, -1373.6572845681121, -1417.5315766349127, -1423.0270585031274, -1445.3875227564713, -1470.0023299139261, -1541.1128733143591, -1542.3292922097194, -1542.508213267355, -1559.9486486214869, -1578.9304183692109, -1588.6400411315735, -1611.0535680736891, -1611.6167098702263, -1631.7955876647052, -1639.2518704770146, -1652.1807185254784, -1655.2177927665612, -1682.9598123575772, -1713.273520856562, -1713.761760182965, -1752.2177927665612, -1754.1589182635153, -1757.1694576584714, -1764.1295881845003, -1780.8606969821685, -1785.482086131277, -1787.939756333517, -1794.3783735600941, -1800.3755777739566, -1801.4574329114425, -1803.4313058639577, -1821.1170829470725, -1831.430791446057, -1863.5643280892195, -1864.1553461477033, -1887.4481330682652, -1889.8198165535232, -1890.8275601623418, -1891.2794095698705, -1893.883288252343]
 -- BestCostElement: [-1893.88328825 -1893.88328825 -1893.88328825 -1893.88328825]
 -- BestRoute: [array([ 0, 50, 54, 59,  1]) array([ 0, 13,  9, 21, 31,  2])
 array([ 0, 42, 38, 37, 35, 34, 27, 22, 18, 17, 10,  3])
 array([ 0, 43, 41, 47, 48, 53, 57, 56, 72,  4])
 array([ 0, 45, 44, 46, 40, 39, 36, 30,  5])
 array([ 0, 49, 58, 61, 77, 70, 64, 71,  6])
 array([ 0, 33, 32, 29, 24, 12, 11, 19, 23, 20, 16, 25, 26,  7])
 array([ 0, 60, 68, 76, 78, 69, 63, 62, 67, 75, 66, 65, 74,  8])]
 -- Custo: 
 ---------14.874816948339813
 ---------16.981519418600854
 ---------17.656854249492383
 ---------19.813796155711653
 ---------20.38905042258274
 ---------21.940893809031248
 ---------24.57616073291973
 ---------25.546086200235894
 ---- Total: 161.77917793691432
 -- Premio: 
 ---------24.0
 ---------22.0
 ---------59.0
 ---------44.0
 ---------45.0
 ---------42.0
 ---------61.0
 ---------66.0
 ---- Total: 363.0
 - Execucao 5
 -- BestCostGenaration: [-1142.3373235912854, -1235.042839270147, -1251.6439654296385, -1320.634529673433, -1426.3584327646809, -1428.4591405679976, -1444.0888166716948, -1462.3958197916404, -1490.5601455881433, -1503.8048938161762, -1517.5524019793245, -1551.0218870219187, -1577.7918868600173, -1579.3697269488969, -1608.7217355542866, -1610.7697200354687, -1614.8358586128893, -1615.5350708878323, -1664.2346872626622, -1669.1789591726615, -1671.6089078833363, -1673.186747972216, -1687.5221501139047, -1693.179004363397, -1696.360448432146, -1696.476688643836, -1702.0173026816385, -1702.1335428933285, -1703.4689450350172, -1711.0730307716394, -1723.275642131824, -1730.4583688636194, -1734.06723863193, -1735.6450787208098, -1768.7793458934748, -1770.470636951199, -1770.490724064803, -1771.875376321184, -1796.1625417368052, -1798.1550503728718, -1807.2107784628727]
 -- BestCostElement: [-1807.21077846 -1807.21077846 -1807.21077846 -1807.21077846]
 -- BestRoute: [array([ 0, 37, 35, 43, 48, 47,  1]) array([ 0, 50, 54, 51, 55, 64,  2])
 array([ 0, 41, 34, 27, 22, 18,  3])
 array([ 0, 66, 74, 65, 61, 57, 52, 56, 72,  4])
 array([ 0, 32, 29, 24, 23, 12, 20, 15,  5])
 array([ 0, 38, 42, 71, 70,  6])
 array([ 0, 45, 46, 44, 39, 36, 30, 14, 21,  9, 13, 26, 25, 16,  7])
 array([ 0, 49, 53, 58, 59, 60, 62, 67, 75, 76, 68, 63, 69, 77, 78,  8])]
 -- Custo: 
 ---------13.365746312736945
 ---------15.561860253506934
 ---------17.43397840021018
 ---------19.62511840008253
 ---------20.540966412917623
 ---------21.520668871056237
 ---------24.52733584216013
 ---------26.371630891611247
 ---- Total: 158.94730538428183
 -- Premio: 
 ---------28.0
 ---------34.0
 ---------32.0
 ---------46.0
 ---------36.0
 ---------21.0
 ---------80.0
 ---------72.0
 ---- Total: 349.0
 - Execucao 6
 -- BestCostGenaration: [-1332.3871428942562, -1365.5756617657612, -1366.5090436538965, -1368.4501691508508, -1411.5628512840785, -1416.6595665773211, -1442.568916063966, -1468.2482853732045, -1470.8494115326957, -1511.2188481216817, -1528.3543746393589, -1562.2118455167702, -1591.6173028710245, -1597.4900519843445, -1600.8037604833294, -1627.80840094226, -1645.7944362045132, -1669.5382251153478, -1684.6164032854404, -1686.3440258218031, -1737.410591332645, -1742.5220475126466, -1782.2866527028718, -1794.8350103494931, -1802.2866527028718, -1813.6853821397426, -1828.1782012907363, -1845.9921811459394, -1863.6212726568824, -1868.6310302775232, -1876.9086903173893, -1893.5949818184044, -1898.6047394390453, -1902.2621937452195, -1903.3436126170163, -1908.5496114057262, -1912.0058057641431, -1917.117261944145, -1923.6920972651585, -1930.4046796046518, -1935.143552782623, -1936.4789549243117, -1953.0506438322805, -1954.386045973969, -1974.0506438322805, -1975.386045973969, -1990.7291917244768]
 -- BestCostElement: [-1990.72919172 -1990.72919172 -1990.72919172 -1990.72919172]
 -- BestRoute: [array([ 0, 49, 58, 57, 56, 52, 47, 41,  1])
 array([ 0, 45, 44, 40, 39, 36,  2])
 array([ 0, 29, 24, 23, 12, 11, 19, 18, 22, 27, 17, 10,  3])
 array([ 0, 42, 38, 37, 35, 43, 48, 53, 61, 65, 73, 72,  4])
 array([ 0, 50, 54, 31, 30,  5])
 array([ 0, 59, 66, 74, 60, 69, 77, 70, 64, 71,  6])
 array([ 0, 32, 33, 14, 15, 21,  9, 13, 26, 25, 20, 16,  7])
 array([ 0, 51, 46, 55, 63, 62, 68, 76, 78, 75, 67,  8])]
 -- Custo: 
 ---------14.714776642118865
 ---------15.62511840008253
 ---------18.77995987511004
 ---------19.656854249492383
 ---------19.252606806915512
 ---------22.864219815193106
 ---------23.97060945745574
 ---------25.453556822512642
 ---- Total: 160.3177020688808
 -- Premio: 
 ---------30.0
 ---------29.0
 ---------59.0
 ---------66.0
 ---------29.0
 ---------54.0
 ---------55.0
 ---------54.0
 ---- Total: 376.0
 - Execucao 7
 -- BestCostGenaration: [-1156.3597136254275, -1169.89022849424, -1194.9974599381296, -1226.2066191535819, -1232.2628881692167, -1271.3836605519464, -1288.0244412390016, -1300.9742289121532, -1337.754321320016, -1418.7760149627202, -1427.7153390500375, -1442.913744683135, -1463.757056544932, -1489.049133068698, -1508.4404883504585, -1519.8746022412797, -1527.8746022412797, -1549.6243375484437, -1552.8730181142503, -1559.3849043691189, -1582.0660961713274, -1592.1001306186245, -1596.4244768945875, -1633.0958656454295, -1638.4980476738037, -1655.1036092542483, -1655.2602973924513, -1668.6212858321742, -1702.5134937697467, -1707.3270361574419, -1707.7931678214345, -1721.3108443993603, -1722.478028669363, -1752.2875131380129, -1778.0606075991955, -1798.0528639903766]
 -- BestCostElement: [-1798.05286399 -1798.05286399 -1798.05286399 -1798.05286399]
 -- BestRoute: [array([ 0, 38, 37, 35, 43, 48, 41,  1]) array([ 0, 13,  9, 21, 31,  2])
 array([ 0, 26, 16, 20, 24, 23, 19, 17, 10,  3])
 array([ 0, 50, 54, 60, 62, 67, 75, 74, 66, 61, 65, 73, 72,  4])
 array([ 0, 29, 32, 33, 36, 39, 44,  5])
 array([ 0, 42, 49, 45, 51, 64, 71,  6])
 array([ 0, 59, 58, 53, 47, 34, 27, 22, 18,  7])
 array([ 0, 30, 40, 46, 55, 70, 77, 69, 63, 68, 76,  8])]
 -- Custo: 
 ---------13.404918347287664
 ---------16.981519418600854
 ---------18.87044618137308
 ---------19.543203766865055
 ---------20.848025541472058
 ---------19.59092030642945
 ---------24.1100847229889
 ---------26.137665717388803
 ---- Total: 159.48678400240587
 -- Premio: 
 ---------37.0
 ---------22.0
 ---------46.0
 ---------76.0
 ---------34.0
 ---------33.0
 ---------44.0
 ---------56.0
 ---- Total: 348.0
 - Execucao 8
 -- BestCostGenaration: [-1320.5255334397973, -1383.073494141675, -1419.0163353985872, -1443.1950502896052, -1466.6862483056066, -1514.2726846065939, -1537.3689913664946, -1552.6430028841846, -1580.3944482246588, -1601.6747011316238, -1609.4402581506054, -1625.3242246125724, -1635.065065672122, -1651.9564380407462, -1652.7852605919293, -1680.420421198718, -1709.0413871479136, -1724.4684056798997, -1733.9779154490939, -1744.555710347238, -1750.0546695775083, -1752.3014708799165, -1771.054669577508, -1774.7371101250344, -1783.5327546078265, -1791.1316078133755, -1793.3784091157836, -1820.2139773687618, -1820.9265597082551, -1841.2139773687618]
 -- BestCostElement: [-1841.21397737 -1841.21397737 -1841.21397737 -1841.21397737]
 -- BestRoute: [array([ 0, 58, 53, 48, 43, 47, 52,  1]) array([ 0, 50, 54, 68, 76,  2])
 array([ 0, 27, 22, 18, 19, 12, 11, 10,  3])
 array([ 0, 60, 62, 67, 75, 74, 66, 61, 65, 73, 72,  4])
 array([ 0, 32, 29, 23, 24, 20, 15,  5])
 array([ 0, 55, 64, 71, 70, 63, 69, 77,  6])
 array([ 0, 45, 51, 46, 44, 39, 36, 30, 14, 21,  9, 13, 26, 25, 16,  7])
 array([ 0, 57, 41, 34, 35, 37, 38, 42, 49, 59,  8])]
 -- Custo: 
 ---------14.819131909660761
 ---------16.869825997165773
 ---------18.719111997790932
 ---------18.601814290236735
 ---------18.540966412917623
 ---------21.511467917455203
 ---------24.99947179715971
 ---------26.884715335422765
 ---- Total: 160.9465056578095
 -- Premio: 
 ---------27.0
 ---------29.0
 ---------37.0
 ---------58.0
 ---------30.0
 ---------39.0
 ---------83.0
 ---------52.0
 ---- Total: 355.0
 - Execucao 9
 -- BestCostGenaration: [-1308.705131995595, -1385.5019250327446, -1405.9270897117308, -1436.824682499916, -1439.4258086594077, -1455.8168936117686, -1516.7047997363193, -1519.3059258958108, -1533.0479002960915, -1547.2748510256447, -1565.9317052751371, -1602.3683996876068, -1607.0624347974408, -1609.6635609569325, -1626.1002749188974, -1640.775017136934, -1661.611683731827, -1680.4110238407518, -1684.2863806705348, -1707.3126715090127, -1717.6186363991787, -1726.1120116179375, -1740.1120116179375, -1782.8704103830964, -1783.5568459125798, -1799.3747332511634, -1804.0128962425288, -1820.5010273525143, -1823.2024227514153, -1825.4218542486583, -1840.3472640824248, -1842.9758720407317, -1846.347264082425, -1854.9201439507308, -1855.8160807526406, -1857.6064354517462, -1874.8377743953445, -1888.468337806359, -1892.949230575346, -1895.2923763258539, -1906.6013459838857, -1908.9444917343935, -1909.8404285363033, -1910.0645661816543, -1911.6307832354087, -1915.4634400221628, -1916.3593768240726, -1918.149731523178, -1919.0456683250877]
 -- BestCostElement: [-1919.04566833 -1919.04566833 -1919.04566833 -1919.04566833]
 -- BestRoute: [array([ 0, 42, 38, 37, 35, 28, 34, 41,  1])
 array([ 0, 33, 26, 13, 21, 14, 40,  2])
 array([ 0, 32, 29, 24, 23, 12, 11, 18, 22, 27, 17, 10,  3])
 array([ 0, 43, 48, 53, 57, 47, 52, 56,  4])
 array([ 0, 51, 46, 44, 39, 36, 30,  9,  5])
 array([ 0, 45, 63, 68, 76, 78, 69, 77, 70, 64, 71,  6])
 array([ 0, 67, 75, 74, 66, 20, 16,  7])
 array([ 0, 50, 54, 60, 62, 59, 49, 58, 61, 65, 72, 73,  8])]
 -- Custo: 
 ---------14.242640687119286
 ---------16.964036747836243
 ---------18.48528137423857
 ---------17.70083380382952
 ---------20.808145381752738
 ---------20.883627011906743
 ---------24.45580814116539
 ---------25.448209770879608
 ---- Total: 158.9885829187281
 -- Premio: 
 ---------41.0
 ---------28.0
 ---------61.0
 ---------29.0
 ---------47.0
 ---------56.0
 ---------39.0
 ---------64.0
 ---- Total: 365.0
