 - Execucao 0
 -- BestCostGenaration: [-134.11145618000168, -235.74201959101609, -271.36105326854715, -332.26408639915928, -380.63481499661935, -440.14988385808221, -490.81054480333432, -528.97395672952018, -561.38574523420925, -600.31077112519438, -608.7772534160946, -665.28706361720924, -708.93204613895909, -715.43321968952978, -722.17209286750108, -730.93204613895909, -761.51234239698044, -778.96444296761251, -786.94133646378793, -798.72975055681945, -810.48735780036418]
 -- BestCostElement: [-810.4873578  -808.1089718  -807.57531051 -806.43458929]
 -- BestRoute: [array([ 0,  5,  2,  3,  4,  6,  9, 10, 12, 11, 13,  1, 15, 18, 19, 20, 17,
       16, 14,  7,  8,  0])]
 -- Custo: 
 ---------52.3781605499
 ---- Total: 52.3781605499
 -- Premio: 
 ---------102.0
 ---- Total: 102.0
 - Execucao 1
 -- BestCostGenaration: [-134.11145618000168, -190.83613414880966, -268.37554257916099, -340.76380009045386, -381.13323667943951, -441.94901435844395, -512.74061792815712, -562.60907029144778, -590.41171333845045, -597.11678275779423, -634.91024183109653, -656.23024475911507, -690.37478267012546, -693.69883692306189, -722.90844395198314, -753.61971592439841, -755.3631620994604, -763.83708461587639, -768.534343528725, -777.19126467589354, -786.53577011277093, -798.45281801749923, -804.03089084791702, -804.48274025544549, -808.97516275791622, -812.03089084791702]
 -- BestCostElement: [-812.03089085 -808.97516276 -808.71718235 -807.34459935]
 -- BestRoute: [array([ 0,  8,  9,  6,  4,  3,  2,  5,  7, 10, 12, 11, 13,  1, 15, 18, 19,
       20, 17, 16, 14,  0])]
 -- Custo: 
 ---------51.992277288
 ---- Total: 51.992277288
 -- Premio: 
 ---------102.0
 ---- Total: 102.0
 - Execucao 2
 -- BestCostGenaration: [-134.11145618000168, -182.72467796880795, -283.85347577101777, -347.27924139421799, -364.86863076607648, -436.29604819988054, -468.12003321861044, -499.33495614277683, -538.45341026945891, -592.21887001000562, -633.19184747654413, -668.45666955113472, -692.94681203486107, -725.00573807293654, -738.83628537865729, -739.73091154948531, -741.32294916121737, -768.6884044009696, -779.84799570177267, -789.55378907631439, -800.25866265585137, -805.21736796356913, -816.02776393821955, -819.21452903956492, -822.86333219119774, -826.05009729254311]
 -- BestCostElement: [-826.05009729 -823.03155006 -822.86333219 -822.0716905 ]
 -- BestRoute: [array([ 0,  4,  3,  2,  5,  7, 10, 11, 13, 14, 16, 17,  1, 20, 19, 18, 15,
       12,  9,  8,  6,  0])]
 -- Custo: 
 ---------48.4874756769
 ---- Total: 48.4874756769
 -- Premio: 
 ---------102.0
 ---- Total: 102.0
 - Execucao 3
 -- BestCostGenaration: [-134.11145618000168, -214.83613414880966, -270.11145618000171, -327.35343291671205, -386.2230975987593, -432.74516440690252, -471.3270089140625, -507.24868396766016, -546.0242160450357, -563.28621834025068, -614.43079951441757, -650.59237689697636, -671.52037134902548, -690.15708949824784, -701.23145327180009, -745.45796361247801, -750.45216763989833, -761.33224173843473, -776.5720255446671, -781.03302255006383, -785.3699981827267, -787.28144125288009, -788.70920666731536, -790.0945897505112, -797.30294805966969, -802.75798200137149, -805.66646549439429, -810.40533867236547, -816.62493261355667, -821.36380579152797]
 -- BestCostElement: [-821.36380579 -820.5721641  -816.71469515 -816.62493261]
 -- BestRoute: [array([ 0,  4,  3,  2,  5,  7,  8, 10, 11, 13, 14, 16, 17,  1, 20, 19, 18,
       15, 12,  9,  6,  0])]
 -- Custo: 
 ---------49.6590485521
 ---- Total: 49.6590485521
 -- Premio: 
 ---------102.0
 ---- Total: 102.0
 - Execucao 4
 -- BestCostGenaration: [-134.11145618000168, -194.63352298814488, -264.02021249228596, -318.05995991308083, -370.33427983295246, -405.38422115791531, -463.9279176108181, -524.4234068629271, -552.53486304292869, -583.29535155149188, -617.59474655032727, -647.75937251715777, -709.23400943601678, -709.98855666754014, -726.10996777503362, -741.69989642362077, -742.24384609367189, -778.3375582162065, -801.11396288142691, -817.27533526270463, -820.29388249236376]
 -- BestCostElement: [-820.29388249 -819.6806607  -817.27533526 -816.66211347]
 -- BestRoute: [array([ 0,  5,  2,  3,  4,  6,  9,  8, 12, 15, 18, 19, 20,  1, 17, 16, 14,
       13, 11, 10,  7,  0])]
 -- Custo: 
 ---------49.9265293769
 ---- Total: 49.9265293769
 -- Premio: 
 ---------102.0
 ---- Total: 102.0
 - Execucao 5
 -- BestCostGenaration: [-134.11145618000168, -214.83613414880966, -284.46669755982407, -321.85347577101777, -372.93884816669117, -422.55787732689328, -489.30081483950613, -522.2527419044319, -554.9774198732398, -583.16165898771987, -614.48962004397549, -655.02375394056185, -687.02375394056185, -703.02375394056185, -726.34986985037597, -751.46302778619554, -757.8158921287727, -778.20289971698787, -784.07585588445761, -786.64174178968142, -792.37765539052214, -795.17540307153899, -800.1987343328866, -803.7468858128899, -804.36970561508542, -809.8716773905079, -812.36970561508542, -813.92444590337823, -815.38679144270645, -818.40533867236547]
 -- BestCostElement: [-818.40533867 -817.35831731 -816.4938956  -815.38679144]
 -- BestRoute: [array([ 0,  5,  2,  3,  4,  6,  9,  8, 11, 13, 14, 16, 17,  1, 20, 19, 18,
       15, 12, 10,  7,  0])]
 -- Custo: 
 ---------50.3986653319
 ---- Total: 50.3986653319
 -- Premio: 
 ---------102.0
 ---- Total: 102.0
 - Execucao 6
 -- BestCostGenaration: [-134.11145618000168, -220.35524137982236, -250.75717458607477, -307.21146698533965, -373.35703894307915, -419.02360028744738, -473.96259577582038, -520.47350292683689, -530.98289978055425, -574.62903412617925, -648.37127568612027, -672.11329527713633, -685.84972958307287, -712.93903500260558, -732.08869101400546, -743.28884375313999, -755.1181282655283, -763.80336468778523, -767.09013729512446, -781.99263114900782, -795.37886119749305, -808.18139291019827, -811.49510140918301, -818.48735780036418]
 -- BestCostElement: [-818.4873578  -815.1736493  -814.43458929 -813.38364523]
 -- BestRoute: [array([ 0,  5,  2,  3,  4,  6,  9,  8, 10, 12, 11, 13,  1, 15, 18, 19, 20,
       17, 16, 14,  7,  0])]
 -- Custo: 
 ---------50.3781605499
 ---- Total: 50.3781605499
 -- Premio: 
 ---------102.0
 ---- Total: 102.0
