 - Execucao 0
 -- BestCostGenaration: [-98.52057716722592, -185.74656172566097, -580.4298206202467, -605.0195470335193, -699.7950907510826, -705.9065469310843, -728.0825084115894, -731.1382365015903, -745.7687999126045, -749.0541559159922, -751.0949639577549, -754.4086724567397, -757.4644005467406, -757.6780236559634, -774.5255869049665, -776.8315517951323, -785.8456926252098, -794.9430079751342, -795.906394284192, -798.212359174358, -811.1419347195936, -811.5747356309357, -812.5751316881474, -814.070117710537]
 -- BestCostElement: [-814.07011771 -814.07011771 -814.07011771 -814.07011771]
 -- BestRoute: [array([ 0, 20, 12,  6, 11,  7,  8, 13,  0])
 array([ 0, 21, 14, 15, 51, 17, 50, 18, 22, 25,  0])
 array([ 0, 19, 24, 23, 26, 29, 36, 31,  0])
 array([ 0, 37, 40, 53, 47, 42, 46, 43, 30,  0])]
 -- Custo: 
 ---------22.56549337480125
 ---------22.37825031020934
 ---------21.30056307974577
 ---------22.48816380760941
 ---- Total: 88.73247057236577
 -- Premio: 
 ---------37.0
 ---------48.0
 ---------43.0
 ---------39.0
 ---- Total: 167.0
 - Execucao 1
 -- BestCostGenaration: [-125.48056915536934, -660.8604569555871, -666.7780441370444, -692.5351538942948, -707.987083279517, -714.3707221472731, -730.1390325767672, -743.2052916474303, -778.8593585250792, -787.4331950932717, -809.9397746837772, -820.0823057339453, -843.8800534149622, -843.894542725576, -859.8388146355751, -881.9578073702461, -887.3123239109935, -889.6182888011593, -891.1326120004837, -897.5739315013984, -909.5020485894693, -923.9990961803848, -925.6296595913992, -938.7089259968972, -939.4215083363905, -940.9358315357149]
 -- BestCostElement: [-940.93583154 -940.93583154 -940.93583154 -940.93583154]
 -- BestRoute: [array([ 0, 20, 19, 24, 23, 16, 12, 11,  7,  0])
 array([ 0, 21, 14, 15, 51, 17, 50, 18, 22, 25,  0])
 array([ 0, 37, 40, 42, 43, 46, 41, 35, 36, 31,  0])
 array([ 0, 32, 39, 48, 44, 45, 54, 33, 27,  0])]
 -- Custo: 
 ---------22.961752684910216
 ---------22.37825031020934
 ---------22.42366870536343
 ---------22.502370415588317
 ---- Total: 90.2660421160713
 -- Premio: 
 ---------56.0
 ---------48.0
 ---------47.0
 ---------35.0
 ---- Total: 186.0
 - Execucao 2
 -- BestCostGenaration: [-95.61379983089566, -656.3267816168607, -666.0314593716529, -717.1571659729004, -737.1494223640816, -756.5560398134089, -759.8697483123937, -789.7566545137483, -810.1636001103413, -817.5284395035528, -819.8715852540606, -820.7994785700638, -844.1852937530455, -844.8695235969415, -867.4857700710791, -875.3770664140582, -877.7202121645659, -878.4044420084618, -881.0055681679534, -882.3864188103354]
 -- BestCostElement: [-882.38641881 -882.38641881 -882.38641881 -882.38641881]
 -- BestRoute: [[ 0 21 25 22 18 50 17 51 14  0]
 [ 0 20 19 24 23 16 12 11  7  0]
 [ 0 30 37 40 31 36 43 46 42  0]
 [ 0 32 39 48 44 45 38 33 27  0]]
 -- Custo: 
 ---------22.714025932047107
 ---------22.961752684910216
 ---------22.346665465039436
 ---------22.8809512154194
 ---- Total: 90.90339529741615
 -- Premio: 
 ---------45.0
 ---------56.0
 ---------42.0
 ---------35.0
 ---- Total: 178.0
 - Execucao 3
 -- BestCostGenaration: [-129.56049601070353, -691.6301347747924, -720.4844852042504, -723.6192726455995, -740.8544794742932, -761.4816894181131, -770.0032754578801, -783.4477394636738, -802.0223898569388, -805.8320980090634, -820.6792441064313, -825.7877407093024, -827.2991888243539, -829.101449208287, -830.6128973233385, -842.8732341980917, -845.2527698674737]
 -- BestCostElement: [-845.25276987 -845.25276987 -845.25276987 -845.25276987]
 -- BestRoute: [array([ 0, 37, 40, 53, 47, 46, 43, 42, 30,  0])
 array([ 0, 31, 36, 35, 29, 26, 23,  0])
 array([ 0, 21, 15, 51, 17, 50, 18, 22, 25, 27,  0])
 array([ 0, 20, 19, 24, 16, 12, 11,  7,  8, 13,  0])]
 -- Custo: 
 ---------22.310018222736105
 ---------22.994886531399384
 ---------21.823028822792917
 ---------22.558873956203158
 ---- Total: 89.68680753313157
 -- Premio: 
 ---------39.0
 ---------30.0
 ---------50.0
 ---------53.0
 ---- Total: 172.0
 - Execucao 4
 -- BestCostGenaration: [-108.42117262375896, -618.5126808685501, -650.5686956761072, -662.8508466804512, -678.1171604952362, -709.682625647426, -715.7940818274276, -726.0285239209143, -740.8236828699435, -748.371833462415, -750.521110214378, -761.5111183064895, -763.6603950584525, -764.1149969889617, -772.0826001603085, -780.801288489977, -789.223493591833, -790.5186548611587, -800.7530969546453]
 -- BestCostElement: [-800.75309695 -800.75309695 -800.75309695 -800.75309695]
 -- BestRoute: [array([ 0, 13,  8,  7, 11, 12, 16, 23, 24,  0])
 array([ 0, 21, 25, 17, 15, 51, 50, 18, 22,  0])
 array([ 0, 30, 37, 40, 47, 53, 39, 33, 27,  0])
 array([ 0, 20, 19, 26, 29, 35, 36, 31,  0])]
 -- Custo: 
 ---------22.458757389099095
 ---------22.264599827582018
 ---------21.511467917455203
 ---------22.32690062720235
 ---- Total: 88.56172576133866
 -- Premio: 
 ---------44.0
 ---------44.0
 ---------38.0
 ---------39.0
 ---- Total: 165.0
 - Execucao 5
 -- BestCostGenaration: [-135.0131228993198, -583.3950477671581, -667.5505613367668, -669.5643966290793, -703.6062894267677, -705.6201247190802, -715.3317163841512, -722.8082209390932, -736.4961481311727, -737.5573627404372, -774.8348604768997, -798.6822735208985, -800.696108813211, -802.1910948356004, -803.2036430475839, -821.0253760082497, -823.0392113005622, -823.2444683874114, -824.7394544098008]
 -- BestCostElement: [-824.73945441 -824.73945441 -824.73945441 -824.73945441]
 -- BestRoute: [array([ 0, 20, 11,  6,  7,  8, 13,  0])
 array([ 0, 21, 14, 15, 51, 17, 50, 18, 22, 25,  0])
 array([ 0, 37, 40, 42, 43, 46, 41, 35, 36, 31,  0])
 array([ 0, 19, 24, 12, 16, 23, 26, 29,  0])]
 -- Custo: 
 ---------21.915211834928364
 ---------22.37825031020934
 ---------22.42366870536343
 ---------22.848005547048654
 ---- Total: 89.5651363975498
 -- Premio: 
 ---------31.0
 ---------48.0
 ---------47.0
 ---------43.0
 ---- Total: 169.0
 - Execucao 6
 -- BestCostGenaration: [-70.36921045600899, -645.6146585764025, -661.4566063862246, -678.4158417551764, -696.162809168874, -705.4657389497615, -761.1054140452881, -780.55722018966, -791.1832518138715, -801.0570992691063, -809.4331811249959, -814.6208720390234, -817.9345805380083, -834.1547403750308, -843.8721067462125, -849.9461750117227, -859.0213834981755, -859.8494603872202, -873.4916182719492, -874.1678106925679]
 -- BestCostElement: [-874.16781069 -874.16781069 -874.16781069 -874.16781069]
 -- BestRoute: [array([ 0, 20, 19, 24, 16, 12, 11,  7,  8, 13,  0])
 array([ 0, 30, 42, 43, 46, 41, 35, 36, 31,  0])
 array([ 0, 21, 14, 15, 51, 17, 50, 18, 22, 25,  0])
 array([ 0., 37., 40., 47., 53., 39., 32., 33., 27.,  0.])]
 -- Custo: 
 ---------22.558873956203158
 ---------21.950844619618653
 ---------22.37825031020934
 ---------22.570078440826883
 ---- Total: 89.45804732685804
 -- Premio: 
 ---------53.0
 ---------36.0
 ---------48.0
 ---------39.0
 ---- Total: 176.0
 - Execucao 7
 -- BestCostGenaration: [-28.925318255546976, -652.4978657674164, -677.5970345857152, -696.626471837238, -741.4336007457173, -756.6271182864746, -783.3512950996823, -806.3172606523854, -811.3435514908634, -835.0298429918787, -837.3729887423863, -837.9958085445818, -841.3095170435665, -857.5296768805891, -859.6789536325522]
 -- BestCostElement: [-859.67895363 -859.67895363 -859.67895363 -859.67895363]
 -- BestRoute: [array([ 0, 30, 37, 40, 31, 36, 43, 46, 42,  0])
 array([ 0, 20, 19, 24, 23, 16, 12, 11,  7,  0])
 array([ 0, 25, 22, 18, 50, 17, 51, 15, 14, 21,  0])
 array([ 0, 27, 33, 54, 34, 38, 44, 48,  0])]
 -- Custo: 
 ---------22.346665465039436
 ---------22.961752684910216
 ---------22.37825031020934
 ---------21.893593131702968
 ---- Total: 89.58026159186196
 -- Premio: 
 ---------42.0
 ---------56.0
 ---------48.0
 ---------28.0
 ---- Total: 174.0
 - Execucao 8
 -- BestCostGenaration: [-87.462550161092, -494.70056062663053, -627.0877596256648, -697.1125303795319, -704.4525297169947, -720.5054048491238, -782.3264837914883, -784.834018025861, -795.9454742058628, -815.7810424588411, -828.9203273029156]
 -- BestCostElement: [-828.9203273 -828.9203273 -828.9203273 -828.9203273]
 -- BestRoute: [array([ 0, 37, 31, 36, 29, 26, 23,  0])
 array([ 0, 21, 14, 15, 51, 17, 50, 18, 22, 25,  0])
 array([ 0, 13,  8,  7, 11, 12, 16, 24, 19, 20,  0])
 array([ 0, 27, 52, 28, 34, 38, 44, 54, 33, 32,  0])]
 -- Custo: 
 ---------22.451842692439232
 ---------22.37825031020934
 ---------22.558873956203158
 ---------22.8809512154194
 ---- Total: 90.26991817427113
 -- Premio: 
 ---------35.0
 ---------48.0
 ---------53.0
 ---------34.0
 ---- Total: 170.0
 - Execucao 9
 -- BestCostGenaration: [-155.90361221278175, -622.753682788172, -628.8651389681737, -682.7236058250296, -691.508043183781, -735.9043052589554, -739.9577480083626, -756.0859788395719, -760.8218924404126, -785.8826116162516, -788.0318883682146, -792.0853311176216, -820.4013249572002, -826.135807993547, -837.3843432518428, -843.1188262881898, -853.5487749988646, -855.8919207493723, -856.8952309534103, -860.208939452395, -868.8919207493723, -875.5520852029026]
 -- BestCostElement: [-875.5520852 -875.5520852 -875.5520852 -875.5520852]
 -- BestRoute: [[ 0 30 42 43 46 41 35 36 31  0]
 [ 0 25 22 18 50 17 51 15 21  0]
 [ 0 37 40 47 53 39 32 33 27  0]
 [ 0 24 23 16 12 11  7 19 20  0]]
 -- Custo: 
 ---------21.950844619618653
 ---------19.97060945745574
 ---------22.570078440826883
 ---------22.870446181373076
 ---- Total: 87.36197869927435
 -- Premio: 
 ---------36.0
 ---------44.0
 ---------39.0
 ---------56.0
 ---- Total: 175.0
 - Execucao 10
 -- BestCostGenaration: [-87.03688588757348, -584.3897963342906, -636.3054342189232, -667.2088684158127, -687.5398763124099, -714.5036357950743, -718.9965187306352, -734.3209090632788, -753.9965187306352, -758.9407906406343, -764.813746808104, -779.4116545655797, -788.6318144026022, -794.504770570072, -802.0759202013119, -807.9488763687816, -856.8743075939485, -862.7472637614183, -865.385755709, -873.85871994142, -880.85871994142, -882.3701680564715, -884.5194448084345, -885.7110284663853, -887.8603052183483, -895.945470559872, -898.094747311835, -905.094747311835]
 -- BestCostElement: [-905.09474731 -905.09474731 -905.09474731 -905.09474731]
 -- BestRoute: [array([ 0, 20, 19,  7, 11, 12, 16, 23, 24,  0])
 array([ 0, 21, 14, 15, 51, 17, 50, 18, 22, 25,  0])
 array([ 0, 30, 37, 40, 31, 36, 43, 46, 42,  0])
 array([ 0, 27, 52, 28, 34, 38, 54, 33, 39, 32,  0])]
 -- Custo: 
 ---------22.870446181373076
 ---------22.37825031020934
 ---------22.346665465039436
 ---------22.880951215419405
 ---- Total: 90.47631317204124
 -- Premio: 
 ---------56.0
 ---------48.0
 ---------42.0
 ---------35.0
 ---- Total: 181.0
 - Execucao 11
 -- BestCostGenaration: [-81.61879404258389, -689.3801787677947, -717.3656894571808, -745.2119608961084, -772.4173596281364, -772.7125208974621, -777.9684697977384, -782.6518017216231, -796.3910687896584, -810.5000325749165, -821.2562813483092, -822.7677294633608, -823.4519593072569, -826.0530854667484, -827.4339361091304, -830.7747965190442, -841.0092386125309]
 -- BestCostElement: [-841.00923861 -841.00923861 -841.00923861 -841.00923861]
 -- BestRoute: [array([ 0, 21, 25, 22, 18, 50, 17, 51, 14,  0])
 array([ 0, 27, 33, 54, 45, 38, 28,  0])
 array([ 0, 20, 19, 24, 23, 16, 12, 11,  7,  0])
 array([ 0, 30, 37, 40, 31, 36, 43, 46, 42,  0])]
 -- Custo: 
 ---------22.714025932047107
 ---------22.72524626487052
 ---------22.961752684910216
 ---------22.346665465039436
 ---- Total: 90.74769034686729
 -- Premio: 
 ---------45.0
 ---------29.0
 ---------56.0
 ---------42.0
 ---- Total: 172.0
 - Execucao 12
 -- BestCostGenaration: [-96.27642279782258, -602.6866976364349, -673.5848670356402, -682.8973699271739, -720.5356769470071, -742.8788226975148, -754.4116931264982, -779.5603301668416, -826.7392512244774, -845.9562444302196, -862.8957323085303, -866.2094408075152, -883.0042289114017, -883.7168112508948, -887.0305197498794, -889.631645909371, -890.3442282488643, -900.578670342351]
 -- BestCostElement: [-900.57867034 -900.57867034 -900.57867034 -900.57867034]
 -- BestRoute: [array([ 0, 20, 19, 24, 23, 16, 12, 11,  7,  0])
 array([ 0, 30, 37, 40, 47, 42, 46, 43, 36, 29,  0])
 array([ 0, 52, 28, 34, 38, 54, 33, 39, 32,  0])
 array([ 0, 21, 15, 51, 17, 50, 18, 22, 25, 27,  0])]
 -- Custo: 
 ---------22.961752684910216
 ---------22.514155011626464
 ---------22.556395895082645
 ---------21.823028822792917
 ---- Total: 89.85533241441225
 -- Premio: 
 ---------56.0
 ---------45.0
 ---------29.0
 ---------50.0
 ---- Total: 180.0
 - Execucao 13
 -- BestCostGenaration: [-50.85652067512337, -643.2953736366436, -644.8676626012942, -686.5886425679078, -693.9147102758138, -710.581854490488, -716.5185889582862, -727.608145328966, -734.758022137611, -754.5935903905892, -770.9072988895739, -771.6198812290671, -772.7843129760889, -778.8359831470444, -792.6570620894089, -799.6833981186226, -806.5449249874998, -814.8400862568254, -815.2946881873348, -839.7843581668246, -840.238960097334]
 -- BestCostElement: [-840.2389601 -840.2389601 -840.2389601 -840.2389601]
 -- BestRoute: [array([ 0, 20, 19, 24, 23, 16, 12, 11,  7,  0])
 array([ 0, 32, 33, 39, 53, 47, 40, 37,  0])
 array([ 0, 27, 25, 17, 15, 51, 50, 18, 22,  0])
 array([ 0, 30, 31, 42, 43, 46, 41, 35, 36,  0])]
 -- Custo: 
 ---------22.961752684910216
 ---------20.777284078622706
 ---------22.747535894954996
 ---------22.70368731717862
 ---- Total: 89.19025997566654
 -- Premio: 
 ---------56.0
 ---------33.0
 ---------46.0
 ---------36.0
 ---- Total: 171.0
 - Execucao 14
 -- BestCostGenaration: [-212.329020179718, -701.3708017214991, -729.1182795807402, -738.4003700015267, -746.0636498326543, -764.8760178527898, -784.6978424572927, -789.3093238013583, -790.0523589980402, -794.6638403421058, -796.6563489781723, -833.9705462361792, -835.9116717331334, -836.276511126345, -838.2690197624115, -840.2101452593658]
 -- BestCostElement: [-840.21014526 -840.21014526 -840.21014526 -840.21014526]
 -- BestRoute: [array([ 0, 27, 33, 32, 31, 36, 29,  0])
 array([ 0, 30, 40, 42, 43, 46, 47, 53, 37,  0])
 array([ 0, 21, 14, 15, 51, 17, 50, 18, 22, 25,  0])
 array([ 0, 20, 19, 24, 23, 16, 12, 11,  7,  0])]
 -- Custo: 
 ---------22.19772400717577
 ---------21.65973668286322
 ---------22.37825031020934
 ---------22.961752684910216
 ---- Total: 89.19746368515854
 -- Premio: 
 ---------28.0
 ---------39.0
 ---------48.0
 ---------56.0
 ---- Total: 171.0
 - Execucao 15
 -- BestCostGenaration: [-88.15979153767057, -628.3778184484673, -708.4693011339084, -777.3248084136337, -804.4038677649821, -806.9149625206992, -841.2957217890184, -843.3891115077372, -845.3148361880772, -849.7059664197668, -870.2591080980762, -874.6502383297659, -875.3628206692592, -877.9639468287507, -894.1841066657732, -896.3333834177363]
 -- BestCostElement: [-896.33338342 -896.33338342 -896.33338342 -896.33338342]
 -- BestRoute: [array([ 0, 20, 19, 24, 23, 16, 12, 11,  7,  0])
 array([ 0, 25, 22, 18, 50, 17, 51, 15, 14, 21,  0])
 array([ 0, 27, 28, 38, 54, 33, 32, 37,  0])
 array([ 0, 30, 40, 42, 43, 46, 41, 35, 36, 31,  0])]
 -- Custo: 
 ---------22.961752684910216
 ---------22.37825031020934
 ---------22.861874508327517
 ---------22.714776642118867
 ---- Total: 90.91665414556593
 -- Premio: 
 ---------56.0
 ---------48.0
 ---------36.0
 ---------40.0
 ---- Total: 180.0
 - Execucao 16
 -- BestCostGenaration: [-105.33108938178303, -575.531503158453, -659.0152064714177, -680.7582700059909, -686.8669736630118, -690.6069315969086, -732.3850472923407, -748.5539560298886, -757.1204080304635, -769.0352426889399, -775.4395747976735, -794.7741158669112, -805.3468895308054, -807.6900352813132, -832.5552478399641, -838.2678301794572, -847.1563739994556, -854.6304563264168, -858.1405792927771, -864.0135354602469, -866.6146616197384, -877.0135354602469, -877.2490592663235, -890.2490592663235, -899.6712643681794, -908.7347360669992, -912.4132839591955, -928.7269924581803, -929.4395747976735]
 -- BestCostElement: [-929.4395748 -929.4395748 -929.4395748 -929.4395748]
 -- BestRoute: [array([ 0, 27, 52, 28, 34, 38, 54, 33, 39, 32,  0])
 array([ 0, 20, 19, 24, 23, 16, 12, 11,  7,  0])
 array([ 0, 30, 31, 36, 35, 41, 46, 43, 42, 40, 37,  0])
 array([ 0, 21, 25, 22, 18, 50, 17, 51, 15,  0])]
 -- Custo: 
 ---------22.880951215419405
 ---------22.961752684910216
 ---------22.48816380760941
 ---------21.309238592642608
 ---- Total: 89.64010630058164
 -- Premio: 
 ---------35.0
 ---------56.0
 ---------49.0
 ---------44.0
 ---- Total: 184.0
 - Execucao 17
 -- BestCostGenaration: [-116.63768385434722, -663.3388070852424, -700.4658612402326, -728.9347963303973, -738.8116033627626, -756.7558752727617, -763.7126027289265, -766.2201369632993, -786.0557052162776, -787.3957045537404, -792.3957045537404, -793.0718969743591, -804.6226552832936, -834.3909657127876, -835.0671581334065, -837.0024466662852, -837.1875637291978]
 -- BestCostElement: [-837.18756373 -837.18756373 -837.18756373 -837.18756373]
 -- BestRoute: [array([ 0, 21, 14, 15, 51, 17, 50, 18, 22, 25,  0])
 array([ 0, 37, 40, 42, 43, 46, 41, 35, 36, 31,  0])
 array([ 0, 20, 19, 12,  6, 11,  7,  8, 13,  0])
 array([ 0, 30, 29, 26, 24, 23, 16,  0])]
 -- Custo: 
 ---------22.37825031020934
 ---------22.42366870536343
 ---------22.788369224083453
 ---------22.36282082804432
 ---- Total: 89.95310906770054
 -- Premio: 
 ---------48.0
 ---------47.0
 ---------46.0
 ---------30.0
 ---- Total: 171.0
 - Execucao 18
 -- BestCostGenaration: [-51.95946104639379, -675.1961693796342, -679.2496121290412, -692.1791876742768, -717.8301294017544, -734.5791296413861, -797.4224415031833, -818.4224415031833, -866.0568557790932, -871.6346506772375, -874.9483591762221]
 -- BestCostElement: [-874.94835918 -874.94835918 -874.94835918 -874.94835918]
 -- BestRoute: [array([ 0, 20, 19, 24, 23, 16, 12, 11,  7,  0])
 array([ 0, 30, 42, 43, 46, 41, 35, 36, 31,  0])
 array([ 0, 37, 40, 47, 53, 39, 33, 32,  0])
 array([ 0, 21, 15, 51, 17, 50, 18, 22, 25, 27,  0])]
 -- Custo: 
 ---------22.961752684910216
 ---------21.950844619618653
 ---------20.777284078622703
 ---------21.823028822792917
 ---- Total: 87.5129102059445
 -- Premio: 
 ---------56.0
 ---------36.0
 ---------33.0
 ---------50.0
 ---- Total: 175.0
 - Execucao 19
 -- BestCostGenaration: [-71.82851257185534, -612.1462835201014, -631.044617223298, -651.97916399033, -712.248758625655, -749.3044867156558, -798.3482241861375, -830.1762558844466, -832.980928534108, -860.3404805773187, -867.6857672647823, -870.0289130152901, -870.7414953547832, -875.9018691827596, -876.6144515222529, -877.004087266223, -887.7259077022545, -888.4029611067315, -890.7089259968973, -893.0520717474049, -909.1077998374058, -911.7089259968973, -914.0520717474049, -932.4215083363906]
 -- BestCostElement: [-932.42150834 -932.42150834 -932.42150834 -932.42150834]
 -- BestRoute: [array([ 0, 27, 52, 28, 34, 38, 44, 54, 33, 32,  0])
 array([ 0, 20, 19, 24, 23, 16, 12, 11,  7,  0])
 array([ 0, 21, 14, 15, 51, 17, 50, 18, 22, 25,  0])
 array([ 0, 37, 40, 42, 43, 46, 41, 35, 36, 31,  0])]
 -- Custo: 
 ---------22.8809512154194
 ---------22.961752684910216
 ---------22.37825031020934
 ---------22.42366870536343
 ---- Total: 90.64462291590239
 -- Premio: 
 ---------34.0
 ---------56.0
 ---------48.0
 ---------47.0
 ---- Total: 185.0
 - Execucao 20
 -- BestCostGenaration: [-99.52645429427953, -662.3376723267363, -693.6631281648083, -732.6074000748075, -735.8927560781951, -764.3832704999172, -805.5399586381201, -849.4235113722804, -857.3808419398065, -865.7619182818353, -871.3885855486253, -875.996360375322, -891.3885855486253, -895.779715780315, -896.3957898807155, -910.1605664226968, -912.6681006570698, -920.8468579237122, -923.3543921580849, -941.0406836591003, -943.1899604110633]
 -- BestCostElement: [-943.18996041 -943.18996041 -943.18996041 -943.18996041]
 -- BestRoute: [array([ 0, 37, 40, 47, 42, 46, 43, 36, 31, 29,  0])
 array([ 0, 21, 14, 15, 51, 17, 50, 18, 22, 25,  0])
 array([ 0, 20, 19, 24, 23, 16, 12, 11,  7,  0])
 array([ 0, 32, 39, 48, 44, 38, 34, 54, 33, 27,  0])]
 -- Custo: 
 ---------22.401192659744336
 ---------22.37825031020934
 ---------22.961752684910216
 ---------21.96131424237031
 ---- Total: 89.70250989723421
 -- Premio: 
 ---------47.0
 ---------48.0
 ---------56.0
 ---------35.0
 ---- Total: 186.0
 - Execucao 21
 -- BestCostGenaration: [-67.07210776350311, -667.5018411914778, -692.5928447284507, -706.2694309505405, -718.9523237936255, -740.9742696812148, -764.1836912986346, -765.6353336520135, -808.8073019537044, -815.2879781801996, -844.4036440815075, -873.0371670696524, -874.4888094230312, -885.6421440940395, -893.0939935015681, -898.9669496690378, -903.6747479768426, -903.753807328191, -917.0784058490394]
 -- BestCostElement: [-917.07840585 -917.07840585 -917.07840585 -917.07840585]
 -- BestRoute: [array([ 0, 37, 40, 42, 43, 46, 41, 35, 36, 31,  0])
 array([ 0, 27, 52, 28, 34, 38, 54, 33, 39, 32,  0])
 array([ 0, 21, 25, 22, 18, 50, 17, 51, 14,  0])
 array([ 0, 20, 19, 24, 23, 16, 12, 11,  7,  0])]
 -- Custo: 
 ---------22.42366870536343
 ---------22.880951215419405
 ---------22.714025932047107
 ---------22.961752684910216
 ---- Total: 90.98039853774014
 -- Premio: 
 ---------47.0
 ---------35.0
 ---------45.0
 ---------56.0
 ---- Total: 183.0
 - Execucao 22
 -- BestCostGenaration: [-102.97369244971327, -659.9649843149105, -663.2503403182981, -678.8621975564099, -682.6420377193872, -712.8485953343213, -714.3629185336456, -745.5601797667906, -761.4859044471307, -778.083037427808, -786.2218180479713, -792.8941306839163, -833.2700547740386, -836.5554107774263, -853.2700547740386, -856.5554107774263, -867.0120743650548, -870.2974303684424, -872.338238410205, -875.6519469091899, -884.8721067462124, -891.8721067462124, -894.0213834981754]
 -- BestCostElement: [-894.0213835 -894.0213835 -894.0213835 -894.0213835]
 -- BestRoute: [array([ 0, 21, 14, 15, 51, 17, 50, 18, 22, 25,  0])
 array([ 0, 30, 31, 36, 35, 41, 46, 43, 42,  0])
 array([ 0, 27, 32, 33, 39, 53, 47, 40, 37,  0])
 array([ 0, 20, 19,  7, 11, 12, 16, 23, 24,  0])]
 -- Custo: 
 ---------22.37825031020934
 ---------21.925879193046843
 ---------22.570078440826887
 ---------22.870446181373076
 ---- Total: 89.74465412545615
 -- Premio: 
 ---------48.0
 ---------36.0
 ---------39.0
 ---------56.0
 ---- Total: 179.0
 - Execucao 23
 -- BestCostGenaration: [-50.294381110832674, -588.0532607399878, -642.0802178486929, -645.8485282781869, -698.899757112602, -702.1851131159896, -710.3706276175474, -720.9966592417587, -759.7697537029411, -791.0107524065678, -794.2961084099554, -804.5305505034421, -808.9500332307289, -811.2931789812366, -811.9185755323747, -816.6193430263869, -819.9330515253716, -821.0881741392726, -826.8007564787658, -843.6815566899453, -858.3657865338414, -866.2408043584302, -875.0520780348565, -891.3657865338414, -897.2387427013111, -898.8134190790811, -912.533745027393, -923.1828556680668, -923.7310062605382, -925.3321324200299, -926.044714759523, -928.3878605100306, -939.7867343505391]
 -- BestCostElement: [-939.78673435 -939.78673435 -939.78673435 -939.78673435]
 -- BestRoute: [array([ 0, 37, 40, 42, 43, 46, 41, 35, 36, 31,  0])
 array([ 0, 24, 23, 16, 12, 11,  7, 19, 20,  0])
 array([ 0, 27, 52, 28, 34, 38, 54, 33, 39, 32,  0])
 array([ 0, 21, 14, 15, 51, 17, 50, 18, 22, 25,  0])]
 -- Custo: 
 ---------22.42366870536343
 ---------22.870446181373076
 ---------22.880951215419405
 ---------22.37825031020934
 ---- Total: 90.55331641236525
 -- Premio: 
 ---------47.0
 ---------56.0
 ---------35.0
 ---------48.0
 ---- Total: 186.0
 - Execucao 24
 -- BestCostGenaration: [-126.9075707381258, -556.485089699966, -673.6097308300338, -734.5395134294191, -739.8656774745695, -767.6867564169338, -779.9137071464871, -787.2206247529411, -792.4475754824945, -799.4475754824945, -801.5968522344575]
 -- BestCostElement: [-801.59685223 -801.59685223 -801.59685223 -801.59685223]
 -- BestRoute: [array([ 0, 24, 19, 20, 13,  8,  7, 11,  0])
 array([ 0, 37, 40, 42, 43, 46, 41, 35, 36, 31,  0])
 array([ 0, 21, 14, 15, 51, 17, 50, 18, 22, 25,  0])
 array([ 0, 30, 29, 26, 23, 16, 12,  0])]
 -- Custo: 
 ---------22.023841607787347
 ---------22.42366870536343
 ---------22.37825031020934
 ---------21.525026318025517
 ---- Total: 88.35078694138562
 -- Premio: 
 ---------42.0
 ---------47.0
 ---------48.0
 ---------28.0
 ---- Total: 165.0
 - Execucao 25
 -- BestCostGenaration: [-109.11584170878704, -648.8718595395344, -669.9387410743599, -698.0976507185239, -710.7750488575205, -733.8438704539108, -750.8701612923887, -758.2651842680017, -771.9073421527305, -772.1931510257789, -778.9336781819442, -793.2720399007635, -798.1444856226896, -808.4287280389663, -833.3729999489653, -868.2018225001486]
 -- BestCostElement: [-868.2018225 -868.2018225 -868.2018225 -868.2018225]
 -- BestRoute: [[ 0 30 31 42 43 46 41 35 36  0]
 [ 0 20 19 24 23 16 12 11  7  0]
 [ 0 27 32 33 39 53 47 40 37  0]
 [ 0 21 25 22 18 50 17 51 14  0]]
 -- Custo: 
 ---------22.70368731717862
 ---------22.961752684910216
 ---------22.570078440826887
 ---------22.714025932047107
 ---- Total: 90.94954437496283
 -- Premio: 
 ---------36.0
 ---------56.0
 ---------39.0
 ---------45.0
 ---- Total: 176.0
 - Execucao 26
 -- BestCostGenaration: [-110.65541657967991, -640.8163246529175, -675.2390738498418, -691.3514046882835, -734.6762102632817, -756.423727009174, -767.1392234069003, -800.1004222259801, -831.2166172469344, -837.0895734144042, -841.6388223487904, -848.2010295944058, -862.4676448999737, -865.2359553294677, -866.3208969875168, -875.0906812446613, -892.2282117206489, -894.5713574711565, -899.9258740119039, -900.4443136386262, -909.1460338489264, -912.8654070809505, -915.2085528314581, -927.9585230854427, -930.3016688359503, -937.3016688359503, -939.4509455879133, -950.3016688359503, -952.4509455879133]
 -- BestCostElement: [-952.45094559 -952.45094559 -952.45094559 -952.45094559]
 -- BestRoute: [array([ 0, 20, 19, 24, 23, 16, 12, 11,  7,  0])
 array([ 0, 27, 52, 28, 34, 38, 54, 33, 39, 32,  0])
 array([ 0., 30., 31., 29., 36., 43., 46., 42., 47., 40., 37.,  0.])
 array([ 0, 21, 14, 15, 51, 17, 50, 18, 22, 25,  0])]
 -- Custo: 
 ---------22.961752684910216
 ---------22.880951215419405
 ---------22.666309392482717
 ---------22.37825031020934
 ---- Total: 90.88726360302168
 -- Premio: 
 ---------56.0
 ---------35.0
 ---------49.0
 ---------48.0
 ---- Total: 188.0
 - Execucao 27
 -- BestCostGenaration: [-57.450604951100416, -774.7835673139505, -815.7835673139505, -817.8243753557132, -821.3613622120945, -830.8065758410612, -837.3582436917204, -851.0004015764493, -853.1496783284124, -864.4070190257767, -865.0004015764493, -867.1496783284124, -872.7274732265564, -880.5562957777397, -893.5562957777397]
 -- BestCostElement: [-893.55629578 -893.55629578 -893.55629578 -893.55629578]
 -- BestRoute: [array([ 0, 20, 19, 24, 23, 16, 12, 11,  7,  0])
 array([ 0, 30, 42, 43, 46, 41, 35, 36, 31,  0])
 array([ 0, 37, 40, 47, 53, 39, 32, 33, 27,  0])
 array([ 0, 21, 14, 15, 51, 17, 50, 18, 22, 25,  0])]
 -- Custo: 
 ---------22.961752684910216
 ---------21.950844619618653
 ---------22.570078440826883
 ---------22.37825031020934
 ---- Total: 89.86092605556509
 -- Premio: 
 ---------56.0
 ---------36.0
 ---------39.0
 ---------48.0
 ---- Total: 179.0
 - Execucao 28
 -- BestCostGenaration: [-90.37818366852039, -228.0148442995251, -487.82622352367287, -603.9857534867292, -645.660943309611, -646.0979318485063, -687.758621449326, -692.7028933593251, -693.7106369681441, -713.4498607730227, -735.9813367012993, -739.4688113810885, -760.4195174285285, -764.2413610175067, -767.6469805598102, -782.8191559156509, -783.8268995244697, -787.2325190667731, -792.7181958674487, -804.9451465970019, -810.1315590185711, -822.3585097481243]
 -- BestCostElement: [-822.35850975 -822.35850975 -822.35850975 -822.35850975]
 -- BestRoute: [array([ 0, 21, 15, 51, 17, 50, 18, 22, 25, 27,  0])
 array([ 0, 13,  8,  7, 11, 12, 16, 23, 24,  0])
 array([ 0, 30, 40, 36, 31, 29, 26, 19, 20,  0])
 array([ 0, 32, 33, 44, 48, 39, 53, 37,  0])]
 -- Custo: 
 ---------21.823028822792917
 ---------22.458757389099095
 ---------22.903391849743823
 ---------22.975194501333096
 ---- Total: 90.16037256296893
 -- Premio: 
 ---------50.0
 ---------44.0
 ---------41.0
 ---------34.0
 ---- Total: 169.0
 - Execucao 29
 -- BestCostGenaration: [-128.16154908678848, -626.8110598711517, -688.6076238021328, -701.1159265247734, -713.2789673622391, -726.9517018319013, -740.8423558138916, -758.9937350353426, -764.7027180860857, -779.3136018662178, -782.448389307567, -784.9575520820248, -794.5647842316918, -797.699571673041, -815.393606782875, -816.8452491362539, -820.8715399747318, -824.9048287598902, -843.393606782875, -857.0357646676039, -857.7199945114999, -857.9779749204838, -860.3211206709915, -864.2653925809907, -866.8665187404822, -868.9516840820058, -869.9322043542938, -871.3130549966759]
 -- BestCostElement: [-871.313055 -871.313055 -871.313055 -871.313055]
 -- BestRoute: [[ 0 30 31 36 35 41 46 43 42  0]
 [ 0 20 19 24 23 16 12 11  7  0]
 [ 0 21 25 22 18 50 17 51 14  0]
 [ 0 37 40 47 53 39 32 33 27  0]]
 -- Custo: 
 ---------21.925879193046843
 ---------22.961752684910216
 ---------22.714025932047107
 ---------22.570078440826883
 ---- Total: 90.17173625083106
 -- Premio: 
 ---------36.0
 ---------56.0
 ---------45.0
 ---------39.0
 ---- Total: 176.0
