 - Execucao 0
 -- BestCostGenaration: [-152.74808053078777, -716.7731838627597, -814.6316205634705, -834.3736401544867, -851.7294773364946, -854.7852054264954, -884.4714969275108, -897.519733653578, -903.1532566417229, -910.1532566417229, -910.8658389812161, -913.2880440830721, -914.0006264225653]
 -- BestCostElement: [-914.00062642 -914.00062642 -914.00062642 -914.00062642]
 -- BestRoute: [array([ 0, 20, 19, 24, 23, 16, 12, 11,  7,  8, 13,  0])
 array([ 0, 21, 15, 51, 10, 18, 50, 17, 22, 25, 27,  0])
 array([ 0, 30, 31, 29, 36, 35, 41, 46, 43, 42, 47, 53, 40, 37,  0])]
 -- Custo: 
 ---------23.730446831456966
 ---------25.059096800292707
 ---------28.96029976260899
 ---- Total: 77.74984339435866
 -- Premio: 
 ---------61.0
 ---------54.0
 ---------60.0
 ---- Total: 175.0
 - Execucao 1
 -- BestCostGenaration: [-164.60786942193238, -693.2614350968363, -744.5551904056597, -747.6109184956606, -779.5923712660015, -788.8047874942051, -796.7858463744819, -801.2153981223466, -804.5291066213313, -821.3943191799822, -844.1164243921164, -855.9327193027925, -866.459570142624, -879.7010297322865, -895.0441754827942, -897.3873212333018, -910.9776437719531, -914.2913522709379, -916.6344980214454, -917.3470803609387, -930.182648613917, -930.8952309534102, -931.7233078424549, -932.3995002630738]
 -- BestCostElement: [-932.39950026 -932.39950026 -932.39950026 -932.39950026]
 -- BestRoute: [array([ 0, 20, 19, 24, 23, 16, 12, 11,  7,  8, 13,  0])
 array([ 0, 27, 25, 22, 18, 50, 17, 15, 51,  9, 14, 21,  0])
 array([ 0, 30, 31, 29, 36, 35, 41, 46, 43, 42, 47, 53, 40, 37,  0])]
 -- Custo: 
 ---------23.730446831456966
 ---------25.709378340165596
 ---------28.96029976260899
 ---- Total: 78.40012493423154
 -- Premio: 
 ---------61.0
 ---------57.0
 ---------60.0
 ---- Total: 178.0
 - Execucao 2
 -- BestCostGenaration: [-181.95919439290944, -664.4718546212798, -742.397925154103, -823.3741698542798, -828.434681975969, -864.8736830249259, -871.2245271935167, -925.3478300921183]
 -- BestCostElement: [-925.34783009 -925.34783009 -925.34783009 -925.34783009]
 -- BestRoute: [array([ 0, 37, 40, 47, 42, 43, 46, 41, 35, 36, 31,  0])
 array([ 0, 13,  8,  7, 11,  6, 12, 16, 23, 24, 19, 20,  0])
 array([ 0, 27, 21, 14,  9,  5, 51, 15, 17, 50, 18, 22, 25,  0])]
 -- Custo: 
 ---------24.42366870536343
 ---------26.78836922408345
 ---------28.95100454752356
 ---- Total: 80.16304247697045
 -- Premio: 
 ---------51.0
 ---------67.0
 ---------60.0
 ---- Total: 178.0
 - Execucao 3
 -- BestCostGenaration: [-164.99816165079076, -768.3000048120467, -785.1713453712857, -808.8766426020563, -879.6449530315506, -881.9880987820582, -892.5892249415497, -901.5164450152078, -905.9783935031327, -910.0046843416106, -928.6311898335798, -932.6574806720578, -942.7584407202598, -942.9401143008762]
 -- BestCostElement: [-942.9401143 -942.9401143 -942.9401143 -942.9401143]
 -- BestRoute: [array([ 0, 37, 40, 47, 42, 43, 46, 41, 35, 36, 31,  0])
 array([ 0, 13,  8,  7, 11,  6, 12, 16, 23, 24, 19, 20,  0])
 array([ 0, 32, 27, 25, 22, 18, 50, 17, 15, 51,  5,  9, 14, 21,  0])]
 -- Custo: 
 ---------24.42366870536343
 ---------26.78836922408345
 ---------29.80293349533409
 ---- Total: 81.01497142478097
 -- Premio: 
 ---------51.0
 ---------67.0
 ---------63.0
 ---- Total: 181.0
 - Execucao 4
 -- BestCostGenaration: [-137.5250612992103, -765.0126943240477, -768.3264028230326, -791.582162166045, -796.6247105054031, -830.4551183335147, -835.1042289741881, -849.6945515128396, -854.3436621535129, -856.4288274950368, -858.5638219905356, -877.2204691858783, -885.2204691858783, -885.9330515253714, -887.3056345274019, -888.5341776848632, -890.3613626174028, -907.047654118418, -910.3613626174028, -912.7045083679104, -922.8054684161125]
 -- BestCostElement: [-922.80546842 -922.80546842 -922.80546842 -922.80546842]
 -- BestRoute: [array([ 0, 20, 19, 13,  8,  7, 11, 12, 16, 23, 24,  0])
 array([ 0, 30, 37, 40, 53, 47, 42, 46, 43, 35, 36, 31,  0])
 array([ 0, 27, 28, 22, 18, 50, 17, 15, 51,  5,  9, 14, 21,  0])]
 -- Custo: 
 ---------24.106514158872866
 ---------26.843766846610826
 ---------29.848351890488182
 ---- Total: 80.79863289597188
 -- Premio: 
 ---------61.0
 ---------54.0
 ---------63.0
 ---- Total: 178.0
 - Execucao 5
 -- BestCostGenaration: [-199.37781832853074, -647.4561502001013, -848.6841654005998, -888.9715830611067, -897.8628794040858, -900.9186074940866, -908.0973214975725, -911.1530495875734, -917.2323159930713, -917.9448983325645, -919.4599671940274, -929.6944092875141]
 -- BestCostElement: [-929.69440929 -929.69440929 -929.69440929 -929.69440929]
 -- BestRoute: [array([ 0, 13,  8,  7, 11, 12, 16, 23, 24, 19, 20,  0])
 array([ 0, 21, 14,  9, 51, 15, 17, 50, 18, 22, 25, 27,  0])
 array([ 0, 30, 37, 40, 53, 47, 42, 43, 46, 41, 35, 36, 31, 29,  0])]
 -- Custo: 
 ---------23.73044683145697
 ---------25.709378340165593
 ---------29.63657250649893
 ---- Total: 79.07639767812148
 -- Premio: 
 ---------61.0
 ---------57.0
 ---------60.0
 ---- Total: 178.0
 - Execucao 6
 -- BestCostGenaration: [-174.54092391760014, -784.7814642097235, -813.4168968339347, -823.321242398166, -843.7680748740099, -845.9941854557874, -849.1289728971365, -857.3296327882117, -878.6757381158498, -881.810525557199, -888.926765768889, -898.2392686604228, -911.1536713077066, -911.3211237979085, -918.0045743220506, -918.1085391381189, -920.4516848886265, -921.1278773092454, -935.3700178208153]
 -- BestCostElement: [-935.37001782 -935.37001782 -935.37001782 -935.37001782]
 -- BestRoute: [array([ 0, 37, 40, 47, 42, 43, 46, 41, 35, 36, 31,  0])
 array([ 0, 20, 19, 24, 23, 16, 12,  6, 11,  7,  8, 13,  0])
 array([ 0, 27, 33, 28, 17, 15, 51, 50, 18, 22, 25, 21,  0])]
 -- Custo: 
 ---------24.42366870536343
 ---------26.788369224083453
 ---------29.94545761534931
 ---- Total: 81.15749554479619
 -- Premio: 
 ---------51.0
 ---------67.0
 ---------62.0
 ---- Total: 180.0
 - Execucao 7
 -- BestCostGenaration: [-149.29353001109996, -781.7530065048111, -797.7241364226877, -800.0672821731954, -804.7163928138689, -810.0039742653688, -848.8546975134058, -851.1978432639135, -868.2613149627331, -870.6044607132408, -872.7537374652038, -887.8389028067274]
 -- BestCostElement: [-887.83890281 -887.83890281 -887.83890281 -887.83890281]
 -- BestRoute: [array([ 0, 21, 14,  9, 51, 15, 17, 50, 18, 22, 25,  0])
 array([ 0, 24, 19, 20, 13,  8,  7, 11, 12, 16, 23,  0])
 array([ 0, 27, 32, 37, 40, 47, 42, 43, 46, 41, 35, 36, 31,  0])]
 -- Custo: 
 ---------23.856958974828416
 ---------26.3221289459074
 ---------28.86118637758232
 ---- Total: 79.04027429831814
 -- Premio: 
 ---------51.0
 ---------61.0
 ---------60.0
 ---- Total: 172.0
 - Execucao 8
 -- BestCostGenaration: [-101.36137047180348, -720.8190514635395, -751.9323263002603, -767.2179253040481, -789.166768393747, -792.4804768927318, -814.1276258632987, -849.5794744718885, -855.5004159194789, -858.6352033608281, -864.391712262458, -867.5264997038072, -870.8098594452687, -872.2350241242551, -874.8361502837466, -876.8098594452687, -877.1792960342543, -887.2802560824564, -895.8841347649286, -902.623401832964]
 -- BestCostElement: [-902.62340183 -902.62340183 -902.62340183 -902.62340183]
 -- BestRoute: [array([ 0, 37, 40, 47, 42, 43, 46, 41, 35, 36, 31,  0])
 array([ 0, 24, 19, 20, 13,  8,  7, 11, 12, 16, 23,  0])
 array([ 0, 27, 28, 22, 18, 50, 17, 15, 51,  5,  9, 14, 21,  0])]
 -- Custo: 
 ---------24.42366870536343
 ---------26.3221289459074
 ---------29.848351890488182
 ---- Total: 80.59414954175901
 -- Premio: 
 ---------51.0
 ---------61.0
 ---------63.0
 ---- Total: 175.0
 - Execucao 9
 -- BestCostGenaration: [-134.11709473910253, -718.988924776343, -800.3359833735184, -820.3359833735184, -859.6694238451006, -884.3557153461159, -888.3820061845938, -891.6957146835786, -895.6916567645333, -912.3407674052069, -916.649737063239, -930.649737063239, -933.2508632227305]
 -- BestCostElement: [-933.25086322 -933.25086322 -933.25086322 -933.25086322]
 -- BestRoute: [array([ 0, 20, 19, 24, 23, 16, 12, 11,  7,  8, 13,  0])
 array([ 0, 37, 40, 53, 47, 42, 43, 46, 41, 35, 36, 31,  0])
 array([ 0, 27, 28, 52, 25, 22, 18, 50, 17, 51, 15, 14, 21,  0])]
 -- Custo: 
 ---------23.730446831456966
 ---------26.89580466036301
 ---------29.311032702497425
 ---- Total: 79.9372841943174
 -- Premio: 
 ---------61.0
 ---------55.0
 ---------63.0
 ---- Total: 179.0
 - Execucao 10
 -- BestCostGenaration: [-153.2420369319414, -630.667154701091, -785.3522144803944, -828.1373763329599, -835.7171566615439, -856.5547974031274, -861.1082868932335, -864.1345777317115, -864.8471600712047, -880.3554636813772, -881.0680460208704, -884.9215217918882, -896.411191771378, -897.4716587023316, -899.0123179308695, -910.0340115735737, -925.7543375218856, -928.0974832723932]
 -- BestCostElement: [-928.09748327 -928.09748327 -928.09748327 -928.09748327]
 -- BestRoute: [array([ 0, 37, 40, 47, 42, 43, 46, 41, 35, 36, 31,  0])
 array([ 0, 27, 25, 22, 18, 50, 17, 15, 51,  9, 14, 21,  0])
 array([ 0, 30, 29, 26, 23, 16, 12, 11,  7,  8, 13, 20, 19, 24,  0])]
 -- Custo: 
 ---------24.42366870536343
 ---------25.709378340165596
 ---------29.342582136372656
 ---- Total: 79.47562918190168
 -- Premio: 
 ---------51.0
 ---------57.0
 ---------70.0
 ---- Total: 178.0
 - Execucao 11
 -- BestCostGenaration: [-132.96171769104268, -863.2071404914997, -883.8514181437813, -904.8070608440204, -917.0340115735737, -928.0974832723932]
 -- BestCostElement: [-928.09748327 -928.09748327 -928.09748327 -928.09748327]
 -- BestRoute: [array([ 0, 37, 40, 47, 42, 43, 46, 41, 35, 36, 31,  0])
 array([ 0, 27, 25, 22, 18, 50, 17, 15, 51,  9, 14, 21,  0])
 array([ 0, 30, 29, 26, 23, 16, 12, 11,  7,  8, 13, 20, 19, 24,  0])]
 -- Custo: 
 ---------24.42366870536343
 ---------25.709378340165596
 ---------29.342582136372656
 ---- Total: 79.47562918190168
 -- Premio: 
 ---------51.0
 ---------57.0
 ---------70.0
 ---- Total: 178.0
 - Execucao 12
 -- BestCostGenaration: [-180.93124680025284, -779.5514394224059, -823.9195590399997, -851.8578411113397, -879.678920053704, -886.8578411113396, -891.1668107693716, -903.2350664998797]
 -- BestCostElement: [-903.2350665 -903.2350665 -903.2350665 -903.2350665]
 -- BestRoute: [array([ 0, 27, 25, 22, 18, 50, 17, 15, 51,  9, 14,  0])
 array([ 0, 37, 40, 53, 47, 42, 43, 46, 41, 35, 36, 31,  0])
 array([ 0, 24, 19, 20, 13,  8,  7, 11, 12, 16, 23, 26, 30,  0])]
 -- Custo: 
 ---------24.966778600794605
 ---------26.89580466036301
 ---------28.578650113872445
 ---- Total: 80.44123337503005
 -- Premio: 
 ---------53.0
 ---------55.0
 ---------67.0
 ---- Total: 175.0
 - Execucao 13
 -- BestCostGenaration: [-146.52563878107287, -712.9852528688423, -789.784998297627, -817.9905608206482, -831.0724159581338, -834.1281440481346, -861.2207559034346, -873.8542788915794, -879.0742316744522, -895.0214631615819, -897.0139717976484, -897.4436682634379, -910.8583368106247, -913.0589967016999, -913.7715790411931, -914.4841613806864, -927.7715790411931, -928.4841613806864, -936.3756647778152]
 -- BestCostElement: [-936.37566478 -936.37566478 -936.37566478 -936.37566478]
 -- BestRoute: [array([ 0, 20, 19, 24, 23, 16, 12, 11,  7,  8,  0])
 array([ 0, 21, 15, 51, 17, 50, 18, 22, 52, 28, 33, 27,  0])
 array([ 0, 30, 31, 29, 36, 35, 41, 46, 43, 42, 47, 53, 40, 37,  0])]
 -- Custo: 
 ---------23.515268042475576
 ---------26.680516000461623
 ---------28.96029976260899
 ---- Total: 79.15608380554619
 -- Premio: 
 ---------59.0
 ---------60.0
 ---------60.0
 ---- Total: 179.0
 - Execucao 14
 -- BestCostGenaration: [-130.64645393843057, -757.3383840358317, -766.1066944653259, -783.8834314784149, -806.6564807488616, -815.6001486496345, -819.405498286558, -839.5264773392008, -842.1151210489207, -847.5139948894292, -852.9472086134064, -859.5822506199373, -877.3022010825139, -884.6118516624533, -891.907012931779, -902.2129778219448, -920.3244340019465, -931.9812882514389, -932.6574806720578, -942.0822482996409, -942.7584407202598]
 -- BestCostElement: [-942.75844072 -942.75844072 -942.75844072 -942.75844072]
 -- BestRoute: [array([ 0, 37, 40, 47, 42, 43, 46, 41, 35, 36, 31,  0])
 array([ 0, 20, 19, 24, 23, 16, 12,  6, 11,  7,  8, 13,  0])
 array([ 0, 21, 14,  9,  5, 51, 15, 17, 50, 18, 22, 28, 27,  0])]
 -- Custo: 
 ---------24.42366870536343
 ---------26.788369224083453
 ---------29.848351890488182
 ---- Total: 81.06038981993507
 -- Premio: 
 ---------51.0
 ---------67.0
 ---------63.0
 ---- Total: 181.0
 - Execucao 15
 -- BestCostGenaration: [-157.39454455287097, -715.2977493619976, -782.9087594882005, -817.7119370522151, -821.6562089622144, -834.3904849444116, -840.2117709409256, -850.2836086621189, -851.5516909985513, -864.6909758426259, -867.1276702550956, -885.2391264350973, -885.9517087745905]
 -- BestCostElement: [-885.95170877 -885.95170877 -885.95170877 -885.95170877]
 -- BestRoute: [array([ 0, 27, 28, 52, 25, 17, 50, 18, 22,  0])
 array([ 0, 13,  8,  7, 11,  6, 12, 16, 23, 24, 19, 20,  0])
 array([ 0, 30, 31, 29, 36, 35, 41, 46, 43, 42, 47, 53, 40, 37,  0])]
 -- Custo: 
 ---------23.76340381965992
 ---------26.78836922408345
 ---------28.96029976260899
 ---- Total: 79.51207280635236
 -- Premio: 
 ---------45.0
 ---------67.0
 ---------60.0
 ---- Total: 172.0
 - Execucao 16
 -- BestCostGenaration: [-136.6389753581228, -720.996914987855, -764.9213156252704, -768.2350241242551, -779.9290592340892, -783.5859134835816, -795.2799485934158, -797.6230943439234, -807.9492877873823, -820.0846577686168, -826.3577499095029, -849.5844483941707, -852.8981568931555, -855.2413026436631, -856.1835128965431, -861.874825631808, -883.8170358846879, -886.1601816351956, -897.6381148270524, -910.7230564851016, -914.0367649840862, -925.5146981759431]
 -- BestCostElement: [-925.51469818 -925.51469818 -925.51469818 -925.51469818]
 -- BestRoute: [array([ 0, 37, 40, 47, 42, 43, 46, 41, 35, 36, 31,  0])
 array([ 0, 24, 19, 20, 13,  8,  7, 11, 12, 16, 23,  0])
 array([ 0, 27, 33, 34, 28, 52, 25, 22, 18, 50, 17, 51, 15, 21,  0])]
 -- Custo: 
 ---------24.42366870536343
 ---------26.3221289459074
 ---------29.375527804743406
 ---- Total: 80.12132545601423
 -- Premio: 
 ---------51.0
 ---------61.0
 ---------66.0
 ---- Total: 178.0
 - Execucao 17
 -- BestCostGenaration: [-112.00626693616194, -745.0014878900804, -791.0424548750866, -802.4262670221782, -823.4262670221783, -830.4185234133593, -867.6099721115022, -885.7214282915038, -894.7771563815047, -895.4897387209978, -898.2847338790341, -901.9415881285264, -904.542714288018, -906.8858600385256, -907.5984423780188, -910.9448983325645, -914.2586068315492, -924.3595668797512, -925.8746357412141, -937.1951351327295, -938.1015864707673, -950.9371547237456, -951.6497370632388]
 -- BestCostElement: [-951.64973706 -951.64973706 -951.64973706 -951.64973706]
 -- BestRoute: [array([ 0, 27, 28, 52, 22, 18, 50, 17, 51, 15, 21,  0])
 array([ 0, 20, 19, 24, 23, 16, 12,  6, 11,  7,  8, 13,  0])
 array([ 0, 30, 31, 29, 36, 35, 41, 46, 43, 42, 47, 53, 40, 37,  0])]
 -- Custo: 
 ---------24.838896747497845
 ---------26.788369224083453
 ---------28.96029976260899
 ---- Total: 80.58756573419029
 -- Premio: 
 ---------55.0
 ---------67.0
 ---------60.0
 ---- Total: 182.0
 - Execucao 18
 -- BestCostGenaration: [-135.25484325017092, -685.2977482333571, -765.0445077053731, -777.33192536588, -782.7307992063885, -840.0867348957083, -870.7925715334065, -872.8777368749302, -875.1015411914386, -877.1867065329623, -912.1867065329623]
 -- BestCostElement: [-912.18670653 -912.18670653 -912.18670653 -912.18670653]
 -- BestRoute: [array([ 0, 20, 19, 13,  8,  7, 11, 12, 16, 23, 24,  0])
 array([ 0, 37, 40, 53, 47, 42, 43, 46, 41, 35, 36, 31,  0])
 array([ 0, 27, 21, 14,  9,  5, 51, 15, 17, 50, 18, 22, 25,  0])]
 -- Custo: 
 ---------24.106514158872866
 ---------26.89580466036301
 ---------28.95100454752356
 ---- Total: 79.95332336675943
 -- Premio: 
 ---------61.0
 ---------55.0
 ---------60.0
 ---- Total: 176.0
 - Execucao 19
 -- BestCostGenaration: [-164.33512616989333, -751.3399764637395, -756.2842483737386, -798.7370325350607, -801.7927606250616, -803.7852692611282, -804.4978516006213, -810.1168657286571, -845.0673170766499, -859.3624783459755, -860.0750606854688, -878.7690957953029, -885.5487770150368, -907.231922103007, -913.5487770150368]
 -- BestCostElement: [-913.54877702 -913.54877702 -913.54877702 -913.54877702]
 -- BestRoute: [array([ 0, 13,  8,  7, 11, 12, 16, 23, 24, 19, 20,  0])
 array([ 0, 21, 14,  9,  5, 51, 15, 17, 50, 18, 22, 25,  0])
 array([ 0, 27, 32, 37, 40, 47, 42, 43, 46, 41, 35, 36, 31,  0])]
 -- Custo: 
 ---------23.73044683145697
 ---------25.27117253720151
 ---------28.86118637758232
 ---- Total: 77.86280574624081
 -- Premio: 
 ---------61.0
 ---------54.0
 ---------60.0
 ---- Total: 175.0
 - Execucao 20
 -- BestCostGenaration: [-148.02273672657475, -758.4882197026118, -766.2985962579658, -793.7833809719375, -800.1670198396936, -826.5774666768419, -847.2977493619976, -848.6331515036863, -851.9469032658276, -862.928312773012, -882.3349302223393]
 -- BestCostElement: [-882.33493022 -882.33493022 -882.33493022 -882.33493022]
 -- BestRoute: [array([ 0, 13,  8,  7, 11, 12, 16, 23, 24, 19, 20,  0])
 array([ 0, 21, 14,  9,  5, 51, 15, 17, 50, 18, 22, 25,  0])
 array([ 0, 27, 32, 37, 40, 31, 36, 35, 41, 46, 43, 42,  0])]
 -- Custo: 
 ---------23.73044683145697
 ---------25.27117253720151
 ---------29.664648075756702
 ---- Total: 78.66626744441518
 -- Premio: 
 ---------61.0
 ---------54.0
 ---------56.0
 ---- Total: 171.0
 - Execucao 21
 -- BestCostGenaration: [-172.86929180564363, -696.1966346200927, -804.9148146318051, -806.8284510667247, -832.4632794509341, -847.0290637508921, -849.2151271588456, -862.35441200292, -873.6681205019048, -889.0290637508921, -903.4364309313988, -913.1228862234072, -914.6379550848701, -924.8723971783568]
 -- BestCostElement: [-924.87239718 -924.87239718 -924.87239718 -924.87239718]
 -- BestRoute: [array([ 0, 21, 14,  9, 51, 15, 17, 50, 18, 22, 25,  0])
 array([ 0, 13,  8,  7, 11,  6, 12, 16, 23, 24, 19, 20,  0])
 array([ 0, 30, 37, 40, 53, 47, 42, 43, 46, 41, 35, 36, 31, 29,  0])]
 -- Custo: 
 ---------23.856958974828416
 ---------26.78836922408345
 ---------29.63657250649893
 ---- Total: 80.2819007054108
 -- Premio: 
 ---------51.0
 ---------67.0
 ---------60.0
 ---- Total: 178.0
 - Execucao 22
 -- BestCostGenaration: [-93.19093568678758, -893.0408672949285, -896.3545757939132, -898.6977215444209, -900.2127904058838, -919.4599671940274, -929.6944092875141]
 -- BestCostElement: [-929.69440929 -929.69440929 -929.69440929 -929.69440929]
 -- BestRoute: [array([ 0, 20, 19, 24, 23, 16, 12, 11,  7,  8, 13,  0])
 array([ 0, 27, 25, 22, 18, 50, 17, 15, 51,  9, 14, 21,  0])
 array([ 0, 30, 37, 40, 53, 47, 42, 43, 46, 41, 35, 36, 31, 29,  0])]
 -- Custo: 
 ---------23.730446831456966
 ---------25.709378340165596
 ---------29.63657250649893
 ---- Total: 79.07639767812148
 -- Premio: 
 ---------61.0
 ---------57.0
 ---------60.0
 ---- Total: 178.0
 - Execucao 23
 -- BestCostGenaration: [-158.04797028658942, -698.8567966963536, -747.2365630037716, -872.7945783942488, -875.1377241447565, -893.2491803247581, -900.9810360065535, -906.6406860421832]
 -- BestCostElement: [-906.64068604 -906.64068604 -906.64068604 -906.64068604]
 -- BestRoute: [array([ 0, 27, 33, 37, 40, 42, 46, 43, 36, 31,  0])
 array([ 0, 21, 14,  9,  5, 51, 15, 17, 50, 18, 22, 25,  0])
 array([ 0, 24, 19, 20, 13,  8,  7, 11, 12, 16, 23, 26, 29, 30,  0])]
 -- Custo: 
 ---------24.97607381588003
 ---------25.27117253720151
 ---------29.342582136372656
 ---- Total: 79.58982848945419
 -- Premio: 
 ---------51.0
 ---------54.0
 ---------70.0
 ---- Total: 175.0
 - Execucao 24
 -- BestCostGenaration: [-164.80887070987188, -674.8533910041155, -768.1036277156874, -785.0891537755592, -822.8780731665502, -829.4413787540803, -831.7922681134069, -839.8624855140215, -865.5342877044229, -875.9553944643641, -880.6942676423354, -899.981685302842]
 -- BestCostElement: [-899.9816853 -899.9816853 -899.9816853 -899.9816853]
 -- BestRoute: [array([ 0, 27, 25, 21, 15, 51, 17, 50, 18, 22,  0])
 array([ 0, 13,  8,  7, 11,  6, 12, 16, 23, 24, 19, 20,  0])
 array([ 0, 32, 37, 40, 53, 47, 42, 43, 46, 41, 35, 36, 31,  0])]
 -- Custo: 
 ---------24.9256814798283
 ---------26.78836922408345
 ---------29.540527970377717
 ---- Total: 81.25457867428946
 -- Premio: 
 ---------50.0
 ---------67.0
 ---------58.0
 ---- Total: 175.0
 - Execucao 25
 -- BestCostGenaration: [-132.42974571691528, -724.7336858951593, -749.845142075161, -777.7834241465009, -838.1931044229607, -842.4591762525602, -857.4402812111043, -869.2470122692416, -871.5901580197493, -902.3909657127876, -905.7046742117723, -908.0478199622801, -910.1329853038037, -911.4358901819483, -929.3801620919473]
 -- BestCostElement: [-929.38016209 -929.38016209 -929.38016209 -929.38016209]
 -- BestRoute: [array([ 0, 37, 40, 47, 42, 43, 46, 41, 35, 36, 31,  0])
 array([ 0, 27, 25, 22, 18, 50, 17, 15, 51,  9, 14, 21,  0])
 array([ 0, 20, 19, 13,  8,  7, 11, 12, 16, 23, 24, 26, 29, 30,  0])]
 -- Custo: 
 ---------24.42366870536343
 ---------25.709378340165596
 ---------29.021912431484132
 ---- Total: 79.15495947701316
 -- Premio: 
 ---------51.0
 ---------57.0
 ---------70.0
 ---- Total: 178.0
 - Execucao 26
 -- BestCostGenaration: [-142.33083773134285, -709.734318517445, -852.1231276616347, -854.2082930031584, -855.4177960467863, -873.4136120717797, -875.5628888237427, -890.6480541652666, -893.6743450037445, -898.0704663212722, -902.3794359793043]
 -- BestCostElement: [-902.37943598 -902.37943598 -902.37943598 -902.37943598]
 -- BestRoute: [array([ 0, 21, 14,  9, 51, 15, 17, 50, 18, 22, 25,  0])
 array([ 0, 37, 40, 53, 47, 42, 43, 46, 41, 35, 36, 31,  0])
 array([ 0, 20, 19,  8,  7, 11,  6, 12, 16, 23, 24, 26,  0])]
 -- Custo: 
 ---------23.856958974828416
 ---------26.89580466036301
 ---------29.902377369982506
 ---- Total: 80.65514100517393
 -- Premio: 
 ---------51.0
 ---------55.0
 ---------69.0
 ---- Total: 175.0
 - Execucao 27
 -- BestCostGenaration: [-215.00481184635075, -849.5229010420624, -859.2677080049218, -862.3234360949227, -870.2004501814376, -881.6108537554294, -884.7456411967786, -905.573033183468, -908.7078206248173, -911.0509663753248, -911.7635487148181, -912.4761310543113, -920.6598361436353, -921.3360285642541]
 -- BestCostElement: [-921.33602856 -921.33602856 -921.33602856 -921.33602856]
 -- BestRoute: [array([ 0, 20, 19, 24, 23, 16, 12, 11,  7,  8, 13,  0])
 array([ 0, 21, 14,  9,  5, 51, 15, 17, 50, 18, 22, 27,  0])
 array([ 0, 30, 31, 29, 36, 35, 41, 46, 43, 42, 47, 53, 40, 37,  0])]
 -- Custo: 
 ---------23.730446831456966
 ---------26.72524626487052
 ---------28.96029976260899
 ---- Total: 79.41599285893648
 -- Premio: 
 ---------61.0
 ---------56.0
 ---------60.0
 ---- Total: 177.0
 - Execucao 28
 -- BestCostGenaration: [-225.5142559444812, -828.7176778614992, -831.7734059515001, -832.4859882909932, -861.5417163809941, -862.1607067953685, -877.8926057403205, -906.2214259712075, -906.5165872405331, -908.7806736396925, -911.9154610810416, -922.5226932307086, -925.6574806720577, -932.6280434205348, -933.340625760028, -946.3700630115509, -947.0826453510441]
 -- BestCostElement: [-947.08264535 -947.08264535 -947.08264535 -947.08264535]
 -- BestRoute: [array([ 0, 21, 14, 15, 51, 17, 50, 18, 22, 25, 27,  0])
 array([ 0, 20, 19, 24, 23, 16, 12,  6, 11,  7,  8, 13,  0])
 array([ 0, 30, 31, 29, 36, 35, 41, 46, 43, 42, 47, 53, 40, 37,  0])]
 -- Custo: 
 ---------24.230669675546515
 ---------26.788369224083453
 ---------28.96029976260899
 ---- Total: 79.97933866223896
 -- Premio: 
 ---------54.0
 ---------67.0
 ---------60.0
 ---- Total: 181.0
 - Execucao 29
 -- BestCostGenaration: [-214.41658516157423, -812.5721082016656, -840.5721082016656, -843.8574642050532, -851.0625968213299, -864.7340475539439, -868.7488883223451, -882.4203390549592, -908.3656088719822, -919.5181958279833, -921.5048937160567, -932.6574806720578, -942.7584407202598]
 -- BestCostElement: [-942.75844072 -942.75844072 -942.75844072 -942.75844072]
 -- BestRoute: [array([ 0, 37, 40, 47, 42, 43, 46, 41, 35, 36, 31,  0])
 array([ 0, 13,  8,  7, 11,  6, 12, 16, 23, 24, 19, 20,  0])
 array([ 0, 21, 14,  9,  5, 51, 15, 17, 50, 18, 22, 28, 27,  0])]
 -- Custo: 
 ---------24.42366870536343
 ---------26.78836922408345
 ---------29.848351890488182
 ---- Total: 81.06038981993507
 -- Premio: 
 ---------51.0
 ---------67.0
 ---------63.0
 ---- Total: 181.0
