 - Execucao 0
 -- BestCostGenaration: [-134.11145618000168, -182.72467796880795, -239.24959708854544, -294.1049428330183, -363.97293027925639, -425.50671182250653, -484.86444364754959, -543.93671412253957, -592.51612864693448, -641.75060307619196, -688.24250264979298, -731.26728429013474, -778.33182796634594, -826.44328414634765, -865.98184051102385, -893.94713845943647, -932.04736988296963, -969.82468478245403, -1004.1355993523966, -1028.1150675481558, -1035.1904935451587, -1062.0438816453498, -1089.6982660741046, -1105.2576933093767, -1118.446506966874, -1122.961435751005, -1125.7745842486361, -1134.0708869977434, -1135.9691793598238, -1141.8650480397489, -1147.8091128955984, -1152.8364016411003, -1162.6379354467817, -1172.2838996744103, -1176.4365298935679, -1180.2838996744103]
 -- BestCostElement: [-1180.28389967 -1179.49225798 -1178.70061629 -1178.0670933 ]
 -- BestRoute: [array([ 0, 11, 22, 24, 25, 27, 28,  2, 31, 30, 29, 26, 23, 18, 16,  1, 19,
       21, 20, 17, 13, 14, 12, 15,  7, 10,  9,  8,  6,  3,  5,  4,  0])]
 -- Custo: 
 ---------82.4290250814
 ---- Total: 82.4290250814
 -- Premio: 
 ---------151.0
 ---- Total: 151.0
