 - Execucao 0
 -- BestCostGenaration: [-68.77195893886258, -176.22871722506136, -283.4659955012486, -401.31884961091794, -407.9653114666378, -475.0272375995906, -522.0205891225717, -540.4169831240315, -588.3467308446051, -602.6319118239779, -659.234177228287, -664.6222474479551, -686.2706636016044, -713.6521586039322, -761.2999592079486, -780.2161666790375, -782.4327849791912, -803.2262678123027, -821.3691062262218, -824.8937598387735, -826.3691062262218, -834.6229297539915, -834.6965005332075, -844.5072471347655, -845.3097336567351]
 -- BestCostElement: [-845.30973366 -845.30973366 -845.30973366 -845.30973366]
 -- BestRoute: [array([ 0, 15, 10,  6, 14, 18,  9,  5,  8,  1])
 array([ 0, 20, 21, 19, 16, 11, 12, 17, 13,  7,  2])
 array([ 0, 22, 24, 25, 27, 31, 28,  3])
 array([ 0, 23, 32, 26, 34, 33, 29, 30,  4])]
 -- Custo: 
 ---------26.767988863537273
 ---------25.12626769902603
 ---------19.16443655149935
 ---------23.86387347175358
 ---- Total: 94.92256658581623
 -- Premio: 
 ---------48.0
 ---------44.0
 ---------34.0
 ---------49.0
 ---- Total: 175.0
 - Execucao 1
 -- BestCostGenaration: [-76.65453013349496, -199.30011748421188, -275.9050793283007, -333.0962895080703, -420.9447763320059, -509.20130799095944, -542.5037738084743, -579.9227314822476, -627.6927297790287, -662.0139785352656, -701.8937605152468, -730.1528055799245, -755.0148717255304, -778.4609803160413, -792.2587279970583, -798.3832061425221, -814.9258742646011, -822.4222070277918, -828.9117132162885, -839.4236808554422]
 -- BestCostElement: [-839.42368086 -839.42368086 -839.42368086 -839.42368086]
 -- BestRoute: [array([ 0, 15, 14, 18, 10,  6,  8,  5,  9,  1])
 array([ 0, 16, 19, 17, 12, 11,  7, 13,  2])
 array([ 0, 23, 24, 22, 25, 27, 32, 28, 31,  3])
 array([ 0, 20, 21, 30, 29, 26, 34, 33,  4])]
 -- Custo: 
 ---------25.718673555251023
 ---------21.634771256291412
 ---------23.218714502999312
 ---------25.82192047159771
 ---- Total: 96.39407978613946
 -- Premio: 
 ---------48.0
 ---------33.0
 ---------49.0
 ---------45.0
 ---- Total: 175.0
 - Execucao 2
 -- BestCostGenaration: [-71.92031104473809, -144.9319261937557, -234.33172571914454, -278.54746568003577, -378.4253885736483, -389.32999118313586, -423.5335192690085, -495.14761153758343, -547.7021202571093, -585.9565584254082, -644.5433869579499, -668.3961664482329, -687.4895562555446, -739.5053674360524, -771.9407317189193, -797.8705225780136, -813.9205189779458, -831.5322979861501, -860.1080246835218, -881.5859578753785, -887.9392027062827, -889.622347794253]
 -- BestCostElement: [-889.62234779 -889.62234779 -889.62234779 -889.62234779]
 -- BestRoute: [array([ 0, 15, 14, 18,  9, 10,  6,  8,  5,  1])
 array([ 0, 16, 19, 11, 12, 17, 13,  7,  2])
 array([ 0, 23, 24, 22, 25, 28, 32, 31, 27,  3])
 array([ 0, 20, 21, 26, 34, 33, 29, 30,  4])]
 -- Custo: 
 ---------22.45354552482872
 ---------17.49847350245616
 ---------20.422980574618233
 ---------23.469413449533647
 ---- Total: 83.84441305143676
 -- Premio: 
 ---------48.0
 ---------33.0
 ---------49.0
 ---------45.0
 ---- Total: 175.0
 - Execucao 3
 -- BestCostGenaration: [-102.51148130707024, -184.78858825868667, -292.43664643275844, -312.2972463592139, -376.569563325901, -425.1224140377751, -465.29830001453075, -498.71519234025953, -546.3109816722473, -581.1369358873397, -617.1550677575937, -670.5823139760396, -703.7761829745841, -738.4686809006657, -787.7881014997618, -809.140089201003, -824.241381471784, -841.2002075212212, -848.0729566345412, -857.5554838608329, -867.7075131357767, -868.1593625433052, -878.8568331508963, -887.0212216347614]
 -- BestCostElement: [-887.02122163 -887.02122163 -887.02122163 -887.02122163]
 -- BestRoute: [array([ 0, 15, 14, 18,  9, 10,  6,  8,  5,  1])
 array([ 0, 16, 11, 12, 19, 17, 13,  7,  2])
 array([ 0, 23, 24, 22, 25, 28, 32, 31, 27,  3])
 array([ 0, 20, 21, 26, 34, 33, 29, 30,  4])]
 -- Custo: 
 ---------22.45354552482872
 ---------18.148755042329046
 ---------20.422980574618233
 ---------23.469413449533647
 ---- Total: 84.49469459130965
 -- Premio: 
 ---------48.0
 ---------33.0
 ---------49.0
 ---------45.0
 ---- Total: 175.0
 - Execucao 4
 -- BestCostGenaration: [-75.77743878222643, -151.8556003065918, -253.50645381743112, -336.7228727127914, -366.69780992966696, -446.1481673065967, -489.5703724084526, -525.1821349533493, -599.0126934166051, -630.3706455514362, -667.3237691106696, -731.1526403162093, -757.9426443884074, -775.882068910616, -832.6636526427558, -833.344719886116, -837.487250936284, -853.219315056358, -860.0548833093362, -862.8349305264633]
 -- BestCostElement: [-862.83493053 -862.83493053 -862.83493053 -862.83493053]
 -- BestRoute: [array([ 0, 23, 15, 14, 18, 10,  6,  8,  9,  5,  1])
 array([ 0, 16, 19, 11, 12, 17, 13,  7,  2])
 array([ 0, 22, 24, 25, 28, 32, 27, 31,  3])
 array([ 0, 20, 21, 26, 34, 33, 29, 30,  4])]
 -- Custo: 
 ---------26.390287378253127
 ---------17.49847350245616
 ---------23.183093038141227
 ---------23.469413449533647
 ---- Total: 90.54126736838415
 -- Premio: 
 ---------57.0
 ---------33.0
 ---------40.0
 ---------45.0
 ---- Total: 175.0
 - Execucao 5
 -- BestCostGenaration: [-81.37652936590084, -177.03330796698324, -250.98940562097624, -348.80071795302433, -376.2161692876152, -444.65856577538244, -492.9952268398643, -561.6524256768683, -569.3206730434952, -627.2822071189967, -652.3377435253334, -680.4578179725942, -711.0377981804045, -742.4462226113478, -797.2479633825858, -815.3077627092489, -832.248851358643, -841.7254158060665, -859.5084226003243, -869.3633123065109, -873.4686624963372, -876.0697886558287]
 -- BestCostElement: [-876.06978866 -876.06978866 -876.06978866 -876.06978866]
 -- BestRoute: [array([ 0, 15, 14, 18,  9, 10,  6,  8,  5,  1])
 array([ 0, 16, 19, 11, 12, 17, 13,  7,  2])
 array([ 0, 23, 24, 22, 25, 28, 32, 31, 27,  3])
 array([ 0, 20, 21, 30, 29, 34, 26, 33,  4])]
 -- Custo: 
 ---------22.45354552482872
 ---------17.49847350245616
 ---------20.422980574618233
 ---------26.857553234139722
 ---- Total: 87.23255283604283
 -- Premio: 
 ---------48.0
 ---------33.0
 ---------49.0
 ---------45.0
 ---- Total: 175.0
 - Execucao 6
 -- BestCostGenaration: [-78.16083579030774, -175.27267290137078, -279.3603103537557, -313.59429742355525, -392.798523359073, -438.17478402733684, -470.55658912198606, -524.976918578411, -544.5172683903291, -588.0343739680613, -629.1599674477969, -636.7733956027408, -689.9665347149411, -705.37389668124, -725.3518258361839, -738.6247541860769, -778.748901797579, -812.6954345933074, -833.2421075844271, -845.3752574071328, -858.1378557365156, -860.9179029536427, -865.686006328987, -871.0920566089148, -876.7045535586462, -877.5960569557749, -878.7720184362801, -879.4846007757733]
 -- BestCostElement: [-879.48460078 -879.48460078 -879.48460078 -879.48460078]
 -- BestRoute: [array([ 0, 15, 14, 18, 10,  6,  8,  9,  5,  1])
 array([ 0, 16, 19, 11, 12, 17, 13,  7,  2])
 array([ 0, 23, 24, 22, 25, 27, 28, 32, 31,  3])
 array([ 0, 20, 21, 26, 34, 33, 29, 30,  4])]
 -- Custo: 
 ---------22.705481427033437
 ---------17.49847350245616
 ---------22.705481427033433
 ---------23.469413449533647
 ---- Total: 86.37884980605668
 -- Premio: 
 ---------48.0
 ---------33.0
 ---------49.0
 ---------45.0
 ---- Total: 175.0
 - Execucao 7
 -- BestCostGenaration: [-57.498317065057634, -152.70646558887643, -226.29156294819774, -279.1016290139462, -328.2657767208262, -396.30696181286, -459.7908960572657, -489.60793663008025, -541.7907788819944, -565.2913736811702, -591.4936734940586, -611.4724314192634, -650.871512871606, -682.7916786504309, -711.799696861008, -730.136383941564, -791.310959160779, -804.5639917470814, -820.6386176936489, -825.6253073713835, -834.5385044112162, -836.7926332865648, -839.777937590541, -843.106594030435, -852.777937590541, -858.1768114310495, -860.1444146023961, -865.5432884429046, -866.2558707823978]
 -- BestCostElement: [-866.25587078 -866.25587078 -866.25587078 -866.25587078]
 -- BestRoute: [array([ 0, 15, 14, 18, 10,  6,  8,  5,  9,  1])
 array([ 0, 16, 19, 11, 12, 17, 13,  7,  2])
 array([ 0, 23, 24, 22, 25, 28, 32, 31, 27,  3])
 array([ 0, 20, 21, 26, 34, 33, 30, 29,  4])]
 -- Custo: 
 ---------25.718673555251023
 ---------17.49847350245616
 ---------20.422980574618233
 ---------26.04590467207512
 ---- Total: 89.68603230440054
 -- Premio: 
 ---------48.0
 ---------33.0
 ---------49.0
 ---------45.0
 ---- Total: 175.0
 - Execucao 8
 -- BestCostGenaration: [-88.82865961734436, -213.87910780529137, -237.1669328691872, -328.07651499644555, -329.7063293335825, -425.1859426359798, -463.2817272896304, -507.5591680173104, -523.0067516805552, -556.2310447560857, -627.6052689527729, -655.6061180310965, -689.2056065719445, -702.3480063967231, -728.452057247445, -765.1170624883555, -782.4602082388632, -796.0892588951983, -810.2110050403818, -821.2667331303826, -830.1948954091893, -841.8575693246923, -855.5733153752952]
 -- BestCostElement: [-855.57331538 -855.57331538 -855.57331538 -855.57331538]
 -- BestRoute: [array([ 0, 16,  6, 10, 15, 14, 18,  9,  8,  5,  1])
 array([ 0, 19, 11, 12, 17, 13,  7,  2])
 array([ 0, 23, 32, 28, 31, 27, 25, 22, 24,  3])
 array([ 0, 20, 21, 26, 34, 33, 29, 30,  4])]
 -- Custo: 
 ---------26.397725935479578
 ---------16.128990204491963
 ---------26.360541566671
 ---------23.469413449533647
 ---- Total: 92.35667115617619
 -- Premio: 
 ---------57.0
 ---------24.0
 ---------49.0
 ---------45.0
 ---- Total: 175.0
 - Execucao 9
 -- BestCostGenaration: [-121.55439391404252, -205.44065339335427, -241.46967372093332, -283.27967597278956, -344.1874327341985, -397.5670695162546, -475.06193613884034, -495.356889080448, -535.5792856666319, -556.899969882956, -570.8172871751391, -605.1460043950461, -616.5045742380818, -637.2996539905687, -693.1629619206484, -723.6061919322774, -742.7253560021783, -771.2220433892508, -775.8523545553796, -806.1926061377278, -825.6442484911067, -842.953172958403, -851.6663176195461, -857.8452602428495, -876.5618356725637]
 -- BestCostElement: [-876.56183567 -876.56183567 -876.56183567 -876.56183567]
 -- BestRoute: [array([ 0, 15, 14, 18, 10,  6,  8,  5,  9,  1])
 array([ 0, 16, 19, 11, 12, 17, 13,  7,  2])
 array([ 0, 23, 24, 22, 25, 28, 32, 31, 27,  3])
 array([ 0, 20, 21, 26, 34, 33, 29, 30,  4])]
 -- Custo: 
 ---------25.718673555251023
 ---------17.49847350245616
 ---------20.422980574618233
 ---------23.469413449533647
 ---- Total: 87.10954108185906
 -- Premio: 
 ---------48.0
 ---------33.0
 ---------49.0
 ---------45.0
 ---- Total: 175.0
 - Execucao 10
 -- BestCostGenaration: [-91.87685804430079, -156.13457890035676, -251.06786552865424, -302.42012493165, -338.5874550068918, -403.89532825840024, -426.07903334772425, -446.07903334772425, -475.8578299675674, -511.8967334936122, -532.2852148050825, -558.5499604653569, -575.9782715573882, -608.1842743949691, -627.269528190385, -633.7205865311566, -650.0242392129014, -665.9922096102746, -684.5819063458841, -690.5964389196546, -726.4115184911025, -734.4781937747014, -746.1350480241938, -753.1273044153747, -755.2124697568986]
 -- BestCostElement: [-755.21246976 -755.21246976 -755.21246976 -755.21246976]
 -- BestRoute: [array([ 0, 23, 32, 28, 25, 24, 22, 18,  9,  5,  1])
 array([ 0, 20, 19, 16, 11, 12, 17, 13,  7,  2])
 array([ 0, 15, 14, 10,  8,  3]) array([ 0, 21, 26, 34, 33, 30, 29,  4])]
 -- Custo: 
 ---------26.413685359532806
 ---------20.04590467207512
 ---------24.03259770539522
 ---------25.954694823772215
 ---- Total: 96.44688256077536
 -- Premio: 
 ---------61.0
 ---------38.0
 ---------24.0
 ---------40.0
 ---- Total: 163.0
 - Execucao 11
 -- BestCostGenaration: [-101.07105728793651, -163.73555477553177, -228.61780283623247, -292.4258928351952, -340.5266203871166, -419.79712734116, -429.0820746072063, -460.55172344079364, -487.7568853947485, -491.9848821344983, -514.7742699557994, -539.1504520349935, -565.1254331541462, -596.5215000386347, -605.9439121946403, -628.2764132675511, -642.3572753457627, -652.8634897825559, -658.2410240695476, -677.376585734446, -684.8158593905612, -703.6730229042213, -710.1625339404677, -724.1625339404677]
 -- BestCostElement: [-724.16253394 -724.16253394 -724.16253394 -724.16253394]
 -- BestRoute: [array([ 0, 23, 22, 25, 27, 18,  9,  8,  5,  1])
 array([ 0, 24, 14, 15, 10,  7,  2])
 array([ 0, 16, 20, 26, 34, 32, 28,  3])
 array([ 0, 19, 11, 12, 17, 21, 30, 33, 29,  4])]
 -- Custo: 
 ---------26.88362701190674
 ---------25.612252589558665
 ---------26.535880347173805
 ---------26.927606566243885
 ---- Total: 105.95936651488309
 -- Premio: 
 ---------52.0
 ---------31.0
 ---------37.0
 ---------44.0
 ---- Total: 164.0
 - Execucao 12
 -- BestCostGenaration: [-131.08346455797007, -167.45757410599822, -245.2893552057844, -338.0532418743355, -412.33292510305535, -474.6130502888902, -503.4476844577974, -578.0374114652639, -610.7959280266748, -630.1201511503809, -678.9043849746083, -718.9668587664041, -747.9506536958322, -759.9680156166716, -784.6387766368925, -824.9058060507598, -834.1444146023962, -845.1799578440944, -865.8655314035824, -870.2295799439198, -878.3086392952682]
 -- BestCostElement: [-878.3086393 -878.3086393 -878.3086393 -878.3086393]
 -- BestRoute: [array([ 0, 15, 14, 18,  9, 10,  6,  8,  5,  1])
 array([ 0, 16, 19, 11, 12, 17, 13,  7,  2])
 array([ 0, 23, 24, 22, 25, 27, 31, 32, 28,  3])
 array([ 0, 20, 21, 26, 34, 33, 29, 30,  4])]
 -- Custo: 
 ---------22.45354552482872
 ---------17.49847350245616
 ---------23.251407699364425
 ---------23.469413449533647
 ---- Total: 86.67284017618294
 -- Premio: 
 ---------48.0
 ---------33.0
 ---------49.0
 ---------45.0
 ---- Total: 175.0
 - Execucao 13
 -- BestCostGenaration: [-78.70671068206988, -146.40811147152934, -243.8867761445716, -301.70842004470427, -330.5812400167295, -419.0607529808208, -455.7313512572838, -510.75214222218494, -541.5315240699858, -594.6079018353888, -621.7075285948555, -691.675554694104, -701.7018986849297, -732.6750139446533, -753.3464223335836, -769.8448910006507, -784.7703634361052, -797.9138645840928, -815.2492667257816, -833.7936311935885, -836.9990299256165, -846.7858875847696, -859.7858875847696]
 -- BestCostElement: [-859.78588758 -859.78588758 -859.78588758 -859.78588758]
 -- BestRoute: [array([ 0, 22, 18, 14, 15, 10,  6,  8,  9,  5,  1])
 array([ 0, 20, 16, 19, 17, 13, 12, 11,  7,  2])
 array([ 0, 23, 24, 25, 28, 32, 31, 27,  3])
 array([ 0, 21, 26, 34, 33, 30, 29,  4])]
 -- Custo: 
 ---------25.320141502048237
 ---------21.605711203368895
 ---------18.422980574618233
 ---------25.954694823772215
 ---- Total: 91.30352810380758
 -- Premio: 
 ---------55.0
 ---------38.0
 ---------42.0
 ---------40.0
 ---- Total: 175.0
 - Execucao 14
 -- BestCostGenaration: [-93.89120726311745, -132.51291142533339, -228.22102672256355, -258.28274191199125, -366.6125714178873, -422.4700883193127, -453.5711893147403, -522.8950893968246, -544.5941155924968, -593.7951260852715, -625.2931860508438, -671.455701815524, -700.7947100746011, -734.1977852932403, -772.302432958795, -797.594626391281, -804.0557574371783, -832.5621291277369, -837.2112397684105, -847.4506729477353, -856.3990027767798, -863.2717518900997, -867.9208625307733]
 -- BestCostElement: [-867.92086253 -867.92086253 -867.92086253 -867.92086253]
 -- BestRoute: [array([ 0, 15, 14, 18,  9, 10,  6,  8,  5,  1])
 array([ 0, 16, 19, 21, 17, 13, 12, 11,  7,  2])
 array([ 0, 23, 24, 22, 25, 32, 31, 28, 27,  3])
 array([ 0, 20, 26, 34, 33, 30, 29,  4])]
 -- Custo: 
 ---------22.45354552482872
 ---------24.055557528284
 ---------22.371630891611243
 ---------20.38905042258274
 ---- Total: 89.26978436730671
 -- Premio: 
 ---------48.0
 ---------39.0
 ---------49.0
 ---------39.0
 ---- Total: 175.0
