 - Execucao 0
 -- BestCostGenaration: [-171.98394743524966, -1740.6497688944003, -1745.24367547611, -1752.2130744819303, -1778.4341665982138, -1805.784081813485, -1829.8966125724332, -1830.544166978748, -1833.960084271253, -1836.8138256665168, -1840.8772973653365, -1857.8138256665168, -1861.5821360960108, -1871.5785520529525, -1892.3544808260137, -1896.4179525248335, -1903.2538282668522, -1907.0221386963462, -1918.6341548777016, -1922.9556069855053, -1932.6341548777016, -1945.4776737936484, -1949.2459842231424, -1955.5059052382003, -1963.2459842231424, -1964.2184875776936, -1965.1099909748223, -1966.5616333282012, -1967.4122288019255, -1969.755374552433, -1972.3565007119246, -1979.1454135931872, -1984.8022678426796, -1986.4328312536938, -1988.1237199504833, -2000.1454135931872, -2002.0339574131856, -2014.8695256661638]
 -- BestCostElement: [-2014.86952567 -2014.86952567 -2014.86952567 -2014.86952567]
 -- BestRoute: [array([ 0, 38, 42, 45, 50, 51,  0])
 array([ 0, 77, 85, 86, 78, 70, 67, 60, 56,  0])
 array([ 0, 48, 54, 63, 58, 53, 49, 43, 44,  0])
 array([ 0, 65, 76, 84, 75, 69, 64, 59, 55,  0])
 array([ 0, 66, 74, 73, 82, 83,  0])
 array([ 0, 41, 35, 30, 22, 29, 17, 10, 18, 19, 23,  0])
 array([ 0, 71, 79, 87, 80, 81, 72, 68, 62, 57, 61,  0])
 array([ 0, 37, 31, 24, 20, 16, 25, 26, 27,  9, 13, 14, 21, 28, 32,  0])]
 -- Custo: 
 ---------14.99460169804673
 ---------17.478708664619077
 ---------18.88362701190674
 ---------19.365058181991753
 ---------22.110595699794793
 ---------23.694825366598884
 ---------24.96651480895676
 ---------28.538687151544305
 ---- Total: 170.03261858345903
 -- Premio: 
 ---------25.0
 ---------34.0
 ---------55.0
 ---------45.0
 ---------28.0
 ---------68.0
 ---------60.0
 ---------70.0
 ---- Total: 385.0
 - Execucao 1
 -- BestCostGenaration: [-131.5500750269781, -1491.2624199484646, -1515.2343498461646, -1517.835476005656, -1592.9548174396552, -1595.5559435991468, -1608.9561652110524, -1613.0230731701631, -1738.5261041339945, -1752.1158595032462, -1756.6991725620967, -1757.8636043091185, -1758.9087930041633, -1760.5393564151777, -1763.8087076144016, -1767.2519387546708, -1785.0251265097618, -1805.429747299244, -1806.142329638737]
 -- BestCostElement: [-1806.14232964 -1806.14232964 -1806.14232964 -1806.14232964]
 -- BestRoute: [array([ 0, 77, 85, 70, 67,  0])
 array([ 0, 56, 60, 61, 57, 62, 68, 71,  0])
 array([ 0, 78, 86, 79, 87,  0])
 array([ 0, 45, 32, 28, 21, 14,  9, 27,  0])
 array([ 0, 49, 54, 53, 58, 63, 64, 59, 69, 65,  0])
 array([ 0, 44, 43, 41, 35, 30, 22, 29, 17, 10, 18, 19,  0])
 array([ 0, 37, 31, 24, 23, 12, 20, 16, 25, 26, 38, 42,  0])
 array([ 0, 75, 83, 82, 73, 74, 84, 76, 66, 55, 48,  0])]
 -- Custo: 
 ---------14.359173603117451
 ---------17.959942099337262
 ---------19.577162127252272
 ---------20.74478443814492
 ---------21.34166020071207
 ---------23.852088875715435
 ---------24.422980574618233
 ---------27.456625671418102
 ---- Total: 169.71441759031575
 -- Premio: 
 ---------16.0
 ---------42.0
 ---------17.0
 ---------38.0
 ---------50.0
 ---------76.0
 ---------55.0
 ---------61.0
 ---- Total: 355.0
 - Execucao 2
 -- BestCostGenaration: [-1581.7851604612051, -1598.6788779264057, -1601.0942273954997, -1640.5628773000824, -1644.677086003065, -1681.137712621096, -1731.5102956231267, -1737.916913072454, -1763.4829711829648, -1797.4947079705978, -1803.4947079705978, -1808.1515622200902, -1811.2863496614395, -1813.6294954119471, -1817.2863496614395, -1819.6294954119471, -1839.2660294554098, -1842.026596276085, -1862.739178615578, -1877.026596276085, -1883.9971590245623, -1884.7097413640554]
 -- BestCostElement: [-1884.70974136 -1884.70974136 -1884.70974136 -1884.70974136]
 -- BestRoute: [array([ 0, 61, 62, 57,  0]) array([ 0, 87, 79, 71,  0])
 array([ 0, 41, 35, 29, 17,  0])
 array([ 0, 64, 63, 58, 53, 54, 49, 43, 44, 48,  0])
 array([ 0, 38, 42, 32, 27,  9, 21, 14, 13, 26, 25,  0])
 array([ 0, 37, 31, 20, 24, 23, 12, 11, 19, 18, 22, 30, 34, 36,  0])
 array([ 0, 66, 76, 84, 75, 83, 82, 73, 74, 69, 59, 55,  0])
 array([ 0, 56, 60, 67, 70, 77, 78, 86, 88, 80, 81, 72, 68, 51,  0])]
 -- Custo: 
 ---------13.7993783695076
 ---------17.26170428663412
 ---------19.84077724192718
 ---------20.053405777305734
 ---------22.82698828392924
 ---------23.31370849898476
 ---------24.310018222736108
 ---------27.91658397796141
 ---- Total: 169.32256465898618
 -- Premio: 
 ---------18.0
 ---------18.0
 ---------28.0
 ---------58.0
 ---------52.0
 ---------62.0
 ---------66.0
 ---------64.0
 ---- Total: 366.0
 - Execucao 3
 -- BestCostGenaration: [-146.54793204149232, -1516.8940244410746, -1537.7829814478432, -1553.258443097828, -1658.6617213493544, -1714.410693607722, -1737.086662256273, -1747.6843529180076, -1757.116099507796, -1769.486103266181, -1775.0309341662723, -1785.7920681563469, -1788.4785234483554, -1790.821669198863, -1809.382179000256, -1811.7253247507635, -1832.7556386834285, -1834.6441825034267, -1836.2453086629184, -1837.2158714113955, -1855.4664007792019, -1857.7645668163937, -1865.4771491558868, -1892.7645668163937, -1894.3656929758852, -1897.421421065886]
 -- BestCostElement: [-1897.42142107 -1897.42142107 -1897.42142107 -1897.42142107]
 -- BestRoute: [array([ 0, 48, 49, 47, 43, 44,  0])
 array([ 0, 67, 70, 78, 86, 88, 79, 71,  0])
 array([ 0, 76, 84, 83, 75, 69,  0])
 array([ 0, 36, 34, 23, 24, 20, 16, 25, 26,  0])
 array([ 0, 56, 55, 54, 53, 58, 63, 64, 59, 65, 66,  0])
 array([ 0, 38, 42, 32, 27,  9, 21, 14, 13,  0])
 array([ 0, 41, 35, 30, 22, 17, 10, 18, 19, 11, 12, 31, 37,  0])
 array([ 0, 51, 61, 68, 62, 57, 50, 45, 46, 39, 33, 28,  0])]
 -- Custo: 
 ---------14.79669127533634
 ---------18.432766185082038
 ---------19.141893120142704
 ---------19.92836857399956
 ---------22.60181429023674
 ---------22.107673898700575
 ---------24.46942474721757
 ---------28.166012642812976
 ---- Total: 169.64464473352848
 -- Premio: 
 ---------39.0
 ---------37.0
 ---------35.0
 ---------37.0
 ---------53.0
 ---------44.0
 ---------70.0
 ---------53.0
 ---- Total: 368.0
 - Execucao 4
 -- BestCostGenaration: [-146.09249414730306, -1558.9781229830182, -1617.5886271599493, -1618.5220090480848, -1621.7695622294063, -1662.1653815835944, -1662.5300793316271, -1693.1761852044344, -1696.1251959553863, -1705.9897275921298, -1712.8225433221273, -1725.9123058594248, -1728.2554516099324, -1764.9475952886503, -1778.3343734998439, -1788.222917319842, -1799.800712217986, -1804.7449841279854, -1827.088129878493, -1829.7264368983265, -1868.0815256030846, -1881.1109628546078, -1882.741526265622, -1889.4541086051154]
 -- BestCostElement: [-1889.45410861 -1889.45410861 -1889.45410861 -1889.45410861]
 -- BestRoute: [array([ 0, 42, 45, 50,  0]) array([ 0, 66, 65, 59, 54, 53, 49, 48,  0])
 array([ 0, 55, 76, 84, 85, 86, 70, 67, 56,  0])
 array([ 0, 51, 57, 62, 68, 71, 78,  0])
 array([ 0, 60, 79, 87, 80, 81, 72, 61,  0])
 array([ 0, 38, 32, 28, 21, 14,  9, 13, 16,  0])
 array([ 0, 75, 69, 64, 63, 58, 47, 40,  0])
 array([ 0, 44, 43, 41, 35, 34, 30, 22, 29, 17, 10, 18, 19, 11, 12, 23, 24,
       31,  0])]
 -- Custo: 
 ---------13.30056307974577
 ---------16.60181429023674
 ---------19.300563079745768
 ---------18.201609622624005
 ---------22.059294513511254
 ---------23.42468318512475
 ---------24.905426002581592
 ---------28.59251907515131
 ---- Total: 166.38647284872118
 -- Premio: 
 ---------18.0
 ---------39.0
 ---------43.0
 ---------35.0
 ---------34.0
 ---------47.0
 ---------42.0
 ---------107.0
 ---- Total: 365.0
 - Execucao 5
 -- BestCostGenaration: [-1686.0572771458553, -1697.2915047592198, -1697.9233398800775, -1716.9932834778729, -1728.6903785997285, -1729.3222137205862, -1758.0500575680735, -1760.9990683190254, -1782.773437867508, -1809.7783785748234, -1810.4466036145554, -1812.3351474345538, -1819.924743860562, -1824.6110353615773, -1826.9541811120848, -1831.6404726131002, -1838.6110353615773, -1840.1224834766288, -1844.1154444082538, -1863.8172231269068, -1869.2765638983687, -1878.5902723973534, -1900.5082534688745, -1900.8203695399516, -1921.8203695399516, -1923.7089133599497, -1926.7646414499507, -1928.653185269949]
 -- BestCostElement: [-1928.65318527 -1928.65318527 -1928.65318527 -1928.65318527]
 -- BestRoute: [array([ 0, 51, 50, 46, 45,  0])
 array([ 0, 37, 24, 23, 30, 35, 34, 36,  0])
 array([ 0, 38, 13,  9, 14, 21,  0])
 array([ 0, 57, 62, 72, 80, 87, 79, 71,  0])
 array([ 0, 42, 32, 28, 27, 26, 25, 16, 20, 31,  0])
 array([ 0, 56, 67, 70, 78, 86, 85, 84, 76, 75, 69, 64, 59,  0])
 array([ 0, 55, 29, 22, 17, 10, 18, 19,  0])
 array([ 0, 65, 83, 74, 82, 73, 63, 58, 53, 54, 49, 41, 43, 44, 48,  0])]
 -- Custo: 
 ---------14.837788396302638
 ---------16.307135789365265
 ---------19.367333701734495
 ---------20.523252491345072
 ---------22.895804660363012
 ---------23.478708664619077
 ---------24.914274453826803
 ---------28.26240552495637
 ---- Total: 170.58670368251273
 -- Premio: 
 ---------18.0
 ---------37.0
 ---------26.0
 ---------45.0
 ---------50.0
 ---------65.0
 ---------43.0
 ---------89.0
 ---- Total: 373.0
 - Execucao 6
 -- BestCostGenaration: [-110.68819749429568, -1476.0577894204264, -1554.7836261274329, -1557.3847522869246, -1561.9593008903819, -1592.2912036249622, -1620.3499364525514, -1623.663644951536, -1653.0269260059413, -1656.3525156961966, -1688.2341519138763, -1719.3596436350958, -1727.18072257746, -1736.1306312484232, -1739.2654186897723, -1747.0864976321368, -1776.93241729899, -1784.7534962413545, -1787.8882836827036, -1790.489409842195, -1792.4305353391494, -1806.80311834118, -1807.6990551430895, -1820.8660660089627, -1843.6876842280558, -1848.0865580685643, -1855.1420624750906, -1859.213900196284, -1879.2433374478069, -1881.4940982790085, -1882.5018418878276, -1884.8078067779936, -1884.9602501612367, -1891.9602501612367, -1919.9602501612367, -1921.8372642477516, -1942.0691775017322, -1951.1804099982594, -1965.1804099982594, -1966.5155234591994, -1968.858669209707, -1981.6942374626851]
 -- BestCostElement: [-1981.69423746 -1981.69423746 -1981.69423746 -1981.69423746]
 -- BestRoute: [array([ 0, 36, 34, 30, 35, 41,  0]) array([ 0,  9, 14, 21, 28, 32,  0])
 array([ 0, 51, 50, 52, 46, 45, 42, 38,  0])
 array([ 0, 56, 60, 67, 70, 77, 85, 84, 76,  0])
 array([ 0, 69, 74, 73, 82, 83, 75,  0])
 array([ 0, 37, 31, 24, 23, 19, 18, 10, 17, 22, 29,  0])
 array([ 0, 48, 44, 43, 49, 54, 53, 58, 63, 64, 59, 65, 66, 55,  0])
 array([ 0, 71, 78, 86, 88, 87, 80, 81, 72, 68, 62, 57, 61,  0])]
 -- Custo: 
 ---------14.042019056626884
 ---------18.856867475480115
 ---------18.99460169804673
 ---------17.803263984955834
 ---------21.264508328233713
 ---------23.369393537663818
 ---------23.54320376686506
 ---------28.20258278645655
 ---- Total: 166.07644063432872
 -- Premio: 
 ---------29.0
 ---------31.0
 ---------32.0
 ---------37.0
 ---------39.0
 ---------60.0
 ---------78.0
 ---------72.0
 ---- Total: 378.0
 - Execucao 7
 -- BestCostGenaration: [-1553.5092075529049, -1566.418872632804, -1591.8807246073015, -1657.9253968315766, -1665.7190453832604, -1686.3525683714054, -1723.845088410101, -1726.6056552307762, -1733.304681426448, -1752.2919467317915, -1763.1558559472464, -1764.7492384979191, -1773.3798019089336, -1780.006535932127, -1780.6556465728004, -1807.0282295748311, -1820.8493085171954, -1829.4798719282098, -1833.245429834723, -1833.3879156941553, -1835.0184791051697, -1837.3616248556773, -1838.0742071951704, -1840.6753333546621, -1856.0184791051697, -1856.7310614446628, -1857.3909204620215]
 -- BestCostElement: [-1857.39092046 -1857.39092046 -1857.39092046 -1857.39092046]
 -- BestRoute: [array([ 0, 54, 49, 43,  0]) array([ 0, 53, 58, 63, 64, 59,  0])
 array([ 0, 42, 45, 50, 57, 62, 68, 61,  0])
 array([ 0, 56, 60, 71, 78, 70, 77, 85, 84, 76,  0])
 array([ 0, 48, 44, 41, 35, 30, 22, 17, 10, 18, 19,  0])
 array([ 0, 66, 69, 74, 73, 82, 83, 75, 65, 55,  0])
 array([ 0, 32, 28, 15, 14, 21, 27,  9, 13, 26,  0])
 array([ 0, 36, 34, 23, 11, 12, 24, 20, 16, 25, 31, 37, 38,  0])]
 -- Custo: 
 ---------12.744338410251956
 ---------17.152982445082948
 ---------18.77927174436485
 ---------20.45354552482872
 ---------22.51166563067375
 ---------22.236227905404697
 ---------24.50306568668622
 ---------27.271172537201508
 ---- Total: 165.65226988449467
 -- Premio: 
 ---------23.0
 ---------26.0
 ---------41.0
 ---------47.0
 ---------68.0
 ---------53.0
 ---------48.0
 ---------54.0
 ---- Total: 360.0
 - Execucao 8
 -- BestCostGenaration: [-237.55531951278664, -1636.727921805582, -1639.529357229241, -1644.1802383954973, -1646.9816738191566, -1689.1267956460902, -1691.9282310697495, -1739.981706800437, -1742.1681644127416, -1748.042032086212, -1769.042032086212, -1771.843467509871, -1773.7320113298695, -1780.8068538189286, -1782.9933114312335, -1794.556617018764, -1797.4529044475812, -1799.1255965416187, -1812.1255965416187, -1854.0257348353316, -1856.1264426386483, -1857.9201344534886, -1858.371983861017, -1878.2075521139952, -1901.2436050800488, -1903.6064259545037]
 -- BestCostElement: [-1903.60642595 -1903.60642595 -1903.60642595 -1903.60642595]
 -- BestRoute: [array([ 0, 55, 54, 53, 49,  0]) array([ 0, 51, 50, 52, 46, 45, 42,  0])
 array([ 0, 66, 76, 84, 85, 86, 78, 70, 67, 56,  0])
 array([ 0, 17, 18, 19, 23, 24,  0])
 array([ 0, 44, 43, 48, 59, 64, 74, 83, 75, 69, 65,  0])
 array([ 0, 57, 61, 68, 62, 72, 80, 87, 79, 71,  0])
 array([ 0, 36, 34, 35, 30, 22, 10, 29, 40, 41,  0])
 array([ 0, 38, 32, 27,  9, 21, 28, 14, 13, 26, 25, 16, 20, 31,  0])]
 -- Custo: 
 ---------13.34166020071207
 ---------17.625118400082528
 ---------19.009455142990337
 ---------20.018922826800488
 ---------22.63169110970203
 ---------23.35167961609126
 ---------23.278087034126674
 ---------28.841779180868684
 ---- Total: 168.09839351137407
 -- Premio: 
 ---------24.0
 ---------28.0
 ---------45.0
 ---------29.0
 ---------65.0
 ---------54.0
 ---------54.0
 ---------69.0
 ---- Total: 368.0
 - Execucao 9
 -- BestCostGenaration: [-1532.9610058799244, -1656.8956008753698, -1783.6484240872262, -1834.9779797206995, -1838.212628868336, -1860.0048377285773, -1863.9485424691768, -1873.8581123275885, -1876.9928997689376, -1924.4392289709817, -1927.5740164123308, -1928.58684948901, -1941.2126288683362, -1944.3474163096853, -1948.0348471441112, -1977.3327033155965, -1978.1615258667798, -1980.1341387392558, -1997.6201209761034, -1998.4489435272867, -2002.730461452829, -2005.5318968764884, -2006.3607194276717, -2006.8943807095293, -2011.6113150695182, -2022.7840402328036, -2025.2932545500378, -2025.7106756202052, -2027.3040581708779]
 -- BestCostElement: [-2027.30405817 -2027.30405817 -2027.30405817 -2027.30405817]
 -- BestRoute: [array([ 0, 37, 20, 16, 25,  0])
 array([ 0, 49, 54, 53, 58, 63, 64, 59,  0])
 array([ 0, 44, 36, 23, 19, 18, 11, 12, 24, 31,  0])
 array([ 0, 56, 76, 84, 85, 77, 70, 67, 60, 51,  0])
 array([ 0, 42, 32, 28, 27,  9, 21, 14, 13, 26, 38,  0])
 array([ 0, 48, 43, 41, 35, 34, 30, 22, 10, 17, 29,  0])
 array([ 0, 55, 65, 75, 83, 82, 73, 74, 69, 66,  0])
 array([ 0, 71, 78, 86, 79, 87, 80, 81, 72, 68, 62, 57, 61,  0])]
 -- Custo: 
 ---------14.911578713634048
 ---------17.927446638338978
 ---------19.764091950405117
 ---------20.46284073991415
 ---------22.964036747836243
 ---------23.95517997529072
 ---------22.236227905404697
 ---------28.20258278645655
 ---- Total: 170.4239854572805
 -- Premio: 
 ---------16.0
 ---------40.0
 ---------48.0
 ---------40.0
 ---------53.0
 ---------69.0
 ---------53.0
 ---------68.0
 ---- Total: 387.0
