 - Execucao 0
 -- BestCostGenaration: [-1492.9781516997914, -1547.6731319651506, -1574.6894938412283, -1637.6765222799052, -1659.9518443110971, -1678.8092957094325, -1752.3628137809205, -1760.95852727066, -1791.6448187716753, -1792.0966681792038, -1793.902799180659, -1811.674256023198, -1820.0731750544423, -1827.360592714949, -1835.028817754681, -1835.3239790240068, -1855.6235668982522, -1869.9498519944477, -1870.679294988253, -1875.198882987642, -1877.5420287381496, -1884.254611077643, -1914.940902578658, -1917.2840483291657, -1918.9146117401801, -1923.6680740173786, -1924.0233153972008, -1942.2659818678826, -1945.1342056813712, -1949.7910599308636, -1956.7120005795152, -1975.5627238275522, -1976.7414378310382, -1979.3425639905297, -1997.0288554915448, -1998.0365991003637, -1999.6299816510364, -2012.5770060840164, -2022.5212779940157, -2027.920151834524, -2040.7557200875021, -2085.9309554553643, -2098.7665237083424, -2102.9982132788487, -2104.7665237083424, -2108.9982132788487, -2116.2561936878324, -2120.27952494918, -2131.857319847324]
 -- BestCostElement: [-2131.85731985 -2131.85731985 -2131.85731985 -2131.85731985]
 -- BestRoute: [array([ 0, 36, 34, 35, 30, 22,  1])
 array([ 0, 55, 56, 67, 70, 78, 71,  2])
 array([ 0, 37, 31, 20, 24, 23, 19, 12, 11, 18, 17, 10,  3])
 array([ 0, 44, 43, 41, 29, 40, 47, 73,  4])
 array([ 0, 32, 27, 25, 16, 13,  9, 21, 14,  5])
 array([ 0, 51, 72, 81, 80, 87, 79, 86, 88,  6])
 array([ 0, 60, 61, 68, 62, 57, 50, 46, 45, 42, 38, 26,  7])
 array([ 0, 48, 49, 54, 53, 58, 63, 64, 59, 65, 69, 75, 74, 82, 83, 84,  8])]
 -- Custo: 
 ---------14.042019056626884
 ---------18.72792206135786
 ---------18.48528137423857
 ---------20.640986324787455
 ---------22.629896999847208
 ---------23.712054136652934
 ---------24.754306317793034
 ---------27.54320376686506
 ---- Total: 170.535670038169
 -- Premio: 
 ---------30.0
 ---------37.0
 ---------55.0
 ---------44.0
 ---------45.0
 ---------42.0
 ---------55.0
 ---------94.0
 ---- Total: 402.0
 - Execucao 1
 -- BestCostGenaration: [-1432.7186849181246, -1603.1882475384687, -1660.2727603102926, -1682.6522959796746, -1710.6079386799136, -1739.9510844304211, -1749.006812520422, -1781.8939397653833, -1783.1086832552758, -1807.5507940148757, -1821.5514760745066, -1843.4703762354425, -1858.3492237555236, -1883.2177130166285, -1924.0869834943246, -1952.4698455548742, -1966.8138480902821, -1994.1012657507888, -2006.6342340387391, -2018.8535644003236, -2021.3819377095008, -2024.1822208402177, -2053.864465557389, -2059.069470399353, -2093.628032298181, -2094.3406146376738, -2121.019414774756, -2121.6356526661493, -2136.4901263364577, -2141.598786730322, -2144.463999288973, -2144.9976605708307, -2147.3408063213383, -2151.833228823809, -2161.6429369759335, -2184.4900830733013, -2191.9566454749183, -2224.7170338028545]
 -- BestCostElement: [-2224.7170338 -2224.7170338 -2224.7170338 -2224.7170338]
 -- BestRoute: [array([ 0, 37, 31, 24, 23,  1])
 array([ 0, 56, 67, 77, 70, 60, 51, 57,  2])
 array([ 0, 49, 34, 30, 19, 18, 22, 17, 10,  3])
 array([ 0, 48, 44, 43, 41, 35, 40, 47, 53, 58,  4])
 array([ 0, 38, 42, 45, 52, 46, 33, 28, 15,  5])
 array([ 0, 61, 62, 68, 71, 78, 86, 88, 87, 80, 72, 81,  6])
 array([ 0, 50, 39, 32, 27,  9, 21, 14, 13, 26, 25, 16,  7])
 array([ 0, 55, 54, 63, 73, 82, 74, 83, 75, 69, 59, 65, 66, 76, 84, 85,  8])]
 -- Custo: 
 ---------13.899494936611665
 ---------18.200104725336033
 ---------19.115047366202617
 ---------20.399582593338558
 ---------20.148755042329046
 ---------22.957417329238154
 ---------23.30056307974577
 ---------28.549776476484553
 ---- Total: 166.57074154928642
 -- Premio: 
 ---------23.0
 ---------32.0
 ---------51.0
 ---------58.0
 ---------37.0
 ---------65.0
 ---------59.0
 ---------88.0
 ---- Total: 413.0
 - Execucao 2
 -- BestCostGenaration: [1.8500485599061136, -1343.3272337610786, -1793.0842587930933, -1795.431031725022, -1821.5457895066047, -1861.1713175273476, -1883.6372902480966, -1900.1886938728717, -1905.3773725511478, -1920.089791099648, -1921.060353848125, -1934.228656212669, -1936.8297823721605, -1946.5307023744065, -1962.3631521070108, -1965.9670740526396, -1966.5833119440333, -1993.4188801970117, -1995.0865792776322, -2021.5119313726798, -2027.2764535220417, -2029.6195992725493, -2036.9147605418748, -2045.505083080526, -2064.930247759513, -2067.2733935100205, -2071.2099218112007, -2074.2656499012014, -2078.2099218112007, -2078.8261597025944, -2084.9519414022166, -2088.2656499012014, -2089.0633975822184, -2089.679635473612, -2092.993343972597, -2095.14262072456, -2095.855203064053]
 -- BestCostElement: [-2095.85520306 -2095.85520306 -2095.85520306 -2095.85520306]
 -- BestRoute: [array([ 0, 44, 43, 47,  1])
 array([ 0, 61, 68, 62, 57, 52, 50, 45, 46,  2])
 array([ 0, 37, 31, 24, 23, 20, 12, 11, 19, 18, 22, 17, 10,  3])
 array([ 0, 59, 54, 49, 53, 58, 63, 64, 69, 75, 83,  4])
 array([ 0, 56, 67, 78, 60, 51, 42,  5])
 array([ 0, 71, 86, 79, 72, 81, 80, 87,  6])
 array([ 0, 38, 26, 32, 27,  9, 14, 15, 28, 21, 13, 16,  7])
 array([ 0, 36, 34, 35, 30, 29, 40, 41, 48, 55, 65, 66, 70, 77, 85,  8])]
 -- Custo: 
 ---------8.32455532033676
 ---------17.721349351738365
 ---------19.543203766865055
 ---------20.233345472033854
 ---------22.081584143595727
 ---------21.45607029492783
 ---------24.482605577751237
 ---------28.19348530673794
 ---- Total: 162.03619923398674
 -- Premio: 
 ---------23.0
 ---------41.0
 ---------62.0
 ---------64.0
 ---------27.0
 ---------41.0
 ---------60.0
 ---------74.0
 ---- Total: 392.0
 - Execucao 3
 -- BestCostGenaration: [-1460.459159688848, -1470.3598084281043, -1534.6803905576094, -1535.4201248080317, -1561.3625526253843, -1585.2195101076918, -1594.3046754492157, -1596.9058016087072, -1628.609434532411, -1674.1544666045083, -1689.5053559638347, -1694.368385137653, -1694.6949885031713, -1742.43421230805, -1771.0833681394593, -1776.254545588276, -1799.7621230858053, -1809.358258159459, -1811.9593843189505, -1840.6004438617645, -1843.9141523607493, -1844.6267347002424, -1855.1640816718736, -1863.5460459013666, -1871.7584621295705, -1895.7665132274296, -1903.8144977086117, -1922.0446217548158, -1926.1003498448167, -1926.6937323954894, -1945.9339842149884, -1946.9079004306602, -1949.706080769147, -1954.9897123049893, -1955.541692285282, -1961.6014350311716, -1970.8782561249877, -1986.2590586564634, -1987.8896220674778, -1991.8107265071226, -1993.6992703271208, -1995.3298337381352]
 -- BestCostElement: [-1995.32983374 -1995.32983374 -1995.32983374 -1995.32983374]
 -- BestRoute: [array([ 0, 41, 35, 30, 22,  1]) array([ 0, 13, 21, 28, 33, 39, 46,  2])
 array([ 0, 36, 34, 23, 19, 11, 18, 29, 17, 10,  3])
 array([ 0, 59, 54, 49, 53, 58, 63, 73, 74, 83, 82,  4])
 array([ 0, 61, 62, 57, 50, 45, 42, 32, 27,  9, 14, 15,  5])
 array([ 0, 67, 70, 66, 84, 85, 86, 78, 71,  6])
 array([ 0, 37, 38, 26, 25, 16, 20, 31, 24, 12,  7])
 array([ 0, 44, 43, 48, 55, 56, 60, 77, 65, 64, 69, 75, 76,  8])]
 -- Custo: 
 ---------14.184543176642102
 ---------17.74476331035587
 ---------18.54977647648455
 ---------19.07106781186548
 ---------22.957417329238154
 ---------22.766616720504224
 ---------20.46284073991415
 ---------28.680516000461626
 ---- Total: 164.41754156546617
 -- Premio: 
 ---------29.0
 ---------24.0
 ---------49.0
 ---------61.0
 ---------67.0
 ---------43.0
 ---------39.0
 ---------67.0
 ---- Total: 379.0
 - Execucao 4
 -- BestCostGenaration: [-1400.2541675653194, -1411.964061291183, -1457.2139906023076, -1492.925426384157, -1713.3505912782161, -1716.4853787195655, -1774.677358434728, -1791.9072687414116, -1809.6211199436962, -1820.4599992315923, -1846.2200321881958, -1861.7353719098353, -1893.617126764882, -1898.561398674881, -1907.329709104375, -1918.7617079390488, -1923.705979849048, -1925.5192147477026, -1937.254173704676, -1943.004991983269, -1946.0491255995557, -1947.3108564385443, -1948.2433700838355, -1954.2250870800608, -1967.6768932244327, -1970.8116806657818, -1971.075767064941, -1971.1693157269033, -1974.0122953661212, -1974.307456635447, -1980.7698021747751, -1983.9045896161247, -1985.2028108974716, -1985.4979721667971, -1986.0538663680875, -2023.990394669268, -2024.702977008761, -2029.482860434895, -2031.3742000410307, -2040.3480729935459, -2042.2394125996814, -2045.3742000410307, -2057.753234443886, -2060.548229601922, -2074.3693085442865]
 -- BestCostElement: [-2074.36930854 -2074.36930854 -2074.36930854 -2074.36930854]
 -- BestRoute: [array([ 0, 49, 54, 53, 63, 58, 47,  1])
 array([ 0, 61, 57, 50, 45, 42, 32,  2])
 array([ 0, 38, 26, 24, 23, 19, 11, 18, 22, 17, 10,  3])
 array([ 0, 65, 59, 64, 69, 76, 75, 83, 74, 73, 82,  4])
 array([ 0, 44, 43, 41, 35, 30, 34, 36, 31,  5])
 array([ 0, 48, 55, 66, 67, 70, 77, 85, 79,  6])
 array([ 0, 25, 16, 13,  9, 27, 21, 28, 15, 14,  7])
 array([ 0, 56, 60, 71, 78, 86, 88, 87, 80, 81, 72, 68, 62,  8])]
 -- Custo: 
 ---------14.335087491092574
 ---------18.714776642118867
 ---------19.676619087329467
 ---------19.72134935173836
 ---------22.075630564210464
 ---------21.481591097989917
 ---------24.912815669304436
 ---------28.239802960144385
 ---- Total: 169.15767286392847
 -- Premio: 
 ---------37.0
 ---------37.0
 ---------54.0
 ---------55.0
 ---------55.0
 ---------36.0
 ---------48.0
 ---------71.0
 ---- Total: 393.0
 - Execucao 5
 -- BestCostGenaration: [-1279.1350823507714, -1310.523078285214, -1441.532529078133, -1477.7931778331642, -1497.047064561798, -1534.159611581863, -1583.7250578904882, -1688.9002866317555, -1710.1465302531064, -1745.2778174564673, -1779.6001503171624, -1799.4357618332972, -1833.2787658914158, -1839.567455261766, -1853.1340494876667, -1856.3514135385522, -1905.0718494986904, -1907.8732849223497, -1930.5857572500165, -1934.2066369400395, -1952.5417874247232, -1958.8304767950735, -1974.0403702801138, -1980.329059650464, -1999.504834295055, -2011.1616885445471, -2031.9750238780925, -2059.58946035985, -2074.478004179848, -2086.1642956808632, -2104.419129676802, -2107.0202558362944, -2133.627388104319, -2146.914805764826, -2168.0045683021235, -2181.2919859626304, -2184.1910259144283, -2186.1321514113824, -2186.688045612673, -2199.910560921273, -2200.3279819914405, -2220.029760710094, -2220.585654911384, -2230.9767851430734, -2258.5221832125644, -2259.234765552057, -2260.1527466235784, -2279.7011042701997]
 -- BestCostElement: [-2279.70110427 -2279.70110427 -2279.70110427 -2279.70110427]
 -- BestRoute: [array([ 0, 48, 49, 54, 53, 63, 58, 47,  1])
 array([ 0, 38, 25, 26, 21, 28, 33,  2])
 array([ 0, 37, 31, 24, 23, 12, 11, 19, 18, 22, 29, 17, 10,  3])
 array([ 0, 43, 55, 59, 64, 69, 75, 83, 74, 73, 82,  4])
 array([ 0, 44, 41, 35, 30, 34, 36, 20, 16,  5])
 array([ 0, 56, 60, 67, 70, 66, 65, 76, 84, 85, 88,  6])
 array([ 0, 42, 45, 39, 32, 27,  9, 13, 14, 15,  7])
 array([ 0, 51, 50, 46, 52, 57, 61, 68, 62, 72, 80, 87, 79, 71, 78, 86,  8])]
 -- Custo: 
 ---------14.47213595499958
 ---------16.955429663496012
 ---------19.07106781186548
 ---------20.035792690446918
 ---------22.8945817861769
 ---------23.69890871741394
 ---------24.436125993857228
 ---------28.760681314193988
 ---- Total: 170.32472393245004
 -- Premio: 
 ---------44.0
 ---------25.0
 ---------66.0
 ---------63.0
 ---------47.0
 ---------50.0
 ---------49.0
 ---------79.0
 ---- Total: 423.0
 - Execucao 6
 -- BestCostGenaration: [-1324.3631972467633, -1385.2169626338998, -1438.2438206417773, -1475.6659253087425, -1495.7588342590852, -1555.3616451102594, -1643.3060364395678, -1681.4544872858387, -1697.164569347237, -1738.7900984092564, -1790.927282532471, -1823.2306475554478, -1825.2231561915144, -1847.1144525344935, -1857.114704779379, -1859.8752716000542, -1874.6004093673548, -1878.9218614751585, -1901.265007225666, -1914.9775895651592, -1926.783181289886, -1947.7313459438083, -1950.8661333851578, -1959.4750031534682, -1976.52298763465, -2005.6711018427986, -2022.0671798971698, -2038.3759405734731, -2042.059436288351, -2067.753471398185, -2078.8882588395345, -2079.8588215880113, -2082.537369480208, -2084.8805152307154, -2102.452204138684, -2104.7953498891916, -2130.452204138684, -2130.489384999026, -2153.8030934980106, -2157.2810266898673, -2159.4288728773367, -2164.2810266898673, -2166.624172440375, -2168.6943898409895, -2171.1165949428455, -2183.858614533862, -2184.8663581426804, -2185.1243385516646, -2189.25748837437, -2190.8880517853845, -2191.858614533862, -2195.4658466835285, -2197.059229234201, -2197.7718115736943, -2213.114957324202, -2216.1679328912223]
 -- BestCostElement: [-2216.16793289 -2216.16793289 -2216.16793289 -2216.16793289]
 -- BestRoute: [array([ 0, 55, 65, 69, 64, 63,  1])
 array([ 0, 61, 57, 50, 45, 42, 32,  2])
 array([ 0, 35, 30, 22, 17, 10, 18, 19, 11,  3])
 array([ 0, 59, 54, 49, 53, 58, 74, 83, 73, 82,  4])
 array([ 0, 38, 25, 26, 13,  9, 27, 21, 14, 28, 33, 15,  5])
 array([ 0, 56, 67, 66, 76, 75, 84, 77, 70,  6])
 array([ 0, 48, 44, 43, 41, 40, 29, 34, 36, 23, 24, 31, 20, 16,  7])
 array([ 0, 51, 62, 68, 72, 81, 80, 87, 79, 71, 78, 85, 86, 88,  8])]
 -- Custo: 
 ---------14.016027852609831
 ---------18.714776642118867
 ---------19.018552622708942
 ---------19.469413449533647
 ---------21.970609457455744
 ---------23.974258578236164
 ---------23.40491834728767
 ---------28.139459827243616
 ---- Total: 168.7080167771945
 -- Premio: 
 ---------28.0
 ---------37.0
 ---------50.0
 ---------52.0
 ---------52.0
 ---------44.0
 ---------79.0
 ---------71.0
 ---- Total: 413.0
 - Execucao 7
 -- BestCostGenaration: [-1478.8658818729468, -1480.3773299879986, -1547.999616163117, -1549.5110642781685, -1577.4667069784075, -1630.78956081952, -1633.3906869790114, -1667.6468340762349, -1682.7835146549237, -1695.3362808474976, -1713.7627123885777, -1730.3823037471661, -1735.9964885641846, -1777.7134794496305, -1800.22105694716, -1812.8339190067527, -1832.8339190067527, -1835.9687064481018, -1858.4762839456312, -1866.3405575564573, -1891.078200957997, -1893.4213467085046, -1895.7644924590122, -1896.427546289795, -1901.0844005392871, -1905.1755857300388, -1914.5559123408882, -1927.3914805938666, -1953.7609171828522, -1955.2347924556634, -1955.9036981236488, -1957.444357352187, -1979.7904626798252, -1987.063391029718, -2007.3508086902248]
 -- BestCostElement: [-2007.35080869 -2007.35080869 -2007.35080869 -2007.35080869]
 -- BestRoute: [array([ 0, 43, 49, 54, 63, 58,  1])
 array([ 0, 42, 32, 27,  9, 14, 21, 28, 33,  2])
 array([ 0, 53, 47, 40, 29, 22, 18, 17, 10,  3])
 array([ 0, 44, 48, 55, 65, 59, 64, 69, 75, 83, 74, 73, 82,  4])
 array([ 0, 34, 41, 35, 30, 13,  5])
 array([ 0, 56, 60, 61, 67, 70, 77, 84, 85,  6])
 array([ 0, 36, 19, 11, 12, 23, 24, 31, 20, 16, 25, 26,  7])
 array([ 0, 66, 78, 71, 79, 80, 81, 72, 62, 68, 88, 86,  8])]
 -- Custo: 
 ---------14.349878388032021
 ---------18.488163807609414
 ---------19.803263984955837
 ---------20.119694989406533
 ---------22.05723682128341
 ---------23.5250984882127
 ---------24.07496472499763
 ---------27.743996622946288
 ---- Total: 170.16229782744384
 -- Premio: 
 ---------36.0
 ---------45.0
 ---------46.0
 ---------73.0
 ---------30.0
 ---------38.0
 ---------54.0
 ---------62.0
 ---- Total: 384.0
 - Execucao 8
 -- BestCostGenaration: [-1702.186941265998, -1709.7350918584696, -1723.3439616267801, -1757.5037773482281, -1765.0519279406997, -1807.7998708968148, -1825.1052513195164, -1848.2545280714794, -1851.7624706788702, -1880.8930412579305, -1883.3960388577507, -1917.5236046689447, -1932.5793327589458, -1935.082330358766, -1964.9227307543388, -1967.4829883108464, -1982.0228978082048, -1997.3660435587124, -2001.5864075297143, -2008.7048616563964, -2013.47021250876, -2017.3171711900663, -2025.3543067710793, -2027.8573043708996, -2037.7870674207895, -2046.6158899719728, -2055.185941261298, -2056.3255127343355, -2064.0147638124813, -2074.578709111631, -2079.3440599639944, -2091.9775829521395, -2097.525940598761, -2099.0938231638293, -2104.5181969899418, -2114.2278197523046, -2122.578709111631, -2129.694949323321, -2133.3038190916313, -2135.646964842139, -2142.646964842139, -2152.333256343154, -2155.646964842139, -2160.0458386826476, -2163.3595471816325, -2175.388984433155, -2178.70269293214, -2182.388984433155, -2183.99138230249, -2185.70269293214]
 -- BestCostElement: [-2185.70269293 -2185.70269293 -2185.70269293 -2185.70269293]
 -- BestRoute: [array([ 0, 43, 49, 54, 53, 58,  1])
 array([ 0, 56, 61, 68, 62, 57, 52, 50, 45, 46,  2])
 array([ 0, 34, 40, 29, 22, 18, 11, 17, 10,  3])
 array([ 0, 30, 35, 41, 47, 63,  4])
 array([ 0, 48, 44, 36, 23, 24, 20, 16, 25, 26, 27,  9, 14,  5])
 array([ 0, 51, 60, 67, 71, 78, 86, 88, 79, 87, 80, 72, 81,  6])
 array([ 0, 42, 39, 28, 32, 38, 37, 31, 19, 12,  7])
 array([ 0, 55, 76, 84, 83, 82, 73, 74, 75, 69, 59, 65, 66, 70,  8])]
 -- Custo: 
 ---------12.935664825658927
 ---------18.119694989406533
 ---------19.981409569829143
 ---------19.354656987796698
 ---------22.640986324787455
 ---------22.76997652927942
 ---------24.8809512154194
 ---------28.640986324787455
 ---- Total: 169.32432676696502
 -- Premio: 
 ---------31.0
 ---------49.0
 ---------43.0
 ---------37.0
 ---------65.0
 ---------60.0
 ---------47.0
 ---------77.0
 ---- Total: 409.0
 - Execucao 9
 -- BestCostGenaration: [-67.123192911074, -1343.5607486877393, -1577.7111889329972, -1580.0543346835047, -1592.0883057746994, -1638.4726470414375, -1682.2261167025304, -1698.1444948254548, -1720.524030494837, -1722.8671762453446, -1727.3669801625028, -1728.8905075066918, -1783.6619643492309, -1790.2367996702442, -1796.9493820097375, -1852.129608338148, -1872.8421906776412, -1893.525522601526, -1903.3064978870761, -1923.2860894222013, -1931.9094485011256, -1958.8885729775986, -1972.464803425687, -1985.451671510979, -1990.653923829962, -2026.5607073905792, -2031.7629597095622, -2045.922400370746, -2059.3033666932147, -2066.1909201746857, -2071.393172493669, -2078.3854288848497, -2079.6539054256336, -2093.6644199617617, -2097.858928671926, -2104.3296575316926, -2115.6724710596213, -2122.5080393125995, -2126.273597219113, -2139.986179558606, -2143.5080393126, -2146.8217478115844, -2185.2206216520926, -2185.933203991586, -2195.899169544289, -2196.8697322927665, -2198.9548976342903, -2200.5854610453043, -2201.298043384798, -2208.133611637776, -2208.846193977269, -2212.197083336596, -2221.846193977269, -2221.883374837611, -2225.909665676089, -2226.3615150836176, -2227.798209496087, -2228.51079183558, -2231.566519925581]
 -- BestCostElement: [-2231.56651993 -2231.56651993 -2231.56651993 -2231.56651993]
 -- BestRoute: [array([ 0, 59, 54, 49, 53, 58, 47,  1])
 array([ 0, 42, 45, 50, 57, 68, 62, 52, 46,  2])
 array([ 0, 44, 43, 41, 35, 30, 22, 17, 10, 18, 19, 11,  3])
 array([ 0, 66, 65, 64, 69, 83, 74, 63, 73, 82,  4])
 array([ 0, 36, 34, 23, 24, 31, 38, 26,  5])
 array([ 0, 51, 61, 71, 78, 88, 79, 87, 80, 72, 81,  6])
 array([ 0, 37, 25,  9, 21, 14, 15, 28, 32, 27, 13, 16,  7])
 array([ 0, 48, 55, 56, 60, 67, 70, 86, 85, 77, 76, 75, 84,  8])]
 -- Custo: 
 ---------14.242640687119286
 ---------18.60112615949154
 ---------19.764091950405117
 ---------19.83788226773653
 ---------21.76340381965992
 ---------21.177617382033016
 ---------23.69890871741394
 ---------25.77269903474535
 ---- Total: 164.8583700186047
 -- Premio: 
 ---------34.0
 ---------44.0
 ---------73.0
 ---------50.0
 ---------36.0
 ---------55.0
 ---------58.0
 ---------63.0
 ---- Total: 413.0
