 - Execucao 0
 -- BestCostGenaration: [-99.74215185799638, -1462.896996465766, -1637.8746213023976, -1663.4570133963157, -1709.2197921905292, -1739.7993672060263, -1742.8897973476144, -1743.5154825795014, -1754.901892976929, -1756.8897973476144, -1776.5263313910773, -1780.5981691122706, -1787.9662793890998, -1792.2922042221048, -1796.9528878594183, -1799.3857961472236, -1803.4492678460433]
 -- BestCostElement: [-1803.44926785 -1803.44926785 -1803.44926785 -1803.44926785]
 -- BestRoute: [array([ 0, 31, 24, 23, 19, 11, 12,  0])
 array([ 0, 37, 20, 16, 38, 42,  0])
 array([ 0, 59, 64, 63, 58, 53, 49, 54,  0])
 array([ 0, 45, 32, 27,  9, 21, 14, 13, 26, 25,  0])
 array([ 0, 56, 60, 67, 70, 77, 85, 84, 76, 75, 69, 65, 66, 55,  0])
 array([ 0, 48, 44, 43, 41, 35, 30, 22, 29, 17, 10, 18,  0])
 array([ 0, 51, 61, 57, 62, 68, 71, 78, 86, 88, 87, 80,  0])]
 -- Custo: 
 ---------17.567305856227758
 ---------18.756831110040423
 ---------18.627805494253792
 ---------22.848320567058458
 ---------22.95741732923815
 ---------24.28895834052573
 ---------27.841044341144894
 ---- Total: 152.88768303848923
 -- Premio: 
 ---------33.0
 ---------23.0
 ---------40.0
 ---------45.0
 ---------66.0
 ---------77.0
 ---------61.0
 ---- Total: 345.0
 - Execucao 1
 -- BestCostGenaration: [-141.0785425038331, -1628.883857578848, -1683.883857578848, -1686.685293002507, -1713.1883815706524, -1723.5407118283404, -1731.512359332743, -1733.9258192477869, -1744.512359332743, -1746.3485463283068, -1768.2962807002168, -1769.4671527128617, -1772.2782142389337, -1783.3309010877, -1786.2782142389337, -1787.0026777696978, -1788.633241180712, -1789.804113193357, -1791.4346766043714, -1797.6251921357214, -1799.2557555467358, -1803.6373875536497, -1819.2557555467358, -1827.0845780979191, -1827.7971604374125, -1848.4133983288061, -1850.0439617398206]
 -- BestCostElement: [-1850.04396174 -1850.04396174 -1850.04396174 -1850.04396174]
 -- BestRoute: [array([ 0, 23, 19, 18, 11, 12,  0])
 array([ 0, 32, 28, 21, 14,  9, 27,  0])
 array([ 0, 51, 61, 71, 79, 88, 86, 78, 70, 67, 56,  0])
 array([ 0, 37, 31, 24, 20, 16, 25, 26, 38, 42, 45,  0])
 array([ 0, 59, 54, 49, 53, 58, 63, 64, 69, 65, 66,  0])
 array([ 0, 55, 74, 73, 82, 83, 75, 76, 84,  0])
 array([ 0, 48, 44, 43, 41, 35, 30, 22, 10, 17, 29, 40, 47, 34, 36,  0])]
 -- Custo: 
 ---------18.2751521254554
 ---------19.04888916198498
 ---------20.349190257286825
 ---------22.64222328045784
 ---------22.194173437483137
 ---------24.179604825892184
 ---------28.54977647648455
 ---- Total: 155.2390095650449
 -- Premio: 
 ---------25.0
 ---------34.0
 ---------52.0
 ---------47.0
 ---------54.0
 ---------50.0
 ---------91.0
 ---- Total: 353.0
 - Execucao 2
 -- BestCostGenaration: [-119.83911758967695, -1501.3693194360735, -1629.0829122495566, -1652.4260580000641, -1653.1102878439601, -1661.2908292221746, -1662.0152927529384, -1668.4665039851234, -1669.1909675158872, -1673.3098158469204, -1674.0342793776845, -1708.752386126587, -1721.6035765570107, -1723.972704906853, -1724.945208261404, -1752.232625921911, -1764.4595766514642, -1766.232625921911, -1778.4595766514642, -1784.5806286821428, -1803.3315348233168, -1814.017826324332, -1814.702056168228, -1819.6463280782273, -1820.5378314753561, -1833.7691550484687, -1834.6606584455976, -1834.8545274441421, -1836.2210044559972, -1841.6803452274592, -1853.9072959570124, -1854.7987993541412, -1855.332460635999, -1856.25044170752, -1875.3618978875218, -1876.279878959043]
 -- BestCostElement: [-1876.27987896 -1876.27987896 -1876.27987896 -1876.27987896]
 -- BestRoute: [array([ 0, 37, 26, 25, 16, 20, 24, 23,  0])
 array([ 0, 48, 54, 63, 58, 53, 49, 43, 44,  0])
 array([ 0, 39, 32, 28, 21, 14,  9, 27,  0])
 array([ 0, 56, 60, 67, 70, 78, 86, 85, 84, 76, 75, 69,  0])
 array([ 0, 51, 57, 61, 68, 62, 52, 46, 50, 45, 42, 38,  0])
 array([ 0, 36, 34, 41, 35, 30, 22, 17, 10, 18, 19, 12, 31,  0])
 array([ 0, 66, 65, 59, 64, 74, 73, 82, 83, 55,  0])]
 -- Custo: 
 ---------18.723874121837472
 ---------18.88362701190674
 ---------20.7681824194246
 ---------22.881832902051922
 ---------23.96131424237031
 ---------24.864219815193106
 ---------23.846979747455133
 ---- Total: 153.93003026023928
 -- Premio: 
 ---------32.0
 ---------55.0
 ---------37.0
 ---------58.0
 ---------55.0
 ---------72.0
 ---------47.0
 ---- Total: 356.0
 - Execucao 3
 -- BestCostGenaration: [-115.22657973857315, -1614.5713869432552, -1617.3728223669145, -1647.3926296766128, -1698.1099960477943, -1711.1688705508402, -1731.198307802363, -1760.9976931020235, -1781.0271303535462, -1783.8285657772055, -1792.5233054274836, -1797.8029794791714, -1801.5037602908005, -1819.4000672691132, -1824.8772547988315, -1830.3365955702934, -1839.5153095737792, -1840.2550438242015, -1842.9141834142877, -1853.1972490542985, -1873.1972490542985, -1882.2529771442994, -1887.506173521595, -1895.424154593116, -1916.3714312709815, -1937.3714312709817, -1938.111165521404, -1947.7494725412373, -1950.055437431403, -1959.111165521404, -1959.659359377032, -1965.0582332175404, -1966.659359377032, -1966.9545206463577, -1974.6671029858508, -1980.0659768263592, -1981.371941716525, -1986.7708155570335, -1987.222664964562]
 -- BestCostElement: [-1987.22266496 -1987.22266496 -1987.22266496 -1987.22266496]
 -- BestRoute: [array([ 0, 49, 54, 53, 58, 63, 64, 59,  0])
 array([ 0, 36, 34, 35, 30, 22, 17,  0])
 array([ 0, 51, 57, 62, 72, 80, 87, 79, 71,  0])
 array([ 0, 37, 20, 16, 25, 26, 27, 21,  9,  0])
 array([ 0, 38, 42, 32, 28, 33, 39, 46, 50, 45,  0])
 array([ 0, 48, 44, 43, 41, 40, 29, 10, 18, 19, 23, 24, 31,  0])
 array([ 0, 56, 67, 70, 78, 86, 85, 84, 74, 73, 82, 83, 75, 69, 65, 55,  0])]
 -- Custo: 
 ---------17.927446638338978
 ---------19.290612269158363
 ---------20.53643332187874
 ---------22.43787531334234
 ---------22.483842533421623
 ---------24.60181429023674
 ---------28.66630939248272
 ---- Total: 155.9443337588595
 -- Premio: 
 ---------40.0
 ---------37.0
 ---------48.0
 ---------36.0
 ---------46.0
 ---------79.0
 ---------87.0
 ---- Total: 373.0
 - Execucao 4
 -- BestCostGenaration: [-141.2714143117697, -1486.2712418251663, -1560.6732376596335, -1565.2671442413432, -1573.3157552543037, -1617.5600022158096, -1618.5587305059662, -1633.8092850776975, -1637.6930900567431, -1654.7565617555629, -1657.0997075060704, -1664.7523511807258, -1678.051679886526, -1686.1717543337863, -1688.5989579053748, -1694.4788834581143, -1702.0722660087868, -1708.7617693318182, -1718.6982976329984, -1724.2760925311425, -1726.818372080259, -1734.4710157549143, -1740.0488106530584, -1743.2393261844084, -1758.5267438449152, -1767.2950542744093, -1774.4135084010913, -1778.6451979715973, -1811.9326156321042]
 -- BestCostElement: [-1811.93261563 -1811.93261563 -1811.93261563 -1811.93261563]
 -- BestRoute: [array([ 0, 56, 60, 67, 70, 77, 85, 84, 76,  0])
 array([ 0, 51, 61, 57, 62, 52, 50, 45,  0])
 array([ 0, 34, 35, 30, 22, 17, 10, 18,  0])
 array([ 0, 55, 64, 63, 58, 53, 54, 49, 41, 43, 44, 48,  0])
 array([ 0, 38, 26, 25, 16, 20, 24, 23, 19, 11, 12, 31,  0])
 array([ 0, 59, 73, 82, 74, 83, 75, 69, 65, 66,  0])
 array([ 0, 42, 68, 72, 80, 79, 88, 86, 78, 71,  0])]
 -- Custo: 
 ---------17.803263984955834
 ---------18.390287378253127
 ---------20.874744778152635
 ---------22.26240552495637
 ---------23.812916841164714
 ---------23.02260056222933
 ---------28.100627022261968
 ---- Total: 154.26684609197397
 -- Premio: 
 ---------37.0
 ---------35.0
 ---------45.0
 ---------70.0
 ---------55.0
 ---------53.0
 ---------52.0
 ---- Total: 347.0
 - Execucao 5
 -- BestCostGenaration: [-143.77284866339983, -1579.2515863241215, -1650.6567793825286, -1671.4182793699968, -1674.5530668113458, -1693.7779583383415, -1699.915873108849, -1702.1782263613927, -1702.8908087008858, -1721.296190084583, -1723.283613487372, -1727.3835203843948, -1743.6393358350906, -1753.1799950636287, -1767.5978891557565, -1769.6458736369386, -1774.8325834941286, -1776.8805679753107, -1778.0339991007618, -1784.3311140396436, -1786.3790985208257, -1808.2773226843585, -1810.3253071655406, -1810.4415473772303, -1836.3253071655406, -1838.8473739736837, -1855.9031020636844, -1865.2168105626693, -1867.3810352555413, -1867.497275467231, -1874.497275467231, -1880.8782417897, -1888.7962228612214, -1909.7962228612214]
 -- BestCostElement: [-1909.79622286 -1909.79622286 -1909.79622286 -1909.79622286]
 -- BestRoute: [array([ 0, 36, 19, 18, 11, 12, 23,  0])
 array([ 0, 38, 26, 25, 16, 20, 24, 31, 37,  0])
 array([ 0, 51, 57, 62, 72, 80, 87, 79, 71,  0])
 array([ 0, 49, 53, 63, 73, 82, 83, 69, 59,  0])
 array([ 0, 56, 67, 70, 77, 85, 84, 75, 65, 66, 55, 48,  0])
 array([ 0, 13, 14, 21,  9, 27, 32, 28, 33, 39, 42,  0])
 array([ 0, 34, 35, 30, 22, 10, 17, 29, 40, 47, 41, 43, 44,  0])]
 -- Custo: 
 ---------18.65008380450606
 ---------17.498473502456164
 ---------20.53643332187874
 ---------22.985369030965458
 ---------23.594553449872045
 ---------24.98083128785566
 ---------26.05519988716055
 ---- Total: 154.30094428469468
 -- Premio: 
 ---------28.0
 ---------36.0
 ---------48.0
 ---------54.0
 ---------62.0
 ---------52.0
 ---------81.0
 ---- Total: 361.0
 - Execucao 6
 -- BestCostGenaration: [-222.42641326915074, -1658.16979581758, -1684.0866743832798, -1705.8633681332121, -1737.9172515504197, -1741.7902077178896, -1746.7080019534965, -1773.9809303033894, -1778.6300409440628, -1789.8350457860265, -1800.8164985563676, -1801.3512991716357, -1805.6058879922966, -1826.3107267229711, -1826.9582811292862, -1828.8872823641395, -1829.5035202555332, -1831.6527970074962]
 -- BestCostElement: [-1831.65279701 -1831.65279701 -1831.65279701 -1831.65279701]
 -- BestRoute: [array([ 0, 51, 60, 78, 86, 70, 67, 56,  0])
 array([ 0, 55, 66, 83, 74,  0])
 array([ 0, 42, 32, 28, 33, 46, 50, 45,  0])
 array([ 0, 44, 43, 41, 35, 30, 22, 17, 10, 18, 19,  0])
 array([ 0, 57, 61, 68, 62, 72, 80, 87, 79, 71,  0])
 array([ 0, 38, 37, 31, 24, 23, 11, 12, 20, 16, 25, 26,  0])
 array([ 0, 48, 49, 54, 53, 58, 63, 64, 59, 65, 69, 75, 76, 84, 85, 77,  0])]
 -- Custo: 
 ---------16.87048159266775
 ---------19.963990038857645
 ---------20.464077695584535
 ---------21.852088875715435
 ---------23.35167961609126
 ---------24.94156070221715
 ---------28.892922226992173
 ---- Total: 156.33680074812594
 -- Premio: 
 ---------31.0
 ---------23.0
 ---------39.0
 ---------70.0
 ---------54.0
 ---------51.0
 ---------83.0
 ---- Total: 351.0
 - Execucao 7
 -- BestCostGenaration: [-125.90775556326213, -1500.021676239714, -1601.178048543923, -1630.4656898879045, -1645.5769223844316, -1672.8643400449382, -1712.1009746230147, -1726.100974623015, -1741.3236808164004, -1762.1458990921753, -1764.246606895492, -1765.2135083734468, -1767.3142161767635, -1776.66510553609, -1777.0825266062577, -1778.9661226035744, -1798.029803284123, -1798.0702512106357, -1800.2195279625987, -1804.1713984090393, -1806.3206751610023, -1820.5936035108953, -1833.5145441595469, -1835.66382091151, -1861.3760710284241, -1863.5253477803872, -1867.0221257261173, -1869.1714024780804, -1871.514548228588, -1887.8282567275726, -1913.227130568081, -1913.6817324985905, -1918.8989327584825, -1921.846164245612, -1927.846164245612, -1933.324097437469, -1940.324097437469, -1940.6192587067947, -1946.31635382865, -1949.7563564289858, -1950.0515176983113, -1952.9400615183097, -1969.626353019325, -1982.290950877636]
 -- BestCostElement: [-1982.29095088 -1982.29095088 -1982.29095088 -1982.29095088]
 -- BestRoute: [array([ 0,  9, 14, 21, 28, 32,  0])
 array([ 0, 66, 76, 84, 83, 75, 69, 59,  0])
 array([ 0, 67, 70, 77, 85, 88, 86, 78, 71, 60, 56,  0])
 array([ 0, 24, 23, 19, 11, 12, 20, 16, 25,  0])
 array([ 0, 55, 65, 64, 63, 58, 53, 54, 49, 47, 43, 44, 48,  0])
 array([ 0, 61, 68, 80, 72, 62, 57, 50, 45, 42, 38,  0])
 array([ 0, 41, 40, 29, 22, 17, 10, 18, 30, 35, 34, 36, 31, 37,  0])]
 -- Custo: 
 ---------18.856867475480115
 ---------19.773387165490547
 ---------20.414373490278003
 ---------20.78474740047306
 ---------23.877054302287245
 ---------24.620890997328626
 ---------27.09994144925337
 ---- Total: 155.42726228059098
 -- Premio: 
 ---------31.0
 ---------45.0
 ---------50.0
 ---------38.0
 ---------74.0
 ---------58.0
 ---------76.0
 ---- Total: 372.0
 - Execucao 8
 -- BestCostGenaration: [-79.86108789547481, -1573.3401236237414, -1576.4749110650905, -1587.7063341068654, -1615.0092002292838, -1660.8981808895364, -1663.4993070490277, -1691.0520375392084, -1693.6531636986997, -1695.1452746368168, -1699.1715654752948, -1707.8014243458656, -1710.5819690492867, -1712.3978116644043, -1714.6082598877647, -1727.3939026940361, -1730.7194923842917, -1745.0986782519929, -1777.1825848077474, -1779.9238784617712, -1780.6364608012645, -1814.3757278692997, -1828.196806811664, -1828.9093891511573, -1841.073427008115, -1857.080261163802, -1857.2227470232344, -1868.8191343417732, -1870.0394531220393, -1889.7664110196386, -1889.9088968790709, -1890.561299005167, -1903.1963145395778, -1905.7881315659486, -1927.882606040593, -1932.6702330755459, -1938.6624894667268, -1945.0319260557126, -1947.3456345546974, -1965.2899064646965, -1965.4161042001977, -1967.4640886813795, -1975.7994908230683, -1976.5392250734906]
 -- BestCostElement: [-1976.53922507 -1976.53922507 -1976.53922507 -1976.53922507]
 -- BestRoute: [array([ 0, 49, 54, 53, 58, 63, 64, 59,  0])
 array([ 0, 56, 60, 71, 70, 77, 85, 84, 76,  0])
 array([ 0, 37, 31, 24, 23, 12, 11, 18, 19,  0])
 array([ 0, 32, 33, 28, 21, 14,  9, 27, 26, 25,  0])
 array([ 0, 55, 65, 69, 74, 73, 82, 83, 75, 66,  0])
 array([ 0, 61, 68, 80, 72, 62, 57, 50, 45, 42, 38,  0])
 array([ 0, 36, 34, 35, 30, 22, 10, 17, 29, 40, 47, 41, 43, 44, 48,  0])]
 -- Custo: 
 ---------17.927446638338978
 ---------19.625118400082528
 ---------19.453743238047263
 ---------22.74478443814492
 ---------21.85764710557361
 ---------24.620890997328626
 ---------27.135562914111457
 ---- Total: 153.3651937316274
 -- Premio: 
 ---------40.0
 ---------43.0
 ---------39.0
 ---------46.0
 ---------53.0
 ---------58.0
 ---------91.0
 ---- Total: 370.0
 - Execucao 9
 -- BestCostGenaration: [-178.0737917421721, -1562.7586351266768, -1591.9202619155524, -1594.521388075044, -1610.1225142345354, -1610.8350965740287, -1611.547678913522, -1618.6389336827986, -1623.6311900739797, -1624.3437724134728, -1638.55287638477, -1639.0876770000382, -1677.3221190935249, -1686.962430958028, -1691.395689872741, -1693.962430958028, -1696.0262080930197, -1698.395689872741, -1699.7388356232486, -1734.7388356232486, -1736.0819813737562, -1739.0649996683987, -1741.7033066882323, -1745.017015187217, -1757.0464524387398, -1761.7033066882323, -1762.4158890277254, -1762.46861234986, -1766.494903188338, -1775.587066476542, -1776.5576292250194, -1780.5839200634973, -1781.6058659510866, -1804.68382696052, -1810.161760152377, -1842.8186144018694]
 -- BestCostElement: [-1842.8186144 -1842.8186144 -1842.8186144 -1842.8186144]
 -- BestRoute: [array([ 0, 55, 66, 71, 86, 78,  0])
 array([ 0, 31, 24, 23, 12, 11, 19, 18, 34,  0])
 array([ 0, 60, 61, 68, 62, 57, 52, 50, 45, 42,  0])
 array([ 0, 67, 70, 77, 85, 84, 83, 75, 69, 65, 59,  0])
 array([ 0, 13,  9, 21, 14, 15, 28, 32,  0])
 array([ 0, 56, 51, 38, 27, 26, 25, 16, 20, 37,  0])
 array([ 0, 44, 43, 41, 35, 30, 22, 10, 17, 29, 40, 47, 53, 54, 49, 48,  0])]
 -- Custo: 
 ---------18.74822402570019
 ---------19.699596848159135
 ---------20.799036582201932
 ---------22.77995987511004
 ---------23.08339244554274
 ---------24.236227905404693
 ---------27.69890871741394
 ---- Total: 157.04534639953266
 -- Premio: 
 ---------27.0
 ---------41.0
 ---------46.0
 ---------58.0
 ---------41.0
 ---------38.0
 ---------102.0
 ---- Total: 353.0
