 - Execucao 0
 -- BestCostGenaration: [-1084.6699966236333, -1113.7257247136342, -1124.2038649596404, -1141.2179882728612, -1154.0369889287817, -1204.8485516838757, -1205.588285934298, -1207.9314316848056, -1235.0498858114877, -1235.1623286590473, -1241.9989500632046, -1265.652657899652, -1274.9663663986366, -1283.3389494006674, -1292.652657899652, -1306.609988467178, -1308.9531342176856, -1329.9531342176856, -1350.900410895551, -1355.2992847360595]
 -- BestCostElement: [-1355.29928474 -1355.29928474 -1355.29928474 -1355.29928474]
 -- BestRoute: [array([ 0, 38, 26, 25, 16, 20, 24, 23,  0])
 array([ 0, 63, 58, 53, 54, 49, 43, 44,  0])
 array([ 0, 48, 55, 59, 64, 69, 75,  0])
 array([ 0, 51, 57, 62, 78, 70, 67, 56,  0])
 array([ 0, 60, 71, 79, 87, 80, 68, 61,  0])
 array([ 0, 41, 35, 29, 22, 30, 34, 36,  0])
 array([ 0, 42, 32, 28, 14,  9,  0])]
 -- Custo: 
 ---------18.50099827255527
 ---------18.874816948339813
 ---------18.51166563067375
 ---------18.46284073991415
 ---------18.73454147995595
 ---------18.106514158872866
 ---------18.98380158567333
 ---- Total: 130.17517881598513
 -- Premio: 
 ---------34.0
 ---------48.0
 ---------37.0
 ---------39.0
 ---------34.0
 ---------42.0
 ---------34.0
 ---- Total: 268.0
 - Execucao 1
 -- BestCostGenaration: [-925.0730405974508, -1033.022436061838, -1038.761876409209, -1089.3395146573423, -1095.3395146573423, -1115.020645733491, -1117.326610623657, -1141.9984128140582, -1152.1476895660212, -1180.464239041879, -1182.770203932045, -1202.123448762949, -1230.3976209300145, -1251.0833381206476, -1280.6617073291736, -1286.1396405210305, -1301.8143374597382, -1306.2508729289646, -1324.0497322695132, -1334.4630954206355, -1336.5110799018173, -1351.0419886606942, -1365.673823781552, -1365.9689850508776, -1367.3851344112018, -1389.7282801617093, -1416.9713405224552, -1417.6048635106001, -1431.6048635106001]
 -- BestCostElement: [-1431.60486351 -1431.60486351 -1431.60486351 -1431.60486351]
 -- BestRoute: [array([ 0, 67, 70, 78, 86, 85, 84, 76,  0])
 array([ 0, 48, 44, 43, 41, 35, 29, 22, 30,  0])
 array([ 0, 49, 54, 53, 58, 63, 64, 59,  0])
 array([ 0, 51, 61, 71, 68, 62, 57,  0])
 array([ 0, 55, 65, 69, 83, 75, 66, 56,  0])
 array([ 0, 50, 45, 42, 32, 27,  0])
 array([ 0, 36, 23, 24, 20, 16, 25, 26, 38,  0])]
 -- Custo: 
 ---------18.861874508327514
 ---------18.881832902051926
 ---------17.927446638338978
 ---------18.084073524548444
 ---------18.79903658220193
 ---------18.881832902051926
 ---------18.912687064829253
 ---- Total: 130.34878412234997
 -- Premio: 
 ---------33.0
 ---------59.0
 ---------40.0
 ---------35.0
 ---------46.0
 ---------29.0
 ---------37.0
 ---- Total: 279.0
 - Execucao 2
 -- BestCostGenaration: [-161.0797490261367, -1001.0567564778778, -1105.9814462480688, -1118.817014501047, -1131.6628072244673, -1187.270786383466, -1213.1623349713304, -1226.9282078023577, -1269.6774038327933, -1275.0760991805628, -1281.9043545623465, -1295.7888885742057, -1296.3895554346623, -1296.4731184181019, -1317.185700757595, -1318.8162641686095, -1338.980265178007, -1339.5139264598645, -1346.2724513760472, -1351.2167232860465, -1351.7868197661073, -1353.5074343951683, -1367.0977569338195, -1403.440902684327, -1416.0683196822968, -1422.9620363256774, -1423.3712163007322, -1436.9193668932035, -1437.1922952430964]
 -- BestCostElement: [-1437.19229524 -1437.19229524 -1437.19229524 -1437.19229524]
 -- BestRoute: [array([ 0, 48, 44, 43, 41, 35, 29, 22, 30,  0])
 array([ 0, 42, 45, 50, 52, 62, 57,  0])
 array([ 0, 55, 49, 54, 53, 58, 63, 64, 59,  0])
 array([ 0, 56, 60, 71, 79, 88, 86, 78, 70, 67,  0])
 array([ 0, 66, 65, 69, 83, 75,  0]) array([ 0, 38,  9, 13, 16, 31,  0])
 array([ 0, 36, 34, 23, 19, 18,  0])]
 -- Custo: 
 ---------18.881832902051926
 ---------17.750222989126254
 ---------18.81913190966076
 ---------18.48816380760941
 ---------18.39870327879162
 ---------18.910699399087115
 ---------17.703171902898823
 ---- Total: 128.9519261892259
 -- Premio: 
 ---------59.0
 ---------35.0
 ---------46.0
 ---------47.0
 ---------32.0
 ---------34.0
 ---------26.0
 ---- Total: 279.0
 - Execucao 3
 -- BestCostGenaration: [-243.14590368237873, -1025.8515634079333, -1049.7411218081313, -1077.728217774446, -1150.850319892506, -1164.7712605411575, -1195.648067573523, -1241.2971782141965, -1242.0097605536898, -1283.002016944871, -1283.714599284364, -1297.002016944871, -1297.714599284364, -1298.39882912826, -1315.5652792692445, -1342.3438958332845, -1356.164974775649, -1362.0456745519377, -1382.3330922124444, -1383.0173220563404, -1383.7299043958337, -1403.8939054052312, -1415.386758645326, -1436.386758645326, -1441.0730501463413, -1453.3527241980291, -1464.7515980385376, -1490.8974825559003, -1491.314903626068, -1491.467347009311, -1500.0979104203254, -1504.7547646698179, -1507.3558908293096, -1518.5953240086344]
 -- BestCostElement: [-1518.59532401 -1518.59532401 -1518.59532401 -1518.59532401]
 -- BestRoute: [array([ 0, 42, 32, 28, 14,  9,  0])
 array([ 0, 56, 67, 70, 71, 78, 86, 85, 66,  0])
 array([ 0, 51, 45, 50, 57, 62, 68, 61,  0])
 array([ 0, 49, 54, 53, 58, 63, 64, 59,  0])
 array([ 0, 48, 44, 43, 41, 35, 29, 22, 30,  0])
 array([ 0, 55, 65, 69, 74, 83, 75,  0])
 array([ 0, 31, 24, 23, 16, 25, 26, 38,  0])]
 -- Custo: 
 ---------18.98380158567333
 ---------18.935664825658925
 ---------18.883627011906743
 ---------17.927446638338978
 ---------18.881832902051926
 ---------18.754306317793034
 ---------18.984489716418523
 ---- Total: 131.35116899784146
 -- Premio: 
 ---------34.0
 ---------43.0
 ---------37.0
 ---------40.0
 ---------59.0
 ---------38.0
 ---------41.0
 ---- Total: 292.0
 - Execucao 4
 -- BestCostGenaration: [-202.37027650639453, -825.5721137574106, -1125.4010875132421, -1128.1312979929799, -1152.2026757172814, -1154.3519524692445, -1179.6439673255254, -1196.3225152177217, -1207.2667871277208, -1232.6656609682293, -1243.8486399449098, -1267.0121189756435, -1268.9532444725978, -1331.586767460743, -1332.270997304639]
 -- BestCostElement: [-1332.2709973 -1332.2709973 -1332.2709973 -1332.2709973]
 -- BestRoute: [array([ 0, 55, 54, 49, 40, 41, 43, 44, 48,  0])
 array([ 0, 23, 24, 20, 16, 25, 26,  0])
 array([ 0, 59, 53, 58, 63, 64, 65,  0])
 array([ 0, 37, 31, 36, 34, 35, 22, 30,  0])
 array([ 0, 66, 76, 84, 85, 77, 70, 67, 60, 56,  0])
 array([ 0, 51, 57, 62, 72, 68, 61,  0])
 array([ 0, 38, 27, 32, 42, 45, 50,  0])]
 -- Custo: 
 ---------18.848191962583275
 ---------18.280611804225785
 ---------18.650281539872886
 ---------18.70368731717862
 ---------17.83788226773653
 ---------17.69890871741394
 ---------18.912687064829257
 ---- Total: 128.93225067384031
 -- Premio: 
 ---------55.0
 ---------30.0
 ---------30.0
 ---------41.0
 ---------41.0
 ---------34.0
 ---------33.0
 ---- Total: 264.0
 - Execucao 5
 -- BestCostGenaration: [-1021.4590953028566, -1024.9018881220875, -1027.0883457343923, -1028.8866079585994, -1054.8945839083556, -1055.515202862815, -1075.5152028628147, -1093.1382101649324, -1093.9616827885961, -1105.7056454344274, -1107.5941892544258, -1129.9777829314462, -1154.869331519311, -1171.3691654080212, -1180.2682053598191, -1203.4092625823369, -1206.3513090442236, -1217.4092625823369, -1222.3163536319944, -1237.8306768313187, -1238.570411081741, -1240.6711188850577, -1269.3837012245508, -1271.2722450445492, -1276.3837012245508, -1283.931895080179, -1284.5525140346383, -1297.3880822876165, -1304.3880822876163, -1308.786956128125, -1313.5523069804885, -1315.6080350704892, -1327.006908910998, -1352.4057827515066]
 -- BestCostElement: [-1352.40578275 -1352.40578275 -1352.40578275 -1352.40578275]
 -- BestRoute: [array([ 0, 48, 44, 43, 41, 47, 49, 54,  0])
 array([ 0, 25, 16, 12, 19,  0]) array([ 0, 55, 59, 65, 69, 83, 75,  0])
 array([ 0, 66, 78, 86, 88, 71,  0]) array([ 0, 42, 32, 28, 14,  9,  0])
 array([ 0, 56, 67, 70, 61, 68, 62, 57,  0])
 array([ 0, 37, 31, 24, 23, 18, 22, 30, 35, 34,  0])]
 -- Custo: 
 ---------17.86387347175358
 ---------18.960403604393647
 ---------18.754306317793034
 ---------18.973822358300048
 ---------18.98380158567333
 ---------18.46942474721757
 ---------18.89292222699217
 ---- Total: 130.8985543121234
 -- Premio: 
 ---------50.0
 ---------21.0
 ---------40.0
 ---------28.0
 ---------34.0
 ---------41.0
 ---------54.0
 ---- Total: 268.0
 - Execucao 6
 -- BestCostGenaration: [-1034.7846976347967, -1042.6057765771611, -1068.7846976347967, -1139.75545809863, -1164.9571614952024, -1190.8093153077332, -1196.413446235091, -1216.9024332398046, -1244.0208873664865, -1247.7043830813645, -1248.7121266901836, -1249.4247090296767, -1250.3426901011976, -1251.0552724406912, -1270.3721273527208, -1271.084709692214, -1287.771001193229, -1312.4201118339024, -1317.5210718821045, -1333.5767999721052, -1361.5767999721052, -1366.225910612779, -1366.910140456675, -1380.1975581171819, -1416.5407038676894]
 -- BestCostElement: [-1416.54070387 -1416.54070387 -1416.54070387 -1416.54070387]
 -- BestRoute: [array([ 0, 48, 44, 43, 41, 35, 29, 22, 30,  0])
 array([ 0, 36, 34, 18, 11, 19, 23,  0])
 array([ 0, 55, 49, 54, 53, 58, 63, 64, 59,  0])
 array([ 0, 56, 66, 76, 84, 85, 77, 70, 67,  0])
 array([ 0, 61, 68, 62, 57, 50, 45, 42,  0])
 array([ 0, 38, 26, 25, 16, 20, 24, 31, 37,  0])
 array([ 0, 78, 86, 87, 79, 71,  0])]
 -- Custo: 
 ---------18.881832902051926
 ---------18.064297366879156
 ---------18.81913190966076
 ---------17.837882267736525
 ---------18.77927174436485
 ---------17.498473502456164
 ---------18.983934339928254
 ---- Total: 128.86482403307764
 -- Premio: 
 ---------59.0
 ---------29.0
 ---------46.0
 ---------39.0
 ---------41.0
 ---------36.0
 ---------26.0
 ---- Total: 276.0
 - Execucao 7
 -- BestCostGenaration: [-208.61949532003834, -956.1535759464246, -1059.4979629889726, -1093.3015203698467, -1118.0813327716792, -1141.231770151619, -1151.7004821292971, -1156.8232245883823, -1164.5764983087881, -1170.8090857993054, -1258.960180753988, -1264.4381139458446, -1296.7177879975325, -1308.6733302628807, -1314.1512634547375, -1318.0164760133882, -1348.4347431805852, -1349.9754024091233, -1369.3820198584506, -1391.7251656089584, -1392.6431466804795, -1393.2637656349389, -1407.2637656349389, -1407.9909444575537, -1410.3340902080613, -1415.7825861483955, -1420.764038918736, -1421.448268762632, -1457.7914145131397, -1470.626982766118, -1472.6827108561188, -1475.1902883536482]
 -- BestCostElement: [-1475.19028835 -1475.19028835 -1475.19028835 -1475.19028835]
 -- BestRoute: [array([ 0, 42, 32, 28, 14,  9,  0])
 array([ 0, 76, 84, 85, 86, 78, 70, 67, 56,  0])
 array([ 0, 31, 24, 23, 19, 11, 18, 34, 36,  0])
 array([ 0, 55, 59, 54, 63, 58, 53, 49,  0])
 array([ 0, 51, 57, 62, 68, 61, 71,  0])
 array([ 0, 66, 65, 69, 83, 75,  0])
 array([ 0, 48, 44, 43, 41, 35, 29, 22, 30,  0])]
 -- Custo: 
 ---------18.98380158567333
 ---------18.974836860209646
 ---------18.77066466002461
 ---------18.23458242770424
 ---------17.708006197132548
 ---------18.39870327879162
 ---------18.881832902051926
 ---- Total: 129.9524279115879
 -- Premio: 
 ---------34.0
 ---------41.0
 ---------41.0
 ---------43.0
 ---------35.0
 ---------32.0
 ---------59.0
 ---- Total: 285.0
 - Execucao 8
 -- BestCostGenaration: [-1022.8721117067313, -1023.768048508641, -1054.860579264531, -1055.7565160664406, -1099.316773622948, -1101.6219710271816, -1149.6219710271816, -1155.6385565867342, -1160.910660397532, -1187.3248480877496, -1234.3908823122965, -1254.6782999728034, -1258.8755612059483, -1282.3831387034777, -1307.6843647526907, -1329.322671772524, -1332.5920229717478, -1351.9986404210752, -1354.3417861715827, -1368.3417861715827]
 -- BestCostElement: [-1368.34178617 -1368.34178617 -1368.34178617 -1368.34178617]
 -- BestRoute: [array([ 0, 32, 28, 21, 14,  9,  0])
 array([ 0, 31, 24, 23, 16, 25, 26, 38,  0])
 array([ 0, 55, 48, 44, 43, 41, 35, 30, 34,  0])
 array([ 0, 51, 61, 62, 57, 50, 45, 42,  0]) array([ 0, 71, 68, 72,  0])
 array([ 0, 76, 84, 85, 77, 70, 67, 60, 56,  0])
 array([ 0, 66, 65, 75, 69, 59, 54, 49,  0])]
 -- Custo: 
 ---------18.85686747548011
 ---------18.984489716418523
 ---------16.89292222699217
 ---------18.34919025728683
 ---------18.90541311688751
 ---------17.803263984955837
 ---------18.872406679083333
 ---- Total: 128.6645534571043
 -- Premio: 
 ---------31.0
 ---------41.0
 ---------56.0
 ---------39.0
 ---------22.0
 ---------37.0
 ---------43.0
 ---- Total: 269.0
 - Execucao 9
 -- BestCostGenaration: [-977.6280301933593, -1169.9687786090478, -1189.9687786090478, -1201.6256328585403, -1203.9687786090478, -1226.1855849788758, -1258.2682214808933, -1260.611367231401, -1269.2300494511449, -1284.5731952016524, -1284.8634086482964, -1315.6435197747749, -1317.9866655252824, -1340.587791684774, -1353.7135733843963, -1356.056719134904, -1356.6885542557618, -1357.3091732102212, -1370.6885542557618, -1371.3091732102212, -1376.2898350390947]
 -- BestCostElement: [-1376.28983504 -1376.28983504 -1376.28983504 -1376.28983504]
 -- BestRoute: [array([ 0, 37, 31, 24, 23, 19, 18, 22, 36,  0])
 array([ 0, 49, 54, 53, 58, 63, 64, 59,  0])
 array([ 0, 55, 48, 44, 43, 41, 35, 30, 34,  0])
 array([ 0, 56, 67, 70, 78, 86, 85, 84, 76,  0])
 array([ 0, 42, 38, 26, 16, 25,  0]) array([ 0, 32, 28, 21, 14,  9,  0])
 array([ 0, 66, 65, 69, 83, 75,  0])]
 -- Custo: 
 ---------18.505046212075655
 ---------17.927446638338978
 ---------16.89292222699217
 ---------18.974836860209646
 ---------18.871718548338134
 ---------18.85686747548011
 ---------18.39870327879162
 ---- Total: 128.42754124022633
 -- Premio: 
 ---------43.0
 ---------40.0
 ---------56.0
 ---------41.0
 ---------27.0
 ---------31.0
 ---------32.0
 ---- Total: 270.0
