 - Execucao 0
 -- BestCostGenaration: [-292.18135640165224, -331.31939830568496, -474.20746635265346, -646.6356473637926, -797.89672701546817, -948.38420169525716, -974.01217628569088, -1006.7760318333296, -1041.7465493910709, -1062.3923517552857, -1152.0072284630091, -1173.7136234280424, -1195.8501000988399, -1231.5481931277191, -1243.1377490035843, -1290.9145697046833, -1291.7018651633346, -1318.60392121772, -1327.9158004143974, -1327.9472740223773, -1334.5336390768741, -1355.3212423981659, -1355.5337463424105, -1371.2050473772115, -1383.5115134229777, -1403.43470543901, -1413.2380839174843, -1434.2754718319761, -1439.4084146005321, -1442.9801035085006, -1446.5316075681667, -1452.1884618176591, -1452.4464422266431]
 -- BestCostElement: [-1452.44644223 -1452.44644223 -1452.44644223 -1452.44644223]
 -- BestRoute: [array([ 0,  4,  5,  6,  8, 11, 10, 12,  0]), array([ 1, 18, 14, 15, 13, 16, 17, 19,  1]), array([ 2, 25, 26, 28, 29, 32, 27, 31,  2]), array([ 3, 37, 34, 33, 35, 36, 38, 39, 41, 40,  3])]
 -- Custo: 
 ---------19.0776872305
 ---------17.9061143552
 ---------18.73454148
 ---------18.6700463777
 ---- Total: 74.3883894433
 -- Premio: 
 ---------44.0
 ---------39.0
 ---------46.0
 ---------46.0
 ---- Total: 175.0
 - Execucao 1
 -- BestCostGenaration: [-254.06587122773709, -402.49089150308595, -532.50838298524684, -734.85647655843604, -823.54225364155059, -840.25040257626301, -878.05372581058236, -991.09396668294539, -1003.5613033081117, -1060.579015753, -1092.6839569990177, -1096.6341278450427, -1139.2528666832716, -1165.8235450344778, -1235.0476547871581, -1244.921502242393, -1265.1355560892398, -1271.7846667299134, -1294.1094024663107, -1303.2267410199156, -1304.3611994951495, -1345.9851358046267, -1363.9588037558606, -1369.193452903497, -1390.534178353603, -1408.4395327338548, -1410.6664382726724, -1436.188298026666, -1443.0362254885656, -1443.6697484767103, -1446.3499339875505, -1449.4056620775511, -1456.3526865105309, -1465.8190252286734, -1478.7269071312048, -1481.782635221206, -1486.9058281888408, -1495.8980845800218]
 -- BestCostElement: [-1495.89808458 -1495.89808458 -1495.89808458 -1495.89808458]
 -- BestRoute: [array([ 0,  4,  5,  6,  8, 10, 11, 12,  0]), array([ 1, 18, 14, 15, 13, 16, 17, 19,  1]), array([ 2, 29, 28, 26, 25, 23, 24, 27, 30, 31,  2]), array([ 3, 37, 34, 33, 35, 36, 38, 39, 41, 40,  3])]
 -- Custo: 
 ---------19.9061143552
 ---------17.9061143552
 ---------19.5432037669
 ---------18.6700463777
 ---- Total: 76.025478855
 -- Premio: 
 ---------44.0
 ---------39.0
 ---------51.0
 ---------46.0
 ---- Total: 180.0
 - Execucao 2
 -- BestCostGenaration: [-238.75108515832193, -349.50825477185322, -466.4661372682138, -647.22101051547577, -740.88870959609619, -875.39924667075616, -898.62503865266865, -991.85336277498141, -1042.6250386526685, -1054.106559152277, -1075.2905882044709, -1109.8015763409294, -1152.9428452581892, -1181.3738045256266, -1191.7548767986145, -1223.7171566615439, -1239.3730010230138, -1244.410797881314, -1261.1844471617703, -1291.7535918597473, -1322.2050906403681, -1326.4994623156588, -1373.0963437201908, -1379.0062305559854, -1383.349376306493, -1392.2145888651439, -1394.9731940157124, -1405.5215516623336, -1426.2780605639637, -1443.128740548844, -1445.3493763064932, -1447.9505024659845, -1453.4284356578416, -1455.1487616061536, -1464.6367939669999, -1467.9505024659845, -1468.9799397175075, -1477.8541580178851, -1485.4023086103566, -1494.2675211690073]
 -- BestCostElement: [-1494.26752117 -1494.26752117 -1494.26752117 -1494.26752117]
 -- BestRoute: [array([ 0,  4,  5,  6,  8, 10, 11, 12,  0]), array([ 1, 18, 14, 15, 13, 16, 17, 19, 20,  1]), array([ 2, 25, 23, 26, 28, 29, 32, 31, 27,  2]), array([ 3, 37, 34, 33, 35, 36, 38, 39, 41, 40,  3])]
 -- Custo: 
 ---------19.9061143552
 ---------18.5366310572
 ---------19.3203279176
 ---------18.6700463777
 ---- Total: 76.4331197077
 -- Premio: 
 ---------44.0
 ---------42.0
 ---------47.0
 ---------46.0
 ---- Total: 179.0
 - Execucao 3
 -- BestCostGenaration: [-251.37495298051419, -353.07589073332008, -450.68086775770723, -659.63789092478578, -728.77251457514194, -804.68055834108748, -881.02554716144425, -974.49230124672522, -1015.9698838116744, -1036.0939882486132, -1088.6761249363067, -1154.649483470921, -1191.1116219560995, -1199.4966913883495, -1263.0422533374265, -1277.7710407474915, -1293.6231945600223, -1314.3250737135663, -1314.3444321029278, -1340.1715522066434, -1343.6102976773163, -1379.7121662444461, -1385.6757762369782, -1399.3280332906966, -1419.9926311490078, -1422.6200481469773, -1429.7019032844632, -1444.9631938974849, -1451.4333834805229, -1452.3620677379936, -1457.7237607181603, -1457.9135717976596, -1461.8289471169935, -1474.1756101256888, -1483.1678665168699, -1484.5404495189002, -1485.8089260596839, -1490.11489094985, -1494.8011824508651, -1501.2267410199156, -1503.3085528942449, -1511.4874739518802]
 -- BestCostElement: [-1511.48747395 -1511.48747395 -1511.48747395 -1511.48747395]
 -- BestRoute: [array([ 0,  4,  5,  6,  8, 11, 10, 12,  0]), array([ 1, 18, 14, 15, 13, 16, 17, 19, 20,  1]), array([ 2, 31, 30, 27, 24, 23, 25, 26, 28, 29,  2]), array([ 3, 34, 33, 36, 38, 39, 41, 40, 37,  3])]
 -- Custo: 
 ---------19.0776872305
 ---------18.5366310572
 ---------19.5432037669
 ---------19.9706094575
 ---- Total: 77.128131512
 -- Premio: 
 ---------44.0
 ---------42.0
 ---------51.0
 ---------45.0
 ---- Total: 182.0
 - Execucao 4
 -- BestCostGenaration: [-239.87766882428102, -317.89686250317675, -523.77981878887385, -656.03840238393786, -788.79859643189104, -845.22431879193471, -969.06263764031462, -1023.5888075582387, -1044.5161481597333, -1097.6684265182234, -1104.3773459739023, -1138.9369030590071, -1158.3625848766412, -1194.0411327688375, -1215.0926999094449, -1229.5393511769855, -1269.4069470164184, -1276.056057657092, -1295.8771365994562, -1299.743077323619, -1301.0304949841257, -1344.0487531290728, -1371.5266863209297, -1372.4553705784001, -1426.6234016141721, -1428.4510624673383, -1465.1228213945833, -1466.2723052006959, -1482.8356107882262, -1483.9663403105301, -1489.782635221206, -1505.7874192528943, -1508.2412303305293, -1511.6037141635702, -1512.0777964905315, -1521.0700528817126]
 -- BestCostElement: [-1521.07005288 -1521.07005288 -1521.07005288 -1521.07005288]
 -- BestRoute: [array([ 0,  4,  5,  6,  8, 10, 12, 11,  0]), array([ 1, 18, 21, 22, 20, 19, 17, 16, 13, 15,  1]), array([ 2, 29, 28, 26, 25, 23, 24, 27, 31,  2]), array([ 3, 37, 34, 33, 35, 36, 38, 39, 41, 40,  3])]
 -- Custo: 
 ---------19.9706094575
 ---------19.8770543023
 ---------18.7147766421
 ---------18.6700463777
 ---- Total: 77.2324867796
 -- Premio: 
 ---------44.0
 ---------44.0
 ---------49.0
 ---------46.0
 ---- Total: 183.0
