 - Execucao 0
 -- BestCostGenaration: [-290.56684905197829, -344.71165194583983, -391.56067265781599, -486.76376265878201, -583.5076026109366, -642.71788482705585, -703.66967024680298, -721.35192306398119, -820.28922310811697, -849.72135965296684, -862.53417973773185, -885.07918391715839, -904.30317108913323, -918.60218389209444, -971.66486406930005, -981.35889917913414, -989.82176118923178, -1007.8898468017435, -1010.6097756986525, -1024.3796868992297, -1051.5108019684224, -1061.9224137483932, -1062.6557818804029, -1068.0102503102441, -1072.3533960607517, -1083.2928839390624, -1103.525319171707, -1113.0347397390854, -1113.203680227989, -1115.8675324241617, -1130.5698518922654, -1130.7382746766393, -1132.163439355626, -1136.0999676568063, -1175.467811817884]
 -- BestCostElement: [-1136.09996766 -1136.09996766 -1136.09996766 -1136.09996766]
 -- BestRoute: [array([ 0,  4,  5,  6,  8, 11, 10, 12,  0]), array([ 1, 18,  1]), array([ 2, 26, 28, 31, 27,  2]), array([ 3, 37, 33, 34, 36, 38, 35, 39, 41, 40,  3])]
 -- Custo: 
 ---------19.9061143552
 ---------4.0
 ---------14.2853832858
 ---------23.6119375695
 ---- Total: 61.8034352105
 -- Premio: 
 ---------44.0
 ---------7.0
 ---------37.0
 ---------50.0
 ---- Total: 138.0
 - Execucao 1
 -- BestCostGenaration: [-236.96807836406435, -295.11056422349668, -356.91530985119402, -465.84163871797836, -570.26597151017597, -691.47660857788185, -719.57715518652435, -753.9120408574438, -838.07337138215621, -909.02053746031493, -950.94682503592003, -960.94682503592003, -982.27433670940331, -1001.4955199585553, -1015.7259790627822, -1029.3916785129404, -1034.9163510213743, -1059.8261945940126, -1069.2594967718819, -1076.6631094533432, -1097.8693651820868, -1100.1402969830615, -1101.262413085856, -1107.4253159088341, -1125.0031108069782, -1130.8227590962556, -1133.6826566061984, -1137.6191849073787, -1145.4023332582219, -1147.1673354998502, -1154.9504838506932]
 -- BestCostElement: [-1154.95048385 -1154.95048385 -1154.95048385 -1154.95048385]
 -- BestRoute: [array([ 0,  6,  5,  4,  7,  9, 12, 11, 10,  0]), array([ 1, 18,  1]), array([ 2, 26, 28, 29, 31, 27,  2]), array([ 3, 40, 41, 39, 38, 35, 36, 33, 34, 37,  3])]
 -- Custo: 
 ---------19.365058182
 ---------4.0
 ---------14.2853832858
 ---------19.9508446196
 ---- Total: 57.6012860874
 -- Premio: 
 ---------46.0
 ---------7.0
 ---------37.0
 ---------46.0
 ---- Total: 136.0
 - Execucao 2
 -- BestCostGenaration: [-180.9092038610186, -282.01221198035074, -357.88922606686572, -454.26634085569913, -553.85960425286521, -614.55030666698917, -662.66635767560899, -707.28882685089695, -735.70308674609964, -785.4130370904486, -835.75866497614766, -867.36246162805764, -902.67617012704227, -921.35103549080418, -928.47324386455909, -953.83283986091658, -982.69970844253953, -982.93183888528949, -997.5082597443967, -998.14849848432414, -1049.0082620646931, -1059.7960744563065, -1059.8261945940126, -1061.1136122545195, -1088.5576182646155, -1094.4499691286687, -1095.5847565700178, -1111.8536270008653, -1115.1673354998502, -1117.4203680861526, -1119.6367753517086, -1122.9504838506932, -1127.6730237139975, -1135.0392917441236, -1180.2638870020994]
 -- BestCostElement: [-1136.09996766 -1136.09996766 -1136.09996766 -1136.09996766]
 -- BestRoute: [array([ 0,  4,  5,  6,  8, 11, 10, 12,  0]), array([ 1, 18,  1]), array([ 2, 26, 28, 29, 31, 27,  2]), array([ 3, 40, 41, 39, 38, 36, 35, 22, 33, 34, 37,  3])]
 -- Custo: 
 ---------19.0776872305
 ---------4.0
 ---------14.2853832858
 ---------23.6119375695
 ---- Total: 60.9750080858
 -- Premio: 
 ---------44.0
 ---------7.0
 ---------37.0
 ---------50.0
 ---- Total: 138.0
 - Execucao 3
 -- BestCostGenaration: [-256.1472712160807, -320.6023476830876, -413.62871832485013, -475.9506909048431, -606.08752847019105, -719.1838296551341, -772.36657887860179, -785.57495988682365, -818.13567674236629, -863.73959868799511, -881.60460419249625, -888.88501257160135, -892.40302646394446, -901.54185860631958, -942.44201846570002, -998.40039020340657, -1005.3945783146818, -1011.6795604340637, -1017.723902363339, -1049.8993982357954, -1062.0134169415244, -1082.6897509187286, -1094.2425057765813, -1102.1513507959182, -1103.7906563690528, -1117.4650592949031, -1120.5693111428147, -1123.4198273367019, -1127.7629730872095, -1129.8716767442304, -1139.4198273367019]
 -- BestCostElement: [-1139.41982734 -1139.41982734 -1139.41982734 -1139.41982734]
 -- BestRoute: [array([ 0,  6,  5,  4,  7,  9, 12, 10, 11,  0]), array([ 1, 18,  1]), array([ 2, 27, 31, 29, 28, 26,  2]), array([ 3, 34, 33, 37, 40, 41, 39, 38, 36,  3])]
 -- Custo: 
 ---------19.365058182
 ---------4.0
 ---------14.2853832858
 ---------19.8230288228
 ---- Total: 57.4734702906
 -- Premio: 
 ---------46.0
 ---------7.0
 ---------37.0
 ---------45.0
 ---- Total: 135.0
 - Execucao 4
 -- BestCostGenaration: [-147.15249181378607, -247.44276789508353, -291.58659504072358, -378.72939151561798, -414.31905667764693, -513.95387070397976, -576.02339191780629, -705.20545938848682, -706.00211281136114, -736.86237754733042, -792.82648869546324, -840.93794487546495, -854.32472308665865, -900.86861737848653, -938.84678989480176, -962.58985130227575, -1004.202087800081, -1015.5899078277328, -1050.1757969616031, -1051.3252807677159, -1056.1230284487328, -1058.2723052006959, -1071.0934274062167, -1082.1831466803578, -1088.9795724914811, -1091.6494853985002, -1109.6566532189252, -1136.1305650034019]
 -- BestCostElement: [-1136.130565   -1103.94997145 -1096.76272084 -1096.76272084]
 -- BestRoute: [array([ 0,  6,  5,  4,  7,  9, 12, 10, 11,  0]), array([ 1, 18,  1]), array([ 2, 25, 24, 27, 31,  2]), array([ 3, 37, 33, 34, 35, 36, 38, 39, 41, 40,  3])]
 -- Custo: 
 ---------19.365058182
 ---------4.0
 ---------13.2267727624
 ---------20.349878388
 ---- Total: 56.9417093324
 -- Premio: 
 ---------46.0
 ---------7.0
 ---------29.0
 ---------46.0
 ---- Total: 128.0
