 - Execucao 0
 -- BestCostGenaration: [-491.00047519271766, -535.11322187751944, -572.47257634622486, -621.02879753990317, -692.26160201474647, -700.23651613744209, -738.00805501054333, -788.32824034484634, -798.69451030255175, -807.12671413850637, -812.13861610126139, -821.6947173567014, -827.26899499665774, -833.00047519271766, -843.42268029457364, -845.31122411457193]
 -- BestCostElement: [-845.31122411 -845.31122411 -845.31122411 -845.31122411]
 -- BestRoute: [array([ 0,  6,  9,  8, 10,  7,  5,  2,  3,  4,  0]), array([ 1, 20, 17, 16, 14, 13, 11, 12, 15, 18, 19,  1])]
 -- Premio: 
 ---------20.5366310572
 ---------23.1355629141
 -- Custo: 
 ---------49.0
 ---------53.0
 - Execucao 1
 -- BestCostGenaration: [-481.39488075028737, -529.89222890715268, -601.2992790139499, -631.11234548101879, -669.06419720884355, -730.83285826524525, -754.48157501585456, -776.09996765680614, -797.59000687849471, -810.25466947703717, -810.83428882973908, -825.2259583381574, -827.19488346799096, -831.28953047186792, -838.73638879355838, -841.79211688355917, -846.73638879355838, -850.05009729254311]
 -- BestCostElement: [-850.05009729 -850.05009729 -850.05009729 -850.05009729]
 -- BestRoute: [array([ 0,  4,  3,  2,  5,  7, 10,  8,  9,  6,  0]), array([ 1, 17, 16, 14, 13, 11, 12, 15, 18, 19, 20,  1])]
 -- Premio: 
 ---------20.5366310572
 ---------21.9508446196
 -- Custo: 
 ---------49.0
 ---------53.0
 - Execucao 2
 -- BestCostGenaration: [-444.08884975772907, -526.34890111377536, -549.77425262867632, -596.77046650401167, -663.66855181194239, -689.58538935854654, -718.04022556492748, -742.37490286754132, -763.03150487214839, -773.70631183041587, -786.71628405597244, -801.0679400703516, -807.80681324832278, -817.82654522092014, -834.87748927923258, -837.40098665186963, -840.46681391086008, -841.43737665933713, -846.73638879355838, -850.05009729254311]
 -- BestCostElement: [-850.05009729 -850.05009729 -850.05009729 -850.05009729]
 -- BestRoute: [array([ 0,  4,  3,  2,  5,  7, 10,  8,  9,  6,  0]), array([ 1, 17, 16, 14, 13, 11, 12, 15, 18, 19, 20,  1])]
 -- Premio: 
 ---------20.5366310572
 ---------21.9508446196
 -- Custo: 
 ---------49.0
 ---------53.0
 - Execucao 3
 -- BestCostGenaration: [-474.93050810940923, -551.07994865236537, -599.13008981068424, -659.66431707696643, -692.13789824832725, -732.86697474310449, -791.19399356435474, -795.67981201020905, -809.06868573248994, -818.25549602457113, -818.43516274434523, -826.87748927923258, -829.74887124332986, -833.71030500923007, -835.50969030889053, -840.07974159821572, -841.43737665933713, -842.64041983119444, -845.40098665186963, -850.05009729254311]
 -- BestCostElement: [-850.05009729 -850.05009729 -850.05009729 -850.05009729]
 -- BestRoute: [array([ 0,  4,  3,  2,  5,  7, 10,  8,  9,  6,  0]), array([ 1, 17, 16, 14, 13, 11, 12, 15, 18, 19, 20,  1])]
 -- Premio: 
 ---------20.5366310572
 ---------21.9508446196
 -- Custo: 
 ---------49.0
 ---------53.0
 - Execucao 4
 -- BestCostGenaration: [-469.68715149829723, -570.32639448011628, -601.20941604176141, -697.63282675106825, -724.19933843843944, -729.61839396591131, -761.55661971131417, -767.22387214589889, -798.4525316543959, -817.00985642018009, -819.66637844709339, -823.70695154203554, -835.66637844709339, -836.65122345203463, -842.64041983119444, -845.40098665186963, -846.73638879355838, -850.05009729254311]
 -- BestCostElement: [-850.05009729 -850.05009729 -850.05009729 -850.05009729]
 -- BestRoute: [array([ 0,  4,  3,  2,  5,  7, 10,  8,  9,  6,  0]), array([ 1, 17, 16, 14, 13, 11, 12, 15, 18, 19, 20,  1])]
 -- Premio: 
 ---------20.5366310572
 ---------21.9508446196
 -- Custo: 
 ---------49.0
 ---------53.0
 - Execucao 5
 -- BestCostGenaration: [-537.5068379972962, -572.43552225476674, -622.40451861180304, -651.14325656019196, -743.18850376358921, -750.28973752601769, -752.23243655760439, -762.24864988788522, -768.79437200883899, -776.87051504621331, -798.8788746529907, -805.21788250675945, -815.2908524303549, -815.77856073973817, -822.32967090934017, -836.84784497356009, -837.14300624288569, -837.73659584770803, -850.05009729254311]
 -- BestCostElement: [-850.05009729 -850.05009729 -850.05009729 -850.05009729]
 -- BestRoute: [array([ 0,  4,  3,  2,  5,  7, 10,  8,  9,  6,  0]), array([ 1, 20, 19, 18, 15, 12, 11, 13, 14, 16, 17,  1])]
 -- Premio: 
 ---------20.5366310572
 ---------21.9508446196
 -- Custo: 
 ---------49.0
 ---------53.0
 - Execucao 6
 -- BestCostGenaration: [-522.19417131476939, -543.42283082326639, -594.7162381229125, -637.96387687226115, -705.0679400703516, -705.93090516081236, -757.0172678064198, -776.08727815288489, -787.17600401575282, -805.77377670804981, -809.19912822295055, -812.98213501720829, -814.0490422137849, -825.43737665933713, -827.89676262153489, -832.20883350187614, -841.43737665933713, -845.40098665186963, -850.05009729254311]
 -- BestCostElement: [-850.05009729 -850.05009729 -850.05009729 -850.05009729]
 -- BestRoute: [array([ 0,  4,  3,  2,  5,  7, 10,  8,  9,  6,  0]), array([ 1, 17, 16, 14, 13, 11, 12, 15, 18, 19, 20,  1])]
 -- Premio: 
 ---------20.5366310572
 ---------21.9508446196
 -- Custo: 
 ---------49.0
 ---------53.0
 - Execucao 7
 -- BestCostGenaration: [-427.96828541821401, -503.28328592567323, -564.37090968872712, -624.17685078152215, -647.50209517589565, -702.68840431237641, -725.72699783431881, -758.56667561714721, -760.78272592431972, -773.59677855311497, -789.34473260275695, -801.72114984035807, -802.26125138783891, -817.08288801126059, -819.75502242424091, -824.36695220457273, -827.68066070355758, -832.10897179558879, -838.94178752558628, -841.99751561558719, -843.68066070355746, -845.31122411457193, -846.73638879355838, -850.05009729254311]
 -- BestCostElement: [-850.05009729 -850.05009729 -850.05009729 -850.05009729]
 -- BestRoute: [array([ 0,  4,  3,  2,  5,  7, 10,  8,  9,  6,  0]), array([ 1, 17, 16, 14, 13, 11, 12, 15, 18, 19, 20,  1])]
 -- Premio: 
 ---------20.5366310572
 ---------21.9508446196
 -- Custo: 
 ---------49.0
 ---------53.0
 - Execucao 8
 -- BestCostGenaration: [-468.6030299891238, -498.587177349809, -569.40434011906416, -666.56483924075951, -685.81965453977591, -728.82339880787526, -745.33751495304989, -772.609344961028, -809.10518567092436, -817.34362094322523, -818.44052307238201, -823.74270183788349, -829.21788250675945, -830.86272817423799, -833.37469581339155, -836.76603309923098, -840.54587326220837, -841.37469581339167, -841.43737665933713, -844.68840431237641, -845.40098665186963, -846.73638879355838, -850.05009729254311]
 -- BestCostElement: [-850.05009729 -850.05009729 -850.05009729 -850.05009729]
 -- BestRoute: [array([ 0,  4,  3,  2,  5,  7, 10,  8,  9,  6,  0]), array([ 1, 17, 16, 14, 13, 11, 12, 15, 18, 19, 20,  1])]
 -- Premio: 
 ---------20.5366310572
 ---------21.9508446196
 -- Custo: 
 ---------49.0
 ---------53.0
 - Execucao 9
 -- BestCostGenaration: [-456.75618424754759, -509.88084963624135, -551.91819428757628, -637.35169689991267, -669.90119602631569, -727.82230046596055, -736.60779804549838, -760.696354975345, -767.21622648378741, -777.21842178348811, -781.05779571062635, -817.29563646204338, -831.75423157136674, -842.88901901271595, -849.2584556017016]
 -- BestCostElement: [-849.2584556 -849.2584556 -849.2584556 -849.2584556]
 -- BestRoute: [array([ 0,  4,  3,  2,  5,  7, 10,  8,  9,  6,  0]), array([ 1, 12, 11, 13, 14, 16, 17, 20, 19, 18, 15,  1])]
 -- Premio: 
 ---------20.5366310572
 ---------22.1487550423
 -- Custo: 
 ---------49.0
 ---------53.0
 - Execucao 10
 -- BestCostGenaration: [-520.95290481983511, -557.10269935672329, -611.59884882922847, -674.92920271334469, -696.56132235871769, -717.69988693527841, -724.2066202556241, -750.66249902078698, -784.66528010517868, -807.95675568473064, -818.63103860373212, -825.21657711069497, -832.58305412255004, -836.43042390339247, -841.43737665933713, -842.26619921052043, -845.20568708883127, -849.2584556017016]
 -- BestCostElement: [-849.2584556 -849.2584556 -849.2584556 -849.2584556]
 -- BestRoute: [array([ 0,  4,  3,  2,  5,  7, 10,  8,  9,  6,  0]), array([ 1, 12, 11, 13, 14, 16, 17, 20, 19, 18, 15,  1])]
 -- Premio: 
 ---------20.5366310572
 ---------22.1487550423
 -- Custo: 
 ---------49.0
 ---------53.0
 - Execucao 11
 -- BestCostGenaration: [-440.21795062874401, -530.61833744045452, -600.11692245855738, -695.06777627935844, -727.24692586821823, -739.98613641079646, -785.45232460024613, -795.45621734416954, -821.94274024187462, -823.28809990737409, -826.63103860373212, -836.76603309923098, -840.07974159821572, -846.73638879355838, -850.05009729254311]
 -- BestCostElement: [-850.05009729 -850.05009729 -850.05009729 -850.05009729]
 -- BestRoute: [array([ 0,  4,  3,  2,  5,  7, 10,  8,  9,  6,  0]), array([ 1, 17, 16, 14, 13, 11, 12, 15, 18, 19, 20,  1])]
 -- Premio: 
 ---------20.5366310572
 ---------21.9508446196
 -- Custo: 
 ---------49.0
 ---------53.0
 - Execucao 12
 -- BestCostGenaration: [-500.66575602580508, -584.65122345203463, -690.76157936254242, -702.77657249418712, -723.74475289608631, -750.79404668380766, -769.90275226067422, -782.63288327652526, -797.27850189398487, -802.20652120486193, -812.90450623035372, -813.87506897883077, -814.46070792068463, -821.97917544007771, -827.26323963338996, -834.88901901271595, -838.94178752558628, -840.36695220457273, -845.31122411457193, -850.05009729254311]
 -- BestCostElement: [-850.05009729 -850.05009729 -850.05009729 -850.05009729]
 -- BestRoute: [array([ 0,  4,  3,  2,  5,  7, 10,  8,  9,  6,  0]), array([ 1, 17, 16, 14, 13, 11, 12, 15, 18, 19, 20,  1])]
 -- Premio: 
 ---------20.5366310572
 ---------21.9508446196
 -- Custo: 
 ---------49.0
 ---------53.0
 - Execucao 13
 -- BestCostGenaration: [-479.18503526258507, -499.47732963229532, -570.38239423147479, -659.91009316203565, -688.70523878264385, -752.59368216775124, -761.9053789689483, -768.53769699591953, -785.00842585568626, -787.57620670456254, -807.03086516052872, -817.62449995608677, -822.34461885024916, -827.17265054855829, -827.80760410119694, -842.3824394222105, -842.97878155001365, -847.03155006288398, -849.2584556017016]
 -- BestCostElement: [-849.2584556 -849.2584556 -849.2584556 -849.2584556]
 -- BestRoute: [array([ 0,  4,  3,  2,  5,  7, 10,  8,  9,  6,  0]), array([ 1, 12, 11, 13, 14, 16, 17, 20, 19, 18, 15,  1])]
 -- Premio: 
 ---------20.5366310572
 ---------22.1487550423
 -- Custo: 
 ---------49.0
 ---------53.0
 - Execucao 14
 -- BestCostGenaration: [-451.12505319965339, -530.28222717760877, -590.897715337823, -674.59221039296972, -691.33689061191603, -736.3761496852801, -770.54523355058882, -783.36790492086095, -788.80931994974799, -794.75028165570916, -812.19192389086049, -814.12702162754704, -827.61230453815847, -832.07974159821572, -840.46681391086008, -841.43737665933713]
 -- BestCostElement: [-841.43737666 -841.43737666 -841.43737666 -841.43737666]
 -- BestRoute: [array([ 0,  6,  9,  8, 10,  7,  5,  2,  3,  4,  0]), array([ 1, 12, 11, 13, 14, 16, 17, 20, 18, 19, 15,  1])]
 -- Premio: 
 ---------20.5366310572
 ---------24.1040247779
 -- Custo: 
 ---------49.0
 ---------53.0
 - Execucao 15
 -- BestCostGenaration: [-449.34086842024448, -493.87508852832622, -557.97547134597562, -585.4897945452999, -671.22980727547372, -692.153312466025, -728.50089162131337, -770.26530792275537, -772.45547101329112, -795.24311826647909, -795.88038411613206, -803.22858569270875, -807.69535706832107, -822.66528010517868, -829.38460814646692, -831.82176118923178, -833.1003368990049, -840.46681391086008, -841.43737665933713, -841.89197858984653, -849.2584556017016]
 -- BestCostElement: [-849.2584556 -849.2584556 -849.2584556 -849.2584556]
 -- BestRoute: [array([ 0,  4,  3,  2,  5,  7, 10,  8,  9,  6,  0]), array([ 1, 12, 11, 13, 14, 16, 17, 20, 19, 18, 15,  1])]
 -- Premio: 
 ---------20.5366310572
 ---------22.1487550423
 -- Custo: 
 ---------49.0
 ---------53.0
 - Execucao 16
 -- BestCostGenaration: [-502.39788144911256, -543.01960496226206, -589.29580956492339, -621.27394281933925, -691.53049266382936, -702.08908470454969, -747.19592528444878, -762.69614599361603, -801.55218630653349, -804.50105541230664, -806.31478463591623, -810.97143183125888, -825.97103794119482, -828.41404539798964, -842.05009729254311, -845.40098665186963, -850.05009729254311]
 -- BestCostElement: [-850.05009729 -850.05009729 -850.05009729 -850.05009729]
 -- BestRoute: [array([ 0,  4,  3,  2,  5,  7, 10,  8,  9,  6,  0]), array([ 1, 17, 16, 14, 13, 11, 12, 15, 18, 19, 20,  1])]
 -- Premio: 
 ---------20.5366310572
 ---------21.9508446196
 -- Custo: 
 ---------49.0
 ---------53.0
 - Execucao 17
 -- BestCostGenaration: [-458.02734857108089, -534.56056962697187, -640.00546627855579, -685.74413249097029, -719.62410121827293, -756.60959527833438, -764.39976314152545, -791.72305626630941, -803.42178900680847, -805.99263114900782, -822.53976727203303, -825.33751495305, -831.91810563733134, -836.76603309923098, -840.07974159821572, -849.2584556017016]
 -- BestCostElement: [-849.2584556 -849.2584556 -849.2584556 -849.2584556]
 -- BestRoute: [array([ 0,  4,  3,  2,  5,  7, 10,  8,  9,  6,  0]), array([ 1, 12, 11, 13, 14, 16, 17, 20, 19, 18, 15,  1])]
 -- Premio: 
 ---------20.5366310572
 ---------22.1487550423
 -- Custo: 
 ---------49.0
 ---------53.0
 - Execucao 18
 -- BestCostGenaration: [-495.80941065286174, -598.38214972493665, -662.5984549391643, -697.45594501407186, -734.13551295137313, -769.50189017461469, -790.83625049984562, -804.45666955113472, -812.65697881530252, -821.99732877967278, -834.86254133832358, -839.3267113322097, -840.07974159821572, -846.73638879355838, -850.05009729254311]
 -- BestCostElement: [-850.05009729 -850.05009729 -850.05009729 -850.05009729]
 -- BestRoute: [array([ 0,  4,  3,  2,  5,  7, 10,  8,  9,  6,  0]), array([ 1, 17, 16, 14, 13, 11, 12, 15, 18, 19, 20,  1])]
 -- Premio: 
 ---------20.5366310572
 ---------21.9508446196
 -- Custo: 
 ---------49.0
 ---------53.0
 - Execucao 19
 -- BestCostGenaration: [-472.50768717207507, -482.3548433129576, -546.26441801911903, -638.5984549391643, -691.10293430354386, -692.04064092433259, -734.49921073951327, -749.91887037253821, -760.30929922512314, -765.93046484625256, -794.21821472933846, -811.18550224052865, -816.21821472933846, -832.28789285322443, -841.2584556017016, -849.2584556017016, -850.05009729254311]
 -- BestCostElement: [-850.05009729 -850.05009729 -850.05009729 -850.05009729]
 -- BestRoute: [array([ 0,  4,  3,  2,  5,  7, 10,  8,  9,  6,  0]), array([ 1, 17, 16, 14, 13, 11, 12, 15, 18, 19, 20,  1])]
 -- Premio: 
 ---------20.5366310572
 ---------21.9508446196
 -- Custo: 
 ---------49.0
 ---------53.0
 - Execucao 20
 -- BestCostGenaration: [-586.55957928844464, -598.65697881530252, -653.03929174412372, -718.44996912866861, -742.08448043916837, -748.9150361369675, -754.28025586366437, -769.97898860416331, -807.67637718119204, -809.80006754652777, -825.32598521956652, -829.10582538254391, -832.16155347254482, -832.75187601119615, -836.31418369170251, -838.73638879355849, -842.05009729254311, -843.68066070355758]
 -- BestCostElement: [-843.6806607 -843.6806607 -843.6806607 -843.6806607]
 -- BestRoute: [array([ 0,  5,  2,  3,  4,  6,  9,  8, 10,  7,  0]), array([ 1, 20, 19, 18, 15, 12, 11, 13, 14, 16, 17,  1])]
 -- Premio: 
 ---------22.1289902045
 ---------21.9508446196
 -- Custo: 
 ---------49.0
 ---------53.0
 - Execucao 21
 -- BestCostGenaration: [-503.33662366528483, -514.46466540483902, -607.91364228253792, -635.05767719896198, -722.10586864570053, -723.43151826485939, -752.46450161384587, -752.76675921187393, -792.38724014161085, -810.97878155001365, -830.77356965390004, -837.32192730052134, -842.08727815288489, -850.05009729254311]
 -- BestCostElement: [-850.05009729 -850.05009729 -850.05009729 -850.05009729]
 -- BestRoute: [array([ 0,  4,  3,  2,  5,  7, 10,  8,  9,  6,  0]), array([ 1, 17, 16, 14, 13, 11, 12, 15, 18, 19, 20,  1])]
 -- Premio: 
 ---------20.5366310572
 ---------21.9508446196
 -- Custo: 
 ---------49.0
 ---------53.0
 - Execucao 22
 -- BestCostGenaration: [-484.04608070907523, -524.02890480543942, -587.51244292046442, -624.86776568457162, -683.19317276146808, -732.69140715266349, -765.3522113178135, -772.620189792156, -796.37011883585296, -811.86368089052621, -814.74709197950779, -815.17738938951084, -821.40098665186952, -825.11396288142691, -830.9943692025422, -835.97582197288318, -839.03155006288398, -840.66211347389844]
 -- BestCostElement: [-840.66211347 -840.66211347 -840.66211347 -840.66211347]
 -- BestRoute: [array([ 0,  5,  2,  3,  4,  6,  9,  8, 10,  7,  0]), array([ 1, 13, 11, 12, 15, 18, 19, 20, 17, 16, 14,  1])]
 -- Premio: 
 ---------22.1289902045
 ---------22.705481427
 -- Custo: 
 ---------49.0
 ---------53.0
 - Execucao 23
 -- BestCostGenaration: [-459.92794282965832, -511.20316323168538, -560.34047453018036, -612.52718245979145, -713.78096272440462, -714.11976150785131, -741.63168597244157, -766.37744640879328, -806.4490143962081, -817.94111992129581, -826.05009729254311, -834.72080114102971, -839.36991178170319, -846.73638879355838, -850.05009729254311]
 -- BestCostElement: [-850.05009729 -850.05009729 -850.05009729 -850.05009729]
 -- BestRoute: [array([ 0,  4,  3,  2,  5,  7, 10,  8,  9,  6,  0]), array([ 1, 17, 16, 14, 13, 11, 12, 15, 18, 19, 20,  1])]
 -- Premio: 
 ---------20.5366310572
 ---------21.9508446196
 -- Custo: 
 ---------49.0
 ---------53.0
 - Execucao 24
 -- BestCostGenaration: [-470.74413047479806, -523.42309440287295, -580.08417500299652, -671.1610457629198, -685.34147252579737, -726.42675153123582, -769.72579222686772, -807.52728084181354, -815.58601369968051, -826.52417961950437, -840.63563579950608, -844.68840431237641, -850.05009729254311]
 -- BestCostElement: [-850.05009729 -850.05009729 -850.05009729 -850.05009729]
 -- BestRoute: [array([ 0,  4,  3,  2,  5,  7, 10,  8,  9,  6,  0]), array([ 1, 17, 16, 14, 13, 11, 12, 15, 18, 19, 20,  1])]
 -- Premio: 
 ---------20.5366310572
 ---------21.9508446196
 -- Custo: 
 ---------49.0
 ---------53.0
 - Execucao 25
 -- BestCostGenaration: [-488.46971998722552, -566.75887203029731, -599.95300656888173, -670.84224013898495, -671.87485999710202, -727.02337379659525, -743.74038954086927, -783.18823820108696, -793.86206056994752, -796.40729969619474, -803.19823693518549, -808.66211347389844, -813.05324370558799, -824.59185088254799, -834.50194670007158, -838.73638879355826, -841.79211688355917, -842.05009729254311, -843.68066070355746, -850.05009729254311]
 -- BestCostElement: [-850.05009729 -850.05009729 -850.05009729 -850.05009729]
 -- BestRoute: [array([ 0,  4,  3,  2,  5,  7, 10,  8,  9,  6,  0]), array([ 1, 17, 16, 14, 13, 11, 12, 15, 18, 19, 20,  1])]
 -- Premio: 
 ---------20.5366310572
 ---------21.9508446196
 -- Custo: 
 ---------49.0
 ---------53.0
 - Execucao 26
 -- BestCostGenaration: [-434.26207597932648, -569.89365947164652, -614.35484331295766, -652.43901427798073, -702.91866331838855, -725.75187408361694, -760.60180840635894, -763.5497653373917, -789.81095756839147, -805.65283886569478, -818.62144059034279, -820.55676328407208, -833.348359784178, -834.63103860373212, -842.88901901271595, -847.36991178170331, -849.2584556017016]
 -- BestCostElement: [-849.2584556 -849.2584556 -849.2584556 -849.2584556]
 -- BestRoute: [array([ 0,  4,  3,  2,  5,  7, 10,  8,  9,  6,  0]), array([ 1, 12, 11, 13, 14, 16, 17, 20, 19, 18, 15,  1])]
 -- Premio: 
 ---------20.5366310572
 ---------22.1487550423
 -- Custo: 
 ---------49.0
 ---------53.0
 - Execucao 27
 -- BestCostGenaration: [-527.86921636124862, -591.88687564872316, -663.86353933394059, -675.42293061187991, -710.49414591951836, -725.69929240666102, -763.31917477754041, -794.52458172434262, -796.60439713834649, -799.02960508048955, -811.44791605429339, -826.87748927923258, -838.12366816035251, -840.46681391086008, -841.43737665933713]
 -- BestCostElement: [-841.43737666 -841.43737666 -841.43737666 -841.43737666]
 -- BestRoute: [array([ 0,  4,  3,  2,  5,  7, 10,  8,  9,  6,  0]), array([ 1, 12, 11, 13, 14, 16, 17, 20, 18, 19, 15,  1])]
 -- Premio: 
 ---------20.5366310572
 ---------24.1040247779
 -- Custo: 
 ---------49.0
 ---------53.0
 - Execucao 28
 -- BestCostGenaration: [-438.70625619249086, -505.8844120851648, -580.82925322190522, -628.45243186578239, -682.92438873164383, -721.60669970358344, -762.64139116277386, -773.78095314746906, -808.18713985917213, -815.36380579152797, -828.53028560967982, -833.2584556017016, -846.73638879355838, -850.05009729254311]
 -- BestCostElement: [-850.05009729 -850.05009729 -850.05009729 -850.05009729]
 -- BestRoute: [array([ 0,  4,  3,  2,  5,  7, 10,  8,  9,  6,  0]), array([ 1, 17, 16, 14, 13, 11, 12, 15, 18, 19, 20,  1])]
 -- Premio: 
 ---------20.5366310572
 ---------21.9508446196
 -- Custo: 
 ---------49.0
 ---------53.0
 - Execucao 29
 -- BestCostGenaration: [-474.6245819866491, -517.5019899632282, -568.77308888601965, -668.30223859108037, -710.33772200719955, -725.93489825103347, -749.65129195016516, -763.90477802473447, -789.23676195899759, -811.29969438108856, -821.0639468915374, -831.62789219068713, -831.90357306356088, -837.57990770950528, -839.62789219068713, -846.73638879355838, -850.05009729254311]
 -- BestCostElement: [-850.05009729 -850.05009729 -850.05009729 -850.05009729]
 -- BestRoute: [array([ 0,  4,  3,  2,  5,  7, 10,  8,  9,  6,  0]), array([ 1, 17, 16, 14, 13, 11, 12, 15, 18, 19, 20,  1])]
 -- Premio: 
 ---------20.5366310572
 ---------21.9508446196
 -- Custo: 
 ---------49.0
 ---------53.0
