 - Execucao 0
 -- BestCostGenaration: [-134.11145618000168, -204.50223341762791, -292.23605922169645, -380.79180951980823, -455.29426937894135, -492.56102969214442, -548.47259537454511, -630.72931432826408, -656.65435773365243, -702.40632507351484, -748.17558172152121, -780.24581164305755, -841.05678785593057, -869.35197686546235, -880.43477021320484, -894.58033184967701, -921.0571668934241, -1004.5013007876319, -1013.3505997455275, -1022.8023222089643, -1047.7537487937873, -1092.5400779452193, -1124.6155016111329, -1144.0406662901196, -1153.2474443168228, -1167.1855122430745, -1193.7970298673993, -1239.5059992968036, -1250.3040976047278, -1278.0311472583885, -1285.4440628648183, -1331.0081480657566, -1355.0166623174118, -1355.2578333177898, -1368.2250479367465, -1380.3420784842433, -1422.1545975508006, -1422.5466848390388, -1437.8894197175678, -1475.3876292070258, -1490.1731306443421, -1499.9854018993228, -1515.6097350893406, -1522.328057421616, -1527.2011273371204, -1547.3250978444853, -1548.9923432980559, -1552.0054472349116, -1557.1751388456551, -1562.9027763915933, -1565.1182133629773, -1577.6560316146424, -1583.767487794644, -1591.1771652559928]
 -- BestCostElement: [-1591.17716526 -1590.84836739 -1590.42814772 -1590.0629217 ]
 -- BestRoute: [array([ 0,  6,  5,  4,  7,  9, 11,  8, 17, 19, 20,  1, 16, 13, 15, 14, 18,
       21, 22, 33, 34, 37, 40, 41, 39, 38, 36, 35,  3, 42, 30, 27, 31, 32,
        2, 29, 28, 26, 25, 23, 24, 12, 10,  0])]
 -- Premio: 
 ---------99.705708686
 -- Custo: 
 ---------199.0
 - Execucao 1
 -- BestCostGenaration: [-134.11145618000168, -226.99245265982228, -304.60237798699472, -398.15073097671149, -467.49037560169921, -517.41618491008489, -542.80708339249884, -586.58374099976561, -663.78263206754923, -709.73220001833829, -744.32042131834135, -785.374853619448, -866.7282177703953, -908.66475415411787, -914.62359104234758, -943.39314709558289, -987.97888396552889, -998.51812534553108, -1010.4556777024019, -1049.9957255531854, -1117.9804496831935, -1192.9735444770868, -1207.5281013435599, -1257.1458060153755, -1296.0441584461785, -1314.5876637701163, -1351.983785087644, -1371.8004959860684, -1374.6811077529906, -1388.7146966599698, -1392.3350991461916, -1429.8901880471192, -1430.3216420675285, -1432.799593611006, -1454.8539515729406, -1471.5200750402821, -1487.9225481695407, -1495.8416532796639, -1512.3991747825471, -1521.6553657853556, -1534.013234018294, -1536.7758970879079, -1538.4760674669808, -1550.1891522356425, -1555.6141726731312, -1560.3566439946856, -1567.3496460480053, -1570.5438472691289, -1570.7216289933538]
 -- BestCostElement: [-1570.72162899 -1570.54384727 -1570.12528687 -1569.94750514]
 -- BestRoute: [array([ 0,  5,  4,  7,  9, 11,  8,  6, 16, 13, 15, 14, 18, 21,  1, 17, 19,
       20, 22, 33, 34,  3, 35, 36, 38, 39, 41, 40, 42, 37, 30, 31, 32, 28,
       26, 29,  2, 27, 24, 25, 23, 12, 10,  0])]
 -- Premio: 
 ---------104.819592752
 -- Custo: 
 ---------199.0
 - Execucao 2
 -- BestCostGenaration: [-134.11145618000168, -210.37304172535403, -295.50298884695025, -353.22149424346583, -410.96267462959537, -453.72782278469441, -505.83498500971649, -556.26293618489694, -615.32711397006324, -645.10396004309086, -704.00903212594801, -722.12460683281881, -766.40494444937895, -791.6339786872411, -811.33988456488714, -854.67129727101656, -865.22670043680296, -942.75181488573401, -942.77409578306583, -959.62718391109638, -1041.070404919619, -1068.5062220427915, -1087.7844560662179, -1119.2981552453712, -1142.0435065259362, -1151.7705459931253, -1180.5157118794225, -1206.3249430923597, -1258.0480126720922, -1280.2021382845678, -1283.4146274006955, -1376.6118280904091, -1394.5404518589287, -1419.9109536320329, -1425.1465629099268, -1432.4501307210248, -1444.4110109896096, -1446.6314462241985, -1465.8997280462836, -1486.2737262205412, -1495.7851648538801, -1511.3458836370019, -1512.6889861243528, -1527.5584682967915, -1529.7871746650987, -1534.8125127872886, -1540.3879705295906, -1547.9952847098198, -1549.969157662335, -1553.0248857523356, -1553.7347155688483, -1554.816570706334, -1556.7904436588492, -1557.1597164568416, -1559.1335894093568, -1559.418047492733, -1563.2025712525078, -1563.9523344523427]
 -- BestCostElement: [-1563.95233445 -1563.20257125 -1562.26837685 -1561.90643163]
 -- BestRoute: [array([ 0,  7,  4,  5,  6, 10,  8, 19, 17, 16, 13, 15, 14, 18, 21,  1, 20,
       22, 33, 34,  3, 36, 35, 38, 39, 41, 40, 42, 37, 24, 27, 30, 31, 32,
        2, 26, 28, 29, 25, 23, 12,  9, 11,  0])]
 -- Premio: 
 ---------106.511916387
 -- Custo: 
 ---------199.0
 - Execucao 0
 -- BestCostGenaration: [-134.11145618000168, -206.46669755982404, -293.04837667883243, -385.40641586762649, -407.3310195685612, -438.66586444820655, -541.56728098586518, -566.31658663810231, -612.50019990985243, -629.47023620562936, -686.99582083360042, -724.0048989918181, -754.01536317714886, -833.68226871935053, -846.05100076789245, -859.14690356253777, -882.69564889233175, -935.76505431102805, -945.64379140372182, -964.95458935802162, -1005.6742847230704, -1019.4294271291604, -1051.0646154501856, -1072.7876641850485, -1098.4182275960629, -1144.8441110173592, -1146.3052306564994, -1165.3198052503399, -1188.7463563205483, -1197.1085654346944, -1230.0791281831714, -1236.4424715906835, -1237.3755397860084, -1258.0654507451484, -1268.7562235421628, -1272.4723065762664, -1300.9747741607248, -1303.6043038363564, -1306.2224418532642, -1325.4282482468391, -1330.1497014361894, -1346.5587021639949, -1380.74505153479, -1392.9855998035207, -1406.9807342841102, -1410.6535668147969, -1425.9430244422206, -1431.2556891041199, -1440.5496441187331, -1446.1963991992359, -1452.5888389908964, -1470.3874436439232, -1473.2399935387934, -1474.2429407174081, -1481.5370865282132, -1486.0446485203231, -1488.3877942708307, -1488.9214555526883, -1492.9014507116208, -1495.4866128453998, -1497.8641712283288, -1497.9375552602237, -1498.9345956830932, -1499.1405984320809, -1501.9903237730941]
 -- BestCostElement: [-1501.99032377 -1500.01645082 -1499.35201675 -1499.14059843]
 -- BestRoute: [array([ 0,  9,  7,  4,  5,  6,  8, 17, 16, 13, 15, 14, 18, 21,  1, 19, 11,
       10, 12, 24, 23, 25,  2, 26, 28, 29, 32, 31, 30, 27, 20, 22, 33, 34,
       37, 42,  3, 35, 36, 38, 41, 39, 40,  0])]
 -- Premio: 
 ---------122.002419057
 -- Custo: 
 ---------199.0
