 - Execucao 0
 -- BestCostGenaration: [-263.13860701576164, -427.80417763012724, -570.53341717467129, -678.27802996767377, -726.34600431260037, -896.36168283238385, -963.20005929706656, -1047.2207010988561, -1098.9158079751603, -1182.202153869197, -1191.9069925998713, -1215.2125248325674, -1249.5197498027724, -1271.5485686134548, -1318.9211516154851, -1335.6074431165005, -1367.0931180781902, -1404.9548734782918, -1434.2416665760484, -1459.7573403621725, -1489.9300335029384, -1506.0294226150363, -1510.0294226150363, -1519.5775732075076, -1531.7485436021748, -1551.8754869998143, -1559.5664740786253, -1568.5713249920068, -1572.0926439965497, -1584.8579948489132, -1591.4548128973429, -1616.5149495332967, -1619.5706776232973, -1624.2197882639709, -1624.2420211834035, -1625.6193018160989, -1628.8911318240771, -1634.2528248042438, -1636.9124748398735, -1638.8863477923887]
 -- BestCostElement: [-1638.88634779 -1638.88634779 -1638.88634779 -1638.88634779]
 -- BestRoute: [array([ 0,  6,  5,  4,  7,  9, 12, 10, 11,  8,  0]), array([ 1, 21, 18, 14, 15, 13, 16, 17, 19, 20, 22,  1]), array([ 2, 29, 28, 26, 25, 23, 24, 27, 30, 31, 32,  2]), array([ 3, 37, 42, 40, 41, 39, 38, 36, 35, 33, 34,  3])]
 -- Custo: 
 ---------20.5366310572
 ---------24.5563958951
 ---------21.9508446196
 ---------20.73454148
 ---- Total: 87.7784130519
 -- Premio: 
 ---------49.0
 ---------48.0
 ---------54.0
 ---------48.0
 ---- Total: 199.0
 - Execucao 1
 -- BestCostGenaration: [-283.85118540422411, -433.6798042946042, -650.93715337631329, -723.84896555895523, -876.14709208145109, -962.09250126958909, -988.8042622038331, -1206.7781922013423, -1225.3534558863307, -1241.409995047441, -1282.6082160664816, -1294.1199766514856, -1349.1302828746248, -1363.7638058627697, -1374.8241407556857, -1383.1815502720021, -1394.2123381103252, -1403.2045945015066, -1443.7341526735829, -1446.3655271557068, -1464.1368404254879, -1490.7564510019868, -1497.4055616426604, -1509.5860562349285, -1514.5478856386785, -1521.4939166603854, -1534.0358175646343, -1534.5587304698065, -1545.9177161177283, -1552.8572039960391, -1566.6219971673454, -1570.458913954255, -1575.1707054408741, -1577.9739416940233, -1580.7539889111504, -1587.8569969418893, -1592.2792020437453, -1597.2234739537444, -1602.1644572253733, -1603.3349301337462, -1610.5851669339113, -1613.640895023912]
 -- BestCostElement: [-1613.64089502 -1613.64089502 -1613.64089502 -1613.64089502]
 -- BestRoute: [array([ 0,  8,  6,  5,  4,  7,  9, 12, 11, 10,  0]), array([ 1, 18, 14, 15, 13, 16, 17, 20, 19, 22,  1]), array([ 2, 32, 31, 30, 27, 24, 23, 25, 26, 28, 29,  2]), array([ 3, 39, 38, 36, 35, 33, 34, 37, 42, 40, 41,  3])]
 -- Custo: 
 ---------21.365058182
 ---------23.2912678647
 ---------21.9508446196
 ---------22.4826055778
 ---- Total: 89.089776244
 -- Premio: 
 ---------49.0
 ---------46.0
 ---------54.0
 ---------48.0
 ---- Total: 197.0
 - Execucao 2
 -- BestCostGenaration: [-265.94449367761763, -488.85197867958959, -655.94614475239166, -709.82757386201001, -771.5789020399269, -816.59154146592823, -886.63644833117314, -960.2993869806412, -1029.4835064015745, -1112.0585183004796, -1128.9500216976085, -1190.4450072721197, -1238.9414621336527, -1251.8326512110955, -1283.4104461092395, -1316.5890144870989, -1342.2899217064439, -1348.0250691879489, -1367.5953561597371, -1370.0328148496367, -1392.1376257627339, -1418.9357240706586, -1423.5692470588037, -1445.5692470588037, -1475.8739065529051, -1522.7918876244262, -1542.3573701073285, -1560.0440338376156, -1560.9659723932909, -1570.3005450595417, -1588.1615312675615, -1592.2216494991867, -1602.8072884410403, -1603.0086488035186, -1608.5491442410635, -1611.2111533673869, -1620.0417737976836, -1627.4935799420557, -1629.2139058903676, -1630.8072884410403]
 -- BestCostElement: [-1630.80728844 -1630.80728844 -1630.80728844 -1630.80728844]
 -- BestRoute: [array([ 0,  6,  5,  4,  7,  9, 12, 10, 11,  8,  0]), array([ 1, 21, 18, 14, 15, 13, 16, 17, 19, 20, 22,  1]), array([ 2, 29, 28, 26, 25, 23, 24, 27, 30, 32, 31,  2]), array([ 3, 37, 42, 40, 41, 39, 38, 36, 35, 33, 34,  3])]
 -- Custo: 
 ---------20.5366310572
 ---------24.5563958951
 ---------23.9706094575
 ---------20.73454148
 ---- Total: 89.7981778897
 -- Premio: 
 ---------49.0
 ---------48.0
 ---------54.0
 ---------48.0
 ---- Total: 199.0
 - Execucao 3
 -- BestCostGenaration: [-280.48613191342963, -465.08889804822411, -635.88676642334656, -758.77565976619769, -808.7889985070949, -845.23520881379852, -940.17578988533387, -979.02936910359745, -1035.9481613296944, -1131.2284631120033, -1225.3273803167767, -1287.0227688719335, -1297.2259005862761, -1302.4721797545249, -1321.5429192892989, -1351.2575064734622, -1375.3794609267252, -1383.490917106727, -1397.496150727492, -1448.0775875088027, -1455.2015713293117, -1460.2245271049237, -1471.4061435138055, -1478.5709258877348, -1482.9131391401897, -1496.0403126369001, -1498.3987505318944, -1503.1834401355311, -1514.5097501344694, -1516.4200509532743, -1527.3042693718794, -1533.4907269841838, -1537.8338727346918, -1546.6539537700321, -1559.7448146492445, -1565.2971095617847, -1575.6778890483395, -1595.4989679907039, -1599.565893591609, -1608.7334533473472, -1615.5362492859365, -1617.6888795050941, -1623.6359472012305, -1625.3985022674567, -1628.0581523030864, -1630.0320252556016, -1631.3718608020713, -1635.0660597028987]
 -- BestCostElement: [-1635.0660597 -1635.0660597 -1635.0660597 -1635.0660597]
 -- BestRoute: [array([ 0,  7,  4,  5,  6,  8, 11, 10, 12,  9,  0]), array([ 1, 21, 18, 14, 15, 13, 16, 17, 19, 22, 20,  1]), array([ 2, 32, 31, 30, 27, 24, 23, 25, 26, 28, 29,  2]), array([ 3, 35, 36, 38, 39, 41, 40, 42, 37, 34, 33,  3])]
 -- Custo: 
 ---------22.1289902045
 ---------24.9547415328
 ---------21.9508446196
 ---------19.6989087174
 ---- Total: 88.7334850743
 -- Premio: 
 ---------49.0
 ---------48.0
 ---------54.0
 ---------48.0
 ---- Total: 199.0
 - Execucao 4
 -- BestCostGenaration: [-314.1862748143638, -402.40033895838224, -626.36732371759399, -732.10121305620328, -854.64969245265002, -865.1946744862621, -944.11099954254473, -992.21417644838175, -1073.0493585854779, -1161.09734306666, -1162.3847607271666, -1188.9707179796019, -1250.1137069589101, -1291.9917824556594, -1296.4357858918991, -1300.9653892547115, -1327.9949902972276, -1344.6812817982427, -1363.4197681120986, -1373.3429416450911, -1414.6700464773517, -1424.5207697253886, -1437.7036448893498, -1446.7248450262077, -1466.3899363903652, -1475.3821927815463, -1481.7138343512179, -1491.4186730818922, -1507.4053978516672, -1516.0224622905948, -1525.716497400429, -1532.033001685551, -1544.1777229370498, -1563.2332224958266, -1569.835239943083, -1574.9390158703682, -1587.1747633599193, -1588.2894912466847, -1592.6850286401984, -1601.1502704005547, -1605.4717225083584, -1608.5274505983593, -1615.1504341915481, -1616.2322893290336, -1619.2293297519032, -1620.6544944308896, -1622.6283673834048, -1627.3146588844202, -1633.5987663408889, -1635.5726392934041]
 -- BestCostElement: [-1635.57263929 -1635.57263929 -1635.57263929 -1635.57263929]
 -- BestRoute: [array([ 0,  8,  6,  5,  4,  7,  9, 12, 10, 11,  0]), array([ 1, 21, 18, 14, 15, 13, 16, 17, 19, 20, 22,  1]), array([ 2, 32, 31, 30, 27, 24, 23, 25, 26, 28, 29,  2]), array([ 3, 42, 40, 41, 39, 38, 36, 35, 33, 34, 37,  3])]
 -- Custo: 
 ---------21.365058182
 ---------24.5563958951
 ---------21.9508446196
 ---------20.73454148
 ---- Total: 88.6068401766
 -- Premio: 
 ---------49.0
 ---------48.0
 ---------54.0
 ---------48.0
 ---- Total: 199.0
