 - Execucao 0
 -- BestCostGenaration: [-198.26898406927208, -297.67714568943069, -375.24856836866633, -470.77350723025279, -532.73984366429954, -585.7543329749135, -673.96602416402675, -716.45220231982262, -744.14513205757669, -764.44029332690229, -778.30232462364575, -795.83916716741078, -824.90164095920659, -857.66220777988178, -893.04400821838146, -901.8123186478756, -908.55154245275423, -915.26412479224746, -925.60727054275515, -927.37558097224928, -931.80788524309469, -936.29356204377041, -940.48807075393461, -945.17436225494976]
 -- BestCostElement: [-945.17436225 -945.17436225 -945.17436225 -945.17436225]
 -- BestRoute: [array([ 0, 12,  6,  5,  2]) array([ 0, 19, 14, 15,  9,  3,  8,  4])
 array([ 0, 27, 31, 34, 43, 41, 36, 25, 28, 40])
 array([ 0, 26, 24, 29, 30, 32, 33, 44, 39, 42, 38, 37])]
 -- Custo: 
 ---------14.1922643284
 ---------19.79217466
 ---------22.785844454
 ---------25.4361259939
 ---- Total: 82.2064094363
 -- Premio: 
 ---------29.0
 ---------40.0
 ---------59.0
 ---------54.0
 ---- Total: 182.0
 - Execucao 1
 -- BestCostGenaration: [-223.05531515171398, -284.60371857656588, -395.87498341774528, -450.07791943147527, -482.25617342368878, -573.6617202262795, -594.55835080506131, -627.04237905970786, -674.5875296797426, -708.01876048431018, -731.17128837870951, -761.94200567808059, -812.36794453593825, -826.81373150899606, -834.71109028644582, -857.56933390787083, -887.54394927959981, -898.94563226157436, -905.66035357483122, -912.68285542238607, -922.03364102871251, -930.54659463007283, -935.28103440326322, -939.80788524309469, -945.67704854828298, -956.39441491946457]
 -- BestCostElement: [-956.39441492 -956.39441492 -956.39441492 -956.39441492]
 -- BestRoute: [array([ 0, 12,  6,  5,  2]) array([ 0, 19, 14, 15,  8,  3,  9,  4])
 array([ 0, 27, 25, 28, 31, 34, 43, 41, 36, 40])
 array([ 0, 33, 32, 39, 44, 42, 38, 30, 26, 24, 29, 37])]
 -- Custo: 
 ---------14.1922643284
 ---------18.0441105622
 ---------21.3623356765
 ---------25.802685703
 ---- Total: 79.4013962701
 -- Premio: 
 ---------29.0
 ---------40.0
 ---------59.0
 ---------54.0
 ---- Total: 182.0
 - Execucao 2
 -- BestCostGenaration: [-220.93377532641892, -326.53763875230669, -382.36647235566954, -435.77545477929738, -562.58203352419616, -582.74921779419867, -632.70102634746013, -675.73762332048432, -698.92626903043742, -750.68198439661296, -755.71408500498717, -791.54024419931898, -804.72567947870152, -817.90193717948591, -834.18647830201974, -852.89419357066697, -860.30742512338293, -860.98202226904186, -866.30742512338293, -867.59484278388982, -869.93798853439739, -873.33686237490588, -875.93798853439739, -878.28113428490497]
 -- BestCostElement: [-878.28113428 -878.28113428 -878.28113428 -878.28113428]
 -- BestRoute: [array([ 0, 12,  5,  2]) array([ 0, 19, 14,  8,  3, 15,  4])
 array([ 0, 27, 34, 31, 25, 28, 36, 41, 43, 40])
 array([ 0, 33, 44, 42, 39, 32, 30, 26, 24, 29, 38, 37])]
 -- Custo: 
 ---------13.9403284262
 ---------18.6787218906
 ---------21.257980409
 ---------25.802685703
 ---- Total: 79.6797164288
 -- Premio: 
 ---------22.0
 ---------36.0
 ---------59.0
 ---------54.0
 ---- Total: 171.0
 - Execucao 3
 -- BestCostGenaration: [-254.79331735117677, -286.73776325840947, -385.39945877020165, -420.4384767358203, -519.92604980586077, -595.12008494767815, -633.91029607402595, -694.01177518072132, -716.06191745877379, -738.98618888268709, -771.03885696066664, -788.43294676948676, -800.34717732241006, -832.54300799106124, -851.22233720387453, -868.54964510983677, -874.23314082471472, -893.04802296286334, -912.39268523889859, -927.40126779376737, -935.48174000623624, -944.03957481360067, -953.63295736427335, -954.68868545427415, -957.03183120478184, -958.37497695528941]
 -- BestCostElement: [-958.37497696 -958.37497696 -958.37497696 -958.37497696]
 -- BestRoute: [array([ 0, 12,  6,  5,  2]) array([ 0, 19, 14, 15,  7,  3,  8,  9,  4])
 array([ 0, 27, 25, 28, 31, 34, 43, 41, 36, 40])
 array([ 0, 26, 24, 29, 30, 32, 33, 44, 39, 42, 38, 37])]
 -- Custo: 
 ---------14.1922643284
 ---------19.6655297624
 ---------21.3623356765
 ---------25.4361259939
 ---- Total: 80.6562557612
 -- Premio: 
 ---------29.0
 ---------41.0
 ---------59.0
 ---------54.0
 ---- Total: 183.0
 - Execucao 4
 -- BestCostGenaration: [-217.27033410571198, -300.01131657203041, -336.89744809522955, -459.82771037456212, -479.94687973164946, -581.38144768689267, -598.58805985096501, -648.03273326711803, -679.51357756574851, -702.95257557385492, -729.85242419515964, -778.7690745838288, -803.63590740914651, -817.66298910049863, -837.2894609868581, -845.92776800669139, -862.28745614218815, -876.94962544038856, -916.81562885191363, -931.88694459444298, -936.83121650444218, -940.1821058637687, -946.1821058637687]
 -- BestCostElement: [-946.18210586 -946.18210586 -946.18210586 -946.18210586]
 -- BestRoute: [array([ 0, 12,  6,  5,  2]) array([ 0, 19, 14, 15,  9,  3,  8,  4])
 array([ 0, 27, 25, 28, 31, 34, 43, 41, 36, 40])
 array([ 0, 26, 24, 29, 30, 32, 33, 44, 42, 39, 38, 37])]
 -- Custo: 
 ---------14.1922643284
 ---------19.79217466
 ---------21.3623356765
 ---------26.6076988691
 ---- Total: 81.9544735341
 -- Premio: 
 ---------29.0
 ---------40.0
 ---------59.0
 ---------54.0
 ---- Total: 182.0
 - Execucao 5
 -- BestCostGenaration: [-201.1697803053633, -262.7645594576959, -344.70269110121455, -480.70400660748186, -540.470407256003, -568.336218983864, -615.97417179955653, -650.16469825829222, -713.67394456751481, -716.52260014226181, -768.94687291740775, -777.90569896684497, -806.7543258773502, -835.33065659168165, -863.17949055633653, -886.70223206583796, -891.05997513034708, -911.80594463702073, -930.74622336820562, -946.91444123989186, -947.59178332511738, -949.97016932989277, -951.73847975938679, -952.41582184461231, -952.71098311393791]
 -- BestCostElement: [-952.71098311 -952.71098311 -952.71098311 -952.71098311]
 -- BestRoute: [array([ 0, 12,  6,  5,  2]) array([ 0, 19, 14, 15,  8,  3,  9,  4])
 array([ 0, 27, 25, 28, 31, 34, 43, 36, 41, 40])
 array([ 0, 26, 24, 30, 32, 39, 33, 44, 42, 38, 29, 37])]
 -- Custo: 
 ---------14.1922643284
 ---------18.0441105622
 ---------21.7699765293
 ---------26.3159028016
 ---- Total: 80.3222542215
 -- Premio: 
 ---------29.0
 ---------40.0
 ---------59.0
 ---------54.0
 ---- Total: 182.0
 - Execucao 6
 -- BestCostGenaration: [-250.55190521847075, -280.65259544800347, -344.81269436457353, -418.51413770729681, -459.17649481361286, -531.91347016217924, -566.15519506097291, -624.98231145912473, -671.85921837313185, -698.86436021722307, -744.99263343682537, -746.52904702979038, -786.46173258782096, -795.6962745629495, -832.98874013965292, -880.22752737923372, -900.02469161292265, -906.72178673477811, -907.01694800410382, -922.28325546923452, -931.42356545343114, -938.99756748929371, -940.46380632579428, -942.78525843359785, -944.99756748929371, -947.05329557929463, -950.23700066861863, -951.73958708030989, -954.3407132398014]
 -- BestCostElement: [-954.34071324 -954.34071324 -954.34071324 -954.34071324]
 -- BestRoute: [array([ 0, 12,  6,  5,  2]) array([ 0, 19, 14,  7,  3,  8, 15,  9,  4])
 array([ 0, 27, 31, 25, 28, 36, 41, 34, 43, 40])
 array([ 0, 33, 44, 42, 39, 32, 30, 26, 24, 29, 38, 37])]
 -- Custo: 
 ---------14.1922643284
 ---------18.7681824194
 ---------22.9016892392
 ---------25.802685703
 ---- Total: 81.66482169
 -- Premio: 
 ---------29.0
 ---------41.0
 ---------59.0
 ---------54.0
 ---- Total: 183.0
 - Execucao 7
 -- BestCostGenaration: [-198.99666548282312, -273.30729358681606, -352.53944471948728, -416.11830288137992, -500.87678070009872, -529.35460395434166, -582.0360115420267, -636.63171548030232, -668.05362505164385, -743.22661089802841, -751.17843550828002, -771.89101784777324, -794.27055351715524, -827.18966327851547, -863.44610586190447, -867.31131842055538, -882.93319552370065, -902.13239736291973, -904.65446417106295, -912.81868886393499, -913.5312712034281, -920.81868886393499, -923.76296077393408, -926.81868886393499]
 -- BestCostElement: [-926.81868886 -926.81868886 -926.81868886 -926.81868886]
 -- BestRoute: [array([ 0, 12,  6,  5,  2]) array([ 0, 19, 14, 22, 15,  3,  4])
 array([ 0, 27, 34, 43, 41, 36, 31, 25, 28, 40])
 array([ 0, 26, 24, 29, 30, 32, 33, 44, 39, 42, 38, 37])]
 -- Custo: 
 ---------14.1922643284
 ---------19.8950250303
 ---------22.0219124315
 ---------25.4361259939
 ---- Total: 81.545327784
 -- Premio: 
 ---------29.0
 ---------37.0
 ---------59.0
 ---------54.0
 ---- Total: 179.0
 - Execucao 8
 -- BestCostGenaration: [-188.94668475538174, -276.8248682398638, -353.54485699305337, -389.70004857007848, -471.8235922170494, -493.51362924838668, -578.17616795378262, -627.92518360390272, -663.44978845490459, -687.90969205706608, -715.98617109072075, -765.90845140123258, -776.37027290952381, -783.191085030051, -797.191085030051, -820.44211268309027, -821.25159715174027, -847.30711549911018, -874.59453315961696, -888.59453315961696, -888.88969442894256, -896.04913509012624, -900.99340700012533, -902.62397041113979]
 -- BestCostElement: [-902.62397041 -902.62397041 -902.62397041 -902.62397041]
 -- BestRoute: [array([ 0, 12,  6,  5,  2]) array([ 0, 19, 14,  7,  3,  8, 15,  9,  4])
 array([ 0, 27, 25, 28, 31, 34, 43, 41, 36, 40])
 array([ 0, 21, 18, 11, 13, 17, 26, 39, 37])]
 -- Custo: 
 ---------14.1922643284
 ---------18.7681824194
 ---------21.3623356765
 ---------29.7712249729
 ---- Total: 84.0940073972
 -- Premio: 
 ---------29.0
 ---------41.0
 ---------59.0
 ---------48.0
 ---- Total: 177.0
 - Execucao 9
 -- BestCostGenaration: [-245.22814842315674, -338.90412684055372, -432.43891426597571, -488.22363502851363, -521.86554890852233, -574.97789579927621, -626.44436649163936, -653.31130888829807, -726.88330344230053, -729.22715098605556, -760.37203759639419, -791.39115199545301, -808.95756517597147, -833.49123738521484, -855.67879333943426, -869.57750106865331, -878.77170228977673, -898.77170228977673, -903.42081293045021, -903.9584673911221, -920.10435190848477, -922.7082305909571, -923.12565166112472, -931.19015696162808, -932.95028615228978, -935.67367211262331, -959.91288831907764, -974.75742087910999, -978.46983101331602, -982.23814144281005, -991.3585470386015, -1001.6274174694491, -1002.0448385396168, -1005.3585470386015, -1016.0448385396168]
 -- BestCostElement: [-1016.04483854 -1016.04483854 -1016.04483854 -1016.04483854]
 -- BestRoute: [array([ 0, 12,  6,  5,  2]) array([ 0, 19, 14, 15,  9,  8,  3,  4])
 array([ 0, 27, 31, 25, 28, 36, 41, 43, 45, 40])
 array([ 0, 21, 18, 17, 13, 20, 24, 26, 30, 32, 39, 38, 37])]
 -- Custo: 
 ---------14.1922643284
 ---------19.4676193397
 ---------23.7308044947
 ---------29.8481022023
 ---- Total: 87.2387903651
 -- Premio: 
 ---------29.0
 ---------40.0
 ---------64.0
 ---------62.0
 ---- Total: 195.0
