 - Execucao 0
 -- BestCostGenaration: [-159.37553165177528, -200.50429437390508, -281.54245221721555, -330.26111432087981, -345.9740860662921, -402.5976602078124, -436.61797309280462, -467.25900262859562, -504.93236443462899, -565.48047951190824, -643.6797223030012, -682.73005160218054, -711.14053891828587, -728.6447958688459, -758.48925691905333, -775.63601974699839, -852.9315205310412, -895.64114329340396, -914.24085744074705, -941.00453371779315, -950.91719965201332, -987.47071334153645, -1001.2112330270506, -1017.6768320465608, -1033.1999971966188, -1048.2369111103292, -1054.0210761389831, -1059.8572020730185, -1073.6258036698684, -1083.7926967725152, -1094.2604249999281, -1116.194784576852, -1116.4808104402709, -1125.249120869765, -1128.2884142370026, -1133.3033621779118, -1144.9476077887084, -1147.9881808836506, -1150.3313266341581, -1154.7302004746666, -1185.5024036480841, -1201.7302004746666, -1205.6264879034838, -1209.7302004746666, -1210.0253617439923, -1211.0253617439923]
 -- BestCostElement: [-1211.02536174 -1211.02536174 -1211.02536174 -1211.02536174]
 -- BestRoute: [ array([ 0, 22, 15, 16,  4,  9,  8,  3,  7, 14, 19, 12,  6, 10, 13, 20, 17,
       18, 21, 11,  5,  2])
 array([ 0, 25, 28, 31, 36, 40, 41, 43, 45, 34, 27, 35, 33, 44, 39, 42, 38,
       32, 30, 26, 24, 29, 37])]
 -- Custo: 
 ---------53.1968537951
 ---------51.7968057689
 ---- Total: 104.993659564
 -- Premio: 
 ---------110.0
 ---------123.0
 ---- Total: 233.0
 - Execucao 1
 -- BestCostGenaration: [-130.16878894156383, -163.51643601068548, -240.36374689891517, -270.68925337657322, -352.77043676823303, -385.36699750464612, -416.77847027370177, -497.09887100620983, -554.28491168106882, -592.6233234709232, -612.97647697244258, -627.74022782013128, -680.0356042351583, -682.99441765312235, -719.44148726492358, -745.77768004192421, -745.78102177919345, -780.01230476366209, -780.44319107739398, -807.24492954758659, -814.02004837248103, -860.47921508746822, -875.61395267985085, -896.60897911404436, -918.99180376286995, -932.03476719496223, -946.02459760800878, -969.20805130647375, -986.60692514698223, -994.60692514698223, -1000.2097515758685, -1013.7689211303482, -1018.5929596498431, -1021.6341092631006, -1026.0750305546885, -1039.4841483125879, -1040.1150020320879, -1043.5294879510234, -1047.53213279377, -1061.8206689378021, -1063.9427189960129, -1067.8206689378021, -1072.8795434408478, -1085.7717757157257, -1090.8306502187716, -1099.652118843537, -1102.2969645110154, -1105.6958383515239, -1110.7191696128714, -1114.1180434533799, -1115.1180434533799]
 -- BestCostElement: [-1115.11804345 -1115.11804345 -1115.11804345 -1115.11804345]
 -- BestRoute: [ array([ 0, 14,  8, 15, 16,  4,  9,  3,  7, 12,  6, 11,  5, 10, 20, 17, 21,
       18, 13,  2])
 array([ 0, 19, 22, 25, 28, 36, 40, 41, 43, 34, 31, 27, 33, 44, 39, 32, 42,
       38, 29, 24, 30, 26, 37])]
 -- Custo: 
 ---------51.5508356626
 ---------59.919653474
 ---- Total: 111.470489137
 -- Premio: 
 ---------97.0
 ---------126.0
 ---- Total: 223.0
 - Execucao 2
 -- BestCostGenaration: [-150.33300487318735, -255.82625200334633, -291.54621834616722, -353.62836331831136, -408.6897138723474, -458.14827455804607, -493.16077431950134, -543.67302906803457, -573.19509587617767, -614.02253440452773, -673.51139310715007, -725.62024861147108, -742.31292365343484, -753.44860351789146, -800.24711905619529, -816.07773536748243, -834.3407816139329, -869.40559288431314, -901.48756933198752, -911.77020296080582, -922.71042406184984, -953.16895134326512, -994.74529537008698, -1012.8567515500886, -1034.6250619795828, -1036.7297077175581, -1059.7892017555655, -1069.5141202174818, -1073.9684145666777, -1083.8963066030833, -1090.9871488498134, -1099.2519424143416, -1105.8290158404352, -1110.6846436479971, -1120.0170853250233, -1120.2806581938139, -1123.0991051410342, -1131.1809170153633, -1140.0509136057026, -1190.3218104468879, -1192.7469751258741, -1194.3775385368886, -1195.3451417082354, -1196.7179317644154, -1197.5123259782376, -1200.9573649437402, -1201.9573649437402]
 -- BestCostElement: [-1201.95736494 -1201.95736494 -1201.95736494 -1201.95736494]
 -- BestRoute: [ array([ 0, 14,  7,  3,  8,  9,  4, 16, 15, 22, 19, 12,  6,  5, 11, 21, 18,
       17, 20, 13, 10,  2])
 array([ 0, 27, 25, 28, 31, 40, 36, 41, 43, 45, 34, 35, 33, 44, 26, 24, 29,
       38, 42, 39, 32, 30, 37])]
 -- Custo: 
 ---------51.568540027
 ---------55.6921187371
 ---- Total: 107.260658764
 -- Premio: 
 ---------110.0
 ---------123.0
 ---- Total: 233.0
 - Execucao 3
 -- BestCostGenaration: [-131.72918674978135, -168.20388025707308, -248.41839734503856, -272.30310985229801, -319.88599714757498, -431.56696247561911, -432.69144495738146, -467.87162014579246, -487.0658484192511, -548.71837526546517, -571.06152101597286, -589.07573120983011, -638.05716772190885, -660.47034730175665, -689.84759081392872, -738.64271461819521, -749.50600920177044, -753.8225134868926, -809.82385002110163, -831.44046229921219, -857.09731654870461, -880.14964593462696, -881.57185103648294, -897.73524918182102, -912.01224452556403, -926.68314222664935, -947.9551456387569, -956.52142679836948, -980.73036568583302, -990.09258140609722, -1020.4617055295545, -1026.6778074475317, -1061.5660006406226, -1068.7967570443357, -1074.2630957624781, -1078.3236078841674, -1081.0472440365174, -1090.9465914773559, -1099.6294907437709, -1100.9354556339367, -1115.3391135061336, -1118.2043260647845, -1119.9730691517484, -1123.139638985002, -1124.5508640498924, -1125.9882241468072, -1164.5275327885449, -1168.5479692129929, -1176.0287972417493, -1177.9173410617477, -1181.4873923510727, -1183.4951359598917, -1191.5692474885584, -1195.4199274734387, -1196.4276710822576, -1199.4756555634397, -1199.4833991722585, -1199.7708168327654, -1200.4833991722585, -1200.7785604415842]
 -- BestCostElement: [-1200.77856044 -1200.77856044 -1200.77856044 -1200.77856044]
 -- BestRoute: [ array([ 0, 22, 14,  7,  3,  8,  9,  4, 16, 15, 19, 12,  6,  5, 11, 21, 18,
       17, 20, 13, 10,  2])
 array([ 0, 25, 28, 36, 40, 41, 43, 45, 34, 31, 27, 35, 33, 26, 30, 24, 29,
       38, 42, 32, 39, 44, 37])]
 -- Custo: 
 ---------51.8956025847
 ---------55.6597573049
 ---- Total: 107.55535989
 -- Premio: 
 ---------110.0
 ---------123.0
 ---- Total: 233.0
 - Execucao 4
 -- BestCostGenaration: [-157.4314575050762, -219.48311992068943, -301.3846608997398, -360.86910368334719, -405.93410316074858, -419.93611288224031, -477.97970536928079, -508.45747746529184, -589.46301775819029, -624.13900906649189, -661.15787728577754, -666.02836598389752, -697.44933397732893, -710.41484742090961, -735.12594413897023, -742.3930165051604, -770.32509312202535, -787.34594287141238, -824.3259718991435, -844.92464031226211, -863.80037834616985, -897.3800565407804, -944.05938919716823, -971.13551561419922, -984.00474269446772, -998.70979245937383, -1017.1436970388929, -1032.2139144395076, -1049.7018894937737, -1068.1308402974248, -1072.7576175837746, -1080.3193675832235, -1102.0606228968099, -1110.6278351368414, -1116.0623914630794, -1116.1057683286981, -1130.3052270710336, -1137.8052019069696, -1144.8052019069696, -1181.1779919631499, -1206.2226229771372, -1207.3985844576423, -1209.7045493478083]
 -- BestCostElement: [-1209.70454935 -1208.1111668  -1207.81600553 -1207.39858446]
 -- BestRoute: [[ 0 22 14 15 16  4  9  8  3  7 19 12  1  6  5 11 18 21 17 20 13 10  2]
 [ 0 27 31 25 28 36 41 40 43 45 34 35 33 44 39 42 38 29 30 32 26 24 37]]
 -- Custo: 
 ---------53.5710472643
 ---------53.5028153987
 ---- Total: 107.073862663
 -- Premio: 
 ---------111.0
 ---------123.0
 ---- Total: 234.0
 - Execucao 5
 -- BestCostGenaration: [-150.4230102752864, -193.9567507121871, -242.10693764810216, -273.35320484418969, -367.82336970747531, -421.13629608621693, -481.24619260089241, -508.82489356374356, -552.93845030826753, -584.69956422125802, -602.86382983898091, -625.7369291033682, -662.37464701494525, -711.91857494139379, -727.8944833993246, -740.46647159609961, -786.1279557602104, -789.87842350048925, -801.0102407098567, -829.67693383205892, -852.35590972102648, -862.65871895026828, -872.94514973664729, -881.68477739480386, -894.54997902706361, -909.51938410904518, -925.18501263945495, -939.703434443471, -958.18944605762124, -975.46040095807291, -998.02688876292905, -1012.2047527173368, -1021.9456201457765, -1035.5435122864978, -1051.6475506540287, -1058.9680204644212, -1067.0294196630375, -1072.0294196630375, -1089.1860929099762, -1099.9707319959061, -1104.0001692474291, -1106.6910579442183, -1112.1673535174316, -1115.9257070918547, -1127.0373501077709, -1132.2875869079357, -1133.0373501077709, -1137.6713057533857, -1173.246841545802, -1185.1488062877725, -1192.6713057533857, -1192.7084866137272, -1194.3018691643999, -1197.3653408632197, -1199.9959042742341, -1201.5892868249068]
 -- BestCostElement: [-1201.58928682 -1200.58928682 -1200.58928682 -1200.58928682]
 -- BestRoute: [[ 0 21 18 17 20 13 10 11 12 19 14 22 15 16  4  9  8  3  7  1  6  5  2]
 [ 0 25 28 36 40 41 43 45 34 31 27 35 33 26 24 29 30 32 39 44 42 38 37]]
 -- Custo: 
 ---------57.0140764574
 ---------52.0886018364
 ---- Total: 109.102678294
 -- Premio: 
 ---------111.0
 ---------123.0
 ---- Total: 234.0
 - Execucao 6
 -- BestCostGenaration: [-142.24446459297303, -187.44538708999323, -290.56732485308453, -317.65752193630397, -364.36845376691394, -395.00493051263862, -447.46613239814423, -501.44267906996004, -568.37084043233131, -586.09477120642123, -644.65630429869395, -692.12518039214274, -708.4018705936785, -734.38252349023901, -763.67095829840935, -801.69643592599959, -816.05792028417, -840.26862625977424, -863.54770597068193, -876.09187392639501, -906.52327449579195, -928.5511253944486, -942.37675026680972, -962.06371000679394, -978.04559910470653, -1000.1152575295127, -1006.1152575295127, -1015.6791343334987, -1041.5730660526267, -1044.8786181075823, -1047.55331504629, -1069.0233011635928, -1078.3942624380024, -1087.2395035164611, -1090.2682736842305, -1102.8536051370438, -1108.1410227975505, -1110.4035755434804, -1116.1890072787323, -1120.5878811192408, -1122.9963183825334, -1126.2013232244974, -1127.3951922230419, -1128.4029358318608, -1128.9963183825334, -1129.171246261355, -1176.3501673189903, -1180.0287152111869, -1181.465202569507, -1185.171246261355, -1186.5066484030435, -1187.0597900813532, -1191.1003631762953, -1192.0183442478165, -1192.9889069962937, -1194.6194704073082]
 -- BestCostElement: [-1194.61947041 -1194.61947041 -1194.61947041 -1194.61947041]
 -- BestRoute: [ array([ 0, 22, 15, 16,  9,  4,  8,  3,  7, 14, 19, 12,  6, 11,  5, 10, 13,
       20, 21, 18, 17,  2])
 array([ 0, 27, 25, 28, 36, 40, 41, 43, 31, 34, 45, 35, 33, 30, 26, 24, 29,
       38, 42, 44, 32, 39, 37])]
 -- Custo: 
 ---------53.5617520492
 ---------55.5333803489
 ---- Total: 109.095132398
 -- Premio: 
 ---------110.0
 ---------123.0
 ---- Total: 233.0
 - Execucao 7
 -- BestCostGenaration: [-127.69011988738748, -177.68063701412672, -239.11133730646057, -308.53608897738877, -348.8466391842652, -400.31646900927956, -451.54759248824337, -542.39799621972429, -581.43709667693111, -607.27266492990941, -629.23031220709174, -675.12231463377225, -686.29441667752235, -713.12427283038937, -730.85634522267185, -773.50689910540666, -776.64813492660619, -850.2609376254145, -868.53276763339261, -902.29131780950206, -919.05597959328736, -935.37641690997623, -958.3759172899496, -965.91630409694415, -978.36817368113066, -987.26714015229163, -1013.6811190182627, -1037.5619994165186, -1065.2499285361775, -1092.3394242516379, -1097.331680642819, -1104.2658533838287, -1105.9256423516235, -1120.5672210782207, -1123.2363912734779, -1127.6352651139864, -1128.0218230087298, -1134.8291341125309, -1140.7582510274715, -1180.0287404860574, -1187.9405902925325, -1190.8291341125309, -1195.2245897456137, -1196.3890214926355, -1198.5559987084885, -1198.9108812466291, -1200.4445425284866, -1203.0456686879782]
 -- BestCostElement: [-1203.04566869 -1203.04566869 -1203.04566869 -1203.04566869]
 -- BestRoute: [ array([ 0, 22, 15, 16,  4,  9,  8,  3,  7, 14, 19, 12, 11, 13, 10, 20, 17,
       18, 21,  6,  5,  2])
 array([ 0, 27, 25, 28, 40, 36, 41, 43, 31, 34, 45, 35, 33, 26, 24, 29, 30,
       32, 39, 44, 42, 38, 37])]
 -- Custo: 
 ---------54.0830433846
 ---------52.9055394434
 ---- Total: 106.988582828
 -- Premio: 
 ---------110.0
 ---------123.0
 ---- Total: 233.0
 - Execucao 8
 -- BestCostGenaration: [-123.92287421536261, -155.70385471696119, -241.69721659630062, -362.48401422077904, -387.4670758124746, -432.11408082874493, -471.55373187454472, -563.41779546294617, -583.48544549174164, -657.0413907592598, -693.38453650976749, -711.41208635308999, -775.6184503084786, -854.26586450756099, -891.65589661489821, -909.63285443826271, -926.26284951116781, -936.62511082944388, -952.54552824725545, -984.00772185911615, -991.38281226019171, -1015.3993986655414, -1031.7081593418447, -1053.1443778336882, -1059.8414729555436, -1071.2558340136898, -1079.1144013054363, -1084.0874928934199, -1094.1210465723407, -1100.5209540145327, -1105.5286976233515, -1111.9988872063896, -1117.0133765170035, -1124.9911435975705, -1171.6246665857157, -1176.7003337024635, -1183.4051724331377, -1184.4051724331377, -1189.7007663599334, -1194.3870578609485, -1196.5363346129116]
 -- BestCostElement: [-1196.53633461 -1196.53633461 -1196.53633461 -1196.53633461]
 -- BestRoute: [ array([ 0, 19,  7,  3,  8,  4,  9, 16, 15, 22, 14, 12, 21, 18, 17, 20, 13,
        5,  6, 11, 10,  2])
 array([ 0, 27, 45, 43, 41, 40, 36, 28, 25, 31, 34, 35, 33, 26, 30, 24, 29,
       38, 42, 44, 39, 32, 37])]
 -- Custo: 
 ---------54.5134809604
 ---------54.1024353863
 ---- Total: 108.615916347
 -- Premio: 
 ---------110.0
 ---------123.0
 ---- Total: 233.0
 - Execucao 9
 -- BestCostGenaration: [-165.06498049322107, -234.26747711183299, -268.06282985475542, -315.62563996714704, -325.32754288074864, -392.69051743576188, -480.10352658416946, -514.77208669196887, -536.87472986386263, -618.88486881090546, -659.4956795727478, -677.79935464723167, -699.61496826347729, -725.68094216797158, -753.73605443697238, -785.02269964505967, -809.26709739609782, -821.26921029487005, -892.2585481744311, -914.60169392493867, -927.10827351544435, -954.54300295543817, -971.12479603625684, -983.2219218488882, -1017.2219597975674, -1017.3955043400366, -1027.3141766753383, -1046.3146449758424, -1059.0167478128608, -1071.5463944388298, -1081.4746000549267, -1095.306961259505, -1095.8116997077404, -1097.2054020420928, -1111.154845458248, -1121.6549728021316, -1123.7206317743783, -1126.0637775248861, -1127.6986923101185, -1140.993767178421, -1175.1272492237058, -1187.3961196545533, -1191.4998322257361, -1195.3394583977597, -1198.3951864877604, -1199.492088616917, -1200.492088616917]
 -- BestCostElement: [-1200.49208862 -1200.49208862 -1200.49208862 -1200.49208862]
 -- BestRoute: [ array([ 0, 19, 14, 22, 15, 16,  4,  9,  8,  3,  7, 12,  6, 11,  5, 10, 13,
       17, 21, 18, 20,  2])
 array([ 0, 27, 25, 28, 40, 43, 41, 36, 31, 34, 45, 35, 33, 42, 38, 29, 24,
       26, 30, 32, 44, 39, 37])]
 -- Custo: 
 ---------51.8218967568
 ---------55.805081089
 ---- Total: 107.626977846
 -- Premio: 
 ---------110.0
 ---------123.0
 ---- Total: 233.0
