 - Execucao 0
 -- BestCostGenaration: [-222.7894924914624, -295.77556137412864, -346.52569694388228, -459.80241374279336, -474.85346327724085, -522.47350418408246, -569.89434741063235, -635.02635076702791, -662.08360945925847, -727.86266801022578, -752.51593848465734, -780.39112314407089, -846.52492270215089, -880.58653316575499, -908.50508286543959, -935.82437414073183, -952.91270734100613, -967.0357951826586, -977.00447963515023, -988.99950413736008, -1027.9127103443445, -1057.600090895329, -1068.256678322984, -1075.6951087438533, -1090.0846694788838, -1110.8952090262919, -1118.2709519219857, -1120.255364269457, -1165.2666554264965, -1178.7106963963818, -1184.8221525763834, -1192.3063920749485, -1200.3772751600081, -1202.7204209105157]
 -- BestCostElement: [-1202.72042091 -1202.72042091 -1202.72042091 -1202.72042091]
 -- BestRoute: [array([ 0, 12,  1,  6, 11,  5, 13, 17, 18, 21, 20, 10,  2])
 array([ 0, 19, 14,  7,  3,  8,  9, 15, 22, 23, 16,  4])
 array([ 0, 27, 31, 25, 28, 36, 40, 41, 43, 34, 45, 33, 44, 39, 32, 26, 24,
       30, 38, 29, 37])]
 -- Custo: 
 ---------29.1589768727
 ---------26.5900368346
 ---------49.5708810651
 ---- Total: 105.319894772
 -- Premio: 
 ---------64.0
 ---------48.0
 ---------120.0
 ---- Total: 232.0
 - Execucao 1
 -- BestCostGenaration: [-159.27420511893934, -204.27514752103997, -285.83553285103159, -366.42017648191859, -394.87373155354112, -459.27334757003871, -524.25663989005852, -597.9164537166813, -658.15125595286929, -674.09327054981031, -739.06587213071839, -788.43263278630616, -807.02263289565872, -837.23840245477618, -850.45243415580899, -877.15095877389854, -885.82443835944014, -930.05563053224512, -951.84482975252718, -954.5813891788689, -988.28161069130999, -998.47557587217261, -1026.0546207482278, -1026.4513455285137, -1037.2337409517008, -1044.9952409391685, -1057.1610168496609, -1063.9683279534618, -1072.1195345044589, -1076.5974676963156, -1093.7810304717211, -1100.588341575522, -1106.6997977555238, -1109.6700887096201, -1127.1799043122296, -1172.1104083836653, -1177.5092822241736, -1178.95089562814, -1189.562050737044, -1192.2483422380592, -1201.331654896459, -1207.088829482534, -1211.7305287369677, -1217.129402577476, -1220.088829482534]
 -- BestCostElement: [-1220.08882948 -1220.08882948 -1220.08882948 -1220.08882948]
 -- BestRoute: [array([ 0, 21, 18, 17, 12,  1,  6,  5, 11, 20, 13, 10,  2])
 array([ 0, 22, 19, 14,  7,  3,  8, 15, 23, 16,  9,  4])
 array([ 0, 27, 25, 28, 31, 34, 36, 40, 41, 43, 45, 33, 44, 42, 39, 32, 30,
       26, 24, 29, 38, 37])]
 -- Custo: 
 ---------28.6340364166
 ---------26.2843646654
 ---------49.5593915474
 ---- Total: 104.477792629
 -- Premio: 
 ---------64.0
 ---------48.0
 ---------122.0
 ---- Total: 234.0
 - Execucao 2
 -- BestCostGenaration: [-177.68021590747196, -258.0973767686254, -293.8264950792489, -373.72298077321591, -443.65107198654897, -469.39708694865476, -520.45021058933412, -566.39356597667177, -615.79731054729723, -690.58529651816229, -740.38442450709886, -783.85598300646404, -802.22774123106637, -858.10158972381828, -881.63319793130063, -932.3801654335914, -948.62708804875876, -980.99652463774441, -982.1059098542147, -1022.2050899124595, -1028.342836930939, -1049.508993543425, -1064.7358712805931, -1066.3223721401271, -1089.119947615857, -1106.8356331052385, -1112.3183503287837, -1115.7506323855878, -1120.1875136339718, -1124.2175973347314, -1127.0865209592212, -1135.5579730653722, -1145.0913049909095, -1182.5296682150727, -1194.3034672166989, -1195.75452568276, -1199.7814004085558, -1202.5756046251245, -1203.0976714332678]
 -- BestCostElement: [-1203.09767143 -1203.09767143 -1203.09767143 -1203.09767143]
 -- BestRoute: [array([ 0, 21, 11, 18, 17,  5,  6,  1, 12, 13, 20, 10,  2])
 array([ 0, 27, 31, 34, 45, 43, 41, 40, 36, 28, 25, 22, 19, 14,  7,  3,  8,
       16, 15,  9,  4])
 array([ 0, 26, 24, 30, 32, 33, 39, 44, 42, 38, 29, 37])]
 -- Custo: 
 ---------31.8285870527
 ---------48.6529467025
 ---------26.4940483865
 ---- Total: 106.975582142
 -- Premio: 
 ---------64.0
 ---------115.0
 ---------54.0
 ---- Total: 233.0
 - Execucao 3
 -- BestCostGenaration: [-139.08263721584183, -211.54537254260651, -354.12363686872743, -400.74535854657051, -442.78839510981965, -501.65626449929778, -537.4855893220963, -578.02844309715579, -635.82113380311966, -696.97852244132832, -706.9923700241502, -780.9130337996437, -816.54293453300454, -828.44856650602856, -880.99965712297455, -886.92630570783081, -889.90275499381767, -930.3662294353993, -955.50487477180923, -975.11875446873853, -1033.5974422137874, -1039.3809026657966, -1047.7351892322672, -1070.8328782866529, -1072.5003723659925, -1082.2276900442096, -1091.1602761193055, -1101.7300694017511, -1107.9474341009809, -1114.2285165917435, -1115.4798656077646, -1118.1839685157613, -1119.838808753432, -1124.1230800008939, -1129.5591347017439, -1131.1896981127584, -1133.2698696799625, -1135.580828344448, -1136.5778687673173, -1138.9210145178251, -1141.090948622327, -1143.4019072868123, -1145.0324706978267, -1145.5545375059698, -1147.8605023961359, -1151.8908123862534]
 -- BestCostElement: [-1151.89081239 -1151.89081239 -1151.89081239 -1151.89081239]
 -- BestRoute: [array([ 0, 21, 11,  5,  6,  1, 12, 18, 17, 20, 13, 10,  2])
 array([ 0, 27, 25, 28, 31, 36, 40, 41, 43, 34, 22, 19, 14, 15, 16,  8,  3,
        9,  4])
 array([ 0, 24, 26, 30, 32, 33, 45, 35, 44, 39, 42, 38, 29, 37])]
 -- Custo: 
 ---------27.598403654
 ---------49.6088732768
 ---------42.5700199726
 ---- Total: 119.777296903
 -- Premio: 
 ---------64.0
 ---------105.0
 ---------64.0
 ---- Total: 233.0
 - Execucao 4
 -- BestCostGenaration: [-132.67454440837207, -244.27447084440331, -278.43044110870682, -375.08471474597627, -418.48497924881087, -482.66307568032488, -545.405095271341, -569.41496044236101, -615.48406446181991, -661.20679733872794, -706.14451016528426, -758.83303255715145, -791.75076723127643, -831.284198346062, -853.03075731552462, -882.31697659910117, -924.29706080434437, -947.42707267074388, -983.10243317330389, -992.60468051719499, -996.0918392950947, -1013.0573651308898, -1024.3155985456613, -1030.5680026404405, -1039.1338817018882, -1053.6897759031785, -1083.8106097801196, -1098.2886783297033, -1104.7799667216259, -1114.0734903723078, -1127.6346482996146, -1139.0335221401228, -1140.1614991394458, -1148.3994403433921, -1166.6399467492035, -1172.6551017442621, -1173.6551017442621, -1178.133034936119, -1179.133034936119, -1179.7635983471334, -1180.7635983471334]
 -- BestCostElement: [-1180.76359835 -1180.76359835 -1180.76359835 -1180.76359835]
 -- BestRoute: [ array([ 0, 24, 29, 38, 42, 39, 30, 26, 20, 17, 18, 21, 12,  6, 11,  5, 13,
       10,  2])
 array([ 0, 19, 14,  7,  3,  8,  9, 15, 22, 23, 16,  4])
 array([ 0, 27, 35, 34, 31, 25, 28, 36, 40, 41, 43, 45, 33, 44, 32, 37])]
 -- Custo: 
 ---------46.441484753
 ---------26.5900368346
 ---------41.2775788257
 ---- Total: 114.309100413
 -- Premio: 
 ---------99.0
 ---------48.0
 ---------87.0
 ---- Total: 234.0
 - Execucao 5
 -- BestCostGenaration: [-113.18444052518507, -217.29756217458743, -274.18444570193128, -312.45813679966784, -356.89895188996923, -386.56338341571222, -485.82028554115311, -530.09506329566534, -578.05179075183014, -598.34695202115586, -637.22650297666178, -661.88060155448227, -724.74577957106283, -745.94736025720135, -777.05925781123415, -790.27538293387522, -817.12604890417083, -843.71099982335045, -895.41448062451923, -924.40040933348223, -937.75363319621283, -962.40937953583136, -977.06657351824015, -985.71080664714896, -999.29345772085912, -1011.2934577208591, -1038.5737439376353, -1047.7325640194367, -1049.3893730781933, -1058.5796263112386, -1073.2213872331572, -1075.2843349009399, -1087.0597080091161, -1092.3327570121353, -1092.7165622586085, -1098.7165622586085, -1104.7010750409709, -1108.0999488814793, -1163.0999488814793, -1165.4059137716451, -1166.1184961111385]
 -- BestCostElement: [-1166.11849611 -1166.11849611 -1166.11849611 -1166.11849611]
 -- BestRoute: [ array([ 0, 19, 14, 22, 15, 16,  9,  8,  3,  7, 12,  6,  5, 11, 18, 21, 17,
       20, 10, 13,  2])
 array([ 0, 25, 28, 31, 36, 40, 41, 43, 45, 34, 35, 27,  4])
 array([ 0, 24, 29, 30, 26, 32, 33, 44, 39, 42, 38, 37])]
 -- Custo: 
 ---------49.1595781489
 ---------40.8695498706
 ---------26.1912479528
 ---- Total: 116.220375972
 -- Premio: 
 ---------104.0
 ---------75.0
 ---------54.0
 ---- Total: 233.0
 - Execucao 6
 -- BestCostGenaration: [-165.49840721323076, -219.91113196986524, -301.67279767364312, -326.56536778731038, -417.07915461363473, -488.43013773059397, -530.06070114160843, -606.31182529994044, -627.85164406790409, -688.33500179514181, -758.91712932284963, -804.62606990181507, -808.9834011513932, -841.60024024586539, -891.09595567330973, -927.55953059970966, -931.62585525640122, -963.63815150545361, -988.13057400792422, -992.16001125944717, -1009.423306717139, -1025.4883570201839, -1031.5629829667514, -1055.1422084293893, -1064.1698212263541, -1067.6292071885518, -1085.0514122904078, -1087.3945580409154, -1089.8814781859057, -1102.0760655102424, -1103.7514669893937, -1113.9606161514264, -1124.4719797736202, -1128.2031093427727, -1129.8336727537871, -1134.458339917257, -1136.0889033282715, -1137.4177668223149, -1139.0483302333294, -1140.458339917257, -1142.0889033282715]
 -- BestCostElement: [-1142.08890333 -1142.08890333 -1142.08890333 -1142.08890333]
 -- BestRoute: [array([ 0, 21, 12,  1,  6, 11, 18, 17, 20, 13, 10,  5,  2])
 array([ 0, 27, 31, 34, 43, 41, 40, 36, 28, 25, 23, 15,  9,  8,  3,  7, 14,
       19, 22,  4])
 array([ 0, 24, 29, 38, 42, 39, 44, 45, 35, 33, 32, 30, 26, 37])]
 -- Custo: 
 ---------27.9322541894
 ---------49.4539904858
 ---------44.8415294927
 ---- Total: 122.227774168
 -- Premio: 
 ---------64.0
 ---------105.0
 ---------64.0
 ---- Total: 233.0
 - Execucao 7
 -- BestCostGenaration: [-205.29245644569593, -237.05856970039565, -278.99794628630912, -333.4361894643917, -419.47059239429927, -518.31133897471773, -543.14037126853191, -587.84191123762662, -681.8343876914638, -694.85044911086254, -726.72473313211435, -778.36304806885585, -810.80280557934805, -822.70619381936353, -863.12796202460663, -890.25597801119329, -908.12380184616723, -926.39754043616938, -938.19593623820572, -967.73769379799376, -989.59118090348966, -1013.489224802659, -1030.5018943484638, -1041.5042490550734, -1042.7799513511402, -1067.7242232611395, -1086.2655634115847, -1091.2280503286638, -1096.4347359271383, -1124.2885181131483, -1127.659371277171, -1134.5646081217778, -1158.2067073128676, -1169.5821337405125, -1172.6378618305132, -1177.9995548106799, -1178.712137150173, -1179.6301182216944]
 -- BestCostElement: [-1179.63011822 -1179.63011822 -1179.63011822 -1179.63011822]
 -- BestRoute: [array([ 0, 21,  6,  1, 12, 11,  5, 10, 13, 20, 18, 17,  2])
 array([ 0, 27, 34, 45, 43, 41, 40, 36, 31, 28, 25, 22, 15,  9,  8, 14, 19,
        7,  3,  4])
 array([ 0, 24, 29, 38, 39, 32, 30, 26, 33, 44, 42, 37])]
 -- Custo: 
 ---------31.5339085518
 ---------49.2189683023
 ---------28.5895935905
 ---- Total: 109.342470445
 -- Premio: 
 ---------64.0
 ---------113.0
 ---------54.0
 ---- Total: 231.0
 - Execucao 8
 -- BestCostGenaration: [-185.78413177149088, -206.78672663608722, -253.45954711004612, -336.01194688183142, -440.7841581905866, -495.16971150908591, -560.9564281596414, -642.92068863762461, -662.53838958067126, -679.15666559924807, -720.80820040198205, -757.63722590948419, -791.58138920211672, -834.93050113396907, -854.75568764085506, -883.74362164216666, -909.91041712047502, -935.09160686275686, -939.1687586558553, -958.69161793298053, -992.15936849942204, -1002.8257908122911, -1006.2324082616184, -1013.7267567839465, -1020.5555793351298, -1021.3282476946482, -1029.4824677581264, -1035.2723794225969, -1038.6789968719243, -1049.4416547217522, -1052.6656006834394, -1062.9845418808525, -1065.8317693477761, -1072.1873928898244, -1075.5862667303327, -1076.6785351116587, -1079.4346701128588, -1082.952743742188, -1098.5794562883068, -1110.730645086584, -1119.8391308850491, -1121.6947240257637, -1124.8996430067386, -1137.9229742680859, -1146.4450410762292, -1150.9229742680859, -1154.2366827670708]
 -- BestCostElement: [-1154.23668277 -1154.23668277 -1154.23668277 -1154.23668277]
 -- BestRoute: [ array([ 0, 19, 14,  8,  7,  1, 12,  6,  5, 11, 21, 18, 17, 20, 10, 13,  2])
 array([ 0, 27, 31, 34, 45, 43, 36, 40, 41, 28, 25, 22, 23, 16,  9, 15,  3,
        4])
 array([ 0, 24, 29, 38, 42, 32, 26, 30, 33, 44, 39, 37])]
 -- Custo: 
 ---------41.7852247518
 ---------48.7441565509
 ---------30.4114480056
 ---- Total: 120.940829308
 -- Premio: 
 ---------81.0
 ---------99.0
 ---------54.0
 ---- Total: 234.0
 - Execucao 9
 -- BestCostGenaration: [-193.81278180538709, -268.0837118010524, -279.81441191956321, -406.82055749389821, -450.71030256190363, -476.36312187754913, -540.43214016511456, -630.15217465186902, -672.72296941847503, -702.69414457957316, -708.43780178923271, -733.18106890122885, -756.2838517402754, -791.44791354622816, -833.19649222068711, -887.66134178836307, -892.66134178836307, -933.01439193188662, -954.87645807749254, -964.33923600263245, -966.2670245720351, -984.62181624443895, -986.71201116754844, -999.1313808649669, -1005.4592767514578, -1017.145106291268, -1021.7452778369275, -1032.2168839950025, -1061.5635458755323, -1092.3903952687515, -1093.6516858817733, -1099.1296190736302, -1106.6019494468046, -1111.251060087478, -1115.6096930556232, -1121.2293664447741, -1122.8599298557886]
 -- BestCostElement: [-1122.85992986 -1122.85992986 -1122.85992986 -1122.85992986]
 -- BestRoute: [array([ 0, 19, 12,  1,  6, 11, 21, 18, 17, 20, 13,  5, 10,  2])
 array([ 0, 34, 31, 36, 40, 41, 43, 45, 27, 22, 15, 16,  9, 14,  7,  3,  8,
        4])
 array([ 0, 25, 28, 35, 33, 32, 26, 24, 29, 30, 38, 42, 44, 39, 37])]
 -- Custo: 
 ---------35.2684923615
 ---------49.2362438378
 ---------44.2802813368
 ---- Total: 128.785017536
 -- Premio: 
 ---------73.0
 ---------92.0
 ---------69.0
 ---- Total: 234.0
