 - Execucao 0
 -- BestCostGenaration: [-228.32162487858568, -342.00210175481664, -413.71281869680342, -492.27540477413288, -530.85164574531814, -624.83665348324462, -665.634177480787, -685.68764249148114, -776.47864765995052, -820.793638003468, -891.95786269634004, -926.12487296910899, -946.12487296910899, -978.93847659363951, -998.62604459770967, -1013.4583569741532, -1026.458356974153, -1030.8235561481608, -1032.8371843228583, -1043.0544920478067, -1057.883366010275, -1058.7667021580282, -1073.535113022413, -1084.8351744749432, -1093.645003678113, -1098.6268161657847, -1105.027814004635, -1106.2898839374111, -1115.5157047203027, -1119.344406220441, -1119.9936379121596, -1127.0492449511153]
 -- BestCostElement: [-1127.04924495 -1127.04924495 -1127.04924495 -1127.04924495]
 -- BestRoute: [array([ 0, 21, 18, 17, 20, 13, 11, 12,  6,  5, 10,  2])
 array([ 0, 19, 15, 16, 23, 22, 14,  7,  3,  8,  9,  4])
 array([ 0, 27, 34, 31, 25, 28, 41, 36, 40])
 array([ 0, 26, 24, 29, 30, 32, 33, 44, 42, 38, 39, 37])]
 -- Custo: 
 ---------24.6656212617
 ---------26.5162465172
 ---------19.9481221142
 ---------28.6076988691
 ---- Total: 99.7376887622
 -- Premio: 
 ---------63.0
 ---------48.0
 ---------53.0
 ---------54.0
 ---- Total: 218.0
 - Execucao 1
 -- BestCostGenaration: [-190.66780065480174, -270.7630981004047, -351.94460625988881, -412.21525416140469, -496.4708474148083, -540.24805788709614, -604.15310142983458, -666.65621813924633, -707.87751643311549, -780.4070816765277, -802.6950552869389, -840.05885866771678, -855.55809044389991, -902.37746939454564, -927.24804475855444, -963.69282264774097, -968.57756574198197, -987.98024030824774, -992.82355217004488, -1007.0255974348781, -1012.3981352461731, -1029.1397169717311, -1031.1948696773015, -1044.1449806977473, -1049.7727006831474, -1057.5348412131148, -1069.4715408887025, -1083.4715408887025, -1085.064923439375, -1087.7979936146014, -1092.7345219157819, -1097.420813416797, -1102.1071049178124]
 -- BestCostElement: [-1102.10710492 -1102.10710492 -1102.10710492 -1102.10710492]
 -- BestRoute: [array([ 0, 21, 18, 17, 12,  6, 11,  5, 13, 10,  2])
 array([ 0, 22, 19, 14,  7,  3,  8, 16, 15,  9,  4])
 array([ 0, 27, 34, 31, 36, 25, 28, 40])
 array([ 0, 26, 24, 29, 30, 32, 33, 44, 39, 42, 38, 37])]
 -- Custo: 
 ---------21.8056092918
 ---------25.1817120084
 ---------19.5497764765
 ---------25.4361259939
 ---- Total: 91.9732237705
 -- Premio: 
 ---------60.0
 ---------47.0
 ---------49.0
 ---------54.0
 ---- Total: 210.0
 - Execucao 2
 -- BestCostGenaration: [-185.77878778952996, -307.60815335660146, -363.90467184693648, -494.8796641464387, -557.31386608294395, -600.65353673811808, -646.45189359936353, -697.66321148565248, -738.2117673525172, -853.95792047842633, -887.82103078638102, -926.08658874153002, -927.43747810085642, -966.88600182849052, -969.88101673016649, -986.10730469544546, -1010.6100053623627, -1013.4200736297371, -1045.5254238195635, -1047.1745344602371, -1051.6166511825159, -1063.1314501622594, -1072.4644148534223, -1088.9831281943709, -1093.8030013297644, -1102.4736627459743, -1113.5381680464777, -1118.6124433661378, -1127.7990081509502, -1131.125405267554, -1154.7009088275363, -1160.6366897364519, -1161.8267118505487]
 -- BestCostElement: [-1161.82671185 -1161.82671185 -1161.82671185 -1161.82671185]
 -- BestRoute: [array([ 0, 21, 12,  6,  5, 11, 18, 17, 20, 13, 10,  2])
 array([ 0, 19, 22, 14,  7,  3,  8,  9, 15, 23, 16,  4])
 array([ 0, 27, 25, 28, 31, 34, 41, 36, 40])
 array([ 0, 35, 43, 45, 44, 26, 24, 29, 30, 32, 39, 38, 37])]
 -- Custo: 
 ---------24.7699765293
 ---------27.6479592272
 ---------19.9481221142
 ---------39.6772641668
 ---- Total: 112.043322037
 -- Premio: 
 ---------63.0
 ---------48.0
 ---------53.0
 ---------66.0
 ---- Total: 230.0
 - Execucao 3
 -- BestCostGenaration: [-213.78963606422025, -296.23181967334369, -358.71194196342992, -453.21921306277392, -493.68745282362829, -565.94033206232507, -634.62651687842504, -690.59525805239798, -732.78374463242255, -774.27608746364308, -804.3875436436449, -837.40743714054076, -876.03500528641189, -894.81258995783651, -909.14095968017421, -951.40676347126077, -972.11934581075411, -992.32371091981395, -1014.3568910772749, -1029.4264458393177, -1033.920088307224, -1042.0328870475175, -1048.2506265841382, -1053.9865401849788, -1056.5888884213157, -1064.1969673367519, -1066.082509147343, -1076.4450354126607, -1077.1576177521538]
 -- BestCostElement: [-1077.15761775 -1077.15761775 -1077.15761775 -1077.15761775]
 -- BestRoute: [array([ 0, 21, 12,  6,  5, 11, 18, 17, 20, 13, 10,  2])
 array([ 0, 22, 23, 16, 15,  9,  8, 14, 19,  7,  3,  4])
 array([ 0, 27, 34, 36, 31, 25, 28, 40])
 array([ 0, 33, 26, 30, 29, 32, 39, 44, 42, 38, 24, 37])]
 -- Custo: 
 ---------24.7699765293
 ---------29.7477336082
 ---------19.3716308916
 ---------31.3212545329
 ---- Total: 105.210595562
 -- Premio: 
 ---------63.0
 ---------48.0
 ---------49.0
 ---------54.0
 ---- Total: 214.0
 - Execucao 4
 -- BestCostGenaration: [-255.50894411679892, -329.52452499565936, -395.50812953842319, -507.87048411169354, -551.17563941586673, -648.42555161174153, -698.67505763299368, -773.76199856100197, -845.70515237645975, -858.83992246583227, -892.64286917502159, -905.96681550324763, -946.92169408747407, -957.73719428900938, -959.23536306432447, -985.11206894185932, -1005.4469586965508, -1011.6085215760751, -1013.0775221075651, -1036.8458325370593, -1045.140993806385, -1075.1179156357202, -1079.2527030770693, -1079.4316241347051]
 -- BestCostElement: [-1079.43162413 -1079.43162413 -1079.43162413 -1079.43162413]
 -- BestRoute: [array([ 0, 21, 18, 17, 12,  6, 11, 10, 13,  5,  2])
 array([ 0, 19,  7, 14, 22, 15, 16,  9,  8,  3,  4])
 array([ 0, 27, 34, 36, 31, 25, 28, 40])
 array([ 0, 24, 29, 30, 26, 32, 33, 44, 39, 42, 38, 37])]
 -- Custo: 
 ---------24.3176054121
 ---------27.7616097098
 ---------19.3716308916
 ---------26.1912479528
 ---- Total: 97.6420939663
 -- Premio: 
 ---------60.0
 ---------47.0
 ---------49.0
 ---------54.0
 ---- Total: 210.0
 - Execucao 5
 -- BestCostGenaration: [-223.37810174175644, -302.23827464664316, -431.77061208118346, -475.11375783169103, -556.43387034050079, -617.9779512308495, -687.40079363870996, -744.00945635287064, -773.81235999530259, -854.81218137980511, -876.58324433227995, -904.63525873333367, -934.00519647701321, -957.94419271807237, -968.96633473487145, -979.92775297210085, -995.39133562286474, -1006.2151706326077, -1016.1598098433519, -1035.4220350072956, -1043.534758049391, -1054.6009560649313, -1062.6221553826799, -1083.4334643058883, -1096.2313124217958, -1100.5527645295995, -1104.2313124217958, -1106.5744581723036]
 -- BestCostElement: [-1106.57445817 -1106.57445817 -1106.57445817 -1106.57445817]
 -- BestRoute: [array([ 0, 21, 18, 12,  6, 11, 17, 13, 10,  5,  2])
 array([ 0, 19, 14, 22, 15,  7,  3,  8,  9, 16,  4])
 array([ 0, 27, 25, 28, 31, 36, 43, 40])
 array([ 0, 26, 24, 29, 30, 32, 33, 44, 39, 42, 38, 37])]
 -- Custo: 
 ---------23.1907628013
 ---------25.9595201325
 ---------19.7699765293
 ---------25.4361259939
 ---- Total: 94.3563854569
 -- Premio: 
 ---------60.0
 ---------47.0
 ---------51.0
 ---------54.0
 ---- Total: 212.0
 - Execucao 6
 -- BestCostGenaration: [-210.58523699684844, -287.94472842003472, -368.57989805170394, -419.57854375539995, -545.66218797444162, -572.47040806423888, -635.54914048858564, -697.57732282032225, -782.47908373905261, -852.45367669546499, -860.24678904296434, -876.38849384607965, -919.71974048661309, -951.96727413354267, -970.80882849291424, -973.0575628039096, -994.89083272576329, -1008.1583157979619, -1025.3728234394916, -1031.8451042682229, -1037.7535309370751, -1043.4784028089161, -1046.0966766875829, -1057.6202294072332, -1066.7064137198136, -1069.3671188342014, -1076.7355364521306, -1089.9419541552149, -1091.3935965085939, -1096.1324696865649, -1100.0689979877452, -1102.7230088116235, -1102.8744892775812, -1106.180454167747, -1106.8577962529725]
 -- BestCostElement: [-1106.85779625 -1106.85779625 -1106.85779625 -1106.85779625]
 -- BestRoute: [array([ 0, 21, 18, 17, 11, 12,  6,  5, 13, 10,  2])
 array([ 0, 19, 14,  7,  3,  8, 15, 22, 23, 16,  9,  4])
 array([ 0, 27, 34, 36, 31, 25, 28, 40])
 array([ 0, 26, 24, 30, 32, 39, 33, 44, 42, 38, 29, 37])]
 -- Custo: 
 ---------21.6076988691
 ---------25.2403183744
 ---------19.3716308916
 ---------26.3159028016
 ---- Total: 92.5355509368
 -- Premio: 
 ---------60.0
 ---------48.0
 ---------49.0
 ---------54.0
 ---- Total: 211.0
 - Execucao 7
 -- BestCostGenaration: [-196.20033886177026, -295.3561354257555, -391.44258656815066, -465.66936707237312, -556.6757174835991, -627.09823943754839, -635.33857042596492, -697.76841925499798, -759.15193740060977, -800.56042976098956, -857.76726460180771, -870.09582479657934, -891.33047394421578, -913.45246740474613, -933.37733860644096, -963.19815668181025, -971.37977826945712, -989.48557434231691, -1004.0391911128343, -1018.4480682009682, -1019.7740712005843, -1035.8700400743551, -1036.3866703864808, -1042.6954444181129, -1042.8046067054288, -1050.2365170862104, -1064.60634756526, -1068.9639826263815, -1074.755624317223, -1083.0018679385739, -1084.8904117585721, -1085.6029940980654]
 -- BestCostElement: [-1085.6029941 -1085.6029941 -1085.6029941 -1085.6029941]
 -- BestRoute: [array([ 0, 21, 18, 17, 11,  6,  5, 13, 20, 10,  2])
 array([ 0, 12,  3,  8,  7, 14, 19, 22, 23, 16, 15,  9,  4])
 array([ 0, 27, 34, 31, 25, 28, 36, 40])
 array([ 0, 24, 29, 30, 26, 32, 39, 33, 44, 42, 38, 37])]
 -- Custo: 
 ---------23.4295532842
 ---------35.0488969542
 ---------18.0219124315
 ---------26.5988888055
 ---- Total: 103.099251475
 -- Premio: 
 ---------55.0
 ---------56.0
 ---------49.0
 ---------54.0
 ---- Total: 214.0
 - Execucao 8
 -- BestCostGenaration: [-205.75789277626492, -278.81906849183002, -365.42703009077354, -490.94238871291759, -525.87639309454494, -583.40440668426982, -658.30451869864464, -717.22607882967293, -768.10415165591291, -797.37570391365728, -875.78322950958113, -881.77629017585809, -932.42383416088353, -953.8101074832, -995.52268982269334, -997.65249729039488, -1019.2018050090833, -1023.0995626662349, -1043.3947304633484, -1053.883158956125, -1063.2759268064583, -1073.883158956125, -1082.3796393776411, -1082.9105481365179, -1096.8020681629716, -1096.8575725694977, -1101.801844479497, -1104.8575725694977]
 -- BestCostElement: [-1104.85757257 -1104.85757257 -1104.85757257 -1104.85757257]
 -- BestRoute: [array([ 0, 21, 18, 17, 11, 12,  6,  5, 13, 10,  2])
 array([ 0, 22, 19, 14,  7,  3,  8,  9, 15, 16,  4])
 array([ 0, 27, 34, 31, 25, 28, 36, 40])
 array([ 0, 26, 32, 33, 44, 39, 42, 38, 30, 24, 29, 37])]
 -- Custo: 
 ---------21.6076988691
 ---------25.1619471705
 ---------18.0219124315
 ---------26.4940483865
 ---- Total: 91.2856068576
 -- Premio: 
 ---------60.0
 ---------47.0
 ---------49.0
 ---------54.0
 ---- Total: 210.0
 - Execucao 9
 -- BestCostGenaration: [-200.34877329973352, -313.89363591716096, -418.29173634334398, -471.04430183953286, -555.97109160630657, -637.12370587218777, -676.04111250674191, -737.52250888086678, -792.59527365516772, -819.60440955244712, -853.34825579029655, -898.40426736027882, -945.43700517487855, -973.82965193209577, -1001.4588005004987, -1007.8140642795671, -1018.4548478640939, -1029.1608261469707, -1045.6213732680453, -1045.6748006469668, -1055.7947111677004, -1071.1500887808988, -1072.8351744749432, -1083.836380281914, -1084.6299625788297, -1085.342544918323, -1087.2310887383212, -1087.9436710778145, -1088.6562534173077]
 -- BestCostElement: [-1088.65625342 -1088.65625342 -1088.65625342 -1088.65625342]
 -- BestRoute: [array([ 0, 21, 18, 12,  6,  5, 11, 17, 13, 10,  2])
 array([ 0, 22, 19, 14,  7,  3,  8,  9, 16, 15,  4])
 array([ 0, 27, 34, 36, 31, 25, 28, 40])
 array([ 0, 26, 32, 39, 44, 33, 30, 24, 29, 38, 42, 37])]
 -- Custo: 
 ---------22.0284851411
 ---------25.767498446
 ---------19.3716308916
 ---------28.1683221669
 ---- Total: 95.3359366457
 -- Premio: 
 ---------60.0
 ---------47.0
 ---------49.0
 ---------54.0
 ---- Total: 210.0
