 - Execucao 0
 -- BestCostGenaration: [-51.89327901336739, -85.291370028384989, -112.81248801452718, -153.6740148834044, -188.05386660609764, -207.43419321694697, -242.09967610763385, -255.79937703552071, -296.7817034211663, -350.07684651262878, -372.3416167234667, -392.23702294785289, -424.6977366814715, -494.48381733209385, -511.36348973580868, -539.71477851413579, -568.98633077188038, -579.21750592448552, -594.27653319064405, -611.52752625951712, -653.91030064214794, -661.71186177885113, -686.36097241952461, -696.86327942654793, -714.41387498538461, -736.0864992755919, -766.71980529086636, -784.94822622528181, -798.22014539938937, -853.90008971205225, -862.87791613008699, -874.93941792559156, -882.94408101442014, -896.85947684011467, -914.51848002855763, -921.94807419323433, -928.74582187425119, -931.28426718779724, -949.86206208594126, -956.80633399594035, -982.59217268403722, -996.0291402582078, -1004.8249344539431, -1012.1113657193137, -1019.4951278279199, -1024.6555016558964, -1026.3564467968502, -1035.4093791007135, -1037.7525248512213, -1038.0956706017289, -1045.849426980378, -1057.48521912767, -1064.1584684449879, -1066.0392686561672, -1071.7518509956606, -1072.2064529261697, -1076.7635633573952, -1080.370795507062, -1083.9307476273977, -1092.5318737868893, -1094.6170391284129, -1097.5505074175717, -1100.1144527167216, -1102.1996180582453, -1104.6845040060468, -1108.6582131675689, -1112.0881618782437, -1113.7187252892581, -1116.7592983842001, -1119.815026474201, -1120.4084090248737, -1121.4084090248737]
 -- BestCostElement: [-1121.40840902 -1121.40840902 -1120.40840902 -1120.40840902]
 -- BestRoute: [[ 0 26 30 24 29 37 38 42 39 32 44 33 35 27 34 43 41 40 36 31 28 25 21 18
  17 20 13 10  2  5 11  6 12  7  3  8  9  4 16 15 14 22 19  0]]
 -- Custo: 
 ---------111.647897744
 ---- Total: 111.647897744
 -- Premio: 
 ---------224.0
 ---- Total: 224.0
 - Execucao 1
 -- BestCostGenaration: [-51.89327901336739, -75.663443295861299, -109.97254541886542, -131.63044900980373, -192.5206960113369, -202.61646789968231, -252.21465736643839, -262.15673110204244, -273.85428502192497, -292.73610099451741, -323.94513907293526, -350.60692987710496, -350.98763271871002, -379.66084651708735, -394.23000073625792, -424.99535158862142, -432.6346585644597, -495.2999532779744, -516.35568136797519, -538.73889998882964, -549.0656835352238, -565.18985898396249, -594.27340544157403, -625.99375403813258, -677.97316330954209, -702.31526309328569, -731.60785436954257, -739.16479038860871, -763.45857761757952, -795.15641883617695, -805.03532961229723, -832.55700689527521, -834.43209970905082, -856.91953112568331, -864.04750812500629, -878.97606779958051, -891.23007572123129, -901.98966720655812, -910.47361957038459, -928.2000075552005, -949.49804294293119, -956.48646773680161, -970.79330464714781, -986.7473083494117, -997.22127861940703, -999.40219598112594, -1023.6959078087714, -1033.0262712418262, -1045.9666884984406, -1052.703513737958, -1059.7697812229151, -1066.7305955179033, -1071.0118771934854, -1084.901043434772, -1086.2413933991422, -1093.0041335846665, -1093.6981686945005, -1100.8597613922284, -1102.4545701310744, -1103.8520177834098, -1106.2413933991422, -1111.2742228852655, -1120.0425333147596, -1122.306619713919, -1127.0425333147596, -1158.1104546256881, -1160.3745410248475, -1181.0425333147596, -1183.931077134758, -1186.1951635339174, -1187.1951635339174]
 -- BestCostElement: [-1187.19516353 -1186.19516353 -1186.19516353 -1186.19516353]
 -- BestRoute: [[ 0 24 26 32 39 42 38 37 29 30 44 33 35 34 31 25 28 36 40 41 43 45 27 22
  19 14 15 16  4  9  8  3  7 12  6 11  5  2 10 13 20 17 18 21  0]]
 -- Custo: 
 ---------110.951209117
 ---- Total: 110.951209117
 -- Premio: 
 ---------233.0
 ---- Total: 233.0
 - Execucao 2
 -- BestCostGenaration: [-51.89327901336739, -76.946671438916553, -127.05760358788127, -159.66211347389842, -187.8358755084065, -220.13719686891383, -244.89160359840733, -262.69497618158681, -289.81022972571907, -293.23967370678156, -323.84973863887245, -335.19688818326824, -356.09153799344193, -382.53702601648405, -391.17376253910186, -429.9126357170731, -459.31745293815538, -515.29576745883173, -522.49437064828066, -532.66943601420371, -572.96769759120798, -596.38786003794371, -629.82922015643851, -633.05367372941566, -661.03587918007611, -694.36011354564471, -714.76725460144939, -733.37056434485748, -745.91557485828389, -750.05901823310433, -762.18425845321713, -779.45781098834868, -813.73133768073376, -813.95035326823745, -840.03773700371403, -876.28263070700473, -889.99521304649784, -899.48631704144054, -905.93948495649704, -915.67376093869427, -932.0695408228537, -945.1093849688225, -956.8034200786567, -964.23944083517915, -984.8437886343113, -997.17121904899886, -997.18637404405763, -1012.7311711693344, -1020.7518704355377, -1029.1101711811041, -1035.9017132828521, -1039.3962834455465, -1041.2634062630189, -1046.1300450098429, -1051.6142956223453, -1056.5585675323446, -1062.0368037116318, -1067.5320652633964, -1069.0368037116318, -1078.2087720133227, -1079.723095212647, -1086.723095212647, -1086.9810756216309, -1087.2374184119712, -1093.260749673319, -1099.6673671226463, -1101.4356775521403, -1105.6673671226463, -1107.260749673319, -1110.3164777633197, -1111.9098603139923]
 -- BestCostElement: [-1111.90986031 -1111.90986031 -1110.90986031 -1110.90986031]
 -- BestRoute: [[ 0 26 24 30 29 37 38 32 39 42 44 33 35 34 31 36 43 41 40 28 25 27 21 18
  17 20 10  2 13  5 11  6 12  7  3  8  9  4 16 15 22 14 19  0]]
 -- Custo: 
 ---------114.022534922
 ---- Total: 114.022534922
 -- Premio: 
 ---------224.0
 ---- Total: 224.0
 - Execucao 3
 -- BestCostGenaration: [-51.89327901336739, -76.289530471867948, -114.0004627942017, -143.77841909578913, -182.84300017709009, -216.55309806289483, -231.39626547247778, -260.73000872794842, -279.6295839990371, -301.85648953785471, -332.71099828500758, -356.03557365762344, -387.20600885061964, -393.83778448349716, -431.54835369483362, -459.75324506554057, -485.9981608331093, -526.48272692579906, -532.48272692579906, -551.12456506555066, -582.82103706053067, -608.77643055712963, -633.56339354224542, -649.27866999236903, -655.34552700537142, -693.15367944462093, -701.23825802048896, -741.05817637323219, -767.48717978890386, -789.09493238954519, -827.67272728768921, -841.44152175475301, -860.88986082209863, -874.56828666748379, -912.93081898699245, -916.58940307449268, -933.47896957946386, -948.44351855713001, -958.50857062197997, -973.1575174716603, -979.73235279267396, -988.46537599082728, -1006.1871185141764, -1009.5859923546849, -1013.6974485346866, -1026.550035996783, -1036.6274500881982, -1047.3137415892136, -1057.0289751914358, -1060.6711650998552, -1073.3406084417636, -1076.2058210004143, -1081.8645046770082, -1084.7914886650842, -1085.2805577003603, -1093.3424378688651, -1096.2694218569409, -1098.0287293698802, -1104.3545871984647, -1106.3750750341978, -1107.3951602934069, -1107.9684575848705, -1111.0090306798127, -1111.5896690035711, -1112.6101568393042, -1113.6101568393042, -1166.6101568393042, -1168.6101568393042]
 -- BestCostElement: [-1168.61015684 -1167.61015684 -1167.61015684 -1167.61015684]
 -- BestRoute: [[ 0 28 25 34 45 43 41 40 36 31 27 35 33 26 30 32 39 44 42 38 37 29 24 20
  17 21 18 13 10  2  5 11  6 12  7 14 22 15 16  4  9  8  3 19  0]]
 -- Custo: 
 ---------115.59746079
 ---- Total: 115.59746079
 -- Premio: 
 ---------233.0
 ---- Total: 233.0
 - Execucao 4
 -- BestCostGenaration: [-51.89327901336739, -94.644664368591776, -124.94667143891655, -151.8010637235223, -190.07595374352184, -209.15051253822384, -240.02144590130283, -268.48577494405367, -283.74775314662361, -306.55942397222805, -325.51243575111891, -360.42524457753939, -369.53670075754115, -420.35861482694958, -454.97468892735014, -470.3142506196624, -475.66040895015095, -492.0917929535189, -512.64987538241303, -548.39359899077476, -549.73704325019992, -599.75025258159121, -606.15100267812841, -637.87441926742576, -655.02812553793262, -662.95381181826883, -695.79055594133615, -698.70923308094166, -710.61009447802803, -745.75074606871408, -751.56670203077363, -772.31366339923443, -790.58180771743912, -815.98068155794761, -826.32814707679404, -837.89467762177037, -859.54810549272133, -878.00613380177208, -905.83395844593156, -923.06564801643754, -940.95698762257314, -943.56570560720047, -956.42855507699323, -962.62895360396772, -978.77823035593065, -983.46452185694602, -989.46452185694602, -1002.3763969382918, -1011.0099199264366, -1032.1064199944135, -1047.736983405428, -1050.6021959640786, -1054.0466339853674, -1058.1371504392177, -1060.1458421060938, -1072.2300593895604, -1072.523122738789, -1073.8839540619222, -1075.8318013845301, -1084.7378538599601, -1094.62822710706, -1096.9065957626833, -1098.6688002020021, -1104.712519709989, -1110.0618710397657, -1114.4139662060629, -1117.4545393010051, -1118.4050167902733, -1119.1024441347079, -1119.815026474201, -1121.4455898852154, -1122.1581722247088, -1175.1581722247088, -1178.7515547753815]
 -- BestCostElement: [-1178.75155478 -1177.75155478 -1177.75155478 -1177.75155478]
 -- BestRoute: [[ 0 26 30 24 29 37 38 42 39 32 44 33 35 27 31 34 45 43 41 40 36 28 25 21
  18 17 20 13 10  2  5 11  6 12  7  3  8  9  4 16 15 22 14 19  0]]
 -- Custo: 
 ---------113.062111306
 ---- Total: 113.062111306
 -- Premio: 
 ---------233.0
 ---- Total: 233.0
 - Execucao 5
 -- BestCostGenaration: [-51.89327901336739, -94.644664368591776, -115.37417178235467, -178.02380645406515, -210.42268029457361, -213.79986049237812, -236.07953454406601, -251.81681846466091, -302.49654136115231, -303.61028936728695, -319.64078026488028, -423.68057135022752, -443.87113187797979, -455.13235645850438, -461.6026995894855, -483.09923228919001, -512.24871826510389, -526.770785073247, -558.62150832128395, -579.56795026280531, -611.41846645669261, -628.86998240235516, -646.98143858235699, -671.88044968935992, -690.03971916962905, -700.1030051384671, -727.95151307869901, -753.58847156460081, -755.15302439377456, -759.45503717128224, -798.40278176024901, -802.52166446153933, -829.17986940024571, -830.80278929595625, -869.51241205831911, -872.65015907679867, -892.79683704102263, -906.65790268561761, -916.87025417359018, -950.30171167866638, -955.99574678850058, -972.23673118544536, -972.60688456313483, -996.75480481477439, -1001.2035853257212, -1005.1056941741009, -1009.8489195720879, -1018.9468107237082, -1027.8898768267363, -1030.885092795048, -1037.0582669037099, -1040.0665224971003, -1050.2210894509737, -1061.3325456309753, -1062.0906637323633, -1073.3853141438458, -1078.5320105781152, -1080.8751563286228, -1093.1920112406524, -1093.4499916496363, -1097.4237008111584, -1098.8968499713269, -1106.1842676318336, -1111.9573620930159, -1118.5430010348698]
 -- BestCostElement: [-1118.54300103 -1118.54300103 -1117.8304187  -1117.54300103]
 -- BestRoute: [[ 0 33 44 39 32 42 38 37 29 30 26 24 20 13 10  2  5 11 17 18 21  6 12  7
   3  8  9  4 16 15 14 19 22 34 43 41 40 36 28 25 31 27  0]]
 -- Custo: 
 ---------110.614249741
 ---- Total: 110.614249741
 -- Premio: 
 ---------223.0
 ---- Total: 223.0
 - Execucao 6
 -- BestCostGenaration: [-51.89327901336739, -83.954415047735424, -131.58731412320148, -153.70869657712194, -177.45457957486605, -218.43328900491457, -235.4894018047728, -271.96240963408195, -299.90270384828159, -313.74866280382662, -367.56144748285789, -387.70660099288369, -403.87891369513653, -430.37162889053809, -463.92442044302135, -484.93216405184018, -499.09362289407937, -543.75777478005193, -550.68681461918152, -593.18558144547387, -596.91819459272006, -605.76214541701415, -652.94281580000768, -659.09296873398068, -684.66650500457899, -732.67424861339782, -735.3521003281669, -765.46121159851373, -790.86324730572414, -796.35104810703615, -813.38531411386737, -827.14681410133528, -845.37641053459174, -846.78965111717275, -857.08124926526602, -868.872251353602, -887.19948370972293, -899.483992461345, -910.26266030034162, -937.27558348394086, -968.46941662441805, -972.03672830899768, -982.77906574389431, -988.99277393736156, -1002.5304963947283, -1013.0990158593079, -1033.6471664517794, -1036.5428564494471, -1046.0647310947049, -1051.4253755819236, -1062.0832634330995, -1072.7695549341149, -1077.9269840762254, -1093.1056980797111, -1096.217154259713, -1103.2248978685318, -1106.9034457607281, -1115.7919895807263, -1116.7919895807263, -1118.087150850052, -1169.7919895807263, -1170.7919895807263, -1172.087150850052, -1176.4860246905605, -1177.0794072412332, -1178.0794072412332, -1179.0794072412332, -1180.9207336826512]
 -- BestCostElement: [-1180.92073368 -1179.92073368 -1179.92073368 -1179.92073368]
 -- BestRoute: [[ 0 27 25 28 31 36 40 41 43 45 34 35 33 26 30 32 44 39 42 38 37 29 24 21
  18 17 20 13 10  2  5 11  6 12  7  3  8 14 22 15 16  9  4 19  0]]
 -- Custo: 
 ---------112.519816579
 ---- Total: 112.519816579
 -- Premio: 
 ---------233.0
 ---- Total: 233.0
 - Execucao 7
 -- BestCostGenaration: [-35.887796935870853, -79.065347196700145, -122.6845709643376, -164.05812761891826, -170.86761208756823, -216.86047249570916, -224.72417212508108, -270.7150402025992, -302.66597489635922, -304.39643775183038, -353.20677577007592, -358.67831888437593, -382.35652802118994, -439.14144462971711, -464.33097113860356, -477.12618848182615, -485.04355347809678, -501.27104371978425, -543.00071594405108, -562.07299599939188, -588.96668094350525, -597.71968682701151, -621.67168409599526, -641.9661078000596, -646.3188751934598, -653.27664709301712, -660.2541275446215, -676.0321237047458, -687.0754488353208, -699.78803117481402, -713.82194292234567, -725.95061043267583, -754.60768836564284, -761.84197151588603, -766.70718407453683, -779.17056321554878, -782.43910458515643, -786.29683614176088, -793.28509935412785, -797.31845925198468, -817.90045899876054, -837.94998750747118, -871.94998750747118, -894.51570249082511, -921.15843940774448, -932.82941098980973, -943.51570249082511, -946.02323672519788, -964.47814379758745, -971.7875562189206, -978.22098405020006, -984.01245682447507, -998.47907809366507, -1004.1731132034993, -1018.9189081625129, -1028.5642434351889, -1034.3927834353244, -1036.6987483254902, -1038.7606859076509, -1047.3850398265056, -1049.4469774086663, -1053.8458512491748, -1054.674357667913, -1062.2595687222852, -1065.2749032740701, -1070.3414349849111, -1074.5731245554171, -1075.628852645418, -1078.9719983959255, -1080.5653809465982, -1081.6211090365991, -1082.3336913760922, -1085.2516724476136, -1086.3074005376143, -1087.0199828771076]
 -- BestCostElement: [-1087.01998288 -1086.30740054 -1085.25167245 -1084.67683713]
 -- BestRoute: [[ 0 25 28 40 43 36 41 34 31 27 22 15 16  4  9  8  3  7 14 19 12  6 11  5
   2 10 13 18 24 29 37 38 42 44 33 39 32 30 26 20 17 21  0]]
 -- Custo: 
 ---------118.495004281
 ---- Total: 118.495004281
 -- Premio: 
 ---------223.0
 ---- Total: 223.0
 - Execucao 8
 -- BestCostGenaration: [-51.89327901336739, -83.880053327051982, -118.79700079688945, -160.8331216036575, -201.43093155419359, -221.71093782846052, -237.49265583391067, -277.63167142296248, -287.75087121178302, -312.31963063955482, -326.87764023329169, -373.91856438043197, -454.47242922950926, -469.00352721089013, -487.18368371522041, -498.09256169232998, -522.55442190276301, -564.2540866143637, -588.71824932948903, -609.77397741948994, -632.22159502764475, -652.38877929764726, -668.07760076444117, -686.41112153653125, -700.85171104783012, -725.16246430439912, -747.02533207012357, -763.01989454092006, -787.92319944979499, -829.59341880092416, -830.26432151514268, -834.76965774075506, -872.29453120391702, -881.1929072531791, -902.7724643957738, -922.47624804768986, -931.84568463667551, -938.67450718785881, -939.53130509958783, -946.08962274753844, -960.20599538851445, -973.20599538851445, -975.26524073670294, -979.19437648890164, -1001.8538238467022, -1005.3058326689033, -1016.6117975590691, -1038.6381684705816, -1039.4511653256654, -1050.1044827628257, -1063.817065102319, -1069.8170651023188, -1075.511100212153, -1077.7718764072742, -1085.4995057384385, -1088.3763127708039, -1091.6822776609697, -1097.4320408608046, -1097.7272021301303, -1098.1755342794711, -1100.4739193518112, -1101.1122263716447, -1104.1602108528266, -1106.4739193518112, -1106.8542459626606, -1109.1789265140715, -1113.8280371547451, -1114.6381440446835, -1115.6381440446835, -1115.6458876535021, -1117.6787171396254, -1123.2207229745159, -1125.2612960694578, -1157.4760061903471, -1162.0331670202963, -1165.0585851201797, -1166.1933725615288, -1168.2085275565876, -1169.2085275565876, -1169.2162711654064, -1170.8096537160791, -1171.8096537160791, -1172.4402171270935, -1173.4479607359124, -1174.4479607359124]
 -- BestCostElement: [-1174.44796074 -1174.43280574 -1173.44796074 -1173.44021713]
 -- BestRoute: [[ 0 26 24 30 29 37 38 42 32 39 44 33 35 27 34 36 40 41 43 45 31 28 25 22
  14  7  3  8  9  4 16 15 19 12  6 11  5  2 10 13 20 17 18  0]]
 -- Custo: 
 ---------110.638009816
 ---- Total: 110.638009816
 -- Premio: 
 ---------231.0
 ---- Total: 231.0
 - Execucao 9
 -- BestCostGenaration: [-51.89327901336739, -77.821641618207963, -127.05760358788127, -151.62013618335234, -180.0215319709778, -215.2026134468037, -223.96306566105426, -262.46740361333212, -277.53143904929897, -287.68573515970809, -316.86809120458645, -348.84682598082816, -361.75331609608054, -413.85496699082222, -425.75899105609903, -444.16456887821653, -470.16456887821653, -500.68303435298122, -524.38755982286796, -559.81426391567857, -573.41440236451649, -582.24319462285916, -608.90593971682551, -636.62186948257772, -660.82240084610555, -683.75413995374902, -715.70075659763233, -732.48119989874181, -767.20878989631888, -781.65175277389358, -836.55961912280964, -857.34280063726032, -866.53350030433228, -893.37929873136045, -894.81599314383027, -919.79349599851355, -922.03324779201932, -926.48173054428321, -947.13518222664061, -967.38051188977045, -979.77264002848392, -992.33695862499712, -1000.9784789864784, -1013.5811913303412, -1021.5195641790251, -1030.5735237027566, -1038.984748767647, -1047.9261816283524, -1052.6124731293676, -1070.9741661095343, -1073.9508348481868, -1081.6976384708914, -1086.9802720997097, -1095.5485696188753, -1100.3839299719066, -1104.6833570602244, -1109.8917153693828, -1114.0265028107322, -1115.4487079125881, -1116.8917153693828, -1118.4253766512406, -1125.3139204712388, -1126.8475817530966, -1129.7127943117473, -1131.4224170741102]
 -- BestCostElement: [-1131.42241707 -1131.42241707 -1130.70983473 -1130.42241707]
 -- BestRoute: [[ 0 22 15 16  4  9  8  3  7 14 19 12  6 11  5  2 10 13 17 18 21 20 24 26
  30 29 37 38 42 39 32 44 33 35 34 25 28 36 40 41 43 31 27  0]]
 -- Custo: 
 ---------109.144395731
 ---- Total: 109.144395731
 -- Premio: 
 ---------224.0
 ---- Total: 224.0
