 - Execucao 0
 -- BestCostGenaration: [-239.6750786231126, -318.40634207681416, -412.06508267898994, -460.62468603004163, -528.28133265062161, -596.94636285227216, -682.23813703547921, -781.48669585644836, -832.77454860019839, -874.38028221410968, -909.16728859943646, -934.63751520654148, -990.85285648382933, -1002.5741082172513, -1034.1272769188836, -1068.4660848185117, -1079.9971398666412, -1112.5180994439702, -1115.6244176589394, -1129.2405337205596, -1159.7549808462827, -1161.0391370577609, -1167.1258292089005, -1177.0672071600611, -1187.2510471157425, -1197.4056140696159, -1201.6373036401219, -1202.7535438518119, -1204.3546700113034, -1206.6606349014694, -1209.745800242993, -1210.1122772548483, -1211.3469264024848, -1213.6900721529923, -1218.7134034143396, -1221.0565491648472]
 -- BestCostElement: [-1221.05654916 -1221.05654916 -1221.05654916 -1221.05654916]
 -- BestRoute: [array([ 0, 21, 18, 17, 11, 12,  6,  5, 13, 20, 10,  2])
 array([ 0, 19, 22, 23, 16, 15, 14,  7,  3,  8,  9,  4])
 array([ 0, 27, 25, 28, 31, 34, 36, 41, 43, 45, 40])
 array([ 0, 33, 44, 39, 42, 38, 32, 30, 26, 24, 29, 37])]
 -- Custo: 
 ---------25.4295532842
 ---------25.3539688571
 ---------25.8351597623
 ---------25.8671808052
 ---- Total: 102.485862709
 -- Premio: 
 ---------63.0
 ---------48.0
 ---------68.0
 ---------54.0
 ---- Total: 233.0
 - Execucao 1
 -- BestCostGenaration: [-196.85824026532219, -329.57260185387372, -387.43028649780661, -459.9225425777293, -510.36125476977679, -576.84827352559137, -668.76825635343835, -725.67846847879741, -800.20705980086302, -830.23911495730079, -915.62845118123528, -922.99902145551812, -960.03527568471225, -987.64266565046057, -1009.2043582976337, -1040.1298582625216, -1064.8525356981891, -1086.4280497047828, -1094.0588297022041, -1105.5379579537932, -1129.6007561662361, -1137.6709525028184, -1157.7559107901923, -1167.8021617194499, -1169.3746510125502, -1176.2661544096791, -1182.5693465586287, -1193.9564390895084, -1195.0354984408568, -1198.6248878127153, -1205.912305473222, -1205.9678098797483]
 -- BestCostElement: [-1205.96780988 -1205.96780988 -1205.96780988 -1205.96780988]
 -- BestRoute: [array([ 0, 21, 18, 11,  5, 10, 13, 20, 17, 12,  6,  2])
 array([ 0, 22, 19, 14,  7,  3,  8, 15, 16,  9,  4])
 array([ 0, 27, 25, 28, 31, 34, 35, 45, 43, 41, 36, 40])
 array([ 0, 26, 30, 24, 29, 38, 42, 39, 32, 33, 44, 37])]
 -- Custo: 
 ---------28.7264832205
 ---------23.8122287104
 ---------25.3623356765
 ---------28.3569999226
 ---- Total: 106.25804753
 -- Premio: 
 ---------63.0
 ---------47.0
 ---------69.0
 ---------54.0
 ---- Total: 233.0
 - Execucao 2
 -- BestCostGenaration: [-214.91732589535329, -325.53384498002538, -360.22300895429987, -455.52274605168975, -586.61953028764651, -632.74766315263889, -685.03989116002094, -767.01341568417183, -823.80878390693192, -859.76355194873065, -909.55832403180909, -972.57983135667087, -1008.9861741725249, -1038.1110151545881, -1055.5382300282499, -1061.6643496522274, -1087.2411327342741, -1120.7355867454523, -1136.0146984754901, -1146.7293637349762, -1155.9753488908923, -1168.2751430506519, -1168.4473139048823, -1169.5606372058385, -1176.6419084193101, -1183.2652464342018, -1191.2666688275795, -1200.7163705748844, -1205.4689211465627, -1211.3145371572455, -1214.2928435145416, -1215.2928435145416, -1216.713410997754, -1218.9791350155567, -1219.9791350155567]
 -- BestCostElement: [-1219.97913502 -1219.97913502 -1219.97913502 -1219.97913502]
 -- BestRoute: [array([ 0, 21, 12,  6,  5, 11, 18, 17, 20, 10, 13,  2])
 array([ 0, 19, 14,  7,  3,  8, 15, 22, 23, 16,  9,  4])
 array([ 0, 27, 25, 28, 36, 31, 34, 45, 43, 41, 40])
 array([ 0, 24, 26, 32, 33, 44, 39, 42, 38, 30, 29, 37])]
 -- Custo: 
 ---------26.9033918497
 ---------25.2403183744
 ---------23.3623356765
 ---------27.2491703454
 ---- Total: 102.755216246
 -- Premio: 
 ---------63.0
 ---------48.0
 ---------68.0
 ---------54.0
 ---- Total: 233.0
 - Execucao 3
 -- BestCostGenaration: [-211.27818004143833, -335.95256033357134, -357.66721868140775, -463.42088211787825, -592.72616183783521, -603.18798334612643, -687.41584849282458, -765.95286934877481, -885.90175389204092, -926.44184775161614, -982.27284376339026, -1030.4606444458786, -1040.882029150855, -1058.0588931468994, -1067.6877253527518, -1101.7894760362656, -1108.7972196450844, -1127.6051304280409, -1136.558619774509, -1154.6449465964874, -1162.1920428810122, -1171.3584453766989, -1181.693657961124, -1187.4091998777476, -1188.9134239080822, -1199.7708928579145, -1209.5354528574039, -1220.0367173106081, -1220.1157766619563, -1221.6672807216225, -1221.7463400729707]
 -- BestCostElement: [-1221.74634007 -1221.74634007 -1221.74634007 -1221.74634007]
 -- BestRoute: [array([ 0, 21, 18, 11, 12,  1,  6,  5, 17, 20, 13, 10,  2])
 array([ 0, 19, 22, 15, 14,  7,  3,  8,  9, 16,  4])
 array([ 0, 27, 31, 25, 28, 36, 34, 35, 45, 43, 41, 40])
 array([ 0, 26, 24, 29, 30, 32, 33, 44, 39, 42, 38, 37])]
 -- Custo: 
 ---------27.6076988691
 ---------25.1758232722
 ---------25.8437668466
 ---------25.4361259939
 ---- Total: 104.063414982
 -- Premio: 
 ---------64.0
 ---------47.0
 ---------69.0
 ---------54.0
 ---- Total: 234.0
 - Execucao 4
 -- BestCostGenaration: [-245.66995976166908, -359.64791608516174, -417.18075733033294, -465.44934323707616, -536.18482522402155, -647.71185791400001, -700.20745410516122, -759.54397511837351, -817.14163388422844, -881.79520104957533, -913.03189153768176, -949.96275300904063, -968.08113568069007, -1005.1080283987128, -1032.7261340395737, -1060.4645606670033, -1073.4194546896019, -1122.0043279390366, -1136.2042949174256, -1151.1105392013137, -1154.3212395809664, -1160.775137059625, -1170.3243859940112, -1172.2655114909655, -1181.8541964109734, -1187.2158893911401, -1189.89607490198, -1192.4181417101231, -1194.5529291514724, -1195.766071492319, -1203.4709102229936, -1204.4709102229936]
 -- BestCostElement: [-1204.47091022 -1204.47091022 -1204.47091022 -1204.47091022]
 -- BestRoute: [array([ 0, 21, 18, 17, 20, 13, 10, 11, 12,  6,  5,  2])
 array([ 0, 19, 23, 16,  9, 15, 22, 14,  7,  3,  8,  4])
 array([ 0, 27, 25, 28, 36, 41, 43, 45, 34, 31, 40])
 array([ 0, 33, 44, 42, 38, 39, 32, 26, 30, 24, 29, 37])]
 -- Custo: 
 ---------25.5339085518
 ---------29.933342513
 ---------24.7765492389
 ---------26.3884721406
 ---- Total: 106.632272444
 -- Premio: 
 ---------63.0
 ---------48.0
 ---------68.0
 ---------54.0
 ---- Total: 233.0
 - Execucao 5
 -- BestCostGenaration: [-240.17034936500664, -338.30995755814899, -380.15653470523699, -465.61946889170815, -570.28879340811352, -614.92470017193386, -653.32095737533109, -680.40781106217537, -751.38465950117507, -784.3133437586456, -883.96774867004035, -920.90049093514926, -1002.1480001311584, -1025.8116433456023, -1039.8116433456023, -1056.8226539898908, -1079.5553393536115, -1088.7217300493905, -1116.6666480406639, -1134.9059219301098, -1148.0985418585269, -1159.8642826652263, -1168.3267704298798, -1170.527492662178, -1180.9683242976489, -1186.5904262469105, -1198.4586987289895, -1208.4773323596721, -1213.5036231981501, -1214.3921670181485, -1216.6981319083143]
 -- BestCostElement: [-1216.69813191 -1216.69813191 -1216.69813191 -1216.69813191]
 -- BestRoute: [array([ 0, 21, 18, 11, 12,  1,  6,  5, 17, 20, 13, 10,  2])
 array([ 0, 22, 19, 14, 15, 16,  9,  8,  7,  3,  4])
 array([ 0, 27, 25, 28, 31, 34, 35, 45, 43, 36, 41, 40])
 array([ 0, 26, 24, 29, 30, 32, 33, 44, 39, 42, 38, 37])]
 -- Custo: 
 ---------27.6076988691
 ---------26.5116656307
 ---------25.7699765293
 ---------25.4361259939
 ---- Total: 105.325467023
 -- Premio: 
 ---------64.0
 ---------47.0
 ---------69.0
 ---------54.0
 ---- Total: 234.0
 - Execucao 6
 -- BestCostGenaration: [-208.6087368227378, -278.38115080367282, -346.44878964180566, -448.02764924121016, -553.73217277838148, -607.27994730057537, -739.6422673426232, -753.80428832150039, -837.82391951536624, -857.10486307396798, -912.38230878786271, -953.96528885996133, -1018.6343660463001, -1032.7781835150677, -1063.239893461099, -1079.4505543377172, -1097.2123688443912, -1125.5594530596602, -1127.4030899071245, -1147.5517741910724, -1154.7569130735365, -1170.5125236572362, -1181.9890262845993, -1188.937149059494, -1193.8533056764572, -1199.4220350072956, -1201.9323650278056, -1204.6419877901685, -1209.5568224486447, -1211.8999681991522, -1217.1316577696582]
 -- BestCostElement: [-1217.13165777 -1217.13165777 -1217.13165777 -1217.13165777]
 -- BestRoute: [array([ 0, 21, 18, 11,  6, 12,  1,  5, 13, 17, 20, 10,  2])
 array([ 0, 19, 22, 23, 16, 15, 14,  7,  3,  8,  9,  4])
 array([ 0, 27, 25, 28, 31, 34, 36, 41, 43, 45, 40])
 array([ 0, 26, 24, 29, 30, 32, 39, 33, 44, 42, 38, 37])]
 -- Custo: 
 ---------28.1841900917
 ---------25.3539688571
 ---------25.8351597623
 ---------25.8437668466
 ---- Total: 105.217085558
 -- Premio: 
 ---------64.0
 ---------48.0
 ---------68.0
 ---------54.0
 ---- Total: 234.0
 - Execucao 7
 -- BestCostGenaration: [-225.23084013731093, -361.56566898011982, -443.0513040517601, -501.92821885423331, -544.55619110351563, -606.78938010315198, -707.64424705040096, -761.28705762236564, -811.34068380524513, -889.91148351516767, -917.64691895351575, -940.92038008617351, -1016.7352335081816, -1022.3807757789405, -1058.4097882215638, -1062.8877214134204, -1088.3173825009408, -1099.6340058672477, -1104.3027989859793, -1129.4326316340544, -1153.1827454607969, -1157.0427588381831, -1179.5551775391352, -1182.9098173284665, -1188.5628212663123, -1195.4853995336075, -1198.4398353528272, -1200.4296714436064, -1204.0964825481699, -1208.4151821329926, -1208.8326032031603, -1213.9555891166453, -1215.1200208636672]
 -- BestCostElement: [-1215.12002086 -1215.12002086 -1215.12002086 -1215.12002086]
 -- BestRoute: [array([ 0, 21, 12,  1,  6, 11, 18, 17, 20, 13, 10,  5,  2])
 array([ 0, 19, 14,  7,  3,  8, 22, 23, 16, 15,  9,  4])
 array([ 0, 27, 35, 45, 43, 34, 31, 25, 28, 36, 41, 40])
 array([ 0, 33, 44, 26, 24, 29, 30, 32, 39, 42, 38, 37])]
 -- Custo: 
 ---------27.9322541894
 ---------26.7681824194
 ---------25.0798348241
 ---------27.6897233511
 ---- Total: 107.469994784
 -- Premio: 
 ---------64.0
 ---------48.0
 ---------69.0
 ---------54.0
 ---- Total: 235.0
 - Execucao 8
 -- BestCostGenaration: [-234.87256204329512, -321.60677834431817, -387.57541498753687, -498.24982532036177, -608.99782637194062, -668.54304045874801, -756.08797436803184, -798.20040273925747, -850.14824610948426, -882.79061242672446, -965.34233708393708, -989.58015808618984, -1025.8532502270759, -1042.149507577632, -1052.9049203980314, -1085.3823775822602, -1119.282643646306, -1135.3591457814587, -1141.1612754559712, -1154.6596532204048, -1168.3883614151071, -1175.3501615837088, -1179.4110886594947, -1185.8879882496678, -1189.6717141264035, -1192.0872809915204, -1196.9963126472517, -1198.3631256553872, -1199.8774488547115, -1205.7835209333125, -1210.4698124343277, -1214.2907045407778, -1215.6605350198274, -1218.5223941112836]
 -- BestCostElement: [-1218.52239411 -1218.52239411 -1218.52239411 -1218.52239411]
 -- BestRoute: [array([ 0, 21, 18, 17, 20, 13, 11, 12,  1,  6,  5, 10,  2])
 array([ 0, 19, 22, 14,  7,  3,  8,  9, 15, 16,  4])
 array([ 0, 27, 31, 25, 28, 36, 34, 35, 45, 43, 41, 40])
 array([ 0, 26, 24, 29, 30, 32, 33, 44, 39, 38, 42, 37])]
 -- Custo: 
 ---------26.6656212617
 ---------25.1758232722
 ---------25.8437668466
 ---------27.1841900917
 ---- Total: 104.869401472
 -- Premio: 
 ---------64.0
 ---------47.0
 ---------69.0
 ---------54.0
 ---- Total: 234.0
 - Execucao 9
 -- BestCostGenaration: [-209.50744302013945, -264.97880132639563, -372.1326055398855, -483.00051516023581, -527.41399570319811, -600.6796680864677, -644.73684805582604, -729.89987186240387, -796.98414742193359, -865.49631814667487, -906.42960722635803, -933.47761422951282, -994.25575489987432, -1035.2879897551611, -1060.5283132655447, -1062.2966236950388, -1086.3663069172947, -1087.2988058071651, -1100.4499433948433, -1137.051170926562, -1159.5084310146181, -1165.7539832468988, -1175.3768030490944, -1181.6347834580783, -1187.3288185679123, -1194.6084926196002, -1197.6642207096011, -1204.6564771007822, -1209.3133313502747, -1212.0229541126373, -1219.7355364521306, -1221.9114979326357, -1224.9672260226364]
 -- BestCostElement: [-1224.96722602 -1224.96722602 -1224.96722602 -1224.96722602]
 -- BestRoute: [array([ 0, 21, 12,  6,  5, 11, 18, 17, 20, 13, 10,  2])
 array([ 0, 19, 14, 22, 15, 16,  9,  8,  7,  3,  4])
 array([ 0, 27, 25, 28, 36, 31, 34, 35, 45, 43, 41, 40])
 array([ 0, 26, 24, 29, 30, 32, 33, 44, 39, 42, 38, 37])]
 -- Custo: 
 ---------24.7699765293
 ---------25.9397552947
 ---------25.3623356765
 ---------25.4361259939
 ---- Total: 101.508193494
 -- Premio: 
 ---------63.0
 ---------47.0
 ---------69.0
 ---------54.0
 ---- Total: 233.0
