 - Execucao 0
 -- BestCostGenaration: [-134.11145618000168, -182.72467796880795, -239.24959708854544, -294.1049428330183, -356.70570120437645, -419.01178599790677, -479.85920996929138, -538.95851796687862, -593.83593220870898, -646.20186246689241, -693.04572108236107, -744.41200003987319, -786.00327097885497, -817.22326433640319, -865.33472051640479, -896.0912294180348, -925.77349464496069, -961.38716808304798, -1004.0000040379734, -1018.0401012122893, -1054.9093725775172, -1092.0787512596885, -1113.7891168224064, -1121.787318943293, -1137.4492904430886, -1144.1239873817963, -1152.7370134511741, -1157.0579439900976, -1164.7036191330142, -1176.0914391606657, -1178.7297461804992, -1182.0404518391967, -1187.8911750872339]
 -- BestCostElement: [-1187.89117509 -1186.26061168 -1184.12561718 -1182.49505377]
 -- BestRoute: [array([ 0,  3,  6,  8,  9, 10, 11, 22, 24, 25, 27, 28, 30, 29, 26, 23, 18,
       19, 21, 20, 17, 13, 14, 12, 15, 16,  7,  5,  4,  0])]
 -- Custo: 
 ---------73.0272062282
 ---- Total: 73.0272062282
 -- Premio: 
 ---------148.0
 ---- Total: 148.0
 - Execucao 1
 -- BestCostGenaration: [-134.11145618000168, -182.72467796880795, -239.24959708854544, -294.1049428330183, -363.20062702897627, -416.57321003100674, -479.85920996929138, -538.93148044428131, -587.04293662428302, -643.09595945589786, -685.50786100658297, -734.49294095834489, -788.03162357667043, -825.91617421785463, -870.43157620959835, -908.94402651819837, -935.55993348189668, -967.3257651026363, -1006.7296605417179, -1032.0893608623569, -1064.9532638610367, -1083.5648220390215, -1103.406994567408, -1127.724197871381, -1134.7239908172312, -1147.2723484638523, -1161.9674819156014, -1165.8321367931949, -1174.5713605980736, -1182.5713605980736, -1190.5713605980736]
 -- BestCostElement: [-1190.5713606  -1187.51563251 -1186.80580269 -1185.62708869]
 -- BestRoute: [array([ 0, 11, 22, 24, 25, 27, 28, 30, 29, 26, 23, 18, 19, 21, 20, 17, 13,
       14, 12, 15, 16,  7, 10,  9,  8,  6,  3,  4,  5,  0])]
 -- Custo: 
 ---------72.3571598505
 ---- Total: 72.3571598505
 -- Premio: 
 ---------148.0
 ---- Total: 148.0
 - Execucao 2
 -- BestCostGenaration: [-134.11145618000168, -182.72467796880795, -239.24959708854544, -294.1049428330183, -343.79823282992663, -415.17309230833422, -463.54252889731981, -519.25105352734863, -581.25105352734863, -634.62363652937916, -691.14279726115683, -742.35080494340775, -782.54906759664084, -839.98056931672295, -891.79746508301969, -913.93615761566048, -951.56889403288778, -985.54777440335943, -1010.3786651375085, -1035.0912474770016, -1076.2113219242624, -1084.9505457291411, -1108.799262116336, -1129.18124496112, -1144.6858196183623, -1162.1491554962176, -1176.078938095603, -1177.2461223656055, -1186.794272958077, -1188.6828167780752]
 -- BestCostElement: [-1188.68281678 -1186.79427296 -1185.62708869 -1184.91725887]
 -- BestRoute: [array([ 0,  9, 11, 22, 24, 25, 27, 28, 30, 29, 26, 23, 18, 19, 21, 20, 17,
       13, 14, 12, 15, 16,  7, 10,  8,  6,  3,  4,  5,  0])]
 -- Custo: 
 ---------72.8292958055
 ---- Total: 72.8292958055
 -- Premio: 
 ---------148.0
 ---- Total: 148.0
 - Execucao 3
 -- BestCostGenaration: [-134.11145618000168, -182.72467796880795, -239.24959708854544, -294.1049428330183, -342.47437942200395, -397.21195251814117, -472.62758482693619, -521.66625749348577, -591.00945674475838, -622.20495580584975, -662.06337939954904, -717.99692926942885, -745.25340150535294, -791.87717787612223, -857.59019293199685, -892.05953641800534, -922.78153995495722, -955.71070013305416, -1003.5816699825519, -1015.9504020310937, -1053.6831877118113, -1086.1260312890199, -1095.9767545370569, -1115.1521150733481, -1131.6039644808766, -1145.9174659257117, -1155.9614581156113, -1172.8388044247054]
 -- BestCostElement: [-1172.83880442 -1170.53283953 -1170.27980695 -1169.6427397 ]
 -- BestRoute: [array([ 0,  3,  6,  8, 22, 24, 25, 27, 28, 30, 29, 26, 23, 11,  9, 10,  7,
       16, 18, 19, 21, 20, 17, 13, 14, 12, 15,  5,  4,  0])]
 -- Custo: 
 ---------76.7902988938
 ---- Total: 76.7902988938
 -- Premio: 
 ---------148.0
 ---- Total: 148.0
 - Execucao 4
 -- BestCostGenaration: [-134.11145618000168, -182.72467796880795, -239.24959708854544, -294.1049428330183, -349.44286603040814, -418.52127680073716, -476.70687385158436, -535.7791443265744, -588.75103987233103, -638.13781808352473, -687.66499821429193, -731.42261638522223, -773.12372600046069, -815.59306948646929, -853.26400122233849, -904.65052741447801, -941.43463255065035, -969.04275189134205, -1008.4159866980177, -1033.4065693384073, -1068.4397031143192, -1088.5368682561102, -1101.5597775615799, -1117.8484779121691, -1130.2460690625951, -1136.4178281637653, -1141.642290473638, -1153.4566654768337, -1182.2606007488337, -1183.9148025688603, -1187.9174549983261]
 -- BestCostElement: [-1187.917455   -1184.15189709 -1183.91480257 -1182.26060075]
 -- BestRoute: [array([ 0,  7, 16, 15, 12, 14, 13, 17, 20, 21, 19, 18, 26, 29, 30, 28, 27,
       25, 24, 22, 23, 11, 10,  9,  8,  6,  3,  4,  5,  0])]
 -- Custo: 
 ---------73.0206362504
 ---- Total: 73.0206362504
 -- Premio: 
 ---------148.0
 ---- Total: 148.0
 - Execucao 5
 -- BestCostGenaration: [-134.11145618000168, -182.72467796880795, -239.24959708854544, -294.1049428330183, -349.44286603040814, -418.32542842604119, -472.87377494752201, -542.21697419879467, -590.32843037879638, -638.34046429257194, -681.39904166947508, -715.63554552229925, -771.05007330237686, -803.34414993085056, -845.08720897198293, -894.85565555893743, -926.22216033979407, -958.56564973172226, -993.0885959915172, -1022.3177232123991, -1047.8546946982947, -1079.4579161725208, -1094.391709447347, -1117.7790340048768, -1132.0002737794857, -1150.1545229752339, -1155.9300193324896, -1165.8336748843901, -1167.7222187043885]
 -- BestCostElement: [-1167.7222187  -1165.83367488 -1165.38182548 -1164.66924314]
 -- BestRoute: [array([ 0,  7, 11, 22, 24, 25, 27, 28, 26, 30, 29, 23, 19, 21, 20, 17, 13,
       14, 12, 15, 16, 18, 10,  9,  8,  6,  3,  5,  4,  0])]
 -- Custo: 
 ---------78.0694453239
 ---- Total: 78.0694453239
 -- Premio: 
 ---------148.0
 ---- Total: 148.0
 - Execucao 6
 -- BestCostGenaration: [-134.11145618000168, -182.72467796880795, -239.24959708854544, -294.1049428330183, -342.33094830305623, -411.31208320897792, -471.6476696821818, -526.55335717254457, -578.32183139303174, -647.09896140865305, -687.13994797425448, -712.95760548828707, -766.8564362814966, -802.02852239631295, -874.3865320705994, -891.26410404200237, -925.73344752801086, -955.28159812048239, -979.62474387098996, -1002.7332404738611, -1034.7124764542336, -1074.142577874612, -1079.2665616951208, -1115.1308410869788, -1131.5449261868378, -1148.5941769648343, -1157.818563152488, -1163.7661452665252, -1173.8452046178736, -1179.1650191070335, -1184.8218733565259]
 -- BestCostElement: [-1184.82187336 -1181.05631545 -1179.69592787 -1179.16501911]
 -- BestRoute: [array([ 0,  3,  6,  8, 11, 22, 24, 25, 27, 28, 30, 29, 26, 23, 16, 15, 12,
       14, 13, 17, 20, 21, 19, 18, 10,  9,  7,  5,  4,  0])]
 -- Custo: 
 ---------73.7945316609
 ---- Total: 73.7945316609
 -- Premio: 
 ---------148.0
 ---- Total: 148.0
 - Execucao 7
 -- BestCostGenaration: [-134.11145618000168, -182.72467796880795, -239.24959708854544, -294.1049428330183, -345.51737177955977, -408.69428982925217, -479.85920996929138, -534.87377494752195, -591.90337599003806, -644.31331864689423, -684.42728397706242, -719.68445506806052, -758.86538038761751, -804.99667600527255, -855.38044093905091, -902.43965802757384, -930.8651198327027, -972.33056290748891, -992.13267794005276, -1012.1957342717338, -1064.9653068341358, -1081.5813809345364, -1097.9730504429547, -1125.6448526333561, -1143.0193849069772, -1150.0489859494933, -1164.5625186473401, -1173.7797189072321, -1181.0556068342555, -1181.7661452665252, -1187.8911750872337, -1190.9469031772346]
 -- BestCostElement: [-1190.94690318 -1187.89117509 -1187.18134527 -1185.09617993]
 -- BestRoute: [array([ 0,  3,  6,  8, 11, 22, 24, 25, 27, 28, 30, 29, 26, 23, 18, 19, 21,
       20, 17, 13, 14, 12, 15, 16, 10,  9,  7,  5,  4,  0])]
 -- Custo: 
 ---------72.2632742057
 ---- Total: 72.2632742057
 -- Premio: 
 ---------148.0
 ---- Total: 148.0
 - Execucao 8
 -- BestCostGenaration: [-134.11145618000168, -182.72467796880795, -239.24959708854544, -294.1049428330183, -343.31086344781056, -415.17309230833422, -478.87929482453706, -539.48343406192407, -582.47034252074013, -647.90548630017258, -691.25439606715759, -741.61577237168638, -795.24633578270073, -832.47108352464761, -895.80648566633647, -928.04445216899035, -955.19418040026903, -983.2177187157663, -1015.0601560077164, -1040.4389105313585, -1063.2425403671866, -1080.5023822301782, -1097.1886737311934, -1121.5318194817012, -1126.3769935330881, -1145.6907020320727, -1149.6831654774037, -1156.5187337303819, -1163.6907020320727, -1169.3475562815652, -1172.8882155101032]
 -- BestCostElement: [-1172.88821551 -1169.45901246 -1169.34755628 -1167.23136126]
 -- BestRoute: [array([ 0, 10,  9,  8, 11, 22, 24, 25, 27, 28, 30, 29, 26, 23, 18, 19, 21,
       20, 17, 13, 14, 12, 15, 16,  7,  6,  3,  5,  4,  0])]
 -- Custo: 
 ---------76.7779461225
 ---- Total: 76.7779461225
 -- Premio: 
 ---------148.0
 ---- Total: 148.0
 - Execucao 9
 -- BestCostGenaration: [-134.11145618000168, -182.72467796880795, -239.24959708854544, -294.1049428330183, -363.97293027925639, -412.08438645925804, -479.85920996929138, -538.93148044428131, -592.51612864693448, -640.62758482693619, -693.04978992879205, -747.82873813526453, -807.82873813526453, -842.29808162127301, -876.63440600236891, -916.23389454321705, -944.62981973398064, -972.9075090706408, -1005.8205423194804, -1042.8127987106616, -1069.7721823525628, -1085.9990697058438, -1114.8642822644947, -1128.7558129257186, -1138.1232357216745, -1148.6811367838072, -1159.8630697602882, -1162.6743910820121, -1169.5099593349905, -1178.6303988921125]
 -- BestCostElement: [-1178.63039889 -1177.45443741 -1175.81907757 -1174.86484099]
 -- BestRoute: [array([ 0,  3,  6,  8,  9, 10, 11, 22, 24, 25, 27, 28, 30, 29, 26, 23, 18,
       16, 19, 21, 20, 17, 13, 14, 12, 15,  7,  5,  4,  0])]
 -- Custo: 
 ---------75.342400277
 ---- Total: 75.342400277
 -- Premio: 
 ---------148.0
 ---- Total: 148.0
 - Execucao 10
 -- BestCostGenaration: [-134.11145618000168, -182.72467796880795, -239.24959708854544, -291.88295628569716, -342.47437942200395, -417.34551328128686, -465.32863623584166, -535.70936429680501, -587.94869973961727, -641.53570975366119, -689.37693480600365, -742.89955222711069, -781.96458855970889, -825.77857034249098, -869.80639516961878, -899.70654447931042, -928.05992130826303, -960.02977965103742, -971.52189610867981, -1022.2774282380869, -1034.7291667045636, -1065.4475957102879, -1085.6517276688153, -1113.3729449048924, -1118.0064678930373, -1135.5345171682989, -1145.9567222701548, -1158.9516310908016, -1162.4922903193396, -1167.3210676797871, -1170.4922903193396]
 -- BestCostElement: [-1170.49229032 -1167.32106768 -1166.95163109 -1166.48963789]
 -- BestRoute: [array([ 0,  8,  9, 10, 11, 23, 22, 24, 25, 27, 28, 30, 29, 26, 18, 19, 21,
       20, 17, 13, 12, 14, 15, 16,  7,  6,  3,  4,  5,  0])]
 -- Custo: 
 ---------77.3769274202
 ---- Total: 77.3769274202
 -- Premio: 
 ---------148.0
 ---- Total: 148.0
 - Execucao 11
 -- BestCostGenaration: [-134.11145618000168, -182.72467796880795, -239.24959708854544, -294.1049428330183, -343.31086344781056, -417.55312517576107, -472.87377494752201, -525.83308292180664, -591.26743715374232, -641.28758548947349, -696.21155620013405, -737.1379099996966, -777.0227174240373, -829.16907786202637, -867.86667280342749, -896.33041035247425, -930.63906762889542, -961.41465960490586, -993.70663826763735, -1030.6246850753848, -1055.7204992013528, -1080.3467194753855, -1100.6712113769752, -1134.2685514118023, -1142.806205872474, -1152.3543564649456, -1161.2946351961305, -1165.1831790161289, -1170.2868915873116, -1177.6270886880743, -1180.6828167780752]
 -- BestCostElement: [-1180.68281678 -1178.99967169 -1177.62708869 -1176.91725887]
 -- BestRoute: [array([ 0,  7, 11, 22, 24, 25, 27, 28, 30, 29, 26, 23, 18, 19, 21, 20, 17,
       13, 14, 12, 15, 16, 10,  9,  8,  6,  3,  5,  4,  0])]
 -- Custo: 
 ---------74.8292958055
 ---- Total: 74.8292958055
 -- Premio: 
 ---------148.0
 ---- Total: 148.0
 - Execucao 12
 -- BestCostGenaration: [-134.11145618000168, -182.72467796880795, -239.24959708854544, -294.1049428330183, -363.97293027925639, -418.27508668015133, -472.89407709452587, -542.21697419879467, -596.65406250132855, -646.14652826695578, -688.07516926126971, -727.68366354384455, -758.12154993723357, -809.37268535516341, -840.04410574736426, -876.96284682685268, -929.79238694341734, -955.54699818378378, -987.19188691489899, -1033.7016143250407, -1066.6721770735178, -1083.7091056889742, -1102.430739049523, -1112.124774159357, -1123.2910036968992, -1132.8391542893705, -1142.9086289782233, -1151.1225231979838, -1159.8617470028626, -1167.8617470028626]
 -- BestCostElement: [-1167.861747   -1165.84520462 -1163.1754555  -1163.14307107]
 -- BestRoute: [array([ 0, 11, 22, 24, 25, 27, 28, 30, 29, 26, 23, 19, 21, 20, 17, 14, 13,
       12, 15, 16, 18,  7, 10,  9,  8,  6,  3,  5,  4,  0])]
 -- Custo: 
 ---------78.0345632493
 ---- Total: 78.0345632493
 -- Premio: 
 ---------148.0
 ---- Total: 148.0
 - Execucao 13
 -- BestCostGenaration: [-134.11145618000168, -182.72467796880795, -239.24959708854544, -294.1049428330183, -345.51737177955977, -411.99121255188896, -477.29934375418105, -543.82168635249479, -590.12664385962603, -645.67873371355563, -691.17903469605994, -741.95523037955172, -784.23201835463169, -838.36668149774459, -883.71453752383377, -927.69099111678497, -951.62627964966373, -986.09562313567221, -997.15135122567312, -1044.6589287232025, -1061.2108027404795, -1086.1135082891053, -1121.0364567328033, -1137.7227482338187, -1139.5784193045372, -1147.2708988262902, -1156.7488320181469, -1164.7488320181469, -1173.4880558230257, -1178.3359832849253]
 -- BestCostElement: [-1178.33598328 -1174.57042538 -1173.48805582 -1172.48526004]
 -- BestRoute: [array([ 0,  9, 10,  7,  3,  6,  8, 11, 22, 24, 25, 27, 28, 30, 29, 26, 23,
       18, 19, 21, 20, 17, 13, 14, 12, 15, 16,  5,  4,  0])]
 -- Custo: 
 ---------75.4160041788
 ---- Total: 75.4160041788
 -- Premio: 
 ---------148.0
 ---- Total: 148.0
 - Execucao 14
 -- BestCostGenaration: [-134.11145618000168, -182.72467796880795, -239.24959708854544, -294.1049428330183, -363.20062702897627, -418.52127680073716, -487.86447605200982, -535.5648155270984, -599.70943996442179, -644.93833374879046, -694.79930088374169, -731.56241363102527, -787.73239368716509, -814.23176064476206, -869.85399422689193, -902.98731408412755, -933.18207150865396, -957.11736004153272, -987.52167458889676, -1022.5095094091876, -1043.8711819226553, -1076.9864764453073, -1100.1554531701172, -1104.058566411386, -1118.5639878343977, -1133.5756953629379, -1144.8334687177723, -1151.705509215335, -1163.4275977641435, -1166.2276826010025, -1168.7391025491333, -1175.5746708021115, -1180.3879057007664]
 -- BestCostElement: [-1180.3879057  -1176.62234779 -1175.5746708  -1175.38911151]
 -- BestRoute: [array([ 0,  3,  6,  8, 11, 22, 24, 25, 27, 28, 30, 29, 26, 23, 18, 16, 19,
       21, 20, 17, 13, 14, 12, 15, 10,  9,  7,  5,  4,  0])]
 -- Custo: 
 ---------74.9030235748
 ---- Total: 74.9030235748
 -- Premio: 
 ---------148.0
 ---- Total: 148.0
