 - Execucao 0
 -- BestCostGenaration: [-134.11145618000168, -187.91228636471217, -254.12342500635089, -345.67173846081772, -451.21987118206516, -499.73315324347487, -569.01449334858739, -617.35651793105092, -662.46561382970185, -719.28498505009327, -769.2247019310621, -820.36262034521314, -864.14996646656982, -939.07948374442185, -967.4899939306332, -1030.2146718994413, -1088.1945804427337, -1144.6103912113322, -1175.4778522493623, -1208.7922746612091, -1242.7493331737473, -1270.8607893537489, -1304.0999905064236, -1342.1576720550177, -1384.4528333243434, -1400.991045008295, -1435.8994280664272, -1452.8687400167175, -1468.308852636613, -1485.4423892797754, -1499.3290325702635, -1517.9746644500237, -1530.2957570474057, -1545.4305444887548, -1554.2308288145275, -1577.8202181863862, -1579.3595814260016, -1587.2597197197144, -1591.2346796794232, -1591.6819248215704, -1591.9399052305544]
 -- BestCostElement: [-1591.93990523 -1591.93990523 -1591.68192482 -1591.49266009]
 -- BestRoute: [array([ 0,  7,  4,  5,  6,  8, 10,  9, 12, 24, 23, 25, 26, 28, 29, 32, 31,
       27, 30, 37,  3, 40, 41, 39, 38, 36, 35, 34, 33, 22, 20, 21, 18, 14,
       15, 13, 16, 17, 19, 11,  0])]
 -- Custo: 
 ---------94.5150236924
 ---- Total: 94.5150236924
 -- Premio: 
 ---------197.0
 ---- Total: 197.0
 - Execucao 1
 -- BestCostGenaration: [-134.11145618000168, -182.72467796880795, -239.24959708854544, -294.1049428330183, -342.47437942200395, -391.91884547092434, -458.66482481016249, -527.55131499647382, -601.39238560693241, -640.40183119036112, -720.45777657212011, -768.12381942689649, -828.67526929602036, -870.9267867436273, -914.08580704647716, -955.32204146788149, -1014.036795103473, -1055.8635391632083, -1096.0811646378429, -1125.5893485557999, -1170.5395548739141, -1198.1848948646798, -1216.221996270936, -1249.0183499080047, -1302.2337997263792, -1310.6229371172619, -1359.4422359656903, -1372.258541400106, -1409.9122963421364, -1428.1113210156784, -1445.3546780298439, -1461.2384830088895, -1489.8303531093482, -1505.2195418891665, -1525.242935132286, -1534.7910857247575, -1544.2690189166144, -1555.6187033147673, -1558.7975259903806, -1565.4466366310542, -1574.3673702255562, -1583.8453034174131, -1586.1512683075789]
 -- BestCostElement: [-1586.15126831 -1585.6994189  -1584.5207049  -1584.06885549]
 -- BestRoute: [array([ 0,  4,  7,  9, 10, 11, 12, 24, 23, 25, 26, 28, 29, 32, 31, 27, 30,
       40, 41, 39, 38, 36, 35, 37, 34, 33, 22, 20, 16, 13, 15, 14, 18, 21,
       19, 17,  8,  6,  5,  0])]
 -- Custo: 
 ---------95.9621829231
 ---- Total: 95.9621829231
 -- Premio: 
 ---------197.0
 ---- Total: 197.0
 - Execucao 2
 -- BestCostGenaration: [-134.11145618000168, -235.74201959101609, -287.61001700841854, -333.12634759545375, -383.89795730160017, -421.41072426656592, -476.34873355726432, -552.99782300220272, -611.32638319697423, -658.33685511178805, -718.68956247987023, -736.2584988648581, -797.07208439042029, -842.48532719654906, -884.80287142421685, -983.17841400337784, -1014.1154249351334, -1073.5311119322146, -1099.9119591315819, -1157.3634174428439, -1208.6463736961098, -1235.0196513399362, -1302.160791268813, -1303.0864726859966, -1361.8948823426749, -1377.1705417384742, -1393.2637581778572, -1436.0556047813868, -1456.772126528261, -1469.0251591145634, -1487.5630141775878, -1531.0337277916626, -1535.3768735421702, -1535.8287229496989, -1542.7060692587927, -1553.2167931693671, -1555.8764432049968, -1559.5266507148631, -1561.4939046953277, -1564.9339072956632, -1565.2700627492445]
 -- BestCostElement: [-1565.27006275 -1564.9339073  -1563.94425862 -1563.57941923]
 -- BestRoute: [array([ 0,  6,  5,  4,  7,  9, 23, 25, 26, 28, 29, 32, 31, 30, 27, 24, 33,
       34, 37, 40, 41, 39, 38, 36, 35, 21, 22, 20, 15, 13, 14, 18, 16, 17,
       19,  8, 12, 10, 11,  0])]
 -- Custo: 
 ---------101.182484313
 ---- Total: 101.182484313
 -- Premio: 
 ---------197.0
 ---- Total: 197.0
