 - Execucao 0
 -- BestRoute: [[ 0  3  6  8  9 10 11 22 24 25 27 28 30 29 26 23 18 19 21 20 17 13 14 12
  15 16  7  5  4  0]]
 -- Custo: 
 ---------73.0272062282
 ---- Total: 73.0272062282
 -- Premio: 
 ---------148.0
 ---- Total: 148.0
 - Execucao 1
 -- BestRoute: [[ 0 11 22 24 25 27 28 30 29 26 23 18 19 21 20 17 13 14 12 15 16  7 10  9
   8  6  3  4  5  0]]
 -- Custo: 
 ---------72.3571598505
 ---- Total: 72.3571598505
 -- Premio: 
 ---------148.0
 ---- Total: 148.0
 - Execucao 2
 -- BestRoute: [[ 0  9 11 22 24 25 27 28 30 29 26 23 18 19 21 20 17 13 14 12 15 16  7 10
   8  6  3  4  5  0]]
 -- Custo: 
 ---------72.8292958055
 ---- Total: 72.8292958055
 -- Premio: 
 ---------148.0
 ---- Total: 148.0
 - Execucao 3
 -- BestRoute: [[ 0  3  6  8 22 24 25 27 28 30 29 26 23 11  9 10  7 16 18 19 21 20 17 13
  14 12 15  5  4  0]]
 -- Custo: 
 ---------76.7902988938
 ---- Total: 76.7902988938
 -- Premio: 
 ---------148.0
 ---- Total: 148.0
 - Execucao 4
 -- BestRoute: [[ 0  7 16 15 12 14 13 17 20 21 19 18 26 29 30 28 27 25 24 22 23 11 10  9
   8  6  3  4  5  0]]
 -- Custo: 
 ---------73.0206362504
 ---- Total: 73.0206362504
 -- Premio: 
 ---------148.0
 ---- Total: 148.0
 - Execucao 5
 -- BestRoute: [[ 0  7 11 22 24 25 27 28 26 30 29 23 19 21 20 17 13 14 12 15 16 18 10  9
   8  6  3  5  4  0]]
 -- Custo: 
 ---------78.0694453239
 ---- Total: 78.0694453239
 -- Premio: 
 ---------148.0
 ---- Total: 148.0
 - Execucao 6
 -- BestRoute: [[ 0  3  6  8 11 22 24 25 27 28 30 29 26 23 16 15 12 14 13 17 20 21 19 18
  10  9  7  5  4  0]]
 -- Custo: 
 ---------73.7945316609
 ---- Total: 73.7945316609
 -- Premio: 
 ---------148.0
 ---- Total: 148.0
 - Execucao 7
 -- BestRoute: [[ 0  3  6  8 11 22 24 25 27 28 30 29 26 23 18 19 21 20 17 13 14 12 15 16
  10  9  7  5  4  0]]
 -- Custo: 
 ---------72.2632742057
 ---- Total: 72.2632742057
 -- Premio: 
 ---------148.0
 ---- Total: 148.0
 - Execucao 8
 -- BestRoute: [[ 0 10  9  8 11 22 24 25 27 28 30 29 26 23 18 19 21 20 17 13 14 12 15 16
   7  6  3  5  4  0]]
 -- Custo: 
 ---------76.7779461225
 ---- Total: 76.7779461225
 -- Premio: 
 ---------148.0
 ---- Total: 148.0
 - Execucao 9
 -- BestRoute: [[ 0  3  6  8  9 10 11 22 24 25 27 28 30 29 26 23 18 16 19 21 20 17 13 14
  12 15  7  5  4  0]]
 -- Custo: 
 ---------75.342400277
 ---- Total: 75.342400277
 -- Premio: 
 ---------148.0
 ---- Total: 148.0
 - Execucao 10
 -- BestRoute: [[ 0  8  9 10 11 23 22 24 25 27 28 30 29 26 18 19 21 20 17 13 12 14 15 16
   7  6  3  4  5  0]]
 -- Custo: 
 ---------77.3769274202
 ---- Total: 77.3769274202
 -- Premio: 
 ---------148.0
 ---- Total: 148.0
 - Execucao 11
 -- BestRoute: [[ 0  7 11 22 24 25 27 28 30 29 26 23 18 19 21 20 17 13 14 12 15 16 10  9
   8  6  3  5  4  0]]
 -- Custo: 
 ---------74.8292958055
 ---- Total: 74.8292958055
 -- Premio: 
 ---------148.0
 ---- Total: 148.0
 - Execucao 12
 -- BestRoute: [[ 0 11 22 24 25 27 28 30 29 26 23 19 21 20 17 14 13 12 15 16 18  7 10  9
   8  6  3  5  4  0]]
 -- Custo: 
 ---------78.0345632493
 ---- Total: 78.0345632493
 -- Premio: 
 ---------148.0
 ---- Total: 148.0
 - Execucao 13
 -- BestRoute: [[ 0  9 10  7  3  6  8 11 22 24 25 27 28 30 29 26 23 18 19 21 20 17 13 14
  12 15 16  5  4  0]]
 -- Custo: 
 ---------75.4160041788
 ---- Total: 75.4160041788
 -- Premio: 
 ---------148.0
 ---- Total: 148.0
 - Execucao 14
 -- BestRoute: [[ 0  3  6  8 11 22 24 25 27 28 30 29 26 23 18 16 19 21 20 17 13 14 12 15
  10  9  7  5  4  0]]
 -- Custo: 
 ---------74.9030235748
 ---- Total: 74.9030235748
 -- Premio: 
 ---------148.0
 ---- Total: 148.0
