 - Execucao 0
 -- BestRoute: [[ 0  7  4  5  6  8 10  9 12 24 23 25 26 28 29 32 31 27 30 37  3 40 41 39
  38 36 35 34 33 22 20 21 18 14 15 13 16 17 19 11  0]]
 -- Custo: 
 ---------94.5150236924
 ---- Total: 94.5150236924
 -- Premio: 
 ---------197.0
 ---- Total: 197.0
 - Execucao 1
 -- BestRoute: [[ 0  4  7  9 10 11 12 24 23 25 26 28 29 32 31 27 30 40 41 39 38 36 35 37
  34 33 22 20 16 13 15 14 18 21 19 17  8  6  5  0]]
 -- Custo: 
 ---------95.9621829231
 ---- Total: 95.9621829231
 -- Premio: 
 ---------197.0
 ---- Total: 197.0
 - Execucao 2
 -- BestRoute: [[ 0  6  5  4  7  9 23 25 26 28 29 32 31 30 27 24 33 34 37 40 41 39 38 36
  35 21 22 20 15 13 14 18 16 17 19  8 12 10 11  0]]
 -- Custo: 
 ---------101.182484313
 ---- Total: 101.182484313
 -- Premio: 
 ---------197.0
 ---- Total: 197.0
