 - Execucao 0
 -- BestCostGenaration: [-92.8487699666619, -152.15642991122982, -248.21202005583382, -266.0627433038708, -330.52909688955424, -372.0700252078338, -418.86966988338816, -433.3982509101033, -464.3191391714738, -512.3485764229966, -533.6052678240724, -566.0210356863789, -581.4702733285735, -591.1565648295887, -630.0497677540147, -639.6611210825024, -649.2167282519495, -664.5598740024571, -675.6488254686453, -688.6486818958874, -692.5527129335235, -702.1747633599194, -706.4356831277985, -710.3397141654345]
 -- BestCostElement: [-710.33971417 -710.33971417 -710.33971417 -710.33971417]
 -- BestRoute: [array([ 0, 15, 10,  6,  8, 14, 18,  9,  5,  1])
 array([ 0, 20, 21, 19, 16, 11, 12, 17, 13,  7,  2])
 array([ 0, 23, 24, 22, 25, 28, 32, 31, 27,  3])]
 -- Custo: 
 ---------23.615823184997097
 ---------25.12626769902603
 ---------20.422980574618233
 ---- Total: 69.16507145864136
 -- Premio: 
 ---------48.0
 ---------44.0
 ---------49.0
 ---- Total: 141.0
 - Execucao 1
 -- BestCostGenaration: [-79.94305997328611, -142.6553253680462, -231.72094774681426, -287.08517740072534, -322.25236167072785, -362.3713824824365, -387.6200927575663, -434.7038179137457, -448.73590031178645, -450.17493160498884, -469.7916284017873, -491.8239672013093, -494.52685852621676, -510.11912847063496, -522.5054978216095, -530.8853841178991, -534.0725895338043, -552.2972349440968, -552.8930638173667, -561.8780159948159, -564.9233127818412, -577.6961087846053, -587.2768898353244, -593.2691462265054, -604.9631813363395, -610.5606218060575, -615.7130449710654]
 -- BestCostElement: [-615.71304497 -615.71304497 -615.71304497 -615.71304497]
 -- BestRoute: [array([ 0, 23, 32, 28, 25, 24, 18,  9,  8,  5,  1])
 array([ 0, 20, 21, 19, 16, 11, 12, 17, 13,  7,  2])
 array([ 0, 15, 10,  6, 14, 22,  3])]
 -- Custo: 
 ---------27.772501299378526
 ---------25.12626769902603
 ---------24.1729697588291
 ---- Total: 77.07173875723366
 -- Premio: 
 ---------60.0
 ---------44.0
 ---------28.0
 ---- Total: 132.0
 - Execucao 2
 -- BestCostGenaration: [-87.49828256380152, -193.70930473644697, -214.53250692912434, -296.4079953198478, -326.80570635431616, -378.27641480506395, -440.1152848399139, -484.46636150801265, -539.4480095962994, -579.1338905779256, -604.5516532141726, -648.5931175968799, -651.7095649513127, -667.4438408449168, -675.9892389144075, -683.1602093090745, -700.7718316003657, -701.9362633473875, -706.585373988061]
 -- BestCostElement: [-706.58537399 -706.58537399 -706.58537399 -706.58537399]
 -- BestRoute: [array([ 0, 15, 14, 10,  6,  8,  9, 18,  5,  1])
 array([ 0, 16, 19, 20, 21, 17, 13, 12, 11,  7,  2])
 array([ 0, 23, 24, 22, 25, 28, 32, 31, 27,  3])]
 -- Custo: 
 ---------22.705481427033433
 ---------26.975194501333096
 ---------20.422980574618233
 ---- Total: 70.10365650298476
 -- Premio: 
 ---------48.0
 ---------44.0
 ---------49.0
 ---- Total: 141.0
 - Execucao 3
 -- BestCostGenaration: [-113.04639907453992, -151.3632806396974, -241.32478250245384, -308.7416792260558, -351.124600053577, -398.30197660016063, -444.30092857379174, -486.07918893389706, -522.2604520226903, -546.4269319687717, -575.3456894513827, -581.4512262583314, -624.4592214432957, -641.2852462807625, -657.8924784304294, -667.745001485159, -675.6919090094186, -688.9704846305988, -698.6085845962823, -709.6271318259413, -710.3397141654345]
 -- BestCostElement: [-710.33971417 -710.33971417 -710.33971417 -710.33971417]
 -- BestRoute: [array([ 0, 15, 10,  6,  8, 14, 18,  9,  5,  1])
 array([ 0, 20, 21, 19, 16, 11, 12, 17, 13,  7,  2])
 array([ 0, 23, 24, 22, 25, 28, 32, 31, 27,  3])]
 -- Custo: 
 ---------23.615823184997097
 ---------25.12626769902603
 ---------20.422980574618233
 ---- Total: 69.16507145864136
 -- Premio: 
 ---------48.0
 ---------44.0
 ---------49.0
 ---- Total: 141.0
 - Execucao 4
 -- BestCostGenaration: [-73.64174866977007, -175.93751482875103, -228.68260226828193, -284.7777251336165, -323.02574801878956, -374.7137365342727, -405.64487789080226, -435.381069706093, -476.9014729260281, -512.6714901182937, -565.7481939980645, -570.6268015058622, -599.5901592535092, -627.2402482517114, -639.1350765546239, -667.8755505036784, -680.0520876117921, -695.6530721261049, -702.4743581226189, -707.7847543646969, -716.1096603745862, -717.5463547870559]
 -- BestCostElement: [-717.54635479 -717.54635479 -717.54635479 -717.54635479]
 -- BestRoute: [array([ 0, 16, 15, 14, 18, 10,  6,  8,  9,  5,  1])
 array([ 0, 20, 29, 30, 21, 12, 11,  7,  2])
 array([ 0, 23, 22, 24, 25, 27, 28, 32, 31,  3])]
 -- Custo: 
 ---------27.06839201537814
 ---------27.911392275951147
 ---------22.88362701190674
 ---- Total: 77.86341130323603
 -- Premio: 
 ---------57.0
 ---------41.0
 ---------49.0
 ---- Total: 147.0
 - Execucao 5
 -- BestCostGenaration: [-90.4052378484381, -144.4856460618794, -219.13659373979476, -280.8804896339104, -368.50342766109986, -376.1384877736997, -419.9150729176253, -477.34293670960994, -502.4566492743844, -547.4079338321559, -580.9127085580608, -611.9351651609682, -626.1471506515476, -652.7211481616811, -669.1833335162723, -682.4329306048178, -695.7210743779676, -698.4064529304253, -703.7278396292579, -711.6751163071233, -713.268498857796, -713.5636601271216]
 -- BestCostElement: [-713.56366013 -713.56366013 -713.56366013 -713.56366013]
 -- BestRoute: [array([ 0, 15, 14, 18,  9,  8, 10,  6,  5,  1])
 array([ 0, 20, 21, 19, 16, 11, 12, 17, 13,  7,  2])
 array([ 0, 23, 22, 24, 25, 28, 32, 31, 27,  3])]
 -- Custo: 
 ---------22.631691109702025
 ---------25.12626769902603
 ---------20.60112615949154
 ---- Total: 68.35908496821959
 -- Premio: 
 ---------48.0
 ---------44.0
 ---------49.0
 ---- Total: 141.0
 - Execucao 6
 -- BestCostGenaration: [-114.05926872900487, -153.0128577391085, -217.29505700216646, -293.19680085420214, -322.12074979350973, -371.91414418046253, -391.91414418046253, -437.2520905398767, -465.78427283984945, -497.2678459222792, -561.322078530369, -599.4966093577872, -623.7319241898684, -637.8507271607209, -639.4357897470574, -663.2388360029529, -678.0399759185702, -685.7979586478505, -698.0853763083572, -703.9509763414759, -714.988824806108]
 -- BestCostElement: [-714.98882481 -714.98882481 -714.98882481 -714.98882481]
 -- BestRoute: [array([ 0, 15, 14, 18,  9, 10,  6,  8,  5,  1])
 array([ 0, 20, 21, 19, 16, 11, 12, 17, 13,  7,  2])
 array([ 0, 23, 24, 22, 25, 28, 32, 31, 27,  3])]
 -- Custo: 
 ---------22.45354552482872
 ---------25.12626769902603
 ---------20.422980574618233
 ---- Total: 68.00279379847298
 -- Premio: 
 ---------48.0
 ---------44.0
 ---------49.0
 ---- Total: 141.0
 - Execucao 7
 -- BestCostGenaration: [-78.92783466263137, -150.2693864850376, -236.54076965687807, -306.20417369489644, -330.0077845748549, -379.7862165093392, -407.55901890074244, -466.7298843137855, -488.06398691685, -528.2610577476328, -551.4918141513459, -576.8040272570126, -583.9652923727542, -596.2556696103915, -613.2869794273784, -635.9352154096117, -643.7562943519761, -645.1715300685626, -661.9352154096117, -666.5367016843531, -673.5289580755343, -673.9808074830628]
 -- BestCostElement: [-673.98080748 -673.98080748 -673.98080748 -673.98080748]
 -- BestRoute: [array([ 0, 15, 10,  6, 14, 18,  9,  5,  8,  1])
 array([ 0, 20, 21, 19, 16, 11, 12, 17, 13,  7,  2])
 array([ 0, 23, 32, 28, 31, 27, 25, 22, 24,  3])]
 -- Custo: 
 ---------26.767988863537273
 ---------25.12626769902603
 ---------26.360541566671
 ---- Total: 78.2547981292343
 -- Premio: 
 ---------48.0
 ---------44.0
 ---------49.0
 ---- Total: 141.0
 - Execucao 8
 -- BestCostGenaration: [-81.4063275035222, -126.02060927462614, -194.51779304750403, -314.38252868712993, -355.2279848370881, -385.56753218637755, -412.9226711397796, -448.792958961202, -520.8377071257578, -565.4952608238557, -577.5609445402941, -588.3210786957659, -616.0354443505591, -626.8248719962099, -636.0481954480156, -665.3639570213757, -670.3639570213757, -673.0897848543102, -682.2438825741149, -696.8582542270476, -697.355508872113, -706.1864799293171, -707.8696250172875, -713.9810811972892]
 -- BestCostElement: [-713.9810812 -713.9810812 -713.9810812 -713.9810812]
 -- BestRoute: [array([ 0, 15, 14, 18, 10,  6,  8,  9,  5,  1])
 array([ 0, 20, 21, 19, 16, 11, 12, 17, 13,  7,  2])
 array([ 0, 23, 24, 22, 25, 28, 32, 31, 27,  3])]
 -- Custo: 
 ---------22.705481427033437
 ---------25.12626769902603
 ---------20.422980574618233
 ---- Total: 68.2547297006777
 -- Premio: 
 ---------48.0
 ---------44.0
 ---------49.0
 ---- Total: 141.0
 - Execucao 9
 -- BestCostGenaration: [-97.71889344641711, -169.7765397655658, -245.45629613241513, -296.6870534112892, -336.9205866810499, -412.5213622136339, -418.8914636606198, -447.9000819278789, -504.46913377637094, -527.3681737281688, -545.9146701395744, -581.502961169518, -610.2777714792516, -626.2987472690215, -638.608397848961, -650.7076922972556, -660.3281196917201, -665.950588867008, -675.4131986322203, -681.2986824401974, -687.410138620199, -688.7083599015459, -690.1600022549248]
 -- BestCostElement: [-690.16000225 -690.16000225 -690.16000225 -690.16000225]
 -- BestRoute: [array([ 0, 15, 14, 10,  6,  5, 18,  9,  8,  1])
 array([ 0, 20, 21, 19, 16, 11, 17, 12, 13,  7,  2])
 array([ 0, 23, 24, 22, 25, 28, 32, 31, 27,  3])]
 -- Custo: 
 ---------26.660751162624535
 ---------27.12626769902603
 ---------20.422980574618233
 ---- Total: 74.2099994362688
 -- Premio: 
 ---------48.0
 ---------44.0
 ---------49.0
 ---- Total: 141.0
 - Execucao 10
 -- BestCostGenaration: [-93.32190588599443, -192.46011147222157, -279.7062903533414, -303.4283412105474, -326.88781969245997, -391.54137819213713, -460.2281049243327, -484.1430476747898, -513.5511478571, -541.7526015212201, -577.1679077271576, -610.6302984572214, -614.6631712065014, -642.3047020293492, -647.9121578624906, -666.7446084826267, -673.3652141510383, -675.9762980531327, -686.3652141510383, -690.8904642197866, -692.47667033104, -694.5326054751906]
 -- BestCostElement: [-694.53260548 -694.53260548 -694.53260548 -694.53260548]
 -- BestRoute: [array([ 0, 15, 14, 18, 10,  6,  8,  5,  9,  1])
 array([ 0, 16, 19, 20, 21, 17, 13, 12, 11,  7,  2])
 array([ 0, 23, 24, 22, 25, 28, 32, 31, 27,  3])]
 -- Custo: 
 ---------25.718673555251023
 ---------26.975194501333096
 ---------20.422980574618233
 ---- Total: 73.11684863120236
 -- Premio: 
 ---------48.0
 ---------44.0
 ---------49.0
 ---- Total: 141.0
 - Execucao 11
 -- BestCostGenaration: [-127.25475738369838, -157.64728694258704, -222.16835171268676, -322.60101824474873, -340.8114360598773, -378.8385655176068, -410.7355853795387, -456.5899211453496, -474.93246288663096, -513.0780635257559, -550.4360860613451, -568.6070830012507, -586.8648563560848, -609.7461304427554, -635.1450042832639, -661.5516217325912, -674.5438781237724, -674.9957275313009]
 -- BestCostElement: [-674.99572753 -674.99572753 -674.99572753 -674.99572753]
 -- BestRoute: [array([ 0, 15, 10,  6, 14, 18,  9,  8,  5,  1])
 array([ 0, 20, 21, 16, 19, 17, 13, 12, 11,  7,  2])
 array([ 0, 23, 32, 28, 31, 27, 25, 22, 24,  3])]
 -- Custo: 
 ---------23.754796735319687
 ---------27.88572981518408
 ---------26.360541566671
 ---- Total: 78.00106811717477
 -- Premio: 
 ---------48.0
 ---------44.0
 ---------49.0
 ---- Total: 141.0
 - Execucao 12
 -- BestCostGenaration: [-122.06866285705338, -174.7118357599273, -249.51824663500255, -364.6881954269742, -436.2495916014801, -488.73802092513654, -510.82243858834954, -552.650463175882, -564.8215401012146, -577.6523859899896, -618.374056101772, -621.6644333394094, -656.7348375759384, -665.2314246167131, -677.291162514853, -698.6383293368457, -706.5714037359405, -713.5636601271216, -714.2762424666148, -714.988824806108]
 -- BestCostElement: [-714.98882481 -714.98882481 -714.98882481 -714.98882481]
 -- BestRoute: [array([ 0, 15, 14, 18,  9, 10,  6,  8,  5,  1])
 array([ 0, 20, 21, 19, 16, 11, 12, 17, 13,  7,  2])
 array([ 0, 23, 24, 22, 25, 28, 32, 31, 27,  3])]
 -- Custo: 
 ---------22.45354552482872
 ---------25.12626769902603
 ---------20.422980574618233
 ---- Total: 68.00279379847298
 -- Premio: 
 ---------48.0
 ---------44.0
 ---------49.0
 ---- Total: 141.0
 - Execucao 13
 -- BestCostGenaration: [-105.49268537366567, -170.99342089862114, -244.35859127588571, -275.45107716908393, -325.06293920971, -367.8897685061754, -395.7431343539599, -436.23505710456584, -466.2316316708628, -486.0331654765442, -528.1509981161421, -549.3986426615298, -568.1453877758817, -595.6164488582273, -628.7083599015459, -634.5188861866538, -662.0399759185702, -664.0826237853764, -669.907012931779, -682.4209855041958, -689.2830314315663, -693.0513418610605, -695.7642748274612, -699.5325852569554, -701.2157303449256]
 -- BestCostElement: [-701.21573034 -701.21573034 -701.21573034 -701.21573034]
 -- BestRoute: [array([ 0, 15, 14, 18, 10,  6,  8,  5,  9,  1])
 array([ 0, 20, 21, 19, 16, 11, 12, 17, 13,  7,  2])
 array([ 0, 23, 22, 24, 25, 28, 32, 31, 27,  3])]
 -- Custo: 
 ---------25.718673555251023
 ---------25.12626769902603
 ---------20.60112615949154
 ---- Total: 71.44606741376859
 -- Premio: 
 ---------48.0
 ---------44.0
 ---------49.0
 ---- Total: 141.0
 - Execucao 14
 -- BestCostGenaration: [-135.9966418446789, -162.58457316735263, -268.1446765029475, -339.3614136902819, -386.74433954512006, -400.6580751929416, -459.13405528839166, -518.6724804568208, -551.6187702575475, -575.7549138182342, -596.7254765667113, -620.5440370454437, -646.9486825373833, -662.6797472777115, -667.7266500463036, -684.896002256789, -693.2972685050283, -697.896002256789, -705.9728568200942, -708.3242269477969, -711.5853537698256, -712.2979361093189]
 -- BestCostElement: [-712.29793611 -712.29793611 -712.29793611 -712.29793611]
 -- BestRoute: [array([ 0, 15, 14, 18, 10,  6,  8,  9,  5,  1])
 array([ 0, 20, 21, 19, 16, 11, 12, 17, 13,  7,  2])
 array([ 0, 23, 24, 22, 25, 32, 28, 31, 27,  3])]
 -- Custo: 
 ---------22.705481427033437
 ---------25.12626769902603
 ---------20.843766846610823
 ---- Total: 68.67551597267028
 -- Premio: 
 ---------48.0
 ---------44.0
 ---------49.0
 ---- Total: 141.0
