 - Execucao 0
 -- BestCostGenaration: [-51.89327901336739, -96.16673117673497, -116.74516600406095, -146.25620071402119, -166.30727551497785, -206.50919003716703, -247.52521130134244, -297.63207028557014, -360.78438215930066, -376.30700081510861, -415.15772406314562, -439.61589057338801, -459.4193823349861, -497.2594244885039, -509.93268281406353, -513.682734912755, -532.89728922719041, -552.97532874415731, -558.64756781298968, -564.26423662879233, -583.61456333212595, -620.1327924615141, -635.84336113227801, -662.55594347177123, -700.04543214120702, -718.58773204880686, -727.06779894527858, -762.47031851930933, -781.34681376042704, -824.21646263777666, -834.72742874004928, -852.25006137464538, -876.9200188161542, -893.91827416559124, -909.2853420339095, -916.52011634997518, -937.23269868946841, -950.54607496587414, -954.44094174891836, -971.30533651284145, -973.98132395462198, -981.67862396672263, -1002.9602057438028, -1017.0727777188487, -1027.8712298517162, -1031.6389362642506, -1037.6389362642506, -1051.0455537135779, -1059.0316036796928, -1061.5919496900924, -1070.0911178943581, -1073.4899917348666, -1076.997569232396, -1079.8256009307049, -1084.3900295936885, -1090.3900295936885, -1091.2203155919165, -1098.5259729930417, -1101.0543713946806, -1103.9248468335502, -1107.8983489409225, -1111.3039684832261, -1112.8973510338988, -1113.6033947257465, -1114.7028423237346, -1116.7819016750827, -1120.1691810418768, -1121.7741580662639, -1123.6627018862623, -1124.3752842257554, -1127.2404967844063, -1127.7741580662639, -1131.7106863674444, -1132.4081137118787, -1132.5870347695143, -1133.1206960513721, -1133.1358510464306, -1134.7664144574451]
 -- BestCostElement: [-1134.76641446 -1134.75125946 -1134.23275318 -1134.21759818]
 -- BestRoute: [[ 0 26 33 44 42 39 32 30 38 37 29 24 20 17 21 18 13 10  2  5 11  6 12  7
   3  8  9  4 16 15 14 19 22 25 28 36 40 41 43 34 31 27  0]]
 -- Custo: 
 ---------106.558396386
 ---- Total: 106.558396386
 -- Premio: 
 ---------223.0
 ---- Total: 223.0
 - Execucao 1
 -- BestCostGenaration: [-51.89327901336739, -75.752909612879819, -125.81389800938909, -158.58793803588031, -193.48498614907999, -225.17127765009525, -249.10883153340799, -282.82008601911912, -285.50045401127079, -288.08993367684133, -302.85751917916042, -327.62471500887875, -379.069027311311, -397.71748887476042, -417.19129548488081, -426.99585754797567, -440.42867242930811, -522.92010413697619, -537.97318519291935, -556.29533665879535, -594.4045132767028, -597.59863834653868, -617.15880291256292, -652.33681389439289, -654.3918358799599, -683.37187587367157, -705.90403092240786, -724.20873650483782, -737.84055922358812, -761.54129955232872, -764.51633061331245, -774.67367419968741, -812.62615757500544, -814.4046170224558, -851.36289939658172, -865.44471127091083, -893.44471127091083, -894.73169162029171, -927.650273793932, -932.44273645714497, -958.10733431545623, -973.61605307520495, -981.61605307520495, -987.63120807026371, -998.39394825578779, -1006.8327003058141, -1012.867819105569, -1025.8600754967501, -1030.8902291001004, -1033.5411741847486, -1039.4736346801988, -1040.6501069769274, -1043.8007868854052, -1047.9591588150215, -1050.1501070038416, -1065.6723889576861, -1070.516799161398, -1073.3220236293967, -1078.1664338331086, -1086.6885006412517, -1088.9523718947098, -1094.8047408529419, -1099.7969972441231, -1104.4040142480885, -1106.2453406895067]
 -- BestCostElement: [-1106.24534069 -1106.24534069 -1104.40401425 -1104.40401425]
 -- BestRoute: [[ 0 27 31 34 43 41 40 36 28 25 35 33 44 39 32 42 38 37 29 30 26 24 21 18
  17 20 13 10  2  5 11  6  1  7  3  8  4  9 16 15 14 22 19 12  0]]
 -- Custo: 
 ---------117.188664828
 ---- Total: 117.188664828
 -- Premio: 
 ---------225.0
 ---- Total: 225.0
 - Execucao 2
 -- BestCostGenaration: [-51.89327901336739, -83.954415047735424, -117.68675429521693, -161.71498186841063, -195.32593799619224, -220.62270540098484, -239.50887868453196, -267.37323017073169, -274.66464929208655, -307.89387688173736, -347.95894525345477, -373.52702538641967, -427.03177463819543, -431.12997836196678, -461.93752414183928, -475.61875902917353, -516.90277970337138, -536.10143928146294, -553.02230792293403, -568.18643374016597, -590.75724581346367, -629.03412276240329, -659.14422859736158, -682.19995668736237, -689.53552262004428, -709.5252609761252, -717.09106970749133, -730.23190360287754, -742.030753464182, -748.58808407876506, -755.99448780501348, -760.43106371798308, -765.0864815541828, -768.99724925114833, -776.81946654042781, -813.43297764938416, -822.2434828181963, -837.1598626811392, -846.67871159808305, -862.14928890758677, -868.51662513474184, -877.82785820907327, -913.48458957969319, -925.54713941353725, -952.08854430421366, -957.42541360647442, -979.00948495286536, -984.84505320584367, -992.28241330275841, -998.11798155573661, -1024.4796745359033, -1035.9459888281472, -1040.3709708788824, -1049.1392813083767, -1059.8930132611272, -1060.6055956006205, -1064.6509041990296, -1068.9487413511281, -1069.048782605109, -1069.3000148397032, -1071.376773360558, -1075.3000148397032, -1077.3919283556168, -1078.9853109062894, -1082.0258840012316, -1082.3210452705571, -1083.9144278212298]
 -- BestCostElement: [-1083.91442782 -1082.32104527 -1082.025884   -1082.025884  ]
 -- BestRoute: [[ 0 25 28 31 36 43 41 40 34 27 35 33 32 39 44 42 38 37 29 24 30 26 19  7
   3  8  9  4 16 15 22 14  1  6  5  2 10 13 20 17 18 11 12  0]]
 -- Custo: 
 ---------119.271393045
 ---- Total: 119.271393045
 -- Premio: 
 ---------223.0
 ---- Total: 223.0
 - Execucao 3
 -- BestCostGenaration: [-40.533208188590095, -73.743608371340272, -114.00820640302055, -158.2533812933643, -183.37569510707948, -235.32190375179434, -259.37938257121942, -280.59181191632115, -285.63133007336074, -310.62062776935295, -312.39917570246917, -333.67635585935375, -368.40357780897847, -385.25415075749777, -396.54180950131871, -441.68931365369633, -445.25689668827215, -525.47280213470276, -537.31993680264736, -555.54192437868289, -590.60385752516117, -599.64219438238354, -667.65982751310264, -687.89447666073897, -702.47568292579672, -721.78198915035273, -743.92056053366048, -752.02603472427688, -776.2600302863525, -805.33579059167164, -827.99858628332504, -832.71324848389577, -838.53559173063491, -862.91952693197675, -903.96259755189135, -916.49891370474302, -927.15843257166603, -943.58111881018885, -954.9293372395507, -960.48829145286243, -981.80872697368795, -997.86445506368887, -1023.4406897020109, -1038.7915790613374, -1055.381387182088, -1057.5521458820126, -1065.2292713808311, -1065.8952916325202, -1072.8965012342865, -1077.4869195672359, -1079.0503503231955, -1087.6803993163091, -1092.1623256869802, -1094.1732110682512, -1100.7150486163978, -1103.2137841631934, -1107.0102098857233, -1108.9868786243758, -1110.3610992450497, -1111.073681584543, -1112.3652646291512, -1112.7394852498251, -1113.4520675893182]
 -- BestCostElement: [-1113.45206759 -1112.73948525 -1112.62324504 -1112.45206759]
 -- BestRoute: [[ 0 27 25 28 40 43 41 31 36 34 35 33 44 42 39 32 29 37 38 30 26 24 20 13
  10  2  5  6 11 17 18 21 12 14  7  3  8  9  4 16 15 22 19  0]]
 -- Custo: 
 ---------113.636983103
 ---- Total: 113.636983103
 -- Premio: 
 ---------224.0
 ---- Total: 224.0
