 - Execucao 0
 -- BestCostGenaration: [-274.77844089009301, -421.75635975321359, -627.12530577899588, -672.09038004393403, -780.59841617175857, -876.35080494340764, -897.27725109579819, -921.20169399861015, -1003.0676953939628, -1014.1200700167692, -1051.2460757907409, -1076.7478376416461, -1093.4341291426615, -1117.7772748931691, -1153.4558227853654, -1158.7729299422804, -1187.9751822612634, -1193.4705643408647, -1205.7609415785018, -1219.1801871032276, -1223.7502383925528, -1237.1909907240677, -1240.2311311615399, -1241.8245137122126]
 -- BestCostElement: [-1241.82451371 -1241.82451371 -1241.82451371 -1241.82451371]
 -- BestRoute: [array([ 0,  5,  4,  3,  6,  8, 11,  9, 10,  7,  0]), array([ 1, 20, 17, 13, 14, 12, 15, 16, 18, 19, 21,  1]), array([ 2, 31, 30, 29, 26, 23, 22, 24, 25, 27, 28,  2])]
 -- Custo: 
 ---------20.5366310572
 ---------24.9547415328
 ---------21.9508446196
 ---- Total: 67.4422172096
 -- Premio: 
 ---------49.0
 ---------48.0
 ---------54.0
 ---- Total: 151.0
 - Execucao 1
 -- BestCostGenaration: [-258.97640451276845, -398.80781115534666, -589.37084302091694, -697.21030732952647, -782.43311732705979, -808.47132714849249, -853.93430039597911, -913.29882613824475, -961.49978430062924, -1019.711957262717, -1059.4850517238995, -1105.9066171141358, -1127.7607325967731, -1130.1829376986288, -1152.0595567499131, -1159.0720843904203, -1159.8278671794071, -1179.8285932920503, -1185.0869871405937, -1185.8609901207035, -1197.100336899005, -1198.5519792523837, -1209.6448882027262, -1210.7570273575041, -1211.169914588, -1215.2226831008702, -1219.6448882027262, -1219.8562060890151, -1224.2784111908711, -1225.8717937415438]
 -- BestCostElement: [-1225.87179374 -1225.87179374 -1225.87179374 -1225.87179374]
 -- BestRoute: [array([ 0,  6,  3,  4,  5,  7, 10,  9, 11,  8,  0]), array([ 1, 20, 17, 13, 14, 12, 15, 16, 18, 19, 21,  1]), array([ 2, 23, 22, 24, 25, 27, 28, 31, 26, 29, 30,  2])]
 -- Custo: 
 ---------22.1289902045
 ---------24.5563958951
 ---------24.346665465
 ---- Total: 71.0320515646
 -- Premio: 
 ---------49.0
 ---------48.0
 ---------54.0
 ---- Total: 151.0
 - Execucao 2
 -- BestCostGenaration: [-253.80425152153427, -434.75826084847506, -584.13346655140117, -667.50548676421863, -798.05734350366106, -911.54941559801603, -924.19666273181315, -973.48915483368035, -1004.3681990223116, -1026.8467898948018, -1103.0339131915514, -1116.133567843689, -1117.8709025206813, -1123.0301194983901, -1153.4707059860434, -1163.391646634695, -1177.7347923852026, -1194.9255601614379, -1201.1600022549248, -1203.3429812316056, -1204.5189427121106, -1218.9957775620528, -1220.5101007613771, -1223.565828851378]
 -- BestCostElement: [-1223.56582885 -1223.56582885 -1223.56582885 -1223.56582885]
 -- BestRoute: [array([ 0,  5,  4,  3,  6,  8, 11, 10,  9,  7,  0]), array([ 1, 20, 21, 19, 18, 16, 15, 12, 13, 14, 17,  1]), array([ 2, 23, 22, 24, 25, 27, 28, 31, 26, 29, 30,  2])]
 -- Custo: 
 ---------21.365058182
 ---------25.8968191401
 ---------24.346665465
 ---- Total: 71.6085427872
 -- Premio: 
 ---------49.0
 ---------48.0
 ---------54.0
 ---- Total: 151.0
 - Execucao 3
 -- BestCostGenaration: [-242.53760365036271, -423.38963696907899, -563.23619998320532, -675.92075796950985, -734.7930048596163, -814.38204929004576, -875.14465938390447, -947.95553681497927, -960.07604059327286, -968.41952990108086, -1029.1939895839068, -1038.3124437105889, -1045.1257790441343, -1087.8619448898605, -1118.3404167782992, -1127.8885673707707, -1129.1458452921795, -1150.6938705909322, -1162.2716654890762, -1164.8619016267039, -1173.7298667083355, -1177.2320643283329, -1196.4426358837432, -1196.4520171112056, -1197.5853739880611, -1207.1335245805324, -1209.4394894706984, -1213.0526039939684, -1222.60075458644, -1226.5000015923874, -1228.1781988576763, -1230.1520718101915, -1230.8059664825532, -1231.970398229575, -1233.5183850310536, -1235.4922579835686]
 -- BestCostElement: [-1235.49225798 -1235.49225798 -1235.49225798 -1235.49225798]
 -- BestRoute: [array([ 0,  5,  4,  3,  6,  8, 11,  9, 10,  7,  0]), array([ 1, 20, 17, 13, 14, 12, 15, 16, 18, 21, 19,  1]), array([ 2, 30, 29, 26, 23, 22, 24, 25, 27, 28, 31,  2])]
 -- Custo: 
 ---------20.5366310572
 ---------24.9547415328
 ---------23.1355629141
 ---- Total: 68.6269355041
 -- Premio: 
 ---------49.0
 ---------48.0
 ---------54.0
 ---- Total: 151.0
 - Execucao 4
 -- BestCostGenaration: [-272.54203925832689, -449.83283037257434, -578.78851633596992, -772.52826548653707, -788.81424744052185, -810.50349851866758, -899.94085861558233, -961.46557132744738, -965.56889576094704, -988.20119651231607, -1020.8672515542237, -1053.2285856927087, -1065.6587676637937, -1074.5511075141139, -1099.9661534746156, -1105.8479294470044, -1116.9630301064919, -1146.6456771280214, -1150.9536670443961, -1160.6397349288393, -1161.1442277664817, -1173.6089123035581, -1183.6157227455842, -1197.0268524322191, -1206.3309928678273, -1207.2233875527211, -1214.3837613806975, -1219.8461069200257, -1227.2125839318808, -1229.2125839318808, -1236.9964820139035]
 -- BestCostElement: [-1236.99648201 -1236.99648201 -1236.99648201 -1236.99648201]
 -- BestRoute: [array([ 0,  7,  5,  4,  3,  6,  8, 11,  9, 10,  0]), array([ 1, 21, 20, 17, 13, 14, 12, 15, 16, 18, 19,  1]), array([ 2, 31, 30, 29, 26, 23, 22, 24, 25, 27, 28,  2])]
 -- Custo: 
 ---------21.365058182
 ---------24.9349766949
 ---------21.9508446196
 ---- Total: 68.2508794965
 -- Premio: 
 ---------49.0
 ---------48.0
 ---------54.0
 ---- Total: 151.0
 - Execucao 5
 -- BestCostGenaration: [-293.1517382626526, -425.87682809053842, -523.63066660148161, -675.04269040205395, -753.01656335456914, -842.85647655843604, -905.37465704598583, -934.5711439007398, -974.78427292844265, -999.53877496923019, -1025.4931480124947, -1050.1616398735682, -1060.5186911359654, -1085.5094260830065, -1088.9712862056322, -1091.8324643751812, -1111.2442145555251, -1112.1040873290094, -1125.6095520151775, -1144.3478021994474, -1148.1581160472088, -1148.5268933750795, -1165.1800619347982, -1187.305800371264, -1187.7008233468769, -1189.060554656937, -1208.984887540189, -1213.1678665168699, -1217.8243499212194, -1220.6897262708635, -1227.1119313727195, -1227.481367961705, -1228.4784083845745, -1231.1380584202043, -1231.5341364745755, -1233.1119313727195, -1236.1676594627202]
 -- BestCostElement: [-1236.16765946 -1236.16765946 -1236.16765946 -1236.16765946]
 -- BestRoute: [array([ 0,  5,  4,  3,  6,  8, 11,  9, 10,  7,  0]), array([ 1, 20, 17, 13, 14, 12, 15, 16, 18, 19, 21,  1]), array([ 2, 22, 23, 26, 29, 30, 31, 28, 27, 25, 24,  2])]
 -- Custo: 
 ---------20.5366310572
 ---------24.5563958951
 ---------23.365058182
 ---- Total: 68.4580851343
 -- Premio: 
 ---------49.0
 ---------48.0
 ---------54.0
 ---- Total: 151.0
 - Execucao 6
 -- BestCostGenaration: [-292.09586852747304, -378.31272317719612, -550.3981776034318, -615.59996997710255, -719.88950259043224, -786.1901426994591, -834.98914766563439, -917.19623007434325, -928.71651826494167, -974.47886370316166, -975.52622641706625, -1002.2635145169302, -1057.3581083339936, -1076.1936765869718, -1085.4786154387243, -1085.7332036131077, -1103.5676449627604, -1114.0173276319988, -1118.4395327338548, -1125.6007748046752, -1142.6829805690684, -1149.3588991791341, -1151.0752676510253, -1153.9702344385821, -1162.5384878487937, -1181.204696750304, -1184.6976769338321, -1188.5323984210409, -1205.9663403105299, -1210.6303988921125, -1218.9222066942434, -1220.178549484584, -1221.4442735023867, -1225.2639218802574, -1231.4922579835688, -1237.7191635223862]
 -- BestCostElement: [-1237.71916352 -1237.71916352 -1237.71916352 -1237.71916352]
 -- BestRoute: [array([ 0,  5,  4,  3,  6,  8, 11, 10,  9,  7,  0]), array([ 1, 20, 17, 13, 14, 12, 15, 16, 18, 19, 21,  1]), array([ 2, 23, 22, 24, 25, 27, 28, 31, 30, 29, 26,  2])]
 -- Custo: 
 ---------21.365058182
 ---------24.5563958951
 ---------22.1487550423
 ---- Total: 68.0702091194
 -- Premio: 
 ---------49.0
 ---------48.0
 ---------54.0
 ---- Total: 151.0
 - Execucao 7
 -- BestCostGenaration: [-273.68925107814573, -419.75380580371109, -588.63279931838372, -660.77657249418712, -694.99181342830639, -786.65882657725501, -825.80642385400938, -858.58388631100161, -950.92551497070247, -996.87274645783202, -1007.9411032919709, -1013.1733314704657, -1049.5785183552991, -1074.1296990097794, -1104.7627208423241, -1107.9924673580149, -1112.7856646369373, -1138.4648522407533, -1160.4648522407533, -1193.7211950310939, -1203.2693456235654, -1211.6339981808626, -1219.6867666937328, -1221.2645615918768, -1224.3202896818777]
 -- BestCostElement: [-1224.32028968 -1224.32028968 -1224.32028968 -1224.32028968]
 -- BestRoute: [array([ 0,  8,  6,  3,  4,  5,  7, 10,  9, 11,  0]), array([ 1, 20, 17, 13, 14, 12, 15, 16, 18, 19, 21,  1]), array([ 2, 26, 23, 22, 24, 25, 27, 28, 31, 29, 30,  2])]
 -- Custo: 
 ---------22.5366310572
 ---------24.5563958951
 ---------24.3269006272
 ---- Total: 71.4199275795
 -- Premio: 
 ---------49.0
 ---------48.0
 ---------54.0
 ---- Total: 151.0
 - Execucao 8
 -- BestCostGenaration: [-307.42101364032538, -468.49302960858978, -619.46739645074524, -723.12946973715316, -752.41597647180629, -836.05229524608853, -908.04411962607719, -935.638511418495, -1080.8325946856385, -1107.7768665956378, -1110.5423812389945, -1121.2258497321504, -1156.6802280460874, -1169.6879716549065, -1192.2802558636645, -1209.1942437563714, -1215.2537579710367, -1220.5079522553563, -1220.6837066817116, -1226.1541033188992, -1234.4148362508638]
 -- BestCostElement: [-1234.41483625 -1234.41483625 -1234.41483625 -1234.41483625]
 -- BestRoute: [array([ 0,  5,  4,  3,  6,  8, 11,  9, 10,  7,  0]), array([ 1, 14, 12, 13, 17, 20, 21, 19, 15, 16, 18,  1]), array([ 2, 28, 27, 25, 24, 22, 23, 26, 29, 30, 31,  2])]
 -- Custo: 
 ---------20.5366310572
 ---------26.4088152604
 ---------21.9508446196
 ---- Total: 68.8962909373
 -- Premio: 
 ---------49.0
 ---------48.0
 ---------54.0
 ---- Total: 151.0
 - Execucao 9
 -- BestCostGenaration: [-266.15474303051877, -385.34136250623749, -595.95812554696681, -619.56135855226694, -745.39045006625361, -800.2844802867163, -846.80281814192949, -923.51439059339998, -948.67202852772073, -963.06508711247989, -1018.5726646100093, -1051.8256539331551, -1071.9556168004065, -1077.9484956051424, -1087.0669497318245, -1134.2068266410338, -1143.3252807677159, -1145.9849308033456, -1175.5330813958171, -1183.5341364745755, -1187.1841802820416, -1197.100336899005, -1211.3963894560957, -1214.0560394917252, -1216.0299124442404, -1216.2237814427851, -1218.5519792523837, -1225.7719320352567, -1226.2939988433998, -1229.1228213945831, -1230.7162039452558, -1235.1117675817261, -1235.4922579835686, -1237.0856405342413]
 -- BestCostElement: [-1237.08564053 -1237.08564053 -1237.08564053 -1237.08564053]
 -- BestRoute: [array([ 0,  5,  4,  3,  6,  8, 11,  9, 10,  7,  0]), array([ 1, 20, 17, 13, 14, 12, 15, 16, 18, 19, 21,  1]), array([ 2, 31, 28, 27, 25, 24, 22, 23, 26, 29, 30,  2])]
 -- Custo: 
 ---------20.5366310572
 ---------24.5563958951
 ---------23.1355629141
 ---- Total: 68.2285898664
 -- Premio: 
 ---------49.0
 ---------48.0
 ---------54.0
 ---- Total: 151.0
 - Execucao 10
 -- BestCostGenaration: [-326.93019305187192, -461.63374327380723, -571.19432204298187, -714.80706151276036, -766.98283548861104, -796.97834404479408, -921.09315369199044, -960.33165254226071, -962.14644482980202, -1024.9968092438908, -1057.967371992368, -1081.7124179091843, -1090.0296868409202, -1093.6494853985002, -1132.8537253604152, -1145.9724297382827, -1155.8231529863197, -1162.0575950798066, -1170.1690060690726, -1179.2874601957546, -1185.7211950310939, -1186.0858475883911, -1194.3250737135663, -1203.7395352066033, -1206.0204142194648, -1209.380801803567, -1213.4192880599733, -1215.9069265307555, -1219.959695043626, -1222.3291316326115, -1224.9624908297633, -1228.2761993287479, -1230.2500722812631]
 -- BestCostElement: [-1230.25007228 -1230.25007228 -1230.25007228 -1230.25007228]
 -- BestRoute: [array([ 0,  5,  4,  3,  6,  8, 11,  9, 10,  7,  0]), array([ 1, 20, 17, 13, 14, 12, 15, 16, 18, 19, 21,  1]), array([ 2, 31, 28, 27, 25, 24, 22, 23, 29, 26, 30,  2])]
 -- Custo: 
 ---------20.5366310572
 ---------24.5563958951
 ---------24.8444549774
 ---- Total: 69.9374819297
 -- Premio: 
 ---------49.0
 ---------48.0
 ---------54.0
 ---- Total: 151.0
 - Execucao 11
 -- BestCostGenaration: [-275.33035388411633, -440.32385709303622, -588.106549567608, -657.99242216727907, -715.95253397469219, -809.9928981842321, -870.95288583535967, -962.64637407442524, -964.99557082954539, -984.48571942451656, -998.50394958046604, -1005.6595742555659, -1040.2196783330041, -1069.0409643295184, -1074.4617656532876, -1079.5648924397794, -1094.5950627045638, -1103.1363017513784, -1121.7583307006998, -1125.1363017513784, -1134.1493192872108, -1145.4442283116509, -1169.2489739393482, -1174.4289933388986, -1183.9285197385686, -1190.5216500443557, -1197.4056620775511, -1205.1180373628947, -1209.6193018160991, -1218.6722773831191, -1222.5635737260982, -1223.7982228737346, -1228.2204279755906, -1230.8800780112203, -1232.8539509637355]
 -- BestCostElement: [-1232.85395096 -1232.85395096 -1232.85395096 -1232.85395096]
 -- BestRoute: [array([ 0,  7,  5,  4,  3,  6,  8, 11,  9, 10,  0]), array([ 1, 20, 17, 13, 14, 12, 15, 16, 18, 19, 21,  1]), array([ 2, 22, 23, 26, 29, 30, 31, 28, 27, 25, 24,  2])]
 -- Custo: 
 ---------21.365058182
 ---------24.5563958951
 ---------23.365058182
 ---- Total: 69.2865122591
 -- Premio: 
 ---------49.0
 ---------48.0
 ---------54.0
 ---- Total: 151.0
 - Execucao 12
 -- BestCostGenaration: [-303.86583842270045, -419.39521802630145, -554.9066447880748, -695.10938999123186, -734.93594841513982, -869.51059690023885, -994.74582791902071, -1007.9505024659845, -1010.822158240635, -1045.5794096430643, -1071.336916451718, -1088.1904647649558, -1101.1982083737748, -1111.5184484757488, -1117.6192013812081, -1134.7826784843626, -1138.5523095551171, -1149.4162014725073, -1157.3389233125604, -1167.988033953234, -1184.4377348547414, -1191.6603754203641, -1198.6053517822138, -1202.6478477798569, -1208.8648409855991, -1214.7006162927273, -1218.7533848055975, -1226.3622545739079, -1226.5216952350916]
 -- BestCostElement: [-1226.52169524 -1226.52169524 -1226.52169524 -1226.52169524]
 -- BestRoute: [array([ 0,  7,  5,  4,  3,  6,  8, 11,  9, 10,  0]), array([ 1, 15, 12, 14, 13, 17, 20, 21, 19, 16, 18,  1]), array([ 2, 31, 28, 27, 25, 24, 22, 23, 26, 29, 30,  2])]
 -- Custo: 
 ---------21.365058182
 ---------26.3689550951
 ---------23.1355629141
 ---- Total: 70.8695761912
 -- Premio: 
 ---------49.0
 ---------48.0
 ---------54.0
 ---- Total: 151.0
 - Execucao 13
 -- BestCostGenaration: [-275.34739733611258, -404.21067817466934, -599.37817059385725, -703.32312892752441, -779.87360985292617, -814.28022730225348, -860.57872540944891, -925.95182310724522, -956.84913642435026, -1036.9640399945145, -1072.0197680845154, -1096.0197680845154, -1104.7712644309661, -1123.3460997519796, -1133.69751108997, -1139.1638085978248, -1143.970439439863, -1148.6417417896814, -1163.3205133653523, -1170.1329574111328, -1185.9364710478146, -1190.152258646106, -1200.7221230995169, -1202.3987093216065, -1211.3133369259331, -1214.5155892449161, -1214.6270454249179, -1214.7269071312051, -1214.8911318240771, -1222.6270454249179]
 -- BestCostElement: [-1222.62704542 -1222.62704542 -1222.62704542 -1222.62704542]
 -- BestRoute: [array([ 0,  6,  8, 11,  9, 10,  7,  5,  3,  4,  0]), array([ 1, 21, 20, 17, 13, 14, 12, 15, 16, 18, 19,  1]), array([ 2, 31, 28, 27, 25, 24, 22, 23, 26, 29, 30,  2])]
 -- Custo: 
 ---------23.7726990347
 ---------24.9349766949
 ---------23.1355629141
 ---- Total: 71.8432386438
 -- Premio: 
 ---------49.0
 ---------48.0
 ---------54.0
 ---- Total: 151.0
 - Execucao 14
 -- BestCostGenaration: [-303.88105861797021, -423.69960885344591, -595.31839613375564, -675.97882481317015, -755.71809188120551, -813.23101930625455, -913.84349543739518, -982.87781957423249, -1004.3142700927259, -1010.3455254415975, -1053.9176297167048, -1085.4171561163748, -1103.9670059949749, -1104.2383773726579, -1121.772362772881, -1150.8308267565376, -1163.6596493077209, -1163.6861269821131, -1165.4278949969839, -1176.1568558418799, -1188.2683120218817, -1194.6303988921125, -1197.7035758698576, -1204.2412303305296, -1207.4766703310399, -1211.9028686117103, -1217.0700528817129, -1220.1257809717135, -1225.0700528817129]
 -- BestCostElement: [-1225.07005288 -1225.07005288 -1225.07005288 -1225.07005288]
 -- BestRoute: [array([ 0,  7,  5,  4,  3,  6,  8, 11,  9, 10,  0]), array([ 1, 15, 12, 14, 13, 17, 20, 21, 19, 18, 16,  1]), array([ 2, 23, 22, 24, 25, 27, 28, 31, 29, 26, 30,  2])]
 -- Custo: 
 ---------21.365058182
 ---------24.9349766949
 ---------24.9324519027
 ---- Total: 71.2324867796
 -- Premio: 
 ---------49.0
 ---------48.0
 ---------54.0
 ---- Total: 151.0
