 - Execucao 0
 -- BestCostGenaration: [-273.8054912898358, -413.77174608687409, -530.4129958940282, -648.55366013418381, -782.32197056367784, -787.36275071276964, -841.0082620646931, -882.94973818855487, -898.54051302276457, -919.36455154225951, -955.27814238356336, -979.48925388444241, -1007.6007100644442, -1009.4523246002461, -1017.4959005354752, -1035.4217890068085, -1056.0946895391246, -1070.2763631197411, -1072.78098104014, -1086.9626546207564, -1090.2763631197411, -1098.3024901672259, -1103.1504176291255, -1106.8478449735601, -1109.3848597226124, -1112.698568221597]
 -- BestCostElement: [-1112.69856822 -1112.69856822 -1112.69856822 -1112.69856822]
 -- BestRoute: [array([ 0,  5,  4,  3,  6,  8, 11,  9, 10,  0]), array([ 1, 17, 13, 14, 12, 15, 16, 18, 19,  1]), array([ 2, 26, 29, 30, 28, 27, 25, 24,  2])]
 -- Custo: 
 ---------19.365058182
 ---------18.5366310572
 ---------17.2520958301
 ---- Total: 55.1537850693
 -- Premio: 
 ---------46.0
 ---------42.0
 ---------45.0
 ---- Total: 133.0
 - Execucao 1
 -- BestCostGenaration: [-312.24849874663062, -378.35995492663233, -537.32666614147399, -675.22500369428997, -720.70316550596419, -767.30246869015139, -799.03765605305944, -847.47455751967891, -911.47455751967891, -911.53802921849865, -950.11692245855738, -963.00436793664107, -975.22063502974015, -978.72479431984402, -1000.7247943198439, -1012.2323718173733, -1022.6018084063588, -1034.508052690247, -1064.8625413383238, -1065.6864160668254, -1073.8480520277099, -1090.534343528725]
 -- BestCostElement: [-1090.53434353 -1090.53434353 -1090.53434353 -1090.53434353]
 -- BestRoute: [array([ 0,  3,  4,  5,  7,  9, 10, 11,  0]), array([ 1, 17, 13, 14, 12, 15, 16, 18, 19,  1]), array([ 2, 24, 25, 27, 28, 30, 29, 26,  2])]
 -- Custo: 
 ---------19.9061143552
 ---------18.5366310572
 ---------16.4236687054
 ---- Total: 54.8664141178
 -- Premio: 
 ---------44.0
 ---------42.0
 ---------45.0
 ---- Total: 131.0
 - Execucao 2
 -- BestCostGenaration: [-307.27758537124595, -415.53666206927591, -541.56935505224862, -633.89262102221312, -688.14342499177781, -708.15095497827508, -757.06809059904435, -778.04246030298305, -791.46350370682205, -868.16127975831841, -924.28426567180338, -938.95584417873033, -944.53297637950232, -1004.7882660186636, -1007.440396128949, -1012.0534507597379, -1021.8480520277099, -1028.739742260753, -1042.4228873487234, -1062.4228873487234, -1069.4697734879906, -1073.8480520277099, -1085.6864160668254, -1087.2206350297402, -1090.534343528725]
 -- BestCostElement: [-1090.53434353 -1090.53434353 -1090.53434353 -1090.53434353]
 -- BestRoute: [array([ 0,  3,  4,  5,  7,  9, 10, 11,  0]), array([ 1, 17, 13, 14, 12, 15, 16, 18, 19,  1]), array([ 2, 26, 29, 30, 28, 27, 25, 24,  2])]
 -- Custo: 
 ---------19.9061143552
 ---------18.5366310572
 ---------16.4236687054
 ---- Total: 54.8664141178
 -- Premio: 
 ---------44.0
 ---------42.0
 ---------45.0
 ---- Total: 131.0
 - Execucao 3
 -- BestCostGenaration: [-317.61572336207792, -411.88312849098429, -528.50567565300173, -609.41626488777854, -656.91530985119391, -731.30480870777683, -793.37088821165264, -804.63936475243622, -866.89340722676104, -906.0490422137849, -969.21622648378741, -979.54281325018701, -979.58141650390667, -1012.5519792523837, -1015.2693456235654, -1021.7164109994055, -1025.3055487951185, -1042.0708996474821, -1045.3846081464669, -1054.6869737478826, -1064.2351243403541, -1067.290852430355, -1071.6339981808626, -1073.6541830291653, -1084.683620280688, -1087.9973287796729, -1106.8478449735601, -1111.0050723884917]
 -- BestCostElement: [-1106.84784497 -1106.84784497 -1106.84784497 -1106.84784497]
 -- BestRoute: [array([ 0,  5,  4,  3,  6,  8, 11, 10,  9,  0]), array([ 1, 17, 13, 14, 12, 15, 16, 18, 19,  1]), array([ 2, 24, 25, 27, 28, 30, 26,  2])]
 -- Custo: 
 ---------19.365058182
 ---------18.5366310572
 ---------15.5952415806
 ---- Total: 53.4969308199
 -- Premio: 
 ---------46.0
 ---------42.0
 ---------43.0
 ---- Total: 131.0
 - Execucao 4
 -- BestCostGenaration: [-314.64070654875064, -372.6273353971618, -534.47144598544571, -635.44037949962421, -674.3846514096233, -758.91831269148099, -800.14300431530648, -880.23274730310891, -897.63162114361717, -914.93499663305568, -922.82509625209775, -929.66490926003576, -945.51538093192721, -949.68455344748077, -985.41903648382765, -1005.2401154261921, -1026.5782700908617, -1041.3143907458521, -1047.2880999073741, -1075.6575364963599, -1086.493104749338]
 -- BestCostElement: [-1086.49310475 -1086.49310475 -1086.49310475 -1086.49310475]
 -- BestRoute: [array([ 0,  3,  4,  5,  7,  9, 10, 11,  0]), array([ 1, 17, 21, 19, 18, 16, 15, 12, 14,  1]), array([ 2, 24, 25, 27, 28, 30, 26,  2])]
 -- Custo: 
 ---------19.9061143552
 ---------18.0842599401
 ---------15.5952415806
 ---- Total: 53.5856158759
 -- Premio: 
 ---------44.0
 ---------42.0
 ---------43.0
 ---- Total: 129.0
 - Execucao 5
 -- BestCostGenaration: [-291.78990363730713, -368.09522881585343, -560.03979482730324, -627.38260128562456, -698.01132069258563, -775.98631617710362, -844.06568096462388, -867.60634019316194, -886.01295764248925, -917.59075254063328, -932.5085919669757, -952.27230520069588, -964.63898926670072, -977.44826668120095, -997.91081927467872, -1007.2104711205197, -1037.5799077095053, -1065.6913638895069, -1069.1091788497386, -1072.1649069397395, -1074.4289933388986, -1078.6573294422101, -1080.9214158413693, -1083.8953320570411, -1083.9771439313702, -1099.6428401315961, -1109.1909907240677, -1111.4550771232271, -1113.2645615918771]
 -- BestCostElement: [-1113.26456159 -1113.26456159 -1113.26456159 -1113.26456159]
 -- BestRoute: [array([ 0,  5,  4,  3,  6,  8, 11, 10,  9,  0]), array([ 1, 14, 12, 15, 16, 18, 19, 21, 17,  1]), array([ 2, 29, 30, 26, 24, 25, 27, 28,  2])]
 -- Custo: 
 ---------19.365058182
 ---------18.0842599401
 ---------17.654178453
 ---- Total: 55.1034965751
 -- Premio: 
 ---------46.0
 ---------42.0
 ---------45.0
 ---- Total: 133.0
 - Execucao 6
 -- BestCostGenaration: [-303.4465940958064, -407.49488401316023, -578.68620775383647, -667.26199771871734, -670.88415984027938, -748.4938504114765, -756.84146526915833, -858.45596509928407, -867.13822221119733, -893.36031376831409, -929.59007161872591, -964.31220194426737, -969.73260266889395, -985.6947173567014, -995.10917884973856, -1024.6573294422101, -1039.373265248898, -1045.548832839339, -1064.3993490332261, -1084.4972490694067, -1101.9069265307555, -1111.4550771232271]
 -- BestCostElement: [-1111.45507712 -1111.45507712 -1111.45507712 -1111.45507712]
 -- BestRoute: [array([ 0,  5,  4,  3,  6,  8, 11, 10,  9,  0]), array([ 1, 17, 13, 14, 12, 15, 16, 18, 19,  1]), array([ 2, 29, 30, 26, 24, 25, 27, 28,  2])]
 -- Custo: 
 ---------19.365058182
 ---------18.5366310572
 ---------17.654178453
 ---- Total: 55.5558676922
 -- Premio: 
 ---------46.0
 ---------42.0
 ---------45.0
 ---- Total: 133.0
 - Execucao 7
 -- BestCostGenaration: [-270.76896079876974, -416.31021229897021, -549.25570307872079, -664.25460473680607, -719.98787241146226, -730.25334353810217, -754.14612283568056, -792.04649607621388, -826.73274498281251, -854.04649607621388, -882.12427226590535, -912.51590356460201, -935.36680863181505, -961.65892829344762, -991.86533712446089, -1017.6136099342229, -1020.343827997375, -1050.0006822468672, -1054.0269730853452, -1066.7660330992308, -1073.8480520277099, -1097.2996943810886, -1106.8478449735601]
 -- BestCostElement: [-1106.84784497 -1106.84784497 -1106.84784497 -1106.84784497]
 -- BestRoute: [array([ 0,  5,  4,  3,  6,  8, 11, 10,  9,  0]), array([ 1, 17, 13, 14, 12, 15, 16, 18, 19,  1]), array([ 2, 24, 25, 27, 28, 29, 30, 26,  2])]
 -- Custo: 
 ---------19.365058182
 ---------18.5366310572
 ---------17.8863495174
 ---- Total: 55.7880387566
 -- Premio: 
 ---------46.0
 ---------42.0
 ---------45.0
 ---- Total: 133.0
 - Execucao 8
 -- BestCostGenaration: [-227.56220724561541, -377.09423090882956, -476.64617519446227, -604.24920628764073, -698.79157429512247, -737.70424022934253, -755.35631044714648, -805.0297688714827, -840.89680588469139, -917.38595475281909, -959.86552396037541, -968.15959189103137, -982.00546627855567, -995.12387521450205, -1022.5391275604134, -1043.3436209432252, -1043.9642922393998, -1047.1091788497386, -1082.956548630581, -1100.4863590475431, -1106.8478449735601]
 -- BestCostElement: [-1106.84784497 -1106.84784497 -1106.84784497 -1106.84784497]
 -- BestRoute: [array([ 0,  5,  4,  3,  6,  8, 11, 10,  9,  0]), array([ 1, 17, 13, 14, 12, 15, 16, 18, 19,  1]), array([ 2, 28, 27, 25, 24, 30, 26,  2])]
 -- Custo: 
 ---------19.365058182
 ---------18.5366310572
 ---------16.472135955
 ---- Total: 54.3738251942
 -- Premio: 
 ---------46.0
 ---------42.0
 ---------43.0
 ---- Total: 131.0
 - Execucao 9
 -- BestCostGenaration: [-265.9049710334171, -416.0346666556789, -541.67577623697821, -651.65492877989675, -701.05657684087487, -742.27058742456552, -811.25239082181406, -855.87842244602541, -893.99736998996059, -915.75682190629846, -959.43063095754212, -979.25170989990659, -1010.8947743759837, -1046.112138426869, -1066.4830055803484, -1073.6541830291653, -1078.6652801051787, -1085.4752619715296, -1087.9973287796729]
 -- BestCostElement: [-1087.99732878 -1087.99732878 -1087.99732878 -1087.99732878]
 -- BestRoute: [array([ 0,  3,  4,  5,  7, 10,  9, 11,  0]), array([ 1, 17, 13, 14, 12, 15, 16, 18, 19,  1]), array([ 2, 24, 25, 27, 28, 30, 26,  2])]
 -- Custo: 
 ---------19.0776872305
 ---------18.5366310572
 ---------15.5952415806
 ---- Total: 53.2095598683
 -- Premio: 
 ---------44.0
 ---------42.0
 ---------43.0
 ---- Total: 129.0
 - Execucao 10
 -- BestCostGenaration: [-286.73970718258681, -390.31938183169018, -611.54661959308669, -662.9879538843403, -771.14594434294168, -772.520787384904, -832.91903880412406, -848.96685949431298, -875.31656706107742, -917.21121678265808, -965.57831335401829, -995.06119436855658, -999.63124565788178, -1000.004035714062, -1005.2880999073742, -1039.7391845796958, -1043.2517098999065, -1054.6079143965342, -1060.8100244015986, -1068.7421441568263, -1087.9554502886663, -1099.8367091301407, -1109.3848597226124, -1112.698568221597]
 -- BestCostElement: [-1112.69856822 -1112.69856822 -1112.69856822 -1112.69856822]
 -- BestRoute: [array([ 0,  5,  4,  3,  6,  8, 11, 10,  9,  0]), array([ 1, 17, 13, 14, 12, 15, 16, 18, 19,  1]), array([ 2, 26, 29, 30, 28, 27, 25, 24,  2])]
 -- Custo: 
 ---------19.365058182
 ---------18.5366310572
 ---------16.4236687054
 ---- Total: 54.3253579446
 -- Premio: 
 ---------46.0
 ---------42.0
 ---------45.0
 ---- Total: 133.0
 - Execucao 11
 -- BestCostGenaration: [-279.91694746983751, -379.46845152950357, -554.24785903501106, -694.87781957423249, -716.38100885771678, -803.19471967699781, -837.80794146580411, -839.42652784776124, -842.46002301832937, -893.0570912587757, -909.74338275979085, -929.56446170215531, -972.14795213798811, -986.90851895866331, -993.15492152325771, -1020.1629000788971, -1036.8491915799123, -1037.921622895519, -1046.9449541568665, -1047.8736384143372, -1074.4289933388986, -1109.6601252283474, -1111.4550771232271, -1112.3730581947482, -1113.2645615918771, -1114.508052690247]
 -- BestCostElement: [-1114.50805269 -1114.50805269 -1114.50805269 -1114.50805269]
 -- BestRoute: [array([ 0,  5,  4,  3,  6,  8, 11,  9, 10,  0]), array([ 1, 17, 21, 19, 18, 16, 15, 12, 14,  1]), array([ 2, 26, 29, 30, 28, 27, 25, 24,  2])]
 -- Custo: 
 ---------19.365058182
 ---------18.0842599401
 ---------16.4236687054
 ---- Total: 53.8729868274
 -- Premio: 
 ---------46.0
 ---------42.0
 ---------45.0
 ---- Total: 133.0
 - Execucao 12
 -- BestCostGenaration: [-286.89069989451605, -392.03807810422359, -573.45190923310747, -735.20626895997657, -747.60539504537041, -787.77713017524434, -844.62940722862527, -898.97807709816288, -921.10586659283183, -946.2498207051176, -962.67982930827395, -1003.1991282229507, -1005.2693456235654, -1047.2880999073741, -1049.0523524178229, -1053.7014630584965, -1073.522542000861, -1076.8362504998456, -1077.8656877513686, -1081.1793962503532, -1112.3776553905222]
 -- BestCostElement: [-1081.17939625 -1081.17939625 -1081.17939625 -1081.17939625]
 -- BestRoute: [array([ 0,  3,  4,  5,  7, 10,  9, 11,  0]), array([ 1, 17, 14, 12, 15, 16, 18, 19, 21,  1]), array([ 2, 28, 27, 25, 24, 26, 30,  2])]
 -- Custo: 
 ---------19.0776872305
 ---------18.3071357894
 ---------15.9061143552
 ---- Total: 53.290937375
 -- Premio: 
 ---------44.0
 ---------42.0
 ---------43.0
 ---- Total: 129.0
 - Execucao 13
 -- BestCostGenaration: [-258.74392408938832, -408.15749644103141, -529.59884882922847, -683.42150886477941, -720.85313016084865, -745.77193077641732, -787.52393379794887, -814.83223677816102, -835.61931718658457, -856.97197110798766, -915.48544754154261, -918.27104807103296, -952.88901901271595, -959.04560671602792, -967.73994931490267, -981.60735671547695, -1003.9477499430038, -1032.7956774049035, -1034.3171865319894, -1040.9738337273322, -1061.7951197238463, -1063.3293386867613, -1097.2996943810886, -1099.6428401315961, -1103.1504176291255, -1112.698568221597]
 -- BestCostElement: [-1112.69856822 -1112.69856822 -1112.69856822 -1112.69856822]
 -- BestRoute: [array([ 0,  5,  4,  3,  6,  8, 11, 10,  9,  0]), array([ 1, 17, 13, 14, 12, 15, 16, 18, 19,  1]), array([ 2, 26, 29, 30, 28, 27, 25, 24,  2])]
 -- Custo: 
 ---------19.365058182
 ---------18.5366310572
 ---------16.4236687054
 ---- Total: 54.3253579446
 -- Premio: 
 ---------46.0
 ---------42.0
 ---------45.0
 ---- Total: 133.0
 - Execucao 14
 -- BestCostGenaration: [-294.63600179689928, -424.18274063204808, -527.03929174412372, -667.11021928206765, -711.62445476535106, -734.03154813530489, -831.17265054855829, -863.06119436855647, -921.79600962748236, -947.88922606686572, -961.24676069309623, -972.14979520783731, -980.94089623782133, -982.7139455082679, -1010.8099596613677, -1040.0708996474821, -1074.4140453979899, -1078.7571911484974]
 -- BestCostElement: [-1078.75719115 -1078.75719115 -1078.75719115 -1078.75719115]
 -- BestRoute: [array([ 0,  3,  4,  5,  7,  9, 10, 11,  0]), array([ 1, 17, 21, 19, 18, 16, 15, 12, 14,  1]), array([ 2, 28, 27, 25, 24, 26, 30,  2])]
 -- Custo: 
 ---------19.9061143552
 ---------18.0842599401
 ---------15.9061143552
 ---- Total: 53.8964886505
 -- Premio: 
 ---------44.0
 ---------42.0
 ---------43.0
 ---- Total: 129.0
