 - Execucao 0
 -- BestCostGenaration: [-235.79321191376604, -417.25104296300799, -482.06641991133336, -645.19786638741027, -691.3397997932783, -740.07666517667417, -754.65213539396723, -873.16580089898753, -903.10174069057064, -941.27140712010828, -989.43125312240943, -1020.8004423043545, -1022.9174305903133, -1071.3334513954583, -1122.2119422926821, -1170.2189118886463, -1198.837397709138, -1221.1217858653201, -1251.1722859763763, -1256.2428519877262, -1259.3513485905974, -1259.5971806579532, -1280.1082082521582, -1318.4698027172797, -1327.6607730237665, -1352.6867507322863, -1356.2956205005969, -1363.8807017613933, -1365.6262386105971, -1374.1350396184707, -1381.5438257920541, -1386.5928081802599, -1388.9234666332463, -1390.0400776900794, -1412.1186611130679, -1417.2667595454222, -1417.7813159165635, -1429.8531893401505, -1436.7478969904323, -1438.9258352122829, -1446.2504337331313, -1455.9351650054728, -1456.835346562342, -1460.1490550613266, -1475.976879705486, -1479.3651137161476, -1482.8647405507083, -1486.1784490496932, -1495.8724841595272]
 -- BestCostElement: [-1495.87248416 -1486.17844905 -1486.17844905 -1486.17844905]
 -- BestRoute: [array([ 0,  9,  7,  4,  5,  6,  8, 10, 20, 11, 12,  0]), array([ 1, 18, 15, 13, 16, 17, 19, 34, 37, 40, 41, 39, 35, 36, 38,  1]), array([ 2, 29, 28, 26, 25, 23, 22, 33, 24, 27, 30, 31,  2])]
 -- Custo: 
 ---------22.5366310572
 ---------38.6608172191
 ---------26.3242248307
 ---- Total: 87.5216731071
 -- Premio: 
 ---------49.0
 ---------78.0
 ---------54.0
 ---- Total: 181.0
 - Execucao 1
 -- BestCostGenaration: [-243.70411155695905, -356.46297202670388, -520.49862583909544, -594.39564671105688, -721.43903840889993, -797.7504894154489, -822.27113538061326, -914.43488525616067, -933.62515895087586, -972.74712133533421, -1005.4316517027407, -1017.9800093493618, -1019.2748474958207, -1053.0802018996692, -1075.3127125847991, -1086.7326314704121, -1107.2184279453936, -1114.1315053109206, -1121.6567963498492, -1162.9036671216741, -1165.7926339553046, -1168.4541300478563, -1225.0219679656398, -1237.1088163780178, -1329.0777976259728, -1343.6478489152983, -1393.6203584746536, -1412.9251175578486, -1419.8811311032305, -1421.1806151776304, -1433.3998877073357, -1436.7442570567805, -1456.3812406890629, -1469.9938541453259, -1484.7422306464427, -1498.1990660414394, -1503.67018879127, -1505.4864837019463, -1535.7668385869486, -1543.9235267251513, -1558.39287021116, -1560.3632259054873, -1561.826626612167, -1574.2929633141368]
 -- BestCostElement: [-1565.26662921 -1565.26662921 -1565.26662921 -1565.26662921]
 -- BestRoute: [array([ 0,  4,  5,  6,  8, 11, 10, 12,  9,  7,  0]), array([ 1, 18, 15, 13, 16, 17, 19, 33, 34, 37, 40, 41, 39, 38, 36, 35, 22,
       20,  1]), array([ 2, 29, 28, 26, 25, 23, 24, 42,  3, 27, 30, 32, 31,  2])]
 -- Custo: 
 ---------23.1421823327
 ---------39.0705509067
 ---------39.0723968814
 ---- Total: 101.285130121
 -- Premio: 
 ---------49.0
 ---------88.0
 ---------56.0
 ---- Total: 193.0
 - Execucao 2
 -- BestCostGenaration: [-244.85476797901211, -366.18663051540267, -649.53214661577579, -690.80637372067929, -713.6951112588315, -741.21494573558823, -808.39404235526627, -872.33556261119122, -875.22971055744188, -930.34918578150439, -958.07913421090393, -969.82157703736789, -982.40073706856242, -984.51719492679922, -1070.1558506120884, -1096.414614089294, -1111.5252557564359, -1114.9028114399757, -1127.9781460727204, -1134.9889314253669, -1156.3187586824931, -1217.875587434705, -1248.57082835151, -1275.1398893023081, -1329.2578673313162, -1332.9803169240756, -1342.0402047046309, -1347.1182507784697, -1372.2845975787554, -1378.4728278804384, -1388.4989097371877, -1390.357019569014, -1415.1747070339825, -1434.3436339462983, -1435.2963187089108, -1452.6627393948288, -1461.0856350399577, -1463.8845368504947, -1471.8717017209469, -1502.2778967729705, -1504.3792724808593, -1509.9132926610509, -1514.2238636329705, -1522.0096934350872, -1544.9756486565946, -1564.4213825555992, -1569.2808470601578, -1581.0898303732074, -1583.9046307961639, -1585.4980133468366, -1589.3970965617912, -1590.9904791124638, -1592.0356678075084]
 -- BestCostElement: [-1592.03566781 -1592.03566781 -1592.03566781 -1592.03566781]
 -- BestRoute: [array([ 0,  5,  4,  7,  9, 12, 10, 11, 19, 17, 16,  8,  6,  0]), array([ 1, 15, 13, 14, 18, 21, 36, 38, 39, 41, 40, 42, 37, 34, 33, 20, 22,
        1]), array([ 2, 24, 23, 25, 26, 28, 29, 32, 30, 31, 27,  2])]
 -- Custo: 
 ---------33.5220000882
 ---------39.365058182
 ---------24.1040247779
 ---- Total: 96.9910830481
 -- Premio: 
 ---------64.0
 ---------80.0
 ---------54.0
 ---- Total: 198.0
 - Execucao 3
 -- BestCostGenaration: [-275.92788742926103, -379.84063398948877, -554.85364995711416, -634.85106942271409, -741.58837185580455, -811.1765174990835, -817.60120650473675, -867.50689754954499, -928.65174294959581, -972.9253660464143, -977.66174687888224, -1005.0943748595678, -1020.6766600757206, -1060.8898314563685, -1079.5098991305827, -1105.7311200746938, -1120.57266391545, -1140.0031832512282, -1172.0502832971051, -1205.0351283020466, -1267.4184216002484, -1286.6560749356042, -1302.1855474053234, -1319.9253614590302, -1337.4801161989003, -1341.1740845977765, -1345.3981377319715, -1353.195354688517, -1360.0553465551448, -1379.9965138705202, -1396.6828053715353, -1411.209656211367, -1414.5725606745441, -1438.1603214883989, -1439.927443124092, -1449.669462715108, -1460.9510808590185, -1464.6333244354582, -1467.5234708212824, -1484.7608724918996, -1501.5141277149482, -1507.1830775937556, -1508.7764601444283, -1509.5154197234228, -1509.8765559100643, -1517.9491853077134, -1528.8392273028039, -1533.1823730533117, -1537.2182619051791, -1540.1374485841511]
 -- BestCostElement: [-1540.13744858 -1540.13744858 -1540.13744858 -1540.13744858]
 -- BestRoute: [array([ 0,  6,  5,  4,  7,  9, 12, 19, 17, 16,  8, 11, 10,  0]), array([ 1, 15, 13, 14, 18, 21, 35, 36, 38, 39, 41, 42, 34, 33, 22, 20,  1]), array([ 2, 27, 30, 31, 32, 29, 28, 26, 25, 23, 24, 37, 40,  2])]
 -- Custo: 
 ---------35.0219124315
 ---------38.7723760326
 ---------38.6713493899
 ---- Total: 112.465637854
 -- Premio: 
 ---------64.0
 ---------67.0
 ---------68.0
 ---- Total: 199.0
 - Execucao 4
 -- BestCostGenaration: [-241.96083833731433, -399.34632896133832, -527.30852629708579, -599.84669174822398, -649.77905810280254, -687.70444480197943, -815.74887715811531, -870.62135508857, -891.82298537036127, -925.35518155260002, -959.58381602341626, -1015.8581281509164, -1016.4878211718246, -1040.3174390018216, -1068.8849121367105, -1085.8427565419904, -1121.4358040072939, -1121.6687046740294, -1162.1287086712523, -1224.4654582728242, -1260.3112450820649, -1297.7796136243346, -1321.8509076394262, -1359.9451562377203, -1374.0407745731768, -1388.2055130376718, -1407.5102721208671, -1408.7976897813737, -1440.4917249798009, -1444.8348707303085, -1446.2366506471826, -1464.9071529566679, -1475.6321179020026, -1495.5925600044156, -1499.0716513637663, -1503.5353580867647, -1506.5957064174606, -1514.5147580015221, -1519.1657577067858, -1521.212992456788, -1528.1144630215656, -1530.2251283486933, -1534.2778968615635, -1537.4909939230813, -1538.0082766995363, -1542.0610452124065]
 -- BestCostElement: [-1542.06104521 -1542.06104521 -1542.06104521 -1542.06104521]
 -- BestRoute: [array([ 0,  7,  4,  5,  6,  8, 21, 16, 17, 11, 10, 12,  9,  0]), array([ 1, 15, 13, 14, 18, 22, 35, 36,  3, 38, 39, 41, 40, 37, 34, 19, 20,
        1]), array([ 2, 42, 24, 33, 23, 25, 26, 28, 29, 32, 27, 30, 31,  2])]
 -- Custo: 
 ---------43.8749294263
 ---------45.1581276116
 ---------50.1409274388
 ---- Total: 139.173984477
 -- Premio: 
 ---------57.0
 ---------84.0
 ---------58.0
 ---- Total: 199.0
 - Execucao 5
 -- BestCostGenaration: [-281.86688773999856, -439.68486114714864, -479.72183855785931, -610.21333627445983, -658.04251954589631, -742.47218696914842, -795.04307644684991, -821.16285946958521, -907.47421249699255, -1023.8089057180507, -1107.6524762136278, -1157.6249857729836, -1203.6880171572434, -1208.6165408293998, -1216.7005325455484, -1249.9533236866157, -1257.7849984384666, -1280.7946473028617, -1283.1333408337775, -1291.2933368433305, -1313.1010514701802, -1319.5884835137374, -1321.5879628086416, -1343.05080950357, -1353.697438788719, -1354.7701940703153, -1362.5533424211585, -1378.4351858186906, -1404.8261292144657, -1408.1082982743503, -1409.9148938447397, -1417.2929653303092, -1423.1282262195364, -1443.6934798786206, -1449.8671857985312, -1466.1558092660089, -1467.1780153104414, -1471.4669157776066, -1472.3753627450897, -1473.9389576168519, -1475.8345209491983, -1478.6365709514037, -1486.1499186083104, -1487.1145865499684, -1489.6135039159401, -1495.6698410396391, -1500.1376835354445, -1500.9914936634955, -1502.1716066484437, -1503.7649891991164, -1506.2756173898385, -1510.1065787152656, -1514.2589587424068, -1516.2468631130919, -1516.3586699200011]
 -- BestCostElement: [-1516.35866992 -1516.35866992 -1516.35866992 -1516.35866992]
 -- BestRoute: [array([ 0,  6,  5,  4,  7,  9, 12, 10, 11, 20, 16, 17,  8,  0]), array([ 1, 15, 13, 14, 18, 22, 35, 36, 38, 39, 41, 40, 37, 19,  1]), array([ 2, 26, 25, 23, 24, 33, 34, 42, 30, 27, 31, 32, 28, 29,  2])]
 -- Custo: 
 ---------35.2832096052
 ---------39.3373815476
 ---------38.7897413671
 ---- Total: 113.41033252
 -- Premio: 
 ---------58.0
 ---------77.0
 ---------62.0
 ---- Total: 197.0
 - Execucao 6
 -- BestCostGenaration: [-216.15980898600353, -483.66333740531627, -521.01063346983142, -688.92231370289551, -725.45609584772535, -730.85857354522261, -786.17388223903993, -869.38059462601939, -926.66628012828687, -977.60514214386421, -995.14243306794492, -1020.5252962955178, -1099.4786098630657, -1121.0990289143547, -1149.9060623367827, -1236.9431595778751, -1241.2899484928512, -1243.9292238143564, -1248.7584357170144, -1288.7688365057616, -1319.3534202802639, -1322.5194248607634, -1324.8265477617338, -1351.4602175113337, -1354.1310988297619, -1355.0944917678407, -1355.2948377062546, -1386.9301032839755, -1396.8337588358761, -1416.6479821454789, -1424.5950498416153, -1436.8732927231904, -1440.9182998285323, -1450.560165627983, -1466.2534595598643, -1485.748025096935, -1486.1984293846594, -1489.2202225821902, -1501.4777019241669, -1510.3126756299498, -1519.4182739956204, -1532.9589332241585, -1544.4653057605144, -1545.294722858893, -1546.8881054095657]
 -- BestCostElement: [-1546.88810541 -1546.88810541 -1545.29472286 -1544.69035342]
 -- BestRoute: [array([ 0,  6,  5,  4,  7,  9, 12, 10, 11, 17, 16, 20, 19,  8,  0]), array([ 1, 15, 13, 14, 18, 21, 22, 35, 36, 38, 39, 41, 40, 33,  1]), array([ 2, 32, 29, 28, 26, 25, 23, 24, 34, 37, 42, 30, 27, 31,  2])]
 -- Custo: 
 ---------36.0430936882
 ---------39.0135306076
 ---------35.7213493517
 ---- Total: 110.777973648
 -- Premio: 
 ---------67.0
 ---------66.0
 ---------66.0
 ---- Total: 199.0
 - Execucao 7
 -- BestCostGenaration: [-271.95412833017917, -449.4313119764484, -555.15383031075862, -668.26561372235278, -762.36195817045223, -820.73892604904211, -879.41526253599659, -977.52165206861696, -1009.2490521154593, -1033.5256269567749, -1085.8117560822313, -1094.2405613106926, -1103.2636245513609, -1113.2006539195481, -1148.256382009549, -1167.2707638551069, -1186.8653426944018, -1191.2084884449096, -1237.5704748802495, -1268.9040797891021, -1275.4387474509217, -1304.1308413581885, -1307.5368818951856, -1322.058948703329, -1328.1422427896532, -1334.649777024026, -1339.3673747280386, -1348.8083772515702, -1364.861143051427, -1379.006474203316, -1386.7896225541592, -1412.3411150611671, -1413.7520542270834, -1413.7725729702065, -1419.5646814394718, -1425.979848993823, -1429.7878828841874, -1438.7153552689556, -1442.2487194246708, -1448.0907365917865, -1460.3811138294236, -1468.9352093893581, -1475.8560055645628, -1476.4261921483185, -1480.5070052698265, -1486.1473171343298, -1488.2901536206698, -1492.1367777393737, -1500.7532273255097, -1501.7984160205544, -1502.1632554137659, -1509.6146903597541, -1509.7264971666636, -1509.9795297529658]
 -- BestCostElement: [-1509.97952975 -1509.97952975 -1509.97952975 -1509.97952975]
 -- BestRoute: [array([ 0,  6,  5,  4,  7,  9, 12, 10, 11, 17, 16, 19,  8,  0]), array([ 1, 13, 15, 14, 18, 20, 22, 35, 36, 38, 39, 40, 41,  1]), array([ 2, 25, 26, 28, 29, 27, 24, 33, 34, 37, 42, 30, 31, 32,  2])]
 -- Custo: 
 ---------34.0430936882
 ---------39.7312193788
 ---------38.7308044947
 ---- Total: 112.505117562
 -- Premio: 
 ---------64.0
 ---------65.0
 ---------67.0
 ---- Total: 196.0
 - Execucao 8
 -- BestCostGenaration: [-245.84267215017752, -372.22257131696028, -529.47449061451027, -594.76929454582864, -654.06604351893156, -742.34034940958338, -830.58656421587534, -886.77532841361472, -898.62182680818046, -922.18155028023148, -966.38651954459579, -998.67727441433988, -1016.8832107120401, -1023.1016946770269, -1050.2920185622181, -1105.5794358268522, -1171.9225815773598, -1207.9233850799726, -1229.9136366264838, -1236.4163094758949, -1249.5574466761063, -1250.3750792819212, -1269.3785256184708, -1286.2292056033511, -1331.2821811703714, -1338.0090550681546, -1347.9127106200551, -1370.9278656151137, -1375.8706591615189, -1377.6470657543186, -1381.8865632608326, -1386.4957505935251, -1389.3947226295072, -1414.6903044944252, -1419.0694896254927, -1430.574064282735, -1444.7482585612956, -1455.8986588901471, -1457.3150609892582, -1467.6848482051514, -1475.3876458948607, -1480.6424120330876, -1485.7963043851532, -1495.4752277630851, -1505.3788833149856, -1505.6368637239693]
 -- BestCostElement: [-1505.63686372 -1505.63686372 -1505.63686372 -1505.63686372]
 -- BestRoute: [array([ 0,  9,  7,  4,  5,  6,  8, 34, 11, 10, 12,  0]), array([ 1, 18, 14, 15, 13, 16, 17, 19, 20, 22, 33, 35, 36, 38, 39,  1]), array([ 2, 24, 23, 25, 26, 28, 29, 32, 31, 30, 42, 40, 41, 37, 27,  2])]
 -- Custo: 
 ---------39.0219124315
 ---------39.8990134427
 ---------39.2960126749
 ---- Total: 118.216938549
 -- Premio: 
 ---------53.0
 ---------70.0
 ---------74.0
 ---- Total: 197.0
 - Execucao 9
 -- BestCostGenaration: [-244.31861709648325, -418.42253751599907, -553.91700460693528, -633.85475564646765, -643.19126168369417, -756.43067640215622, -815.10008814691309, -873.62126110964209, -953.74252116185994, -1022.2079267132095, -1025.7425211618597, -1055.6595690665883, -1088.9097054318622, -1089.1521433790533, -1097.9388372472135, -1156.3145043534607, -1156.4259605334623, -1174.2863463529382, -1194.2092472951103, -1265.348584239699, -1285.3892438609544, -1302.4113535395368, -1305.1100842271671, -1322.4292029031556, -1322.5889021740363, -1324.6395361780567, -1352.0019712237081, -1369.1599027395068, -1385.7448565582215, -1387.2234296824818, -1394.9154806305371, -1412.9743551335828, -1427.2488156639831, -1429.4699673122548, -1430.3443742624536, -1440.6231569377833, -1456.3473136213488, -1459.7873162216843, -1466.9037293074016, -1467.6292014994356, -1468.7749424440403, -1477.3123877976936, -1478.8264055608461, -1487.8186619520275, -1493.3228859823621, -1493.7179089579752, -1495.2653168386846, -1498.8979283575254, -1504.1029331994894, -1508.4166396456053, -1515.867185709938]
 -- BestCostElement: [-1511.49126765 -1511.45382256 -1511.45382256 -1511.45382256]
 -- BestRoute: [array([ 0,  6,  5,  4,  7,  9, 12, 10, 11, 19, 17, 16,  8,  0]), array([ 1, 15, 13, 14, 18, 21, 20, 22, 33, 35, 36, 38, 39,  1]), array([ 2, 26, 28, 29, 27, 31, 30, 42, 40, 41, 37, 34, 24, 23, 25,  2])]
 -- Custo: 
 ---------33.0498641332
 ---------39.2487319029
 ---------39.8285870527
 ---- Total: 112.127183089
 -- Premio: 
 ---------64.0
 ---------57.0
 ---------75.0
 ---- Total: 196.0
