 - Execucao 0
 -- BestCostGenaration: [-134.11145618000168, -226.72467796880795, -299.56030154320183, -362.93301031508378, -420.61196252061819, -456.6968254410346, -517.45457216489251, -563.22067747855272, -624.85447119203729, -649.68743440244964, -673.6462388292922, -748.42951978456028, -830.71019250972427, -837.02882467356449, -907.01793223670416, -911.26273778570442, -948.86090103799552, -965.84317461122316, -1026.3562825625315, -1063.2998483593105, -1124.558572658882, -1131.2737393799962, -1147.8073688753402, -1149.798001848907, -1198.9903787962394, -1201.193557462414, -1238.9764873901433, -1284.5497998775629, -1298.7907336184658, -1317.5448238809408, -1323.2243011398664, -1326.2959744353598, -1331.5998890435887, -1356.5324819114735, -1374.1719342477993, -1381.9550825986425, -1438.6443912222835, -1453.8245775611554, -1472.6200259419941, -1501.8382045369522, -1505.679087665219, -1526.1164861452748, -1534.5601681039079, -1556.6021629459506, -1566.2746048479714, -1569.3303329379723, -1573.1030767722473, -1573.3938046367921, -1573.4728639881405, -1574.1854463276336]
 -- BestCostElement: [-1574.18544633 -1573.81565911 -1573.47286399 -1573.39380464]
 -- BestRoute: [array([ 0,  7,  4,  5,  6,  8, 11, 10, 12, 19, 20,  1, 17, 16, 13, 15, 14,
       18, 21, 22, 33,  3, 35, 36, 38, 39, 41, 40, 42, 37, 34, 24, 23,  2,
       27, 30, 31, 32, 29, 28, 26, 25,  9,  0])]
 -- Premio: 
 ---------103.953638418
 -- Custo: 
 ---------199.0
 - Execucao 1
 -- BestCostGenaration: [-134.11145618000168, -228.06593074504909, -309.11767106109653, -356.55329893829042, -413.38502860990843, -470.4387054307436, -561.1216578897031, -579.60185666034465, -676.10766524688324, -677.6052715331864, -705.05645001716675, -768.62013745111676, -799.28900561180944, -862.58800063165108, -879.65863875060006, -906.69134773598341, -915.43792202579505, -1033.4558666453668, -1050.5115947353675, -1070.3418008270826, -1133.5972921697821, -1155.0788507512798, -1162.847161180774, -1181.2296101484644, -1215.294288202399, -1235.6689645235931, -1243.9483510761702, -1274.5875237564046, -1343.409738454209, -1346.8349031331954, -1357.8308437454707, -1359.7870875573892, -1366.0215296508759, -1376.3091018352545, -1384.7205785456117, -1385.1354785146202, -1405.9635772504798, -1437.0614985195375, -1468.0493611840061, -1485.570807094241, -1500.1146075946485, -1501.8688291717647, -1528.889915970823, -1533.7370786975157, -1540.9850583195323, -1545.6531704856548, -1558.7555610983507, -1561.5161279190258, -1565.8758160545226, -1568.8826049308809, -1570.3421979472282, -1575.1630246447073, -1577.7877343104319, -1578.2737267782256, -1590.3891761370414, -1592.4561398590752, -1593.4449042270423, -1598.3605381227376]
 -- BestCostElement: [-1598.36053812 -1596.38666517 -1596.37263375 -1595.93833302]
 -- BestRoute: [array([ 0,  8,  6,  5,  4,  7,  9, 12, 10, 11, 19, 17, 16, 13, 15, 14, 18,
       21,  1, 20, 22, 33, 34, 37,  3, 35, 36, 38, 39, 41, 40, 42, 30, 27,
       31, 32,  2, 29, 28, 26, 25, 23, 24,  0])]
 -- Premio: 
 ---------97.9098654693
 -- Custo: 
 ---------199.0
 - Execucao 2
 -- BestCostGenaration: [-134.11145618000168, -235.74201959101609, -295.70994345493682, -383.12806950882714, -432.12581597581487, -509.55488911697671, -541.34523276876348, -566.49230501508498, -597.90976051120902, -657.44258424362658, -675.29646693871177, -701.68007804054889, -737.3038663178595, -769.67415454182969, -795.44593333963564, -848.35612632412483, -878.65879778204987, -904.36973010438362, -931.07252400154368, -965.00994232013636, -1023.2563449073017, -1030.0277202848602, -1097.086931183017, -1110.2477957250046, -1174.8596798020451, -1212.9470266027406, -1218.160285091993, -1253.906369186036, -1296.5136013357028, -1299.0448048896419, -1327.3430900340436, -1352.8312758070324, -1356.5038833095268, -1390.2796255910216, -1393.9915781801524, -1426.0882162326866, -1431.811143256507, -1450.4410304814619, -1454.4214564691647, -1470.1705698784469, -1492.4705503506555, -1492.8753297946314, -1500.1501234601908, -1501.2333315220114, -1506.6495418931695, -1512.1274750850262, -1512.7609980731711, -1520.5142254035491, -1541.954735952183, -1543.6080307775196, -1544.066416816521, -1548.764096405841, -1565.1297741804769, -1565.2027987019503, -1565.2818580532987]
 -- BestCostElement: [-1565.28185805 -1565.2027987  -1565.12977418 -1564.56927571]
 -- BestRoute: [array([ 0,  6,  5,  4,  7,  9, 12, 10, 11,  8, 19, 17, 16, 13, 14, 15,  1,
       18, 21, 22, 20, 33, 34, 40, 41, 39, 38, 36, 35,  3, 37, 42,  2, 25,
       26, 28, 29, 32, 31, 30, 27, 24, 23,  0])]
 -- Premio: 
 ---------106.179535487
 -- Custo: 
 ---------199.0
 - Execucao 3
 -- BestCostGenaration: [-134.11145618000168, -215.35163696291858, -285.77166389668866, -386.13536251570872, -417.13968236913672, -480.17289754572994, -551.52611342068872, -556.51140862237469, -668.11056433248507, -691.9755698369861, -739.71879278623169, -814.27427714274222, -826.56100248093571, -828.61218695434513, -903.87222503929115, -953.78500586452674, -975.30753174951883, -1007.0053633210797, -1051.8972195939111, -1065.2819498200663, -1084.5501900976392, -1131.9046252522385, -1249.9174114246198, -1261.6029255895248, -1285.4731806398727, -1308.7672487701925, -1310.8349994577197, -1354.5093733071799, -1364.7222587090791, -1367.547805609915, -1398.0828450929832, -1413.1581000759402, -1414.9486318987222, -1430.0013123147946, -1449.947303229204, -1455.8953406279561, -1460.5880930527092, -1475.6802875838819, -1482.2847364619242, -1485.0735442992368, -1495.556666904793, -1497.5034044846441, -1507.060221212369, -1513.5708834554582, -1517.6851934808635, -1527.1379751676529, -1527.4683349319894, -1530.0439112569102, -1537.0361676480914, -1538.7193127360617, -1540.349876147076, -1541.7750408260627]
 -- BestCostElement: [-1541.77504083 -1541.77504083 -1540.34987615 -1540.34987615]
 -- BestRoute: [array([ 0,  9,  7,  4,  5,  6,  8, 11, 17, 16, 13, 15, 14,  1, 18, 21, 22,
       35, 36, 38, 39, 41, 40,  3, 42, 30, 27, 31, 32,  2, 29, 28, 26, 25,
       24, 23, 37, 34, 33, 20, 19, 12, 10,  0])]
 -- Premio: 
 ---------112.056239793
 -- Custo: 
 ---------199.0
 - Execucao 4
 -- BestCostGenaration: [-134.11145618000168, -202.86251948355221, -279.36409250908412, -379.88100956945613, -429.40284468146507, -492.01535568078401, -540.35986454967622, -568.16295535075028, -643.07796364904493, -666.90124583582167, -682.57539928445169, -717.02786150637405, -766.35214626347192, -843.60897957745692, -847.26558955301607, -874.79207495393564, -925.40589455075178, -947.67758654759712, -1013.450343835177, -1050.6565755496517, -1064.1491052246301, -1092.5998589873755, -1094.7383723233129, -1114.0553015209657, -1143.3805246526576, -1172.0299558558759, -1226.6134210223308, -1227.8143008074071, -1255.6800472577361, -1261.0425602724004, -1294.7668414631769, -1299.4998563352633, -1303.7738439364286, -1309.3041564107605, -1317.2843047251736, -1322.6128558881778, -1360.4577627746278, -1362.9469902153705, -1403.0113947573032, -1404.4678222974662, -1412.4930718926421, -1422.2173673831928, -1428.4708971766784, -1446.8262685386362, -1463.1609146918997, -1490.9328192279229, -1496.8939762743744, -1509.8156591117404, -1510.4205297048961, -1534.5458295215067, -1542.5370186617363, -1547.7857774505092, -1550.5370186617363, -1554.7780338416903, -1560.3174247205452, -1561.9108072712179, -1566.7432723743077, -1567.6777252573463, -1570.6340927966603, -1572.3210672724517, -1573.3662559674963, -1574.3966478628865]
 -- BestCostElement: [-1574.39664786 -1574.39664786 -1573.36625597 -1573.36625597]
 -- BestRoute: [array([ 0,  7,  4,  5,  6,  8, 16, 17, 19, 20, 22,  1, 15, 13, 14, 18, 21,
       35, 36, 38, 39, 41, 40, 42, 37,  3, 33, 34, 27, 30, 31, 32,  2, 26,
       28, 29, 25, 23, 24, 12, 11, 10,  9,  0])]
 -- Premio: 
 ---------103.900838034
 -- Custo: 
 ---------199.0
 - Execucao 5
 -- BestCostGenaration: [-134.11145618000168, -204.37554257916096, -275.69739085484429, -401.29631751697383, -456.17374371972431, -486.71012828635725, -540.54050747923475, -612.09305496391539, -672.89564096862296, -684.50938526066489, -710.48086435677055, -780.29947915865364, -881.2802932315924, -895.83325269801378, -935.98946096143231, -965.38660330458083, -1008.1109750591736, -1035.4886678632079, -1080.8463308801868, -1092.3801992161941, -1121.8782658917717, -1163.9941474812385, -1181.0556614222887, -1207.2749540335883, -1235.2442026345489, -1250.5718219455985, -1281.0724250736375, -1282.7643276911133, -1290.441862134016, -1296.5768566295149, -1326.7728695657979, -1362.7292993698907, -1375.4944849652263, -1377.8185313773724, -1417.442668015867, -1437.2538301119366, -1443.6083756806743, -1452.9234149555391, -1459.673773377413, -1477.2902018654445, -1479.0785505446306, -1499.8021216894422, -1506.3885365929057, -1516.8730464746457, -1535.2000004670717, -1540.4753091473701, -1541.2756668826646, -1564.209049471955, -1566.6821770664558, -1566.8101756314466, -1569.8659037214475, -1570.4504874959498, -1573.5062155859507]
 -- BestCostElement: [-1573.50621559 -1571.48791418 -1570.4504875  -1570.4504875 ]
 -- BestRoute: [array([ 0,  5,  6,  4,  7, 10, 11,  8, 17, 19, 20,  1, 16, 13, 15, 14, 18,
       21, 22, 33, 34, 37,  3, 35, 36, 38, 39, 41, 40, 42, 32, 29, 28, 26,
       25,  2, 31, 30, 27, 24, 23, 12,  9,  0])]
 -- Premio: 
 ---------104.123446104
 -- Custo: 
 ---------199.0
 - Execucao 6
 -- BestCostGenaration: [-134.11145618000168, -226.72467796880795, -300.06286598944627, -396.55814080351121, -458.05958874972362, -526.97731888361045, -566.44595182495425, -577.26073888026735, -597.6273192061592, -675.01630018764604, -698.62437648907917, -719.80608496754962, -811.69086211222702, -814.14581900254018, -839.75709088885219, -903.61816885717644, -947.72417879383943, -964.35407158195187, -976.32227681609515, -1023.2408460499418, -1039.0999865601682, -1090.8703806847311, -1096.0868451878318, -1099.6699686190227, -1133.1802549703402, -1153.048707333631, -1159.7102517444241, -1181.0657466872135, -1216.0202184077129, -1257.9171420451039, -1265.7270344495475, -1317.7832493503863, -1319.7015615792538, -1328.603004052633, -1334.2643789585504, -1363.5727808548181, -1369.1511877814446, -1381.1017991460753, -1397.6392929217527, -1403.3013075235258, -1419.8563976581454, -1432.9291063164274, -1447.1990083973178, -1454.8161226451016, -1465.9786671249135, -1470.8748036779407, -1479.681827960861, -1500.1108239552475, -1508.966454475823, -1527.5309760713212, -1531.9377573116417, -1532.8866494623362, -1539.4995338865353, -1541.3522188046788, -1544.4079468946798, -1545.5782942217811, -1549.468864452117, -1552.5712962751006, -1553.4061384154359, -1555.90740286864]
 -- BestCostElement: [-1555.90740287 -1555.07256073 -1553.40613842 -1553.22721736]
 -- BestRoute: [array([ 0,  5,  6,  8, 10, 11, 19, 17, 16, 13, 14, 15,  1, 18, 21, 20, 22,
       24, 23, 25, 26, 28, 29,  2, 32, 31, 27, 30, 37, 42, 40, 41, 39, 38,
       36, 35,  3, 33, 34, 12,  9,  7,  4,  0])]
 -- Premio: 
 ---------108.523149283
 -- Custo: 
 ---------199.0
 - Execucao 7
 -- BestCostGenaration: [-134.11145618000168, -232.11145618000168, -292.38732333554071, -369.84481272756398, -434.62143218407869, -481.41477996538276, -575.867237508367, -629.86098554432328, -676.83718762795047, -733.50158068110034, -770.02470811010949, -826.26771192682054, -869.73744837276286, -923.69218270772251, -958.84022950140366, -983.32294929214447, -1007.1387877705027, -1052.3881454092784, -1103.4237930385341, -1106.5703477470518, -1125.1890691657004, -1154.8485998278957, -1182.8686960940536, -1209.5899178649283, -1210.733933818153, -1212.4876084118598, -1240.8932316702562, -1242.5645149566981, -1285.9128402303797, -1303.002623728614, -1309.2762412289158, -1366.3677088473987, -1369.8377606181984, -1398.7552941600902, -1404.9506806288628, -1409.5592927624527, -1428.7114272333765, -1459.4557242432488, -1462.2680914781679, -1466.4897367803981, -1479.8369255125385, -1489.3846803005933, -1496.3633256131234, -1507.566921503962, -1510.3905214139857, -1521.580510986224, -1524.7259667302378, -1526.0349127697336, -1533.8140916488919, -1546.8574510416292, -1549.7307074987698, -1549.7412522966479, -1555.501597171909, -1558.1369860511147, -1559.651309250439, -1562.2259441917063, -1562.7070373404399, -1565.2572410072867]
 -- BestCostElement: [-1565.25724101 -1564.51818099 -1563.64891052 -1563.28336805]
 -- BestRoute: [array([ 0,  6,  5,  4,  7,  9, 12, 10, 11,  8, 19, 17, 16, 13, 15, 14, 18,
       21,  1, 20, 22, 33, 34, 35, 36, 38, 40, 41, 39,  3, 37, 42, 30, 27,
       31, 32,  2, 25, 26, 28, 29, 23, 24,  0])]
 -- Premio: 
 ---------106.185689748
 -- Custo: 
 ---------199.0
 - Execucao 8
 -- BestCostGenaration: [-134.11145618000168, -203.67504494159678, -280.15353175056862, -343.77080932930591, -417.71192184539751, -470.30269186094893, -508.33524662433547, -583.50277514360323, -619.33318300029441, -647.57907213285284, -724.75550954312905, -728.10807378861341, -774.83296803109931, -795.52485879144831, -895.31884625369685, -912.13715175388279, -931.19722172175943, -964.28904598155395, -1000.0210760197997, -1017.0123561306089, -1066.3159864102095, -1066.5713684019483, -1098.5713684019483, -1123.6471939475132, -1150.9562768480496, -1170.3413739953924, -1186.886899798983, -1191.8001828047488, -1198.2699549361587, -1230.7883364706627, -1250.8041845714979, -1287.867193915883, -1308.3058415561215, -1338.0604159774234, -1372.3601866745194, -1409.0584348930865, -1412.5613478585992, -1437.8645129245538, -1463.2036866250039, -1470.8183930855507, -1489.5459158527729, -1491.1192702720557, -1515.5223004136319, -1518.2687458486655, -1533.0549466654386, -1543.2678207860861, -1547.5880883899135, -1549.991393582334, -1554.835803786046, -1564.7919434786775, -1568.7006247070212, -1571.7960228589955, -1575.4057134301925, -1576.0053837902165, -1579.9757647195177, -1582.9664648763401]
 -- BestCostElement: [-1582.96646488 -1582.96646488 -1582.4125024  -1582.15452199]
 -- BestRoute: [array([ 0,  7,  4,  5,  6,  8, 10, 11, 17, 16, 13, 15, 14, 18, 21,  1, 19,
       20, 22, 33, 35, 36, 38, 39, 41, 40, 42, 37,  3, 34, 27, 30, 31, 32,
       29, 28, 26,  2, 25, 23, 24, 12,  9,  0])]
 -- Premio: 
 ---------101.758383781
 -- Custo: 
 ---------199.0
 - Execucao 9
 -- BestCostGenaration: [-134.11145618000168, -220.26408639915928, -299.2522857021749, -371.00921683385002, -440.32711657646769, -472.97956618388338, -527.18196682275993, -588.90297684445238, -629.59574474476995, -635.63820795057052, -665.82323704591204, -719.41461155719435, -731.12948867018531, -782.27057272137677, -852.68980513145789, -902.95679955795663, -917.13425323931415, -945.88349149998066, -955.4214645048055, -1000.096391062498, -1085.0393948286871, -1090.0613034716198, -1093.5368330458875, -1094.3266133873165, -1114.6399840067397, -1147.4490263616926, -1159.6847384541666, -1203.5157797839806, -1218.0761209149803, -1226.3402073141397, -1272.8974762757784, -1282.5013982214073, -1308.6254800284423, -1324.3827877580302, -1359.9745448949013, -1366.1574742480839, -1401.0658914832286, -1408.0360099576255, -1428.011992366608, -1453.5373694558621, -1469.9185236583148, -1475.2628730519975, -1492.0625272258685, -1499.2380782979112, -1500.561318596966, -1522.1165362390766, -1532.6386030472197, -1536.004147091802, -1549.4026618911089, -1553.1506711212644, -1557.5563471890248, -1564.1363615769578, -1566.5585666788136, -1567.3502083696553, -1572.5530369849869, -1574.9752420868426, -1575.0650046241403, -1578.5381537843089, -1578.6962724870054, -1583.8566463149818, -1587.6046555451376, -1587.764096206321, -1587.9101604899909, -1593.065709075991]
 -- BestCostElement: [-1593.06570908 -1592.35312674 -1592.31669154 -1591.8694464 ]
 -- BestRoute: [array([ 0,  8,  6,  5,  4,  7,  9, 10, 11, 17, 19, 20,  1, 16, 13, 15, 14,
       18, 21, 22, 33, 34, 37, 40, 41, 39, 38, 36, 35,  3, 42, 30, 27, 31,
       32,  2, 29, 28, 26, 25, 23, 24, 12,  0])]
 -- Premio: 
 ---------99.233572731
 -- Custo: 
 ---------199.0
 - Execucao 10
 -- BestCostGenaration: [-134.11145618000168, -212.10494283301833, -298.60632045217648, -353.63863699258872, -447.54231949235549, -477.04302396695232, -506.06671572760808, -624.42467762438821, -625.26990125141072, -725.15028864122405, -731.52296071881881, -779.86935314864036, -791.15179111603697, -864.97944822502404, -883.64428176313072, -915.03326401067466, -983.99958361747701, -1010.0768178078613, -1063.8198150853045, -1064.6917686303104, -1075.104356694811, -1110.662534986333, -1219.7009860552266, -1230.8849815830185, -1251.2144302240736, -1284.1703357049321, -1284.4970549752252, -1293.828559346553, -1344.0726122833858, -1362.4606697426566, -1364.9490253790148, -1375.7845936319932, -1402.4207000075326, -1402.7703903152396, -1426.4899089037292, -1447.8992932363169, -1473.4517601342786, -1487.6062341386976, -1493.8023157536954, -1503.0834216876881, -1511.4954928303357, -1521.6511795118131, -1537.2625517270524, -1542.2957944339432, -1547.7709751028192, -1552.6529716026209, -1557.3725521075864, -1558.7079542492752, -1562.755280831032, -1567.9525853273335, -1568.545923968572, -1570.1343586965631, -1574.0938655793148, -1579.1076739680211, -1582.0039613968383, -1582.421382467006, -1583.3393635385271]
 -- BestCostElement: [-1583.33936354 -1582.42138247 -1582.0039614  -1582.0039614 ]
 -- BestRoute: [array([ 0,  9,  7,  4,  5,  6,  8, 10, 11, 19, 20, 17, 16,  1, 15, 13, 14,
       18, 21, 22, 33,  3, 35, 36, 38, 39, 41, 40, 42, 37, 34, 24, 25, 26,
       28, 29, 32, 31, 30, 27,  2, 23, 12,  0])]
 -- Premio: 
 ---------101.665159115
 -- Custo: 
 ---------199.0
 - Execucao 11
 -- BestCostGenaration: [-134.11145618000168, -199.93857720319016, -293.60564437999011, -373.68211211098583, -424.79319407882019, -490.47251913369848, -544.77467553459348, -583.25202563331595, -590.82309070018482, -636.20091294192173, -665.8146771904926, -725.86715360943651, -787.43704111522811, -817.90677350911642, -845.48501176557772, -899.80936509631294, -922.41324739247955, -944.39378760824422, -990.53046894502188, -1011.0170662911493, -1019.8384017267106, -1042.115695569521, -1074.7107393558726, -1115.3293819834366, -1153.21666321165, -1165.8877720955188, -1186.9580227140732, -1201.3586704349145, -1215.7851104479937, -1227.5521442342078, -1235.2840647448277, -1270.7851963538401, -1275.5051171618775, -1293.7276780523534, -1334.5778389510983, -1335.5160698227842, -1353.1368208318038, -1355.906343448079, -1363.6323693665263, -1376.0204612771518, -1376.4834337600983, -1383.3523105472502, -1402.6420170293623, -1409.2794505513609, -1425.1399056537678, -1430.5786140780592, -1448.1870407833394, -1453.337707955614, -1465.3186194577338, -1468.6187353494338, -1479.1086962277568, -1484.6845010518659, -1495.9503628874963, -1505.5582563144503, -1511.494080075187, -1513.4690400348954, -1516.3032500246311, -1518.2505826453407, -1518.697827787488, -1521.0847926350762, -1528.1062279321163, -1528.4359653829915, -1528.883210525139, -1532.3978559679401, -1532.8451011100874]
 -- BestCostElement: [-1532.84510111 -1532.39785597 -1531.41993643 -1531.16195602]
 -- BestRoute: [array([ 0,  7,  4,  5,  6,  8, 10, 11, 17, 16, 13, 15, 14, 18,  1, 19, 24,
       23, 25, 26, 28, 29,  2, 32, 31, 27, 30, 37, 42,  3, 35, 36, 38, 39,
       40, 41, 34, 33, 22, 21, 20, 12,  9,  0])]
 -- Premio: 
 ---------114.288724722
 -- Custo: 
 ---------199.0
 - Execucao 12
 -- BestCostGenaration: [-134.11145618000168, -219.24959708854544, -268.68585826783374, -395.61921891628702, -443.69115490777801, -462.29230458944073, -515.90347390231841, -549.49813280850026, -612.81793820219923, -651.62467107834721, -680.43642836501931, -729.20796044817018, -754.80489857444286, -782.61881783148078, -795.66643376373031, -903.97172750147831, -923.64952664488908, -1024.5702672342054, -1060.5092009744058, -1087.1527582637293, -1150.608368399493, -1151.043202170029, -1156.1161504376269, -1214.5556602082841, -1229.28388454574, -1240.201835584254, -1269.0670481429049, -1273.544098160985, -1324.6378396423825, -1345.3635109276438, -1386.5276555459998, -1388.8195195608214, -1411.278531931729, -1431.4971072088865, -1434.8955292908404, -1455.0658519766523, -1473.5264449446631, -1486.2294877238032, -1509.7068603582093, -1526.3696269313175, -1531.3183322460975, -1544.8505897498685, -1546.1224750020019, -1559.4658729973949, -1567.4280982624466, -1570.9704476546372, -1580.1923621076166, -1585.1631116920082, -1586.3990116378313, -1589.9019848699795, -1589.9810442213279]
 -- BestCostElement: [-1589.98104422 -1589.90198487 -1589.53379908 -1589.45473973]
 -- BestRoute: [array([ 0,  6,  5,  4,  7,  9, 12, 11, 17, 16, 13, 14, 15,  1, 18, 21, 22,
       20, 19, 33, 34,  3, 35, 36, 38, 39, 41, 40, 42, 37, 30, 27, 31, 32,
        2, 29, 28, 26, 25, 23, 24, 10,  8,  0])]
 -- Premio: 
 ---------100.004738945
 -- Custo: 
 ---------199.0
 - Execucao 13
 -- BestCostGenaration: [-134.11145618000168, -196.99465592009855, -288.22850393227799, -362.74248385634803, -429.34763057460333, -469.57874409164253, -505.38828531318148, -558.75726098503139, -586.99577756205281, -605.60768130252893, -692.08378675128188, -705.03871199826358, -744.19954543827498, -781.46061236755145, -790.38754285486232, -837.73891875686218, -888.58612989873745, -912.14750732474079, -951.75592040299659, -977.99704644780923, -1026.1345427631186, -1038.0731860515264, -1048.788769502296, -1099.6090271411558, -1121.5919811389051, -1201.6180033152339, -1244.7023816349506, -1247.4629209056118, -1258.9596944212669, -1268.4808280626173, -1288.4046142645925, -1290.6244231519654, -1292.9955804394106, -1340.6741334777846, -1375.6939908045924, -1388.150291408846, -1393.4055655045013, -1404.1461376816351, -1429.762830400538, -1439.2244301524377, -1456.7923423202587, -1487.7322235215102, -1491.8162473832519, -1498.8768599398322, -1504.0430023933768, -1512.4322818076985, -1521.1336347413651, -1527.1979145985388, -1530.7809209274808, -1536.5540153886632, -1540.8647643105173, -1542.1905684388169, -1548.2325632808595, -1548.5600050278026, -1557.0242049717012, -1557.3625666905205, -1561.828169495632, -1563.8432790693955, -1565.5146658040653, -1566.8982162179291, -1568.3486166566354, -1568.5865856521477, -1568.9249473709669, -1570.1862379839888, -1571.3044830403489, -1571.5624634493329, -1574.0218494115304, -1574.2007704691662, -1575.9103932315288, -1579.3044830403489]
 -- BestCostElement: [-1579.30448304 -1578.96612132 -1576.96133729 -1576.87652258]
 -- BestRoute: [array([ 0,  6,  5,  4,  7,  9, 12, 10, 11,  8, 17, 19, 20,  1, 16, 13, 15,
       14, 18, 21, 22, 33, 34, 37,  3, 35, 36, 38, 39, 41, 40, 42, 30, 31,
       32, 27, 24, 23, 25,  2, 29, 28, 26,  0])]
 -- Premio: 
 ---------102.67387924
 -- Custo: 
 ---------199.0
 - Execucao 14
 -- BestCostGenaration: [-134.11145618000168, -199.24674477695118, -298.60632045217648, -398.15073097671149, -450.44613288532577, -479.90843323391823, -519.78944763594836, -574.04431367158463, -611.51849532671224, -635.5544403969277, -705.40389202484289, -742.26334399392215, -777.3815280213297, -820.67259442784757, -852.65356317467763, -889.3333300401323, -903.62117392200071, -931.53856347798978, -961.43839115716935, -1020.3940837539133, -1023.891387581087, -1028.5402942926262, -1038.079666130538, -1081.1212319142687, -1125.7992608599575, -1167.9890075526016, -1170.088990163978, -1186.0526061145501, -1192.4838987525727, -1198.1623112307473, -1252.4119836013911, -1261.2021815903272, -1269.7466214101737, -1295.9050806644905, -1316.5984261372441, -1334.032905464177, -1339.4333905984797, -1363.3345111180242, -1366.6275671482322, -1391.5776263565965, -1400.9080187971558, -1405.3962588983277, -1406.2409982393758, -1421.2575745138151, -1440.1655352571029, -1441.5047762920976, -1461.6440155298865, -1463.2174470854834, -1493.6482176904296, -1495.9943662812243, -1508.6675557729629, -1513.5441530626972, -1524.034032784818, -1538.1321633968623, -1539.4410878641588, -1544.6760876387029, -1552.9239688786972, -1558.02768144988]
 -- BestCostElement: [-1558.02768145 -1556.60251677 -1556.34453636 -1556.03977708]
 -- BestRoute: [array([ 0,  6,  5,  4,  7,  9, 10, 11, 17, 16,  1, 13, 15, 14, 18, 21, 20,
       19, 12, 24, 23, 25, 26, 28, 29,  2, 32, 31, 27, 30, 42, 40, 41, 39,
       38, 36, 35,  3, 37, 34, 33, 22,  8,  0])]
 -- Premio: 
 ---------107.993079638
 -- Custo: 
 ---------199.0
 - Execucao 15
 -- BestCostGenaration: [-134.11145618000168, -217.46965713695454, -292.42590508570794, -382.55814080351121, -435.19150000066293, -460.20528323378284, -493.41161334539356, -576.57124937124422, -579.84785314907731, -627.17799714190755, -678.65502654567592, -711.74839246092017, -758.84559476521383, -787.5112426968692, -834.30999301305098, -850.16973160742953, -892.2347595406078, -923.02956593372483, -1004.0553189662388, -1022.1141934692846, -1036.6568716019196, -1074.5680135450732, -1095.2705572931197, -1100.3906317403803, -1151.5541326804919, -1194.3341186537953, -1213.6647142015499, -1217.0165800949944, -1260.9337243724522, -1316.5732713118091, -1371.336569862784, -1375.5565007047903, -1406.5536436244438, -1407.7664295358904, -1410.2886546721111, -1436.928341959856, -1440.7664005342904, -1446.1340764886445, -1461.2334194962975, -1480.5288044490976, -1492.1298463892826, -1501.2710165597255, -1508.3144427663717, -1519.1069787027677, -1526.1671276845152, -1526.5785291655309, -1531.6450608763721, -1536.2941715170455, -1537.6818243866794, -1538.9946582272241, -1545.6615231873409, -1546.3611352390792, -1548.3620098975193, -1548.838208706811, -1549.7871745765058, -1553.7186247887421, -1555.2448261561385, -1555.4130440278245, -1555.8278329734526, -1556.8382087068112, -1557.252997652439, -1558.4873728482496, -1559.8567559364701, -1561.8649274327709, -1566.8091993427699]
 -- BestCostElement: [-1566.80919934 -1566.3944104  -1566.3619542  -1565.94716525]
 -- BestRoute: [array([ 0,  6,  5,  7,  4, 17, 19, 20, 22,  1, 16, 13, 15, 14, 18, 21, 33,
       34,  3, 35, 36, 38, 39, 41, 40, 42, 37, 30, 27, 31, 32,  2, 29, 28,
       26, 25, 24, 23, 12,  9, 10, 11,  8,  0])]
 -- Premio: 
 ---------105.797700164
 -- Custo: 
 ---------199.0
 - Execucao 16
 -- BestCostGenaration: [-134.11145618000168, -200.38111325288548, -306.64503586105161, -380.41078752576834, -442.15073097671149, -453.50502910431743, -524.27269962226205, -573.0460776822747, -635.40369200118039, -672.96335082227347, -704.44792367213836, -767.42284423687715, -785.06990587094674, -843.05274202192254, -910.26419050418986, -961.90946498296921, -1038.2636156505309, -1064.0706643000922, -1072.8259926729074, -1087.1158737667754, -1147.1923486225078, -1165.8695533352563, -1182.4299252523865, -1200.5213919719056, -1242.4917017560722, -1263.5874870992657, -1281.9963457999315, -1301.4529737285043, -1358.4978683765246, -1383.8523294406882, -1405.8005858583897, -1417.5388139844863, -1462.4108793759146, -1466.2760931946343, -1479.1288068082845, -1486.0769015220628, -1516.4125414038042, -1521.0463157505321, -1523.6811035833689, -1525.6587850251549, -1532.9917077081568, -1537.8197394064659, -1540.1628851569735, -1541.7562677076462, -1542.5850902588295, -1543.2976725983228, -1545.3118860295317, -1548.9426584222749]
 -- BestCostElement: [-1548.94265842 -1548.81646069 -1548.11383587 -1548.11383587]
 -- BestRoute: [array([ 0,  6,  5,  4,  7,  9, 10, 11,  8, 16, 13, 15, 14, 18, 21,  1, 17,
       19, 20, 22, 40, 41, 39, 38, 36, 35,  3, 34, 33, 37, 42, 30, 31, 32,
       27,  2, 29, 28, 26, 23, 24, 25, 12,  0])]
 -- Premio: 
 ---------110.264335394
 -- Custo: 
 ---------199.0
 - Execucao 17
 -- BestCostGenaration: [-134.11145618000168, -200.53940735518219, -298.81897049939744, -352.79327220646087, -438.47908090021775, -497.48264020765447, -545.65828013998271, -581.55110374844253, -635.96524669816949, -675.7603906285409, -722.55157945051837, -735.07113267445698, -781.25262076521153, -807.58080233481382, -833.8015046804735, -900.76042181601656, -993.52011298099058, -1035.3863811762812, -1068.0354918169546, -1103.6186459113439, -1142.9060635718506, -1147.7547394267763, -1176.6526061807417, -1244.9930818382973, -1251.823542123356, -1255.5541484119849, -1270.9834853120201, -1307.6299105655228, -1342.7722538237113, -1365.3033239513966, -1366.0342914892585, -1374.8912447131142, -1409.4707860933199, -1419.8812295843743, -1443.2351676320732, -1458.4654633893192, -1477.5732211053805, -1481.8617781005278, -1492.7593875547343, -1505.5921942249145, -1514.5067898294305, -1516.9552405790287, -1521.4968977145904, -1538.7283350402113, -1542.9759877489812, -1548.165029452681, -1555.78948687352, -1556.5392500733549, -1559.5949781633558, -1561.9009430535216, -1562.6135253930149]
 -- BestCostElement: [-1562.61352539 -1561.90094305 -1561.8218837  -1561.18836071]
 -- BestRoute: [array([ 0,  7,  4,  5,  6, 17,  1, 20, 22, 21, 18, 14, 15, 13, 16, 19, 33,
       34, 37,  3, 35, 36, 38, 39, 41, 40, 42, 24, 26, 28, 29, 32, 31, 30,
       27,  2, 25, 23, 12, 11,  8, 10,  9,  0])]
 -- Premio: 
 ---------106.846618652
 -- Custo: 
 ---------199.0
 - Execucao 18
 -- BestCostGenaration: [-134.11145618000168, -203.74201959101609, -286.50223341762791, -393.45575418735598, -454.77254225257406, -527.56297318256247, -590.5376093248417, -635.10615717149267, -666.98519571961867, -733.06218464005019, -745.00416055722678, -768.55864101670409, -793.13816097240408, -869.58206274087058, -897.50319641183603, -898.19571701698283, -921.24246548137921, -928.41185713291804, -949.45557144497161, -981.6869031752567, -1073.8240221799442, -1089.7765672188011, -1160.7198198158806, -1166.2339613618014, -1179.2628207235459, -1179.3226268713743, -1208.2020199091432, -1236.8649019315901, -1261.9374720772926, -1280.283116893133, -1282.0853858546125, -1292.8302877331971, -1300.1055923061967, -1302.8522300701413, -1320.1991321317821, -1325.0285966130223, -1327.2111614156188, -1331.6333665174748, -1356.4760558958214, -1376.5645035361001, -1377.035425051085, -1395.6139204523279, -1410.9114839502145, -1418.0722590500322, -1433.6791229855808, -1440.0407191180589, -1450.5903752209965, -1450.9722237208657, -1463.5029104916794, -1490.039524856772, -1504.1938806493167, -1537.6578547287295, -1539.8759030132303, -1542.6390573070539, -1548.4336948822477, -1560.8443055103889, -1562.839240690394, -1565.0375822372712, -1570.9292540659858, -1572.8084166585218, -1578.4504874959498, -1578.8153268891615, -1580.227475347333, -1588.0485542896974, -1589.374358417997, -1591.3622627886821]
 -- BestCostElement: [-1591.36226279 -1591.03482104 -1591.03482104 -1590.66998165]
 -- BestRoute: [array([ 0,  7,  4,  5,  6,  8, 10, 11, 19, 17, 16, 13, 15, 14, 18,  1, 20,
       22, 21, 35, 36, 38, 39, 41, 40,  3, 33, 34, 37, 42, 30, 27, 31, 32,
        2, 29, 28, 26, 25, 23, 24, 12,  9,  0])]
 -- Premio: 
 ---------99.6594343028
 -- Custo: 
 ---------199.0
 - Execucao 19
 -- BestCostGenaration: [-134.11145618000168, -210.29032309651603, -282.49938110603364, -388.50580875408428, -403.5848673914042, -458.22047698396841, -515.45385022702692, -561.07031226767913, -587.75129185916057, -637.03682041708976, -677.20437834785014, -733.97844848304976, -817.77952753523664, -844.2175300353274, -846.50876433683788, -893.86802867366146, -940.17676986051868, -969.66366339555088, -1003.5391261102823, -1034.4642892738477, -1051.509364026866, -1093.5578473912228, -1126.9898175905873, -1135.8173277344708, -1148.3629189854023, -1159.8064322355503, -1202.8157793590765, -1226.9868100046376, -1228.03174200385, -1232.3935660503848, -1247.9139987543344, -1258.4729039885128, -1332.0553809282833, -1343.7019661602631, -1349.2695340570067, -1349.9895030497805, -1389.624805301748, -1433.9313290220389, -1454.8099764520603, -1467.1397753368469, -1479.7436319436524, -1486.8008395252423, -1507.9013140352013, -1511.2979205714141, -1517.0216387543264, -1519.364784504834, -1522.4205125948349, -1525.0770346217482, -1527.4870443056761, -1530.9169930163509, -1532.2523951580397, -1533.1438985551683, -1534.8535213175312, -1535.5661036570243]
 -- BestCostElement: [-1535.56610366 -1535.30812325 -1534.85352132 -1534.77446197]
 -- BestRoute: [array([ 0,  9,  7,  4,  5,  6,  8, 17,  1, 20, 22, 21, 18, 14, 15, 13, 16,
       19, 24, 23, 25, 26, 28, 29,  2, 32, 31, 27, 30, 42, 37, 34, 33,  3,
       35, 36, 38, 39, 41, 40, 10, 11, 12,  0])]
 -- Premio: 
 ---------113.608474086
 -- Custo: 
 ---------199.0
 - Execucao 20
 -- BestCostGenaration: [-134.11145618000168, -225.61001700841854, -291.47554868908583, -367.20419588441422, -427.39561985156286, -456.55153372220298, -528.87524534306988, -573.43556035590291, -644.00096202055374, -683.73781086782446, -750.2147039305853, -786.97936410291175, -842.99846533405594, -853.4391356350086, -869.42166606708201, -957.44844963626065, -976.37869941803297, -1019.5598239956494, -1027.4427222206104, -1101.1542156502883, -1121.2994944428224, -1168.6979475206658, -1174.9931087899915, -1191.0963298994429, -1241.951771678685, -1261.8338787463922, -1262.3392252627186, -1315.3493899842742, -1319.7715950861302, -1327.5794917111864, -1389.5794917111864, -1402.7555506074118, -1405.9671752746319, -1437.1217987433288, -1443.6820302419867, -1446.9857342464234, -1465.8921208442302, -1480.2880351076083, -1486.915452105578, -1498.4569574311454, -1502.5400396673899, -1509.0155895784646, -1515.7835759564955, -1529.8829783637477, -1533.0892333576207, -1544.2417117667842, -1546.1479560506721, -1551.9270701010064, -1552.8456551894874, -1557.968848157122, -1561.8263171069541]
 -- BestCostElement: [-1561.82631711 -1561.82631711 -1560.65913284 -1560.65913284]
 -- BestRoute: [array([ 0,  5,  4,  7, 12, 10, 11, 19, 17, 16, 13, 15, 14, 18, 21,  1, 20,
       22, 33, 35, 36, 38, 39, 41, 40, 42,  3, 37, 34, 24, 26, 28, 29, 32,
       31, 30, 27,  2, 25, 23,  9,  8,  6,  0])]
 -- Premio: 
 ---------107.043420723
 -- Custo: 
 ---------199.0
 - Execucao 21
 -- BestCostGenaration: [-134.11145618000168, -201.24959708854544, -283.46701910628417, -349.74348591541781, -453.75090592808846, -495.94617122777686, -519.49203028322427, -565.08896268121998, -608.86782147019164, -656.13412264433509, -754.84278832470045, -789.9223390413008, -834.455464251546, -874.34999204651945, -924.31533865576159, -934.85058320111921, -950.28000508608136, -1050.5600809728962, -1057.8483767735779, -1128.2290004562246, -1205.1371892177845, -1218.8066606532236, -1278.1387539802156, -1295.6993531626426, -1298.3448581662476, -1311.6711013411636, -1316.6090723421944, -1323.2740289368126, -1366.1918122450338, -1414.0978511971091, -1414.7656840302225, -1417.3075901690977, -1418.3755621285459, -1458.0582912581162, -1464.3534826847833, -1469.7820558885801, -1482.9726862240136, -1514.2610553497129, -1527.1201650968633, -1532.001747318852, -1548.7457954813058, -1549.3283715960274, -1568.6948937986181, -1580.8186186888711, -1585.3602663283568, -1587.6065532128644, -1592.0676592004138, -1595.0583593572364, -1596.4835240362227]
 -- BestCostElement: [-1596.48352404 -1595.60547635 -1595.05835936 -1594.6848844 ]
 -- BestRoute: [array([ 0,  7,  4,  5,  6,  8, 10, 11, 19, 17, 16, 13, 15, 14, 18, 21,  1,
       20, 22, 33, 34, 35, 36, 38, 39, 41, 40,  3, 37, 42, 30, 27, 31, 32,
        2, 29, 28, 26, 25, 23, 24, 12,  9,  0])]
 -- Premio: 
 ---------98.3791189909
 -- Custo: 
 ---------199.0
 - Execucao 22
 -- BestCostGenaration: [-134.11145618000168, -220.99465592009855, -324.03304925079783, -359.16730333721756, -418.01116512465325, -510.37500192633325, -528.99547700961261, -544.90248946542283, -615.4946711867035, -626.09980158189182, -669.70096089837455, -733.79419195870514, -792.9222337868523, -797.96620198281846, -826.01722391722637, -854.17236076120912, -889.84610015171177, -910.64419845963619, -925.46049182797287, -960.86431863241341, -974.0229004864301, -1006.9279634320422, -1071.8290463863041, -1076.5103266518563, -1124.6546478592963, -1145.7796498724445, -1146.1994285875041, -1161.4977654025863, -1186.2224235769445, -1207.0457564680626, -1213.0196294205775, -1218.6530968120014, -1220.8352170005076, -1222.8302258140732, -1223.8224547715176, -1258.6433194511098, -1263.6513974846307, -1310.1964696671157, -1317.7924506297582, -1319.1781180771218, -1345.2257283183887, -1348.3418655377297, -1385.1880352535031, -1399.9249288213878, -1409.378908330609, -1424.0508363679262, -1439.2874763111263, -1439.9649828401984, -1445.9631494330147, -1452.8811381637415, -1462.9468995517982, -1466.096367939703, -1470.577876927063, -1475.6331290964376, -1485.2651230719457, -1486.4842850019445, -1490.5370535148147, -1498.7950339237987, -1502.8997895927412, -1509.2807559152102, -1512.3364840052109, -1514.9747910250442, -1515.8555912362237, -1518.9113193262247]
 -- BestCostElement: [-1518.91131933 -1517.33347924 -1516.8862341  -1516.71788874]
 -- BestRoute: [array([ 0,  9,  7,  4,  5,  6,  8, 17, 16, 13, 15, 14, 18,  1, 20, 19, 11,
       10, 12, 23, 25, 26, 28, 29,  2, 32, 31, 30, 27, 24, 37, 34, 33, 22,
       21, 36, 38, 35,  3, 40, 41, 39, 42,  0])]
 -- Premio: 
 ---------117.772170168
 -- Custo: 
 ---------199.0
 - Execucao 23
 -- BestCostGenaration: [-134.11145618000168, -202.63352298814488, -289.71941924602061, -384.90198690197059, -445.71205071985435, -531.21962821738362, -548.65379979731028, -588.1727795782565, -613.3224502202836, -623.62474158719715, -701.34713047063963, -734.37403291518353, -797.05762529782078, -832.55181349780923, -845.14405698857945, -869.10997218450211, -912.66808672445745, -938.89499226327507, -974.70526758479923, -981.18836101706097, -1072.7047932970459, -1072.9572168512545, -1112.9473887454396, -1166.0584731810709, -1189.0989473632517, -1194.2518567688205, -1219.0521690598907, -1236.2010348569902, -1246.0650921628639, -1278.7946804716901, -1285.06189406967, -1301.1090906342797, -1302.1506783515206, -1307.277820799314, -1336.6786803014336, -1358.5996730781512, -1365.3888853864878, -1385.7886963742369, -1430.6353813914034, -1431.0072413363578, -1441.3383968742003, -1445.3288961368678, -1465.2570150413139, -1466.3359976666084, -1478.2351035521519, -1482.271035467656, -1491.4714088925848, -1505.1498335226465, -1511.4820892512907, -1516.9378411345197, -1525.5133809073839, -1530.6737547353603, -1533.0959598372162, -1535.1586754733803, -1537.3855810121979, -1537.7450704778898, -1539.8077861140539, -1541.6355655674774, -1542.7538106238376, -1544.7703530088268, -1547.4086600286601]
 -- BestCostElement: [-1547.40866003 -1545.89433683 -1545.39211764 -1544.77035301]
 -- BestRoute: [array([ 0,  6,  5,  4,  7,  9, 12, 10, 11,  8, 19, 20, 22, 33, 34,  3, 35,
       36, 38, 39, 41, 40, 42, 31, 32, 29, 28, 26,  2, 25, 23, 24, 27, 30,
       37, 21, 18,  1, 14, 13, 15, 16, 17,  0])]
 -- Premio: 
 ---------110.647834993
 -- Custo: 
 ---------199.0
 - Execucao 24
 -- BestCostGenaration: [-134.11145618000168, -198.96816731832047, -284.44394233813722, -364.10118543016739, -417.38617831821114, -466.10656911710333, -509.12115428163742, -547.70747058479628, -583.18902677122662, -642.89479972107551, -665.54163802786661, -725.65480872126386, -771.39727303863742, -815.09406942196347, -868.38446295820188, -872.834524232126, -926.82376852075004, -930.57951662653306, -958.87995823134202, -1006.3316005847209, -1020.4066625098097, -1030.9660846735094, -1080.7273993545309, -1082.4115934512565, -1115.2369525230574, -1148.6107826062503, -1180.6945584715627, -1187.9024023628203, -1213.6759919236026, -1244.0059150414554, -1249.3820541532518, -1257.8104322744484, -1289.4496672902922, -1307.706268197579, -1318.0887061714855, -1361.18944233307, -1379.7657397502517, -1433.4523151939507, -1444.041307602999, -1458.4074459689452, -1498.0790417739368, -1509.7778157247235, -1518.6627190456841, -1524.4893784502526, -1537.6616207037691, -1542.1145419079742, -1547.0729803057573, -1548.9290268622112, -1551.3490271760243, -1555.8494003414635, -1558.9887696966939, -1561.6235499699974, -1562.3816791922059, -1562.5775550515928, -1563.5098817723767, -1565.5264241573659, -1567.5380187196736, -1570.5937468096745, -1572.634920760237]
 -- BestCostElement: [-1572.63492076 -1570.61837838 -1570.59374681 -1569.68605165]
 -- BestRoute: [array([ 0,  6,  5,  4,  7,  9, 12, 10, 11,  8, 19, 17, 16, 13, 15, 14, 18,
        1, 20, 22, 21, 36, 35, 38, 39, 41, 40, 42, 37,  3, 33, 34, 24, 23,
       25,  2, 27, 30, 31, 32, 29, 28, 26,  0])]
 -- Premio: 
 ---------104.34126981
 -- Custo: 
 ---------199.0
 - Execucao 25
 -- BestCostGenaration: [-134.11145618000168, -206.99245265982228, -301.2308373497998, -352.39828301199316, -437.83706425954887, -453.71373059979931, -528.11019266872722, -571.42432555728317, -605.21506990995999, -623.45547599076451, -711.31060659812624, -764.64148403877402, -828.38350362979008, -873.17875353598538, -884.35375367545907, -885.52093794546147, -960.3429873519201, -980.40216182875258, -997.29366522588157, -1070.7762120270693, -1110.7863699190557, -1126.3902016787426, -1181.0770828281898, -1215.2222252477322, -1236.6720624799275, -1271.1491532249943, -1283.5159339229692, -1323.5120076163869, -1330.9975350314676, -1337.061103372474, -1355.0701649330142, -1365.3229998333409, -1406.9901543330921, -1410.831741009885, -1422.767417793897, -1428.0886593206228, -1437.9566513303619, -1457.9856804667611, -1470.0264370055456, -1473.0405264729213, -1492.6409259654915, -1501.3595840214591, -1511.1423406237, -1518.679422920361, -1521.1051452804045, -1525.9021258688808, -1529.5169118712815, -1533.0012256550722, -1535.0922279606712, -1536.653295872876, -1540.6868872790951, -1541.203684140673, -1543.7617924757474, -1545.1402124418532]
 -- BestCostElement: [-1545.14021244 -1544.73965579 -1544.14317202 -1544.13246883]
 -- BestRoute: [array([ 0,  9,  7,  4,  5,  6,  8, 11, 17, 16, 13, 15, 14, 18, 21,  1, 20,
       22, 35, 38, 36, 39, 41, 40,  3, 37, 24, 23, 25, 26, 28, 29, 32,  2,
       27, 31, 30, 42, 34, 33, 19, 12, 10,  0])]
 -- Premio: 
 ---------111.21494689
 -- Custo: 
 ---------199.0
 - Execucao 26
 -- BestCostGenaration: [-134.11145618000168, -213.46993292712509, -300.50822157754317, -369.04984080399436, -425.92254684947568, -485.22931417012381, -536.69327632850639, -629.52513603530497, -648.42813990618606, -690.91334046742395, -709.30920685877663, -754.91259498090176, -821.71483415863702, -831.34938013253918, -872.27295488349955, -874.31957165127642, -972.52596619748158, -983.43177285135607, -1013.2827319036403, -1027.7147471452599, -1033.9875401738555, -1061.3703045327882, -1089.740636098868, -1189.8223283389018, -1191.8594640085078, -1192.1756370791572, -1222.8915379833788, -1228.9674796273562, -1263.5636771030402, -1276.0334580199892, -1289.6047797265651, -1291.6117260019016, -1304.4242303067394, -1393.9132352897966, -1421.4186247647349, -1426.2802438678189, -1453.3561701186127, -1454.1957149285338, -1468.4789518896014, -1480.4886049918084, -1502.3811797256531, -1507.952615277346, -1525.6057088958364, -1532.9411814632347, -1547.5246180357803, -1555.2666376267966, -1566.3311429272999, -1567.2041440859855, -1580.8341611506639, -1581.2097037298249, -1583.8108298893164, -1584.344491171174, -1585.7784330606632]
 -- BestCostElement: [-1585.77843306 -1585.70540854 -1585.24477178 -1585.17174726]
 -- BestRoute: [array([ 0,  7,  4,  5,  6,  8, 10, 11, 19, 17, 16, 13, 15, 14, 18, 21,  1,
       20, 22, 35, 36, 38, 39, 41, 40,  3, 33, 34, 37, 42, 30, 27, 31, 32,
       29, 28, 26, 25,  2, 23, 24, 12,  9,  0])]
 -- Premio: 
 ---------101.055391735
 -- Custo: 
 ---------199.0
 - Execucao 27
 -- BestCostGenaration: [-134.11145618000168, -203.37877794646198, -299.01275385916085, -372.72514038560269, -424.67497794776887, -481.31196089544056, -508.55189000837242, -582.23922161110238, -610.14730458637564, -657.3460912280018, -695.17266299699111, -754.09584191804379, -781.21402594545134, -799.97903336523291, -819.07456325807027, -902.91786564094889, -941.54952475144535, -963.09187539069831, -981.42986644065275, -1026.0535751816101, -1073.8867454415133, -1080.1080131927415, -1104.1127263575581, -1128.3152528515952, -1151.9191747972241, -1209.3121194399764, -1223.1773997858509, -1227.5996048877068, -1237.476901288858, -1274.758728931703, -1275.2321528464324, -1313.0280808872731, -1328.3991885142032, -1347.7039475973979, -1348.0690025835361, -1359.8251588870171, -1400.6520113904503, -1424.9505242019409, -1429.9772071531688, -1449.0809629146411, -1470.6858408728881, -1478.1800857461778, -1490.0237208728097, -1491.727801291607, -1507.5837614470374, -1513.0190704857491, -1531.1185187991493, -1535.0541579589355, -1540.4911018011799, -1543.5461410663193, -1545.7973749745695, -1550.8342475516874, -1554.3450280807469, -1555.8014187118415, -1556.6460451482312, -1563.3345413857103, -1566.1445644623491, -1572.3440003592832, -1584.7764282159931, -1588.0778613193559, -1590.8878843959947]
 -- BestCostElement: [-1590.8878844  -1590.50006642 -1590.50006642 -1589.46271972]
 -- BestRoute: [array([ 0,  7,  4,  5,  6,  8, 19, 17, 16, 13, 15, 14, 18, 21,  1, 20, 22,
       33, 34,  3, 36, 35, 38, 39, 41, 40, 42, 37, 30, 27, 31, 32,  2, 29,
       28, 26, 25, 23, 24, 12, 11, 10,  9,  0])]
 -- Premio: 
 ---------99.778028901
 -- Custo: 
 ---------199.0
 - Execucao 28
 -- BestCostGenaration: [-134.11145618000168, -190.69961706897249, -293.12165883504991, -374.67014425598387, -418.84897907318469, -479.56842428261263, -500.96058540297247, -541.36288723433267, -591.83021013735242, -656.65988198022137, -682.30004594109937, -759.23011906048191, -828.6256409664179, -865.78220093481013, -895.98445884289845, -1002.7768389015287, -1022.8180776809156, -1027.126374174956, -1085.4700599271414, -1085.5795542194742, -1137.1636986736085, -1148.0005167712488, -1157.8576144163558, -1207.572347037978, -1248.1443219082084, -1271.1499288861114, -1290.5768364209373, -1300.0211152031034, -1301.2834181155997, -1302.1782780229951, -1347.8161428535902, -1390.027206713296, -1390.6917336262582, -1398.0066174094111, -1436.0778699877849, -1441.1951929498698, -1461.6022863198236, -1468.9949016685223, -1491.4137324585804, -1497.7048038759526, -1507.4186802812619, -1523.2245417397671, -1528.2222313703321, -1542.0451272648784, -1550.240426827917, -1550.3194861792651, -1550.5889154363369, -1556.103283826397, -1563.0059663301015, -1563.4432831638596, -1563.522342515208]
 -- BestCostElement: [-1563.52234252 -1563.52234252 -1563.44328316 -1563.44328316]
 -- BestRoute: [array([ 0,  7,  4,  5,  6,  8, 11, 17, 16, 13, 14, 15,  1, 18, 21, 22, 20,
       19, 33, 34, 35, 36, 38, 39, 41, 40,  3, 37, 42, 30, 27, 31, 32, 24,
       23, 25, 26, 28, 29,  2, 12,  9, 10,  0])]
 -- Premio: 
 ---------106.619414371
 -- Custo: 
 ---------199.0
 - Execucao 29
 -- BestCostGenaration: [-134.11145618000168, -193.85347577101777, -295.04864054930499, -372.34080077885824, -433.39844161279319, -478.44276206499399, -492.20055680276619, -531.27574266767556, -593.23236285937355, -694.50227078380055, -704.12826691357873, -759.30574056586238, -792.00742865572602, -830.22759384473989, -852.78075341864644, -926.38393056881489, -976.4539475937346, -984.71803399289388, -1076.2104176665994, -1086.1001475142284, -1118.0504543170221, -1198.5355595247102, -1210.5910814480931, -1223.4601427087032, -1257.1874694833286, -1265.98554987854, -1278.5269205539792, -1303.3150104049441, -1304.0171299394071, -1324.1656976895883, -1354.4442896623636, -1389.5156134644285, -1410.6535698606153, -1415.7610789290673, -1417.4956376737159, -1455.5297601519464, -1461.3122874513961, -1482.9418549196623, -1503.1646021045435, -1513.2149587757169, -1516.6820883467333, -1529.293232121445, -1552.6854688661651, -1556.882456385084, -1563.8303554765039, -1570.7063716559951, -1574.8381995202137, -1577.8939276102146, -1580.8705963488671]
 -- BestCostElement: [-1580.87059635 -1580.87059635 -1578.8967234  -1578.8967234 ]
 -- BestRoute: [array([ 0,  8,  6,  5,  4,  7, 10, 11, 19, 17, 16, 13, 15, 14, 18, 21,  1,
       20, 22, 33, 35, 36, 38, 39, 41, 40, 42,  3, 37, 34, 24, 23, 25, 26,
       28, 29, 32, 31, 30, 27,  2, 12,  9,  0])]
 -- Premio: 
 ---------102.282350913
 -- Custo: 
 ---------199.0
