 - Execucao 0
 -- BestCostGenaration: [-134.11145618000168, -202.10705936188717, -306.7663626333287, -329.85937201856217, -408.33859214831091, -427.73853687968904, -503.47913495292789, -540.40781921039843, -578.52437404669627, -603.04644085483937, -628.90199395376567, -644.13385692840097, -675.13887463334186, -727.6730907343125, -756.01644546654893, -768.75918849635434, -772.67734717308258, -777.86866064164303, -788.16544621646813, -794.58150720702031, -797.29392575552038, -808.15578484697664, -813.55465868748502, -821.55465868748502, -825.38539899934096, -826.17704069018259]
 -- BestCostElement: [-826.17704069 -825.385399   -823.15849346 -821.55465869]
 -- BestRoute: [array([ 0,  4,  3,  2,  5,  7, 11, 13, 14, 16, 17,  1, 20, 19, 18, 15, 12,
       10,  8,  9,  6,  0])]
 -- Premio: 
 ---------48.4557398275
 -- Custo: 
 ---------102.0
 - Execucao 1
 -- BestCostGenaration: [-134.11145618000168, -204.74497916814656, -296.37554257916099, -341.81952818045471, -396.86144980932829, -453.41042501642983, -489.48592755800735, -541.19998255721669, -555.95448459800434, -579.27374477503952, -628.33470894991046, -663.38115088716017, -684.51929179570391, -735.54182181264093, -739.12338110833912, -751.17403592231631, -771.34855550360646, -785.03445613924941, -787.10812377098034, -790.66201303900755, -803.67106269016836, -804.66622515771496, -819.68066070355758, -820.29388249236388, -821.75622803169199, -824.77477526135112]
 -- BestCostElement: [-824.77477526 -824.51939559 -823.98313357 -823.7277539 ]
 -- BestRoute: [array([ 0,  4,  3,  2,  5,  7, 10, 12, 15, 18, 19, 20,  1, 17, 16, 14, 13,
       11,  8,  9,  6,  0])]
 -- Premio: 
 ---------48.8063061847
 -- Custo: 
 ---------102.0
 - Execucao 2
 -- BestCostGenaration: [-134.11145618000168, -184.73294877896819, -291.86362478897399, -329.57473668926531, -405.38422115791531, -441.38931685869261, -453.21201010741487, -491.34734183002877, -567.99702398130671, -575.80057205057471, -628.14466605189614, -634.79158840519176, -647.36699546772934, -682.87457296525872, -687.90837851291963, -703.5349063060853, -728.12905620900051, -732.78375368059869, -745.91625143228089, -762.24671881406857, -770.09898097918722, -785.91845626423878, -800.74249478373372, -813.05324370558799, -816.36695220457284]
 -- BestCostElement: [-816.3669522  -813.34840497 -813.05324371 -812.78826602]
 -- BestRoute: [array([ 0,  5,  2,  3,  4,  6,  9,  8, 10, 11, 12, 15, 18, 19, 20,  1, 17,
       16, 14, 13,  7,  0])]
 -- Premio: 
 ---------50.9082619489
 -- Custo: 
 ---------102.0
 - Execucao 3
 -- BestCostGenaration: [-134.11145618000168, -220.12952264128469, -290.86863076607648, -325.96493195101942, -389.25318414657079, -411.25318414657079, -480.49942776792165, -501.9887371462454, -550.62453689224003, -590.42226642436935, -617.77315578369576, -633.53999943959002, -682.70369847509528, -716.0852872188525, -721.72879506715481, -726.30954954242941, -746.46082979801361, -759.87238128467425, -770.73768080203286, -778.15439240361115, -782.18242631236217, -797.1003069489924, -798.41843575840596, -800.40055399439973, -803.14290580799479, -809.27533526270463, -814.25061155799187, -817.24885758831238, -822.07169050035623, -825.87167739050778, -826.05009729254311, -826.66331908134941]
 -- BestCostElement: [-826.66331908 -826.05009729 -825.87167739 -825.2584556 ]
 -- BestRoute: [array([ 0,  4,  3,  2,  5,  7, 10, 11, 13, 14, 16, 17,  1, 20, 19, 18, 15,
       12,  8,  9,  6,  0])]
 -- Premio: 
 ---------48.3341702297
 -- Custo: 
 ---------102.0
 - Execucao 4
 -- BestCostGenaration: [-134.11145618000168, -206.57223298840631, -271.27864045000422, -316.3613473699977, -374.95236522879384, -424.2336821844512, -432.18085940518353, -485.45307129793025, -528.23344091616696, -558.42834936962345, -585.47365796803251, -644.95289725097246, -657.70662269782338, -708.65766892564579, -742.29589336515971, -769.4200776540082, -776.48236586872883, -779.47056434086471, -784.90829992351496, -792.04656007859353, -801.78058715007592, -804.68972627086339, -807.48665314899358, -813.34840497491371, -816.36695220457284, -819.01596241035543]
 -- BestCostElement: [-819.01596241 -817.87167739 -817.2584556  -816.3669522 ]
 -- BestRoute: [array([ 0,  5,  2,  3,  4,  6,  9,  8, 10, 12,  1, 15, 18, 19, 20, 17, 16,
       14, 13, 11,  7,  0])]
 -- Premio: 
 ---------50.2460093974
 -- Custo: 
 ---------102.0
 - Execucao 5
 -- BestCostGenaration: [-134.11145618000168, -189.88312007669032, -280.68173789881854, -328.79514534840968, -425.75282803802776, -440.38635102617263, -458.61101601445029, -506.9600709850717, -556.71648844021877, -609.43231731179117, -633.35793465739084, -657.02995966767503, -680.70229717452708, -698.56920260371021, -721.57694621252904, -746.21046920067397, -756.74397434301056, -776.42610065944427, -788.50497317487827, -795.53441042640111, -798.13553658589262, -812.03089084791702]
 -- BestCostElement: [-812.03089085 -808.71718235 -807.97812234 -806.92717828]
 -- BestRoute: [array([ 0,  7,  5,  2,  3,  4,  6,  9,  8, 10, 12, 11, 13,  1, 15, 18, 19,
       20, 17, 16, 14,  0])]
 -- Premio: 
 ---------51.992277288
 -- Custo: 
 ---------102.0
 - Execucao 6
 -- BestCostGenaration: [-134.11145618000168, -220.12952264128469, -283.20575597655119, -380.98095708718944, -395.24959708854544, -419.56222889217452, -463.21856581195635, -492.95967572051757, -573.03152033663196, -580.07703266881219, -615.19956197506883, -655.11276823130083, -671.11276823130083, -674.42844867237125, -715.41142561193487, -716.1317984943729, -733.17971130789056, -738.41889416990909, -775.70370205110839, -778.37676410275708, -802.77417375945311, -810.05009729254311, -812.57216410068645, -813.57990770950528, -818.64041983119455, -821.40098665186974, -826.05009729254311, -826.66331908134941]
 -- BestCostElement: [-826.66331908 -826.05009729 -825.2584556  -823.64477185]
 -- BestRoute: [array([ 0,  4,  3,  2,  5,  7, 10, 11, 13, 14, 16, 17,  1, 20, 19, 18, 15,
       12,  8,  9,  6,  0])]
 -- Premio: 
 ---------48.3341702297
 -- Custo: 
 ---------102.0
 - Execucao 7
 -- BestCostGenaration: [-134.11145618000168, -204.37554257916096, -277.24959708854544, -335.7087574474229, -382.67592860757708, -428.43994924791616, -470.31823798095064, -504.59713845312621, -512.93999144292059, -550.53124037883663, -575.25545215885541, -637.91673848810865, -656.5242530038953, -688.27053187277033, -691.26448491679525, -714.27222852561408, -742.20968783614217, -776.29378205747298, -776.70641844967474, -788.69796816491521, -793.59179435709109, -804.6979681649151, -812.05620328271857, -818.14735826338165, -820.84784497356009, -825.2584556017016, -826.05009729254311]
 -- BestCostElement: [-826.05009729 -825.2584556  -823.34961058 -822.55796889]
 -- BestRoute: [array([ 0,  6,  4,  3,  2,  5,  7, 10, 11, 13, 14, 16, 17,  1, 20, 19, 18,
       15, 12,  9,  8,  0])]
 -- Premio: 
 ---------48.4874756769
 -- Custo: 
 ---------102.0
 - Execucao 8
 -- BestCostGenaration: [-134.11145618000168, -217.46965713695454, -263.31981448916014, -336.75170273186063, -379.68031007665002, -423.54761836518003, -487.41613971934919, -527.03106975021819, -581.64809848675259, -625.81457155888734, -633.56454683010622, -669.22539872952098, -687.04659850710709, -709.40840841032866, -748.82194849800396, -750.58730292638074, -754.29980100034732, -758.73763561129726, -762.32789186430989, -774.00368508715439, -778.78150938948295, -796.33498604664135, -798.27628745212428, -803.86885438264869, -804.46680298347428, -807.39071413664215, -814.29105948450456, -818.52550157799135, -821.83921007697609, -822.63085176781772, -823.15849346052346]
 -- BestCostElement: [-823.15849346 -822.63085177 -821.83921008 -821.75622803]
 -- BestRoute: [array([ 0,  4,  3,  2,  5,  7, 11, 13,  1, 14, 16, 17, 20, 19, 18, 15, 12,
       10,  8,  9,  6,  0])]
 -- Premio: 
 ---------49.2103766349
 -- Custo: 
 ---------102.0
 - Execucao 9
 -- BestCostGenaration: [-134.11145618000168, -182.72467796880795, -283.04837667883243, -358.73533145996578, -406.31649440225624, -428.60538146182961, -455.92813204886215, -489.85958641942415, -529.31294480829763, -585.83501161644085, -636.29740041892558, -648.9961313869959, -688.9961313869959, -709.73535519187476, -710.02056474815754, -721.60352732765602, -752.66750161113976, -761.42773120599077, -764.04987168922298, -774.65915196918877, -776.66979991098287, -789.8244132773217, -790.56286927424742, -791.085453698327, -801.99751561558719, -803.54024246475069, -804.78331819598213, -814.0446088090041, -814.44591112103024, -814.95692411631649, -817.35831730798884]
 -- BestCostElement: [-817.35831731 -816.3669522  -816.1089718  -815.57531051]
 -- BestRoute: [array([ 0,  5,  2,  3,  4,  6,  9,  8, 10, 11, 13, 14, 16, 17, 20, 19, 18,
       15,  1, 12,  7,  0])]
 -- Premio: 
 ---------50.660420673
 -- Custo: 
 ---------102.0
 - Execucao 10
 -- BestCostGenaration: [-134.11145618000168, -195.44935593761593, -298.22291236000336, -323.77166389668866, -388.78640423019891, -410.70169783713129, -453.39369920653729, -539.65799489156677, -550.35165884474418, -616.19290958919692, -634.85471017998702, -646.91048153314432, -682.59621367810973, -695.66028990687244, -705.20844049934385, -725.56042731305331, -735.27930780560723, -748.7517508427668, -748.77998931748402, -762.59444741884272, -765.29688553217079, -788.71990985326465, -789.34954098501817, -796.80596648255346, -811.54962369221312, -814.97613562382912, -820.84784497356009, -823.49685517934267, -824.28849687018419]
 -- BestCostElement: [-824.28849687 -823.98313357 -823.49685518 -823.36991178]
 -- BestRoute: [array([ 0,  3,  2,  5,  7, 11, 13, 14, 16, 17,  1, 20, 19, 18, 15, 12, 10,
        8,  9,  6,  4,  0])]
 -- Premio: 
 ---------48.9278757825
 -- Custo: 
 ---------102.0
 - Execucao 11
 -- BestCostGenaration: [-134.11145618000168, -221.74201959101609, -310.07046737960172, -350.35407936594862, -410.21560623482583, -441.47526197152956, -475.44604155677723, -511.24055003581105, -561.1100489908498, -573.54076286648626, -594.0892843041006, -617.7466608732077, -660.04877604443971, -674.40575970232192, -686.7235741010378, -697.06719498096663, -710.97946064860662, -744.29677839753538, -757.59872863181249, -768.10147883449702, -772.88252362822732, -787.53917082356998, -797.63667781548372, -798.59489891357077, -800.02006359255722, -810.22968403462357, -810.73299655895801, -814.04670505794275, -817.06525228760188]
 -- BestCostElement: [-817.06525229 -814.04670506 -813.75154379 -812.41614165]
 -- BestRoute: [array([ 0,  7,  5,  2,  3,  4,  6,  9,  8, 10, 11, 13, 14, 16, 17,  1, 20,
       19, 18, 15, 12,  0])]
 -- Premio: 
 ---------50.7336869281
 -- Custo: 
 ---------102.0
 - Execucao 12
 -- BestCostGenaration: [-134.11145618000168, -204.79774768101692, -285.74201959101606, -323.07991934863031, -384.52935421531555, -461.17120342164196, -474.72936936980341, -507.35687515208593, -545.29015096557714, -584.94613935551513, -611.33364240578373, -634.24125736168423, -664.74033301541238, -673.39057737680378, -719.35950250663745, -725.04790161057122, -763.08164609658797, -766.63553536461518, -773.48630252208613, -775.78926392568746, -776.28354904750267, -779.90251798480267, -794.60899433412055, -796.41614164692828, -807.99716498867963, -811.33402292983601, -813.14300624288569, -814.86333219119786, -817.79211688355929, -818.40533867236559]
 -- BestCostElement: [-818.40533867 -818.05009729 -817.79211688 -816.77477526]
 -- BestRoute: [array([ 0,  7,  5,  2,  3,  4,  6,  9, 10, 11, 13, 14, 16, 17,  1, 20, 19,
       18, 15, 12,  8,  0])]
 -- Premio: 
 ---------50.3986653319
 -- Custo: 
 ---------102.0
 - Execucao 13
 -- BestCostGenaration: [-134.11145618000168, -187.48403918203218, -273.84591502589456, -355.26831822223926, -392.60753589342517, -429.79870586975397, -449.43657540594586, -517.07480678131446, -557.6543852355652, -570.3075841736138, -610.28715044548426, -631.4252913540281, -652.6474590343106, -655.6388989894939, -715.3842188407466, -727.21144333963093, -739.37954980461598, -743.84857834705986, -764.63799892817349, -764.93784444057394, -772.96850903478628, -776.90111464203073, -784.26115095294801, -790.56867207747246, -808.99479987326424, -809.1900994363026, -812.30850837224898, -817.15291857596094]
 -- BestCostElement: [-817.15291858 -816.36127689 -814.13437135 -813.95988369]
 -- BestRoute: [array([ 0,  3,  4,  6,  9,  8, 10, 11, 13, 14, 16, 17,  1, 20, 19, 18, 15,
       12,  7,  5,  2,  0])]
 -- Premio: 
 ---------50.711770356
 -- Custo: 
 ---------102.0
 - Execucao 14
 -- BestCostGenaration: [-134.11145618000168, -230.22291236000336, -285.77166389668866, -325.58553624106457, -382.20967661584712, -425.08756651833846, -487.25378564846892, -528.71909186204039, -543.02041229188558, -582.98470558961503, -628.22027955508304, -663.17966319698439, -670.10712819808987, -693.66759213884291, -708.97107089242741, -729.71029469730615, -747.6359837573018, -762.67259105652761, -769.32254779423045, -785.3439360007626, -796.51600335321564, -796.66273396760766, -801.16511399388912, -802.28909781439802, -809.15515647007828, -811.70355930743506, -815.36991178170319, -816.16155347254482]
 -- BestCostElement: [-816.16155347 -815.36991178 -813.14300624 -812.84784497]
 -- BestRoute: [array([ 0,  7,  5,  2,  3,  4,  6,  9,  8, 10, 12, 15, 18, 19, 20,  1, 17,
       16, 14, 13, 11,  0])]
 -- Premio: 
 ---------50.9596116319
 -- Custo: 
 ---------102.0
 - Execucao 15
 -- BestCostGenaration: [-134.11145618000168, -226.72467796880795, -259.85347577101777, -359.27864045000422, -381.23388923860091, -441.42636644005756, -461.92852281423461, -510.9665706689035, -564.91128641304874, -588.9871889156982, -653.72593625533602, -657.18074523999508, -676.7846671856239, -677.59247440233094, -714.11829457001511, -715.47063631939739, -726.25266270478801, -771.13799834593772, -771.30988066598957, -783.76355404178912, -789.99594806414575, -797.34277950442697, -799.97713300398448, -811.22743058050196, -811.4854109894859, -813.46106676236627, -813.55465868748502, -815.36991178170319, -816.16155347254482]
 -- BestCostElement: [-816.16155347 -815.36991178 -813.55465869 -813.46106676]
 -- BestRoute: [array([ 0,  7,  5,  2,  3,  4,  6,  9,  8, 10, 12, 15, 18, 19, 20,  1, 17,
       16, 14, 13, 11,  0])]
 -- Premio: 
 ---------50.9596116319
 -- Custo: 
 ---------102.0
 - Execucao 16
 -- BestCostGenaration: [-134.11145618000168, -222.46669755982404, -285.74201959101606, -333.649743434181, -376.13319341628295, -396.02159320781305, -419.5065783685165, -513.22502324378536, -553.55736537345274, -602.65569815569643, -613.28359108202585, -641.73740215966109, -656.9957025465942, -684.09659867808955, -697.27694565962634, -727.99074217301086, -747.35821914475866, -749.33689269138472, -753.649230491445, -770.80653237838487, -774.14110439835815, -778.61630895643884, -783.90657590384785, -784.08249412119653, -798.724859060075, -803.83050335135204, -813.46106676236627, -817.12741859035714, -817.91906028119865]
 -- BestCostElement: [-817.91906028 -817.12741859 -815.7441324  -813.57495989]
 -- BestRoute: [array([ 0,  7,  5,  2,  3,  4,  6,  9, 11, 13, 14, 16, 17,  1, 20, 19, 18,
       15, 12, 10,  8,  0])]
 -- Premio: 
 ---------50.5202349297
 -- Custo: 
 ---------102.0
 - Execucao 17
 -- BestCostGenaration: [-134.11145618000168, -195.74201959101606, -273.74201959101606, -344.78105316351457, -397.28845563058474, -481.18558206567764, -508.21841090552346, -568.83137091860658, -637.82810300112374, -641.3687622296618, -673.30493903587262, -694.97635567444911, -714.08044206961847, -719.03289666923638, -750.58472519094153, -755.16305253516907, -775.8137338511815, -776.23610274403063, -782.20409931915447, -785.33613423752286, -788.86864732849904, -791.97812233504669, -793.5941146465068, -797.32192730052134, -801.5968671694875, -805.0639468915374, -806.5411390794867, -808.37765539052214, -811.22743058050196, -811.4854109894859, -817.06525228760188]
 -- BestCostElement: [-817.06525229 -816.2736106  -814.0095242  -813.75154379]
 -- BestRoute: [array([ 0,  7,  5,  2,  3,  4,  6,  9,  8, 10, 11, 13, 14, 16, 17,  1, 20,
       19, 18, 15, 12,  0])]
 -- Premio: 
 ---------50.7336869281
 -- Custo: 
 ---------102.0
 - Execucao 18
 -- BestCostGenaration: [-134.11145618000168, -195.77166389668864, -285.77166389668866, -337.34708141926825, -382.65712913303253, -447.50887526556232, -486.66180644056811, -517.67774279242508, -560.78201113423358, -603.40781887997764, -606.75045494569815, -648.04823388106081, -672.40312542611343, -706.82804492982177, -716.92938108128965, -717.13309265097132, -718.5835448513219, -758.12626556489136, -768.19250484544, -779.70406046303538, -782.17660887850991, -783.16111584253133, -792.29658917833149, -795.63878221255095, -803.71784156389924, -808.1089717955889, -810.63103860373212, -816.16155347254482, -816.36695220457284]
 -- BestCostElement: [-816.3669522  -816.16155347 -816.1089718  -815.57531051]
 -- BestRoute: [array([ 0,  5,  2,  3,  4,  6,  9,  8, 10, 11, 12, 15, 18, 19, 20,  1, 17,
       16, 14, 13,  7,  0])]
 -- Premio: 
 ---------50.9082619489
 -- Custo: 
 ---------102.0
 - Execucao 19
 -- BestCostGenaration: [-134.11145618000168, -207.44935593761593, -267.86281887735174, -339.85402677558477, -381.66362592411264, -438.85391325465912, -469.93424699869848, -491.58887097350987, -549.31943006586016, -587.09252452704254, -610.23261617830724, -628.08745044676516, -684.50309447152119, -699.62411565038292, -716.6023443258664, -717.04262997385581, -735.31993636648895, -750.2486206239596, -762.41800297073723, -777.01542313362665, -780.82356892368239, -782.64996845469386, -787.70212874294134, -799.67577623697821, -803.03886166051041, -806.6430471857459, -813.21788250675945, -814.00952419760097, -817.06525228760188]
 -- BestCostElement: [-817.06525229 -816.2736106  -815.38679144 -815.13141177]
 -- BestRoute: [array([ 0,  7,  5,  2,  3,  4,  6,  9,  8, 10, 11, 13, 14, 16, 17,  1, 20,
       19, 18, 15, 12,  0])]
 -- Premio: 
 ---------50.7336869281
 -- Custo: 
 ---------102.0
 - Execucao 20
 -- BestCostGenaration: [-134.11145618000168, -218.12952264128469, -274.22291236000336, -342.3445175579613, -382.92852468492163, -443.11529643380732, -478.50770206333948, -510.24777317707196, -548.52598617116917, -629.36976336119574, -669.36976336119574, -705.22048660923269, -706.55641265716463, -716.82275511580781, -725.87193612210808, -744.09777235710544, -765.30037530299592, -770.54639332102658, -780.35817588160216, -787.0638464566465, -794.21422155052426, -795.77367627315891, -802.7112031276406, -811.35432412917476, -815.10493409477886, -825.38539899934096]
 -- BestCostElement: [-825.385399   -824.51939559 -823.7277539  -822.73638879]
 -- BestRoute: [array([ 0,  4,  3,  2,  5,  7, 11, 13, 14, 16, 17, 20, 19, 18, 15,  1, 12,
       10,  8,  9,  6,  0])]
 -- Premio: 
 ---------48.6536502502
 -- Custo: 
 ---------102.0
 - Execucao 21
 -- BestCostGenaration: [-134.11145618000168, -226.72467796880795, -255.60883407752445, -321.24959708854544, -352.07298100515635, -415.16718427000251, -446.42056556336684, -534.97465831881971, -537.54903463499954, -570.51423390718867, -609.50386791636197, -635.5757056375553, -648.78391894431388, -677.01705882469105, -696.73399253840273, -714.307077088695, -735.08089986680716, -746.48954872374452, -760.16526027966052, -776.82540168826972, -782.78152031686864, -788.88812772495089, -790.78152031686875, -795.73938958097665, -803.28889076024836, -806.91061222052906, -809.2584556017016, -810.3824394222105, -815.06873092322576, -818.14995899883047, -819.80760410119694]
 -- BestCostElement: [-819.8076041  -819.01596241 -818.149959   -818.05009729]
 -- BestRoute: [array([ 0,  5,  2,  3,  4,  6,  9,  8, 10, 12, 15, 18, 19, 20,  1, 17, 16,
       14, 13, 11,  7,  0])]
 -- Premio: 
 ---------50.0480989747
 -- Custo: 
 ---------102.0
 - Execucao 22
 -- BestCostGenaration: [-134.11145618000168, -220.12952264128469, -300.20136036247806, -310.23435338643412, -360.37554257916099, -404.50051582126531, -438.13597803687429, -490.73401175631318, -547.60516773202414, -579.34933035485528, -622.21871029578699, -664.71204294898644, -678.00100161448154, -680.50735154874178, -709.8275759873228, -731.40537088546694, -740.83120224227332, -748.41409524695632, -758.87276468236746, -781.54246262327945, -784.45721589747086, -789.10927873138041, -793.57989678211948, -807.34961058236468, -810.05009729254311, -810.94160068967199, -821.36380579152797]
 -- BestCostElement: [-821.36380579 -820.5721641  -818.40533867 -818.34525856]
 -- BestRoute: [array([ 0,  4,  3,  2,  5,  7,  8, 10, 11, 13, 14, 16, 17,  1, 20, 19, 18,
       15, 12,  9,  6,  0])]
 -- Premio: 
 ---------49.6590485521
 -- Custo: 
 ---------102.0
 - Execucao 23
 -- BestCostGenaration: [-134.11145618000168, -191.29450205435865, -294.11145618000171, -341.61903367753104, -367.76142617167977, -413.17923245936009, -477.79885799560515, -533.55130466260619, -601.36402356697545, -615.5456971475918, -632.14173462163535, -653.22358770674794, -686.95775368034765, -715.03452096807359, -726.47237910209196, -735.27246706410983, -767.65052721495817, -770.21497366970823, -775.17946099058429, -782.39235175528574, -793.58721930713159, -801.87907057193911, -810.3140832568115, -814.57827009086168, -817.89197858984653, -821.94474710271675, -822.47840838457444, -822.73638879355838, -825.38539899934096, -826.17704069018259]
 -- BestCostElement: [-826.17704069 -825.385399   -824.51939559 -823.7277539 ]
 -- BestRoute: [array([ 0,  4,  3,  2,  5,  7, 11, 13, 14, 16, 17,  1, 20, 19, 18, 15, 12,
       10,  8,  9,  6,  0])]
 -- Premio: 
 ---------48.4557398275
 -- Custo: 
 ---------102.0
 - Execucao 24
 -- BestCostGenaration: [-134.11145618000168, -186.74497916814659, -285.74201959101606, -346.47633916679058, -387.58957461061448, -425.22624401180417, -475.1673695087585, -517.88271389614897, -549.03196804317804, -570.7296680391845, -617.99079486121332, -655.72954440026274, -675.44610858384885, -688.24527095157009, -700.03016741977785, -729.77164792364397, -733.23605833802662, -749.15287005431549, -756.40869213956012, -759.0257756926685, -781.45201565074217, -800.75449839320413, -809.3482181389993, -817.2584556017016, -817.35831730798884, -819.01596241035543, -823.03155006288398]
 -- BestCostElement: [-823.03155006 -822.86333219 -822.0716905  -821.46106676]
 -- BestRoute: [array([ 0,  6,  4,  3,  2,  5,  7, 10, 11, 13,  1, 14, 16, 17, 20, 19, 18,
       15, 12,  9,  8,  0])]
 -- Premio: 
 ---------49.2421124843
 -- Custo: 
 ---------102.0
 - Execucao 25
 -- BestCostGenaration: [-134.11145618000168, -230.22291236000336, -272.66658550124311, -297.74201959101606, -404.69622980691565, -427.11025864248285, -505.56518589544845, -563.06557460299314, -580.30391515192446, -600.24251082224782, -630.10862205621322, -664.71293147630979, -681.00348670555604, -700.55788184422227, -727.09324057030244, -730.28685656305947, -754.49778834613551, -774.70240463958328, -783.80543253279575, -784.25539558968023, -792.2925764500219, -796.63014731596695, -800.73929486992381, -805.12662773748286, -809.50163921103103, -813.55097094484267, -814.16528242547497, -814.2134306976501, -816.75187601119615, -820.94143689867883, -825.2584556017016, -826.05009729254311]
 -- BestCostElement: [-826.05009729 -825.2584556  -823.34961058 -823.03155006]
 -- BestRoute: [array([ 0,  6,  4,  3,  2,  5,  7, 10, 11, 13, 14, 16, 17,  1, 20, 19, 18,
       15, 12,  9,  8,  0])]
 -- Premio: 
 ---------48.4874756769
 -- Custo: 
 ---------102.0
 - Execucao 26
 -- BestCostGenaration: [-134.11145618000168, -232.22291236000336, -268.74497916814653, -363.7168141625732, -390.10431721284181, -423.89256284428126, -473.20085334460538, -521.31064291180064, -577.99584850264148, -591.68315296942876, -621.9655484642808, -633.66183446284163, -681.55493783613929, -714.41968743491339, -734.87921137132048, -736.29584351619303, -762.52274905501054, -773.04204426710453, -783.34960993608729, -792.4525316543959, -798.57551756788098, -798.65457691922927, -800.5315910057443, -804.02161982691587, -808.43498297803808, -810.6214405903429, -813.20308635338245, -813.29667827850119, -817.61369698152396, -817.79211688355929, -818.40533867236559]
 -- BestCostElement: [-818.40533867 -818.149959   -817.79211688 -817.61369698]
 -- BestRoute: [array([ 0,  7,  5,  2,  3,  4,  6,  9, 10, 11, 13, 14, 16, 17,  1, 20, 19,
       18, 15, 12,  8,  0])]
 -- Premio: 
 ---------50.3986653319
 -- Custo: 
 ---------102.0
 - Execucao 27
 -- BestCostGenaration: [-134.11145618000168, -198.26408639915928, -304.12907009649587, -339.52501580934597, -402.75383210192524, -471.54903970396992, -510.62131017895985, -558.98317683366611, -593.21913894382033, -624.30739056503899, -678.32222222841642, -681.11983461081945, -705.14350822493054, -705.30357745936533, -722.25142617067513, -733.18487082531453, -776.3425882290735, -783.50494748748997, -798.72480273413794, -803.57273019603758, -804.46071633497866, -809.3086437968783, -811.49510140918301, -818.48735780036418]
 -- BestCostElement: [-818.4873578  -816.1089718  -815.1736493  -814.43458929]
 -- BestRoute: [array([ 0,  5,  2,  3,  4,  6,  9,  8, 10, 12, 11, 13,  1, 15, 18, 19, 20,
       17, 16, 14,  7,  0])]
 -- Premio: 
 ---------50.3781605499
 -- Custo: 
 ---------102.0
 - Execucao 28
 -- BestCostGenaration: [-134.11145618000168, -210.22291236000336, -286.87136839779293, -348.19126666593735, -365.72359135473147, -427.72359135473147, -464.60448063733349, -514.544163085626, -541.73696285574874, -570.68123476574783, -589.31520535853542, -626.50308793166164, -640.62394227502955, -677.7760148131299, -694.2462287717301, -700.01526932326033, -730.55816535327585, -763.94539232996453, -766.06906499192689, -786.33148757704691, -791.40389272823506, -792.00023485603833, -792.79976005748722, -795.97394401756026, -808.17960330450296, -809.73253792866285, -812.94770667984733, -814.83625049984562, -818.14995899883047]
 -- BestCostElement: [-818.149959   -817.35831731 -816.1089718  -815.57531051]
 -- BestRoute: [array([ 0,  5,  2,  3,  4,  6,  9,  8, 10, 11, 13, 14, 16, 17,  1, 20, 19,
       18, 15, 12,  7,  0])]
 -- Premio: 
 ---------50.4625102503
 -- Custo: 
 ---------102.0
 - Execucao 29
 -- BestCostGenaration: [-134.11145618000168, -195.24959708854544, -305.12440098409525, -332.59682358019126, -389.4665886971294, -438.09759027131923, -478.27704642493796, -517.21507378874253, -551.84149687400327, -613.57593991342685, -632.72856825048018, -670.55714234398909, -698.08799760210093, -712.37375955368282, -713.41075195805468, -731.89318355102, -743.62066379293697, -766.05260932093938, -768.86906317485887, -771.53115834827429, -777.97853572845816, -790.79371573479693, -809.27065101962978, -811.93864111254152, -814.00952419760097]
 -- BestCostElement: [-814.0095242  -813.85821096 -813.21788251 -812.37896079]
 -- BestRoute: [array([ 0,  6,  4,  3,  2,  5,  7,  8,  9, 10, 11, 13, 14, 16, 17,  1, 20,
       19, 18, 15, 12,  0])]
 -- Premio: 
 ---------51.4976189506
 -- Custo: 
 ---------102.0
