 - Execucao 0
 -- BestCostGenaration: [-92.35924416871538, -131.66277192319956, -225.16670261950492, -288.27217075226685, -336.3752725527024, -379.7179413550301, -394.5702419622094, -465.54368739222923, -469.9677259907728, -508.88492844723436, -567.869155671969, -608.4260825189178, -624.936412539428, -662.0840952500871, -700.0867753712132, -723.5910240686882, -745.4931558825976, -778.3067528212264, -795.0850077072753, -806.9217487979473, -821.942566490271, -839.3692747239284, -845.6804390129212, -855.5727117858496, -880.3875146200423, -892.147128357971, -926.8623380520157, -929.7208049088717, -946.7387115317059, -952.579268055411, -960.7918932653437, -970.5020553044352, -984.6250412179202, -990.8155567492702, -996.1428674703436, -999.0735371582541, -999.1985955603444, -1000.1244812165666]
 -- BestCostElement: [-1000.12448122 -1000.12448122 -1000.12448122 -1000.12448122]
 -- BestRoute: [array([ 0, 23, 22, 18, 19, 13,  8,  7,  6, 11, 12,  1])
 array([ 0, 14, 20, 24, 21, 17, 16, 15,  9,  5, 10,  2])
 array([ 0, 35, 28, 29, 27, 34, 38, 41, 33, 37,  3])
 array([ 0, 25, 30, 36, 44, 43, 40, 26, 32, 31, 39,  4])]
 -- Custo: 
 ---------26.803275282639756
 ---------24.862423333252703
 ---------23.501355935827
 ---------31.801825144138885
 ---- Total: 106.96887969585835
 -- Premio: 
 ---------53.0
 ---------44.0
 ---------45.0
 ---------62.0
 ---- Total: 204.0
 - Execucao 1
 -- BestCostGenaration: [-75.61864945771813, -146.6815275470516, -241.55936822046397, -335.24677941580364, -354.1134798123552, -419.0666175431075, -480.5888232376197, -531.1323772140086, -546.1426574787133, -641.2612695262362, -661.9182893362195, -683.1937725583991, -709.7645695098628, -717.9303127876628, -741.9758873075587, -772.3029799961087, -778.5598753325437, -813.2608784164252, -826.256228977802, -844.8408349642497, -861.9924012293641, -873.8176467546723, -881.4148133853698, -886.8176467546723, -895.0817331538315, -920.4511697428171, -942.1752818157937, -946.8615733168089, -948.6710577854589, -950.6050235609118, -952.7692482537839, -957.4626994763005, -959.3966652517535]
 -- BestCostElement: [-959.39666525 -959.39666525 -959.39666525 -959.39666525]
 -- BestRoute: [array([ 0, 31, 36, 30, 18, 11,  7,  8, 13, 19, 12,  6,  1])
 array([ 0, 25, 20, 14,  9,  5, 15, 16, 21, 17, 10,  2])
 array([ 0, 28, 29, 23, 22, 27, 34, 33, 37, 41, 38,  3])
 array([ 0, 24, 26, 32, 44, 43, 39, 40,  4])]
 -- Custo: 
 ---------34.78974136711649
 ---------25.4209461998975
 ---------30.75806806571081
 ---------24.43207805433684
 ---- Total: 115.40083368706163
 -- Premio: 
 ---------64.0
 ---------45.0
 ---------49.0
 ---------45.0
 ---- Total: 203.0
 - Execucao 2
 -- BestCostGenaration: [-75.01423869541534, -202.4432087966163, -250.38556170269288, -344.628267255899, -389.0300583695937, -426.6812892738571, -458.7641628744743, -495.967414235407, -525.0739453139597, -584.9382589674242, -630.2021383124337, -642.7432516160262, -710.0505435187091, -729.7132987472646, -758.5481624597992, -758.8312270080269, -775.0881586556535, -792.429425438738, -793.3270531383964, -834.3290808223023, -848.4288350635335, -865.4072830660082, -871.7794721779745, -877.2419593624813, -896.5968642652285, -914.516849382481, -918.4797137128749, -927.1764994181108, -932.0027351648855, -943.1491589589768, -952.1678498866834, -960.5184870011244, -963.5400822618062, -970.9622853107935, -973.2898454616412, -974.9464474662482, -975.7011584887647]
 -- BestCostElement: [-975.70115849 -975.70115849 -975.70115849 -975.70115849]
 -- BestRoute: [array([ 0, 28, 23, 22, 12, 11,  7,  8, 13,  6,  1])
 array([ 0, 19, 18, 14, 20, 24, 16, 21, 17, 15,  9,  5, 10,  2])
 array([ 0, 27, 29, 34, 38, 42, 41, 37, 33,  3])
 array([ 0, 25, 30, 44, 43, 40, 39, 36, 31, 26, 32,  4])]
 -- Custo: 
 ---------24.705481427033437
 ---------31.553486974082087
 ---------24.044901489997727
 ---------34.52084048669557
 ---- Total: 114.82471037780883
 -- Premio: 
 ---------45.0
 ---------60.0
 ---------38.0
 ---------62.0
 ---- Total: 205.0
 - Execucao 3
 -- BestCostGenaration: [-92.20513397403525, -219.21684383976375, -300.81564940583564, -363.3449784681305, -415.3082910855115, -462.4198598570048, -514.2824018946724, -559.4269830688393, -571.7409739122736, -612.5774726653278, -683.645575511793, -689.6967125876164, -705.3752604798129, -744.6908183021311, -757.2056383414721, -785.9616422048377, -814.1740584330414, -824.2715169869374, -838.248378943437, -844.9122707014637, -855.4198481989931, -865.3386787247648, -875.1027877926547, -883.3154358287165, -884.2038912834156, -891.0952308009582, -893.2594554938303, -894.8001147223681]
 -- BestCostElement: [-894.80011472 -894.80011472 -894.80011472 -894.80011472]
 -- BestRoute: [array([ 0, 14,  8,  7, 11,  6, 22, 23, 12,  1])
 array([ 0, 31, 30, 36, 39, 32, 21, 17, 16, 15,  9,  5,  2])
 array([ 0, 18, 19, 13, 28, 29, 27, 33, 34, 38, 41, 37,  3])
 array([ 0, 25, 20, 24, 26, 40, 43, 44,  4])]
 -- Custo: 
 ---------27.989265944097617
 ---------33.87705430228725
 ---------31.672193971357018
 ---------29.261457101666064
 ---- Total: 122.79997131940796
 -- Premio: 
 ---------34.0
 ---------55.0
 ---------67.0
 ---------42.0
 ---- Total: 198.0
 - Execucao 4
 -- BestCostGenaration: [-57.47939813211342, -135.9600277581332, -362.40674483566625, -398.80771399090924, -417.34735868828125, -460.6356002444353, -483.82156440505446, -548.0529931031131, -565.2794558562182, -590.8660941680191, -627.1360949821415, -671.0830210330992, -688.0586732494367, -696.6450918694118, -721.7320576616651, -746.4791787508769, -790.2880622753131, -829.2771570244101, -848.2089929464979, -864.5638970503062, -868.7945314534608, -876.5922791344776, -897.3839208253193, -902.7876972977735, -921.0053481841494, -925.1313369379214, -937.896687790285, -939.4187545984282, -940.8409597002842, -942.3552828996085, -946.2475771496115, -947.7619003489358]
 -- BestCostElement: [-947.76190035 -947.76190035 -947.76190035 -947.76190035]
 -- BestRoute: [array([ 0, 28, 35, 42, 38, 41, 37, 33, 34, 29, 23, 18, 19, 11,  6,  1])
 array([ 0, 31, 32, 40, 26, 21, 17, 10,  9,  5,  2])
 array([ 0, 13,  8,  7, 12, 22, 27,  3])
 array([ 0, 20, 14, 15, 16, 24, 25, 30, 36, 44, 43, 39,  4])]
 -- Custo: 
 ---------34.29640173346288
 ---------33.65610353942063
 ---------26.001996567258818
 ---------29.605023072623702
 ---- Total: 123.55952491276602
 -- Premio: 
 ---------68.0
 ---------51.0
 ---------32.0
 ---------55.0
 ---- Total: 206.0
 - Execucao 5
 -- BestCostGenaration: [-61.07389261626156, -143.10059156338798, -198.91294983401718, -264.9300821785689, -312.23475726495565, -351.8171214867727, -409.516609870037, -470.99779609419744, -514.2038413779534, -526.0105391222695, -581.1792320786346, -610.219045506038, -640.5548879622867, -657.9470936297101, -680.8769980974453, -723.0147890832079, -736.5081042740826, -748.8515755904043, -776.9316236816248, -780.494929269155, -788.0247396861171, -792.5945965710312, -801.2309598673091, -804.8584353736313, -811.0098635517859, -825.8124856459625, -841.196079322983, -844.4114123443819, -858.4733526237644, -859.8242419830909, -881.8183414441212, -897.8427892127501, -903.8350456039311, -907.0369472960066]
 -- BestCostElement: [-907.0369473 -907.0369473 -907.0369473 -907.0369473]
 -- BestRoute: [array([ 0, 14, 13, 19, 18, 23, 22, 11,  8,  7,  6, 12,  1])
 array([ 0, 39, 40, 26, 17, 10, 15,  9,  5,  2])
 array([ 0, 28, 29, 27, 34, 33, 37, 42, 38, 41,  3])
 array([ 0, 20, 24, 32, 43, 44, 36, 30, 25, 31,  4])]
 -- Custo: 
 ---------32.063056261429026
 ---------34.84013370316823
 ---------24.39028737825312
 ---------33.69728583314795
 ---- Total: 124.99076317599832
 -- Premio: 
 ---------57.0
 ---------52.0
 ---------46.0
 ---------46.0
 ---- Total: 201.0
 - Execucao 6
 -- BestCostGenaration: [-57.72488914667949, -133.31762624446674, -220.62761716616728, -323.54186376011876, -334.8765106940432, -440.68499524885533, -497.87626363459964, -534.2967043610064, -573.8760190551058, -600.1996911390448, -674.7795175458965, -712.0085993113463, -722.7760610560871, -763.006141720696, -798.67759245331, -828.8262619513919, -829.8805729448848, -868.5358117144683, -874.0129065249007, -907.5394452350989, -921.3120391869585, -931.4618164482445, -948.3785569892218, -957.2090723665071, -960.3438598078565, -960.7859577229265, -973.4475723790392, -975.9551498765686, -976.0325067804492, -985.1675012759481, -987.2377186765627]
 -- BestCostElement: [-987.23771868 -987.23771868 -987.23771868 -987.23771868]
 -- BestRoute: [array([ 0, 13,  8,  7, 11, 19, 18, 23, 22,  6, 12,  1])
 array([ 0, 20, 16, 17, 21, 24, 14, 15,  9,  5, 10,  2])
 array([ 0, 28, 29, 27, 34, 33, 37, 38, 42, 41,  3])
 array([ 0, 25, 30, 36, 31, 32, 26, 40, 44, 43, 39,  4])]
 -- Custo: 
 ---------29.10654954801926
 ---------27.8875239250389
 ---------23.87705430228724
 ---------31.069442555513906
 ---- Total: 111.9405703308593
 -- Premio: 
 ---------53.0
 ---------44.0
 ---------46.0
 ---------62.0
 ---- Total: 205.0
 - Execucao 7
 -- BestCostGenaration: [-109.0514415891578, -142.6916801515353, -227.57972963475643, -277.78304039450614, -346.62373417607705, -409.4527703422907, -411.3267723500475, -474.43345074189756, -521.1506430118671, -532.9867970148543, -570.7377573769995, -607.7345134177647, -653.8916940275736, -669.3960576592154, -688.459829871768, -717.0402857624805, -750.607849693588, -790.4914006763527, -795.7258427698393, -811.1480478716952, -819.4357539568016, -835.1887457254481, -836.1053341540841, -866.2651132018557, -871.8570012648088]
 -- BestCostElement: [-871.85700126 -871.85700126 -871.85700126 -871.85700126]
 -- BestRoute: [array([ 0, 13, 18, 19, 23, 22, 12,  6,  7, 11,  8,  1])
 array([ 0, 20, 15, 16, 10, 17, 21, 24, 14,  9,  5,  2])
 array([ 0, 30, 36, 43, 40, 39, 31, 28, 29, 34, 38, 37,  3])
 array([ 0, 27, 33, 41, 42, 35, 25, 26, 32,  4])]
 -- Custo: 
 ---------30.450734540978722
 ---------30.58930615215872
 ---------34.64305533851302
 ---------34.60265365214735
 ---- Total: 130.2857496837978
 -- Premio: 
 ---------53.0
 ---------44.0
 ---------68.0
 ---------34.0
 ---- Total: 199.0
 - Execucao 8
 -- BestCostGenaration: [-56.374502361680015, -150.6116863188608, -218.26715056146398, -329.5328537942802, -378.71260884682295, -420.5675072570237, -472.72248400910655, -515.6132730066256, -546.4080610833938, -578.4103770354973, -619.0375348024406, -656.1063905005133, -734.4814633421713, -769.2251658311598, -805.1434610752284, -823.3762016062371, -823.4737609436402, -843.5517423216779, -873.3283078275151, -887.1493867698796, -895.2656269815697, -901.2578833727507, -921.1652509459748, -927.1185265448321, -937.2455703773624, -939.8466965368539, -942.3260939125232, -947.8830864557283, -953.0276676298952]
 -- BestCostElement: [-953.02766763 -953.02766763 -953.02766763 -953.02766763]
 -- BestRoute: [array([ 0, 20, 19, 18, 23, 22, 12, 13,  8,  7, 11,  6,  1])
 array([ 0, 14, 24, 21, 17, 16, 15, 10,  5,  9,  2])
 array([ 0, 36, 30, 28, 29, 34, 33, 37, 41, 38, 27,  3])
 array([ 0, 25, 31, 32, 26, 40, 39, 44, 43,  4])]
 -- Custo: 
 ---------27.246537600251447
 ---------29.6872173145563
 ---------34.32199813582555
 ---------25.7373300418929
 ---- Total: 116.9930830925262
 -- Premio: 
 ---------56.0
 ---------41.0
 ---------51.0
 ---------55.0
 ---- Total: 203.0
 - Execucao 9
 -- BestCostGenaration: [-58.301003168358044, -194.01845984517377, -285.66609985070363, -328.75300685099916, -397.05031868183755, -453.26306409648544, -525.6349173084982, -585.0179933346619, -585.8769610234344, -633.7008501610687, -660.575932288973, -684.6692544496717, -710.295936557149, -716.0692267912805, -742.3421036629861, -767.7409775034946, -772.2929762723803, -800.1667818941005, -813.2563802364418, -820.4824309991594, -833.6388754829543, -837.5351629117715, -873.1312979854249, -885.7587149833945, -895.2302779591919, -896.0801670911982, -906.0362405290614, -911.588384300347, -921.5444577382103]
 -- BestCostElement: [-921.54445774 -921.54445774 -921.54445774 -921.54445774]
 -- BestRoute: [array([ 0, 12, 11,  7,  8, 13, 19, 18, 23, 22,  6,  1])
 array([ 0, 30, 36, 44, 43, 39, 31, 24,  5,  2])
 array([ 0, 25, 27, 34, 38, 41, 37, 33, 29, 28,  3])
 array([ 0, 20, 14,  9, 15, 16, 10, 17, 21, 26, 32, 40,  4])]
 -- Custo: 
 ---------26.467103925399037
 ---------31.097452068300655
 ---------34.99451193774634
 ---------32.30481763400138
 ---- Total: 124.86388556544742
 -- Premio: 
 ---------53.0
 ---------52.0
 ---------50.0
 ---------48.0
 ---- Total: 203.0
 - Execucao 10
 -- BestCostGenaration: [-129.16391375113216, -167.16155620311775, -222.36150402366764, -286.2629845541913, -361.78918862415406, -447.8576247646665, -471.6100925573, -485.8596896458454, -529.1804107417432, -554.8177830215031, -581.2694253748821, -633.0971165452955, -676.4638331724057, -715.2556338064907, -755.8314183009452, -776.6042043674885, -795.8297158534773, -829.673573461481, -849.4873947306583, -855.9945783381233, -862.6217501608148, -873.1065369472935, -906.6373541060196, -918.0578313452556, -922.735367865703, -936.9328541444839, -941.0705559722279, -951.8877840496967, -955.6942636618874, -957.9111153110442, -963.9033717022254]
 -- BestCostElement: [-963.9033717 -963.9033717 -963.9033717 -963.9033717]
 -- BestRoute: [array([ 0, 13, 11, 12, 22, 23, 18, 19,  8,  7,  6,  1])
 array([ 0, 20, 21, 17, 10, 16, 15, 14,  9,  5,  2])
 array([ 0, 30, 31, 36, 42, 38, 41, 34, 29, 28, 27, 37,  3])
 array([ 0, 25, 24, 26, 32, 44, 43, 39, 40,  4])]
 -- Custo: 
 ---------26.471938219632758
 ---------28.282170362793458
 ---------33.235551072343426
 ---------26.284497419674018
 ---- Total: 114.27415707444365
 -- Premio: 
 ---------53.0
 ---------39.0
 ---------60.0
 ---------51.0
 ---- Total: 203.0
 - Execucao 11
 -- BestCostGenaration: [-73.50056438865046, -153.78650610700097, -211.75292830324108, -277.2188069809522, -371.58081483177995, -447.2764741216983, -460.588031149693, -506.26010839093897, -528.6701638384131, -534.5308789943388, -592.802028072676, -607.8911717159261, -628.4752542743885, -651.3900570329286, -698.3575012610319, -706.5013517203172, -743.6446881070555, -751.9877574262747, -769.0435619475638, -780.591636108747, -807.3003669146048, -821.2566271883824, -822.1303455171167, -843.3246081676016, -874.8492004818523, -880.7142059863535, -894.9751459724679, -908.346658461958, -914.9766373169149, -918.8948706333215, -935.9989154270833, -941.9911718182644]
 -- BestCostElement: [-941.99117182 -941.99117182 -941.99117182 -941.99117182]
 -- BestRoute: [array([ 0, 19, 13,  8,  7, 11,  6, 12, 22, 23, 18,  1])
 array([ 0, 24, 20, 14,  9,  5, 15, 16, 21, 17, 10,  2])
 array([ 0, 25, 43, 40, 26, 32, 31, 41,  3])
 array([ 0, 28, 29, 27, 34, 33, 37, 38, 42, 44, 36, 39,  4])]
 -- Custo: 
 ---------28.108605664466282
 ---------24.843766846610826
 ---------34.99533359373058
 ---------31.80450094062622
 ---- Total: 119.75220704543389
 -- Premio: 
 ---------53.0
 ---------44.0
 ---------43.0
 ---------63.0
 ---- Total: 203.0
 - Execucao 12
 -- BestCostGenaration: [-46.50044861494547, -138.7288036259929, -208.1015850652858, -313.328905263922, -326.087598365846, -370.9653941848626, -401.2917878214925, -455.88985955446253, -488.84258496805353, -533.8588996463258, -535.2115401622212, -615.4724993807433, -631.2034109101035, -662.3821082842644, -686.563208168461, -735.715236753103, -771.4191079829903, -814.4895857476292, -867.9872093094416, -877.4215665660693, -906.468949843299, -923.6852590751645, -932.0812712787307, -941.1970196601684, -953.3396490923586, -959.4022113380468, -972.768852140895, -979.1835206880817, -981.0268325498789]
 -- BestCostElement: [-981.02683255 -981.02683255 -981.02683255 -981.02683255]
 -- BestRoute: [array([ 0, 12, 11,  7,  8, 13, 19, 18, 23, 22,  6,  1])
 array([ 0, 24, 16, 20, 14,  9,  5, 15, 21, 17, 10,  2])
 array([ 0, 28, 27, 34, 33, 37, 41, 38, 29,  3])
 array([ 0, 25, 26, 32, 39, 31, 30, 36, 44, 43, 40,  4])]
 -- Custo: 
 ---------26.467103925399037
 ---------28.006044506779208
 ---------24.881832902051926
 ---------30.638310528300117
 ---- Total: 109.9932918625303
 -- Premio: 
 ---------53.0
 ---------44.0
 ---------44.0
 ---------62.0
 ---- Total: 203.0
 - Execucao 13
 -- BestCostGenaration: [-84.89184067809, -136.57124348821748, -267.58918833119685, -313.44591061286974, -344.7412863639778, -401.06260719146746, -447.00967000298533, -483.0386415423451, -540.6335196667477, -557.6751090730422, -585.0664915496172, -597.4651131452404, -624.1968423152653, -654.3237857129047, -659.7186469112686, -692.991718665508, -712.8286068196314, -728.2896305302352, -765.7637426774464, -786.1252439739492, -817.8464013175449, -819.4919126694683, -828.4241962156889, -847.6497401410818, -851.9872947490694, -863.0400632619397, -877.1734461548692, -883.3152315428988, -901.8597376558845, -904.5949507853225, -909.9985634667836, -915.397437307292, -916.6801161268462, -922.864494783967, -924.1519124444736]
 -- BestCostElement: [-924.15191244 -924.15191244 -924.15191244 -924.15191244]
 -- BestRoute: [array([ 0, 27, 29, 34, 38, 41, 37, 33, 22,  6,  1])
 array([ 0, 20, 14,  9,  5, 10, 17, 21, 24, 16, 15,  2])
 array([ 0, 19, 18, 13,  8,  7, 12, 11,  3])
 array([ 0, 28, 35, 44, 36, 31, 25, 26, 32, 40, 39, 43,  4])]
 -- Custo: 
 ---------28.514155011626467
 ---------28.547100679997214
 ---------29.039170415014713
 ---------34.61159578224319
 ---- Total: 120.7120218888816
 -- Premio: 
 ---------47.0
 ---------44.0
 ---------41.0
 ---------69.0
 ---- Total: 201.0
 - Execucao 14
 -- BestCostGenaration: [-52.57869615665871, -137.49746421888526, -230.93487381629052, -303.130896309139, -381.8939129609853, -418.85522970773434, -479.5241351038562, -517.5241351038562, -560.2914050367773, -576.2827429383443, -619.8800831851624, -622.9925893841817, -648.496157285563, -683.9794640344804, -691.3291763253043, -725.3227738267142, -742.2290973904392, -770.0145500300123, -774.0754857483432, -792.9248355671712, -817.8486548778867, -820.0758877992671, -833.2067658673682, -842.269239659164, -843.7883468901766, -849.9907721742081, -852.851137667089, -867.2354574567526, -892.7836513123806, -900.9480397962458, -904.0037678862466, -906.4259729881026, -914.6076465687189, -917.0298516705749]
 -- BestCostElement: [-917.02985167 -917.02985167 -917.02985167 -917.02985167]
 -- BestRoute: [array([ 0, 29, 34, 38, 41, 37, 33, 27, 22, 11, 12,  6,  1])
 array([ 0, 26, 24, 21, 16, 17, 10,  9,  5, 15,  2])
 array([ 0, 28, 20, 14,  8, 13, 18, 19, 23,  3])
 array([ 0, 25, 30, 36, 31, 32, 39, 44, 43, 40,  4])]
 -- Custo: 
 ---------31.137757216737104
 ---------33.37820360123074
 ---------33.85219775858854
 ---------25.874378505799907
 ---- Total: 124.24253708235628
 -- Premio: 
 ---------61.0
 ---------44.0
 ---------42.0
 ---------55.0
 ---- Total: 202.0
