 - Execucao 0
 -- BestCostGenaration: [-34.009787950234006, -74.32520778857392, -74.32520778857395, -113.43670723173217, -156.55746325491128, -170.76259587118787, -199.07895789904347, -208.19264396935108, -208.82361150803803, -242.04485137124, -250.38799712174762, -250.98759586423068, -278.21949160135443, -293.4774720103384, -335.4480347588155, -337.5332001003392, -358.6742573228569, -379.58892819034, -399.22576138252293, -402.8670532736295, -417.134045485148, -419.11179767445094, -420.77533737625447, -426.5181582206619, -429.11928438015343, -445.2275941471102, -446.58247668525087, -489.00468178710685, -492.16027158339494, -503.2717277633966, -507.5111609427214, -534.7719371378427, -553.0474542197232, -625.8834365810009, -651.1216232544072, -670.8608470592859, -672.0922499122356, -673.7930954640958, -678.3155128991466, -679.0280952386398, -681.3885824118357, -695.157179558886, -707.9518879993659, -715.157179558886, -728.795199861163, -729.7397212009365, -741.138595041445, -771.9910542901476, -790.8482178038078, -790.9300729412934, -802.6358664044283, -817.0922475987597, -831.0999912075786, -834.6886349172986, -834.8675559749341]
 -- BestCostElement: [-834.86755597 -834.86755597 -834.86755597 -834.86755597]
 -- BestRoute: [array([ 0, 27, 23, 18, 19, 12, 11, 13,  0])
 array([ 0, 28, 29, 34, 38, 42, 44, 36, 30,  0])
 array([ 0, 26, 32, 40, 39, 43, 31, 25,  0])
 array([ 0, 24, 15,  9,  5, 10, 17, 21,  0])]
 -- Custo: 
 ---------24.886163079689773
 ---------24.891483386175214
 ---------25.84835189048818
 ---------25.40711264991331
 ---- Total: 101.03311100626647
 -- Premio: 
 ---------49.0
 ---------43.0
 ---------48.0
 ---------37.0
 ---- Total: 177.0
 - Execucao 1
 -- BestCostGenaration: [-77.46225302717755, -160.3348958655826, -184.21870084462824, -235.4953683850598, -268.46641781694325, -293.0429216095953, -294.60406495378106, -341.82024399759143, -369.807339963906, -392.75414246453505, -441.0415601250418, -443.9454808724497, -445.91583656677716, -447.673343375431, -450.98315921908556, -460.1213001276293, -504.01259647060846, -519.2404999164498, -538.9521276120757, -547.0868717902684, -564.5153899364495, -566.4857456307769, -582.0078124389202, -584.0396051620205, -585.390494521347, -644.0690424135435, -646.670168573035, -660.9342549721941, -669.0210579323614, -672.5286354298908, -673.9376083507957, -678.8093073886025, -692.9684964736407, -694.3774693945456, -697.6911778935304, -711.3434349472489, -712.862191551354, -737.0900517340389]
 -- BestCostElement: [-737.09005173 -737.09005173 -737.09005173 -737.09005173]
 -- BestRoute: [array([ 0, 14,  9,  5, 15, 31,  0])
 array([ 0, 20, 24, 16, 17, 21, 26,  0])
 array([ 0, 30, 36, 43, 39, 40, 32, 25,  0])
 array([ 0, 28, 29, 27, 22, 12, 11, 13, 18, 19,  0])]
 -- Custo: 
 ---------25.34166020071207
 ---------22.6860742303198
 ---------22.457640151179422
 ---------25.242112484278994
 ---- Total: 95.72748706649028
 -- Premio: 
 ---------32.0
 ---------25.0
 ---------41.0
 ---------62.0
 ---- Total: 160.0
 - Execucao 2
 -- BestCostGenaration: [-99.54852516378178, -99.54852516378179, -137.2670317334434, -174.25773189026597, -183.1977932254281, -195.61801289684402, -215.99243977272891, -222.84990863396777, -243.22433550985266, -269.8517525078222, -273.2676698003269, -292.9694485189799, -304.26460978830556, -335.4238256033732, -378.74254298016234, -400.19635405779746, -408.4915153271231, -469.94315768050194, -491.3234842913513, -498.36536278235786, -505.357619173539, -508.1553668545559, -516.8935355806764, -524.9389408182132, -556.4595936911874, -561.1209630095648, -564.594157449062, -575.7470113516941, -610.6235947005848, -630.2688544763628, -648.7467876682197, -675.7662876141669, -712.8766272868872, -721.9574590166789, -733.3284334312592, -736.5823754706933, -740.8140650411992, -741.6893766802465, -745.8319077304145, -746.1838954316557, -749.2396235216567, -753.1427213924998, -758.5533320206414, -762.4040552686783, -769.5039169749656, -772.6609373357475, -791.0226303159142, -826.2809005107652, -863.9594484029615, -868.1794011858343, -882.1794011858343]
 -- BestCostElement: [-882.17940119 -882.17940119 -882.17940119 -882.17940119]
 -- BestRoute: [array([ 0, 18, 13,  8,  7, 11,  6, 12, 23,  0])
 array([ 0, 19, 14,  9,  5, 15, 16, 21, 24,  0])
 array([ 0, 27, 29, 34, 33, 37, 41, 38, 42, 35,  0])
 array([ 0, 25, 31, 32, 40, 39, 43, 36, 28,  0])]
 -- Custo: 
 ---------24.669859962175348
 ---------25.49404838648371
 ---------25.38532473503941
 ---------25.90591661984294
 ---- Total: 101.45514970354141
 -- Premio: 
 ---------44.0
 ---------43.0
 ---------43.0
 ---------54.0
 ---- Total: 184.0
 - Execucao 3
 -- BestCostGenaration: [-68.78705913764443, -130.8164963891673, -146.8467276368369, -173.13794849697092, -203.1206068747628, -213.20116795090524, -237.61177857904676, -270.06323409651117, -272.0557427325777, -289.22545599758195, -290.63442891848683, -317.2679519066317, -353.79001871477493, -357.84278722764526, -358.51897964826406, -393.34780219944736, -406.28423006573666, -428.3555458082662, -446.20626905630314, -450.5973992879928, -452.0340937004626, -488.80240412995664, -492.4904748947941, -498.71802972990025, -525.4306120693934, -532.4600493209164, -536.0874663188858, -551.2154433182089, -598.4795297173682, -605.5089669688912, -607.7599946219302, -612.4376512263616, -646.7105795762545, -650.1161991185579, -670.1161991185579, -685.6125157490808, -689.6759874479003, -699.5306606115951, -703.5941323104148, -710.6599594808121, -716.3168137303044, -720.3886514514977, -720.900662353808, -732.0532493098092, -735.7317972020055, -738.4970465376962, -831.5468299797736, -843.8388448360542, -866.596452079599, -890.6599237784187, -909.78147912741, -910.3644455317102, -921.3009738328905, -927.4124300128922, -932.7669465536396, -935.7633193722186, -941.117835912966]
 -- BestCostElement: [-941.11783591 -941.11783591 -941.11783591 -941.11783591]
 -- BestRoute: [array([ 0, 20, 15,  9,  5, 10, 17, 21, 24,  0])
 array([ 0, 30, 36, 43, 39, 40, 32, 31, 25,  0])
 array([ 0, 19, 18, 23, 22, 12,  6, 11,  7, 13,  0])
 array([ 0, 28, 35, 29, 34, 38, 41, 37, 33, 27,  0])]
 -- Custo: 
 ---------24.36895509512391
 ---------23.08815685321522
 ---------25.772501299378526
 ---------25.740927774040827
 ---- Total: 98.97054102175848
 -- Premio: 
 ---------40.0
 ---------50.0
 ---------54.0
 ---------47.0
 ---- Total: 191.0
 - Execucao 4
 -- BestCostGenaration: [-48.58252966305797, -69.29122914904596, -113.75636291374826, -155.39152352053662, -169.5115979677974, -189.06435282565013, -234.39540294684303, -254.20373755136643, -314.6816707432232, -327.4539268229812, -366.91611283671, -370.27660020942574, -391.1530197673232, -405.97804670549965, -420.358373316349, -445.3695351248599, -451.4698294963506, -452.3462490542481, -467.5255575863515, -488.4652138962481, -514.5998375466041, -533.8872552071109, -534.764995406269, -554.764995406269, -589.7727390150878, -622.0006996326637, -624.0456673649808, -646.6041389200491, -674.055945064421, -676.2319132825431, -685.8692232262323, -693.0898224583418, -704.5001251483563, -719.0743352407039, -721.2978728293732, -736.0398924203894, -747.274334513876, -756.5880430128608, -760.9869168533692, -769.3378062126958, -770.300625352354]
 -- BestCostElement: [-770.30062535 -770.30062535 -770.30062535 -770.30062535]
 -- BestRoute: [array([ 0, 25, 31, 36, 43, 39, 32, 26,  0])
 array([ 0, 28, 29, 34, 33, 37, 41, 38, 42,  0])
 array([ 0, 13,  8, 14,  9,  5, 15,  0])
 array([ 0, 19, 18, 11,  6, 12, 22, 27,  0])]
 -- Custo: 
 ---------24.18419009165251
 ---------23.645168071272266
 ---------25.948852774397015
 ---------25.896632724589708
 ---- Total: 99.6748436619115
 -- Premio: 
 ---------45.0
 ---------39.0
 ---------33.0
 ---------50.0
 ---- Total: 167.0
 - Execucao 5
 -- BestCostGenaration: [-80.05280216213819, -115.05280216213819, -145.92030006138276, -163.20293369020118, -181.25416252461628, -190.37814634512517, -249.00397091518687, -249.18289197282246, -274.1711551851894, -277.3835714133931, -289.6932219933326, -293.09683467479374, -296.30925090299746, -308.1525627647946, -343.1603063736135, -376.9620472334446, -381.7645789461499, -437.15866875496994, -466.57313024800703, -485.9912774308178, -490.434344780094, -511.90246760980824, -527.4164421098042, -528.0499650979491, -531.7487390487358, -575.2404806292991, -578.9392545800858, -598.6812741711019, -601.3675656721173, -609.9526031120729, -628.4305363039298, -641.0861395557155, -672.1124303941934, -695.2663116110576, -699.853704323071, -719.4238008031319, -723.7305113554364, -736.7305113554364, -739.6670396566167, -747.9554552241473, -777.8467515671264, -778.8049735110108, -797.6920866779221]
 -- BestCostElement: [-797.69208668 -797.69208668 -797.69208668 -797.69208668]
 -- BestRoute: [array([ 0, 27, 29, 34, 38, 41, 42, 30, 25,  0])
 array([ 0, 20, 14,  9,  5, 15, 16, 17, 21,  0])
 array([ 0, 19, 18, 13,  8,  7, 11,  6, 12, 23,  0])
 array([ 0, 24, 26, 32, 31, 36, 35, 28,  0])]
 -- Custo: 
 ---------25.91907335891413
 ---------24.620890997328626
 ---------24.912500649294632
 ---------24.374513324982086
 ---- Total: 99.82697833051948
 -- Premio: 
 ---------42.0
 ---------36.0
 ---------53.0
 ---------40.0
 ---- Total: 171.0
 - Execucao 6
 -- BestCostGenaration: [-105.72631010038613, -118.68534311537991, -119.35983308853102, -130.69879566297095, -215.95547067589038, -256.57115088622686, -261.5419004706184, -264.46397767090633, -306.6671735524672, -307.8957167099283, -308.3341268823561, -344.2090970616474, -364.26145638911987, -377.29973559137636, -405.4652041014209, -409.9353579717325, -443.5821621660451, -447.6067007329, -470.56261037977015, -477.9290873916252, -483.1374457007837, -497.46065016880345, -497.89906034123123, -508.47685523937537, -532.0662446112339, -551.1004207037093, -574.0662446112339, -581.6852350256083, -582.3614274462271, -599.3056993562263, -640.3134429650452, -645.8912378631892, -658.1786555236959, -661.2343836136968, -674.6456986936889, -687.5666393423406, -689.9888444441966, -715.3877182847051, -732.4991744647067, -750.4346691642033, -754.6663587347092, -764.4424127730223, -767.1768958093691, -771.408585379875, -775.5277851686956, -779.7594747392016, -782.0957648569474, -784.1514929469483, -796.0296658035761, -801.4588688521126, -805.4945905865497, -843.5734714451592, -844.2458129122892, -865.0856461384624, -889.4990092895848, -893.2937973934713, -921.2937973934713, -936.8977193391001]
 -- BestCostElement: [-936.89771934 -936.89771934 -936.89771934 -936.89771934]
 -- BestRoute: [array([ 0, 19, 18, 23, 22, 12,  6, 11,  7, 13,  0])
 array([ 0, 20, 14,  9,  5, 15, 16, 21, 24, 25,  0])
 array([ 0, 31, 26, 40, 39, 43, 36, 30,  0])
 array([ 0, 28, 35, 29, 34, 38, 41, 37, 33, 27,  0])]
 -- Custo: 
 ---------25.772501299378526
 ---------24.473310362665803
 ---------25.78883072913984
 ---------25.740927774040827
 ---- Total: 101.775570165225
 -- Premio: 
 ---------54.0
 ---------43.0
 ---------48.0
 ---------47.0
 ---- Total: 192.0
 - Execucao 7
 -- BestCostGenaration: [-40.44190155697975, -61.11285873571746, -115.62543479847349, -139.28002994223817, -176.97867962937755, -193.50698067179144, -209.9468869062771, -250.99355810804263, -251.43196828047041, -269.94989167414326, -271.8384354941416, -290.31636868599844, -291.5449118434595, -307.18158124464924, -308.4101244021103, -318.659514436506, -322.44881396826025, -323.67735712572136, -364.0325985055437, -383.23321320588326, -388.8213309564914, -395.9752327968993, -432.318378547407, -437.6666411063838, -469.3606762162179, -481.0461767757659, -487.3049481262171, -498.9580642556277, -530.6520993654617, -531.9875015071506, -533.5018247064748, -536.636612147824, -560.0914211324831, -593.2532255249532, -621.3571451502859, -633.706371655995, -650.284166554139, -668.2284384641381, -702.1455750191116, -737.4407362884372, -745.7838820389447, -756.4329926796183, -778.8205480046996, -783.5630372995669, -784.9354786564187, -803.3080164677135, -811.6511622182211, -813.0156926187178, -817.9303351143087, -822.0055868639179, -856.9157810634638, -866.2294895624484, -904.5864849119503, -923.2433391614427, -932.0349808522842, -935.4338546927927, -935.8884566233021]
 -- BestCostElement: [-935.88845662 -935.88845662 -935.88845662 -935.88845662]
 -- BestRoute: [array([ 0, 27, 34, 37, 41, 38, 42, 29, 28,  0])
 array([ 0, 23, 18, 13,  8,  7, 11,  6, 12, 19,  0])
 array([ 0, 25, 31, 32, 40, 39, 43, 36, 30,  0])
 array([ 0, 24, 16, 21, 17, 10,  5,  9, 15, 20,  0])]
 -- Custo: 
 ---------25.636572506498933
 ---------25.769987826963337
 ---------23.088156853215224
 ---------25.783168657497004
 ---- Total: 100.27788584417449
 -- Premio: 
 ---------46.0
 ---------53.0
 ---------50.0
 ---------42.0
 ---- Total: 191.0
 - Execucao 8
 -- BestCostGenaration: [-65.9181180045691, -114.82615461953532, -170.46831250426416, -173.7732786416089, -225.69505425208854, -272.9476244597663, -301.518416752999, -325.8899149991037, -343.9411438335188, -374.8172052037455, -395.45236581053393, -408.63203253030804, -427.1099657221649, -428.6142350318284, -466.50883956267336, -470.4758030224004, -486.14236255081823, -494.9340042416598, -566.9368000277971, -582.540885764419, -599.5187603100425, -605.3837658145436, -627.1215748307227, -675.1215748307227, -675.6436416388658, -693.6732426813819, -703.4726279810423, -715.7600456415491, -718.8157737315499, -736.7600456415491, -738.2643149512127, -741.7718924487419, -743.8276205387428]
 -- BestCostElement: [-743.82762054 -743.82762054 -743.82762054 -743.82762054]
 -- BestRoute: [array([ 0, 30, 36, 42, 34, 27,  0])
 array([ 0, 13,  7, 11,  6, 12, 22, 23, 18, 19,  0])
 array([ 0, 28, 29, 33, 37, 41, 38, 35,  0])
 array([ 0, 24, 26, 32, 40, 39, 31, 25,  0])]
 -- Custo: 
 ---------22.85458955435207
 ---------25.772501299378526
 ---------21.605711203368895
 ---------25.5602928082148
 ---- Total: 95.79309486531429
 -- Premio: 
 ---------26.0
 ---------54.0
 ---------34.0
 ---------47.0
 ---- Total: 161.0
 - Execucao 9
 -- BestCostGenaration: [-65.6865117602901, -128.1847888069895, -233.03863250297962, -245.28054516716838, -339.5474140664171, -366.8979279400081, -373.85273924496346, -425.5390307459786, -453.06109755412183, -463.9908368903506, -480.80806496781946, -529.7161015827857, -532.3172277422773, -562.6143506817095, -575.1892680410189, -598.990436736839, -605.0165637843238, -612.1283705912331, -643.4979709712118, -644.7852248407254, -649.8148258832414, -691.4453892942558, -719.9077348335841, -723.758458081621, -731.3066086740924, -752.2855150880704, -797.1439819449262, -815.1724212894253, -833.2838774694269, -850.1801648982441, -864.1801648982441, -868.5712951299338, -877.8850036289184, -893.228149379426, -896.3629368207753]
 -- BestCostElement: [-896.36293682 -896.36293682 -896.36293682 -896.36293682]
 -- BestRoute: [array([ 0, 20, 14,  9,  5, 15, 16, 17, 21, 24,  0])
 array([ 0, 28, 27, 23, 18, 12, 11,  7, 13, 19,  0])
 array([ 0, 35, 42, 38, 41, 37, 33, 34, 29,  0])
 array([ 0, 25, 31, 26, 32, 39, 43, 36, 30,  0])]
 -- Custo: 
 ---------24.620890997328626
 ---------25.37820360123074
 ---------23.58594636553181
 ---------24.324224830715014
 ---- Total: 97.90926579480619
 -- Premio: 
 ---------41.0
 ---------60.0
 ---------34.0
 ---------49.0
 ---- Total: 184.0
 - Execucao 10
 -- BestCostGenaration: [-14.742686467457904, -62.40042669224968, -130.74547733619346, -161.37781352405847, -179.23623711775775, -207.02313712059458, -207.0231371205946, -231.91418057241083, -231.91418057241086, -268.25732632291846, -286.30855515733356, -326.379870899863, -332.78648834919034, -357.78348358132416, -358.3642832473344, -394.7328103831884, -410.07595613369597, -424.37417741504305, -442.2326010087423, -470.2843144428544, -496.0489391825749, -507.4595498107164, -517.9374830025732, -544.0489391825749, -563.790958773591, -579.3130255817341, -579.7191210523976, -581.0417984455489, -607.1006729485946, -649.156050411688, -696.6781172198312, -706.3445129572559, -730.3906995593244, -733.4464276493252, -741.460753168946, -758.3906995593245, -766.4050250789451, -784.4346261214612, -788.2853493694981, -790.9051911902345, -801.9270486239318, -808.9347922327506, -821.9270486239318, -822.3816505544412]
 -- BestCostElement: [-822.38165055 -822.38165055 -822.38165055 -822.38165055]
 -- BestRoute: [array([ 0, 25, 21, 17, 16, 15,  5,  9, 14,  0])
 array([ 0, 28, 38, 41, 37, 34, 27, 18,  0])
 array([ 0, 30, 31, 39, 40, 32, 26, 24,  0])
 array([ 0, 19, 13,  8,  7, 11,  6, 12, 23,  0])]
 -- Custo: 
 ---------25.33236498562664
 ---------25.878291257957628
 ---------25.76749844601062
 ---------23.676432671794842
 ---- Total: 100.65458736138973
 -- Premio: 
 ---------39.0
 ---------45.0
 ---------45.0
 ---------46.0
 ---- Total: 175.0
 - Execucao 11
 -- BestCostGenaration: [-47.61344999472007, -74.67336445371993, -143.5970092149969, -164.13398070089258, -171.01099478740753, -172.53306159555075, -212.27172771937222, -215.63221509208796, -216.3420449086004, -223.82767651854036, -250.98880007769634, -272.45931995573414, -302.3583599075321, -314.6580204324435, -373.9733808567536, -381.0092900072519, -403.1084737342746, -406.17455314955725, -407.5626786133806, -423.42448246068176, -425.4772057828164, -432.96283739275634, -439.11072877096126, -442.9614520189982, -457.4386038463232, -484.7590925275073, -509.79432748598157, -523.939918548171, -544.2448959149208, -563.4024711416489, -566.7080089401813, -572.2448959149208, -592.1735801723913, -635.9341469930665, -654.7697152460447, -655.9341469930665, -658.025940240133, -683.4248140806415, -697.887927105902, -703.4248140806415, -723.4170704718226, -726.8834543807006, -742.2266001312084]
 -- BestCostElement: [-742.22660013 -742.22660013 -742.22660013 -742.22660013]
 -- BestRoute: [array([ 0, 20, 24, 16, 17, 21, 26, 32, 25,  0])
 array([ 0, 19, 18, 23, 22, 12,  6, 11,  7, 13,  0])
 array([ 0, 15, 10,  5,  9, 14,  0])
 array([ 0, 28, 27, 34, 29, 35, 30, 36, 31,  0])]
 -- Custo: 
 ---------24.61890333158648
 ---------25.772501299378526
 ---------22.51261337377729
 ---------25.039331962455623
 ---- Total: 97.94334996719792
 -- Premio: 
 ---------34.0
 ---------54.0
 ---------28.0
 ---------46.0
 ---- Total: 162.0
 - Execucao 12
 -- BestCostGenaration: [-70.77125488207582, -131.94648819706907, -134.4781640484867, -157.15031471942453, -164.4713959820853, -188.35520096113095, -203.52015049307784, -234.2441036228109, -238.5751537440038, -279.16129474705633, -283.49234486824923, -303.49234486824923, -323.2343644592653, -328.14919911774155, -335.4626839332518, -355.20470352426787, -367.27295925477597, -376.2124471330867, -379.13142611163175, -380.51118555308153, -400.6196821559527, -412.8640365825146, -419.2653388945407, -434.19943872420333, -435.7036627545381, -452.568875313189, -456.337185742683, -461.7360595831915, -483.6246034031898, -507.95325984308363, -510.53105474122765, -524.5310547412276, -579.5310547412276, -580.0531215493708, -595.2395791616756, -596.2964055935912, -605.8262160105533, -607.3676209012298, -614.7898260030856, -623.1507692520729, -637.1507692520729]
 -- BestCostElement: [-637.15076925 -637.15076925 -637.15076925 -637.15076925]
 -- BestRoute: [array([ 0, 35, 42, 38, 34, 29, 27, 19,  0])
 array([ 0, 28, 37, 33, 22, 23, 18,  0])
 array([ 0, 20, 13,  8,  7, 11,  6, 12,  0])
 array([ 0, 30, 31, 25, 24, 21, 17, 15, 14,  0])]
 -- Custo: 
 ---------24.2137518597856
 ---------25.645764924552136
 ---------25.687315275877822
 ---------25.91547562676621
 ---- Total: 101.46230768698177
 -- Premio: 
 ---------40.0
 ---------30.0
 ---------37.0
 ---------42.0
 ---- Total: 149.0
 - Execucao 13
 -- BestCostGenaration: [-78.36922779844888, -131.37323337577902, -131.37323337577905, -153.9626227476375, -195.55800195815527, -195.93318549611467, -217.84564330213664, -220.9568757986637, -221.19130126282556, -239.73657453525442, -240.11175807321382, -261.0906644871917, -280.1364184240568, -299.42383608456356, -355.9644953131016, -392.6964158237212, -393.95294536138294, -395.27510200963036, -402.5267328626241, -410.71200347624983, -447.05514922675746, -457.2565547799712, -464.5198502376632, -496.6554286204797, -533.4237390499737, -551.5859783124058, -579.4531763014966, -604.5646324814983, -607.6203605714992, -609.4933167389688, -618.2849584298103, -623.205899078462, -631.9975407693037, -636.2292303398095, -644.2657107287484, -680.1406809080399, -684.9705494594228, -698.9782930682417, -700.6936711938722, -720.4603316062069, -722.5160596962077, -724.4553580172546, -728.6362930867119, -741.3705690689092, -776.1423540587136, -778.1980821487145, -792.1980821487145, -841.2135693663523, -847.1980821487145, -865.2276831912307]
 -- BestCostElement: [-865.22768319 -865.22768319 -865.22768319 -865.22768319]
 -- BestRoute: [array([ 0, 19, 18, 23, 22, 12,  6, 11,  7, 13,  0])
 array([ 0, 20, 15, 16, 21, 24, 25, 31, 30, 28,  0])
 array([ 0, 36, 43, 39, 40, 32, 26,  0])
 array([ 0, 35, 42, 38, 41, 37, 33, 34, 27, 29,  0])]
 -- Custo: 
 ---------25.772501299378526
 ---------25.848351890488182
 ---------24.98627964679384
 ---------25.58594636553181
 ---- Total: 102.19307920219237
 -- Premio: 
 ---------54.0
 ---------47.0
 ---------38.0
 ---------43.0
 ---- Total: 182.0
 - Execucao 14
 -- BestCostGenaration: [-81.94182746230592, -174.27947132819105, -180.59632624022072, -184.9273763614136, -260.38473170243554, -313.1849908615974, -330.0390648962269, -382.9448531418288, -398.87258266683887, -436.3964503044719, -446.98337418519293, -462.91153646399954, -500.3714444048611, -549.5836542476551, -551.6688195891788, -591.1156779108692, -614.7462413218836, -642.7100583685658, -691.921169200705, -709.7718924487419, -713.9144234989101, -736.6074607017204, -739.6631887917212, -753.663188791721, -760.4920113429043, -769.5449869099243, -788.3728115540839, -795.3805551629027, -835.3805551629027, -856.1225747539188, -868.4099924144256, -886.9877873125696, -898.7386488543193, -903.3877594949928, -904.100341834486, -906.4434875849936, -912.7014679939776, -915.7571960839784, -933.7014679939776]
 -- BestCostElement: [-933.70146799 -933.70146799 -933.70146799 -933.70146799]
 -- BestRoute: [array([ 0, 25, 31, 32, 40, 39, 43, 36, 28,  0])
 array([ 0, 27, 29, 34, 33, 37, 41, 38, 42, 35,  0])
 array([ 0, 24, 21, 17, 16, 15,  5,  9, 14, 20,  0])
 array([ 0, 19, 18, 13,  8,  7, 11,  6, 12, 23,  0])]
 -- Custo: 
 ---------25.90591661984294
 ---------25.38532473503941
 ---------24.620890997328626
 ---------24.912500649294632
 ---- Total: 100.8246330015056
 -- Premio: 
 ---------54.0
 ---------43.0
 ---------41.0
 ---------53.0
 ---- Total: 191.0
