 - Execucao 0
 -- BestCostGenaration: [-68.51728984210858, -106.08476125377695, -199.36993621519952, -264.6916915492489, -346.12304048723274, -418.2799284509033, -456.7295031027653, -518.3293894939552, -579.8662725581589, -581.656732993747, -601.5661726525101, -621.7286054949005, -651.8505852696782, -701.9088228443027, -722.9949141989596, -753.6612746577671, -755.0725429858142, -775.6260767471831, -796.2621365466964, -806.1987553910596, -811.9229322042675, -837.8406057867479, -850.4154411077615, -855.8702068292639, -868.4450421502775, -876.1503770198137, -883.9854693521654, -884.1536872238518, -904.608289154361, -915.6759872038119, -922.6682435949929, -936.4893225373573, -936.6682435949929]
 -- BestCostElement: [-936.66824359 -936.66824359 -936.66824359 -936.66824359]
 -- BestRoute: [array([ 0, 19, 13, 18, 23, 22, 12,  8,  7, 11,  6,  1])
 array([ 0, 14, 20, 24, 21, 17, 16, 15,  9,  5,  2])
 array([ 0, 28, 27, 29, 33, 37, 41, 34, 38,  3])
 array([ 0, 25, 30, 36, 31, 26, 32, 40, 43, 39,  4])]
 -- Custo: 
 ---------24.72524626487052
 ---------24.28593211071123
 ---------24.349190257286825
 ---------26.722570468383182
 ---- Total: 100.08293910125175
 -- Premio: 
 ---------53.0
 ---------39.0
 ---------44.0
 ---------55.0
 ---- Total: 191.0
 - Execucao 1
 -- BestCostGenaration: [-54.643258484631374, -135.53264806437846, -200.71340846783633, -295.16699760528616, -320.0566629699575, -341.14557958055025, -428.81034122985466, -450.5277485809339, -507.18351214228244, -550.5257193554853, -582.4578640889002, -624.3952548393742, -651.0478720311988, -668.1974931746853, -740.2972348555038, -767.7305370333731, -774.4647697524138, -807.8364614666792, -844.9077925796944, -870.1776176544093, -886.2416317890902, -901.2590973061593, -914.4497830440989, -928.2708619864634, -945.6808716703911, -960.4045510858978, -991.655184848873, -1002.2037293314086, -1004.6183978785953, -1018.1665484710668, -1019.1327210779195, -1025.9615436291028, -1026.5174378303932]
 -- BestCostElement: [-1026.51743783 -1026.51743783 -1026.51743783 -1026.51743783]
 -- BestRoute: [array([ 0, 18, 22, 23, 19, 13,  8,  7, 11, 12,  6,  1])
 array([ 0, 14, 20, 24, 21, 17, 16, 15,  9,  5, 10,  2])
 array([ 0, 28, 35, 42, 41, 38, 34, 29, 27, 33, 37,  3])
 array([ 0, 25, 26, 32, 31, 36, 44, 43, 40, 39,  4])]
 -- Custo: 
 ---------23.87705430228725
 ---------24.862423333252703
 ---------24.76997652927942
 ---------26.861186377582317
 ---- Total: 100.37064054240169
 -- Premio: 
 ---------53.0
 ---------44.0
 ---------47.0
 ---------60.0
 ---- Total: 204.0
 - Execucao 2
 -- BestCostGenaration: [-47.59056416868346, -148.41972437449755, -230.6766304686979, -331.66561273648307, -331.9012842003894, -409.46692630207275, -522.7378673198314, -535.6512168159361, -567.6327408134796, -601.2721915920977, -645.2235079269577, -659.0574565237871, -717.8896958585847, -737.6429565379486, -745.3794373081889, -779.6523656580819, -797.8532878551956, -830.2971345092059, -836.8557983205792, -849.8032737851518, -870.8918223306536, -884.1932318154801, -907.1404633026098, -914.5873216243001, -915.8710535950332, -936.979298621759, -941.4649754224347, -947.5376131234511, -949.515755689754, -951.2255422431099, -951.5129599036167, -968.4005133850878, -982.5157556897541, -989.5977746182328, -992.9381245826031, -994.2735267242919, -994.2812703331108]
 -- BestCostElement: [-994.28127033 -994.28127033 -994.28127033 -994.28127033]
 -- BestRoute: [array([ 0, 20, 14,  8,  7, 11, 13, 19, 18, 23, 12,  6,  1])
 array([ 0, 25, 24, 21, 17, 10, 15,  9,  5,  2])
 array([ 0, 28, 29, 27, 34, 33, 37, 38, 41,  3])
 array([ 0, 30, 31, 26, 32, 36, 44, 43, 39, 40,  4])]
 -- Custo: 
 ---------26.190809510250606
 ---------24.23066967554652
 ---------20.055199887160548
 ---------25.703003343764642
 ---- Total: 96.1796824167223
 -- Premio: 
 ---------56.0
 ---------41.0
 ---------44.0
 ---------56.0
 ---- Total: 197.0
 - Execucao 3
 -- BestCostGenaration: [-61.64554218193695, -133.84217904925694, -228.82908661607527, -295.99909480377255, -448.9611025722479, -477.18368180222956, -510.1111095763148, -533.7882148980673, -573.1379059239935, -582.0749446603677, -600.1379059239935, -626.3781130956563, -655.8000677177258, -667.3258418180067, -674.0345098112125, -676.7598479093951, -704.6396755740138, -721.773660092897, -728.4088206996854, -758.4523063671156, -762.4463641679333, -778.6796425187636, -785.3343475468228, -796.8715288469198, -802.485758943267, -808.2216725441078, -813.1567972859934, -815.5118859907519, -823.582725812655, -824.8550317412595, -827.8144153831608, -831.5942555461382, -834.5536391880396, -839.9784532401185, -846.7176770449972, -848.6167169967952, -849.338076546791]
 -- BestCostElement: [-849.33807655 -849.33807655 -849.33807655 -849.33807655]
 -- BestRoute: [array([ 0, 29, 27, 23, 13,  8,  7, 11, 12,  6,  1])
 array([ 0, 31, 32, 26, 24, 16, 15,  9,  5,  2])
 array([ 0, 19, 18, 22, 33, 34, 37, 41, 38,  3])
 array([ 0, 28, 35, 30, 25, 36, 43, 40, 39,  4])]
 -- Custo: 
 ---------23.498473502456164
 ---------24.779271744364845
 ---------27.35576296690632
 ---------25.28197264957491
 ---- Total: 100.91548086330225
 -- Premio: 
 ---------46.0
 ---------45.0
 ---------43.0
 ---------45.0
 ---- Total: 179.0
 - Execucao 4
 -- BestCostGenaration: [-24.596472775201896, -133.57477731750856, -197.21658413831943, -239.97277318772086, -295.46423729092726, -345.67012248443433, -448.45609649499295, -473.7614404032585, -543.6459556853985, -546.5919535333793, -593.8302183430166, -634.0067692603009, -648.9315671894444, -672.7702741810319, -682.4834835824063, -722.0742620306056, -748.0820056394246, -755.9612756084235, -786.53560966291, -802.2125192946207, -807.9636690902028, -829.9491797795888, -835.2141644966784, -856.3644322140931, -860.1387838049384, -880.3997237910528, -885.2441339947648, -891.2441339947648, -896.6430078352732, -902.6430078352732, -904.0574693283104]
 -- BestCostElement: [-904.05746933 -904.05746933 -904.05746933 -904.05746933]
 -- BestRoute: [array([ 0, 18, 23, 22, 13,  8,  7, 11, 12,  6,  1])
 array([ 0, 19, 14, 20, 24, 16, 15,  9,  5,  2])
 array([ 0, 28, 29, 34, 38, 41, 37, 33, 27,  3])
 array([ 0, 25, 26, 32, 31, 30, 36, 43, 40, 39,  4])]
 -- Custo: 
 ---------22.892922226992173
 ---------24.487475676864214
 ---------23.90168923923731
 ---------26.45354552482872
 ---- Total: 97.73563266792243
 -- Premio: 
 ---------44.0
 ---------42.0
 ---------44.0
 ---------55.0
 ---- Total: 185.0
 - Execucao 5
 -- BestCostGenaration: [-107.59234346192363, -189.03646376340936, -248.9452805091951, -313.5476934480988, -392.04993198504246, -465.2813210554641, -495.65472400045996, -506.2137541573172, -558.9807286428025, -593.8441686230018, -607.0815680378782, -622.170863947067, -653.0734730588881, -661.4166188093957, -680.1834641626249, -687.4245468516388, -717.7469335411481, -735.0047068959825, -744.585461371257, -750.0633945631138, -762.1268265440058, -768.274672731475, -771.8349096279132, -777.8349096279132, -779.7759371846793, -782.6411497433301]
 -- BestCostElement: [-782.64114974 -782.64114974 -782.64114974 -782.64114974]
 -- BestRoute: [array([ 0, 12, 11,  7,  8, 13,  6,  1])
 array([ 0, 24, 20, 14,  9, 16, 15,  5,  2])
 array([ 0, 28, 29, 27, 22, 23, 18, 19, 34,  3])
 array([ 0, 25, 26, 32, 31, 30, 36, 43, 39, 40,  4])]
 -- Custo: 
 ---------19.52502631802552
 ---------23.792463872582434
 ---------27.645168071272266
 ---------23.877054302287245
 ---- Total: 94.83971256416747
 -- Premio: 
 ---------32.0
 ---------33.0
 ---------46.0
 ---------55.0
 ---- Total: 166.0
 - Execucao 6
 -- BestCostGenaration: [-77.550857523247, -172.887402731007, -260.3331427872736, -311.121961863373, -328.2760874758486, -482.1376897779387, -505.5227050521304, -539.3164049517995, -580.7580956214767, -627.036835122243, -667.4522512591475, -684.1544231056223, -726.3652825881416, -739.9495994160128, -744.6230816892755, -761.1155041917461, -783.4392665803916, -797.0671056022647, -804.6257068215132, -810.4088551723564, -830.4850843534896, -844.3651376805415, -862.5339567221356, -876.9416293388142, -895.9178288503017, -905.9100419783263, -914.3793402735992, -923.0889630359618, -935.41376861096, -942.1446911259627, -950.1898798210073, -953.9513798084754, -962.3982381301657, -964.5769953968081, -964.9993642896573, -970.3162192016869]
 -- BestCostElement: [-970.3162192 -970.3162192 -970.3162192 -970.3162192]
 -- BestRoute: [array([ 0, 13,  8,  7, 11, 12, 22,  6,  1])
 array([ 0, 20, 14,  9,  5, 15, 16, 21, 17, 10,  2])
 array([ 0, 28, 19, 18, 23, 27, 29, 34, 38, 41, 33, 37,  3])
 array([ 0, 25, 24, 26, 32, 31, 36, 43, 39, 40,  4])]
 -- Custo: 
 ---------21.235870242132968
 ---------21.74111418957545
 ---------28.661988118294925
 ---------25.28197264957491
 ---- Total: 96.92094519957826
 -- Premio: 
 ---------36.0
 ---------39.0
 ---------61.0
 ---------58.0
 ---- Total: 194.0
 - Execucao 7
 -- BestCostGenaration: [-83.32280749816215, -118.9699155533046, -180.94853881882824, -236.22015769364282, -265.83037038440295, -333.4369582563028, -417.78661808809613, -426.44281715285024, -476.2018187440857, -504.57061754129734, -523.7766352701426, -596.325683160667, -614.7345388892115, -661.6189297121168, -676.6255933833495, -682.8224265996173, -711.3242905177818, -717.9829259586755, -745.5071411842466, -795.0662020168172, -822.2118342892943, -825.7615687289762, -850.918256867179, -857.4353333884228, -880.708095675662, -894.0503082593766, -895.8536867378514, -907.4811901368444, -920.4270482312145, -934.29452547039, -940.29452547039, -946.2867818615711, -979.6562184505567]
 -- BestCostElement: [-979.65621845 -979.65621845 -979.65621845 -979.65621845]
 -- BestRoute: [array([ 0, 19, 13,  8,  7, 11, 18, 23, 22, 12,  6,  1])
 array([ 0, 14, 20, 24, 21, 17, 16, 15,  9,  5,  2])
 array([ 0, 28, 27, 29, 38, 41, 37, 33, 34,  3])
 array([ 0, 25, 26, 32, 31, 36, 44, 43, 40, 39,  4])]
 -- Custo: 
 ---------24.045904672075118
 ---------24.28593211071123
 ---------22.89292222699217
 ---------26.861186377582317
 ---- Total: 98.08594538736084
 -- Premio: 
 ---------53.0
 ---------39.0
 ---------44.0
 ---------60.0
 ---- Total: 196.0
 - Execucao 8
 -- BestCostGenaration: [-89.12719473815245, -182.91419541852977, -223.0812905224028, -286.8386738905792, -332.7112852885396, -401.4405755221359, -461.5304148427473, -475.42121627174737, -515.7431775098223, -547.0866045785888, -570.9891974476986, -624.8805645939756, -683.6980873863185, -727.4278949969839, -738.4573322485068, -778.423262994082, -794.7277391943671, -822.9866311979445, -839.6839785646854, -861.5342898521571, -868.5217028921813, -887.9144060022834, -898.0509092035905, -912.4740042090828, -917.1552601022642, -925.8386567663799, -933.0470150755384, -935.4837094880082, -938.387014413001, -939.0547586843572, -942.0087358732818, -944.8153255050324, -945.4914530968271, -946.1338180357056, -949.1104867743582, -955.1027431655391, -955.7477958871674, -992.146669727676, -994.5423971551395]
 -- BestCostElement: [-994.54239716 -994.54239716 -994.54239716 -994.54239716]
 -- BestRoute: [array([ 0, 19, 18, 23, 22, 13,  8,  7,  6, 11, 12,  1])
 array([ 0, 25, 24, 21, 17, 15, 14,  9,  5, 10,  2])
 array([ 0, 28, 29, 27, 34, 38, 42, 41, 33, 37,  3])
 array([ 0, 30, 31, 26, 32, 36, 44, 43, 39, 40,  4])]
 -- Custo: 
 ---------26.912687064829253
 ---------24.95624643003879
 ---------23.79246387258243
 ---------25.703003343764642
 ---- Total: 101.36440071121513
 -- Premio: 
 ---------53.0
 ---------45.0
 ---------46.0
 ---------56.0
 ---- Total: 200.0
 - Execucao 9
 -- BestCostGenaration: [-80.16922937155, -166.49511710834923, -250.48628230859498, -291.9859879068532, -368.162510606625, -406.9794887750037, -423.1078646451612, -454.85153715004844, -488.9031785197528, -533.804253506639, -569.8895187298045, -592.2548890767393, -626.5278174266323, -627.262209748489, -664.3471803468452, -680.7300676927466, -732.2969178781208, -743.2508777689807, -754.5730381599558, -818.4785741606723, -841.49406137831, -843.5497894683109, -873.5685437521197, -883.5306603675065, -890.7404925043153, -907.6097197188548, -913.0420887299314, -918.9234282178396, -924.9156846090207, -927.8893937705427, -931.2031022695274, -934.6810354613842, -937.2031022695274, -939.3301461020578]
 -- BestCostElement: [-939.3301461 -939.3301461 -939.3301461 -939.3301461]
 -- BestRoute: [array([ 0, 19, 13,  8,  7, 11, 18, 23, 22, 12,  6,  1])
 array([ 0, 24, 20, 14, 15, 10,  9,  5,  2])
 array([ 0, 28, 29, 27, 34, 33, 37, 41, 38,  3])
 array([ 0, 30, 25, 26, 32, 31, 36, 43, 39, 40,  4])]
 -- Custo: 
 ---------24.045904672075118
 ---------24.964036747836243
 ---------20.60112615949154
 ---------24.556395895082648
 ---- Total: 94.16746347448554
 -- Premio: 
 ---------53.0
 ---------36.0
 ---------44.0
 ---------55.0
 ---- Total: 188.0
 - Execucao 10
 -- BestCostGenaration: [-127.9588464269327, -164.45026416472487, -220.93611970348024, -305.28816794049163, -361.15393453563706, -405.3236080524905, -441.5540077956971, -511.8284170627328, -525.3309072188022, -581.4632787836174, -621.4947573941279, -645.9623903948723, -652.1811572694701, -710.6246628219191, -730.6710786063134, -757.9130574683518, -778.0326078840799, -787.2639468276784, -811.2619418944151, -817.4630973442054, -824.7286478385842, -837.5921872316936, -841.6644577066836, -847.1885745502326, -855.6217882742097, -861.9092059347164, -864.617049433257, -865.9965851026391, -869.9408570126383, -875.3474744619656]
 -- BestCostElement: [-875.34747446 -875.34747446 -875.34747446 -875.34747446]
 -- BestRoute: [array([ 0, 20, 14, 19, 18, 13,  8,  7, 11, 12,  6,  1])
 array([ 0, 31, 25, 24,  9,  5, 15,  2])
 array([ 0, 28, 35, 42, 41, 38, 29, 27, 33, 34, 37,  3])
 array([ 0, 30, 36, 43, 39, 26, 32, 40,  4])]
 -- Custo: 
 ---------23.028531850082224
 ---------24.91157871363405
 ---------26.948122114152724
 ---------23.024898706639625
 ---- Total: 97.91313138450863
 -- Premio: 
 ---------55.0
 ---------39.0
 ---------47.0
 ---------40.0
 ---- Total: 181.0
 - Execucao 11
 -- BestCostGenaration: [-78.88738395431496, -186.62030387608613, -229.68640947691364, -315.325993299077, -369.1792896559381, -419.59310453409927, -463.35325285939916, -510.495653806218, -581.181820734761, -612.4163799652462, -626.7343002017095, -651.5172434479258, -702.9185063580408, -727.451169086597, -747.8154507987514, -771.871796337497, -803.5271863724753, -826.1505791014197, -851.0308287504567, -869.112825314329, -892.986836560557, -903.8693565805655, -914.3299823110647, -916.1182317673058, -929.6412512917373, -936.4700738429206, -958.4310489785255, -964.651208815548, -970.4047581400475, -972.916725779201, -977.2335806912308, -978.9089821703822, -980.6546874511719, -984.6625314948817, -984.7621861470193, -988.083638254823, -989.0913818636418]
 -- BestCostElement: [-989.09138186 -989.09138186 -989.09138186 -989.09138186]
 -- BestRoute: [array([ 0, 28, 19, 18, 23, 22, 12, 13,  8,  7, 11,  6,  1])
 array([ 0, 24, 20, 15, 16, 21, 17,  9,  5, 10,  2])
 array([ 0, 30, 35, 42, 38, 41, 37, 33, 29, 27, 34,  3])
 array([ 0, 25, 31, 26, 32, 36, 44, 43, 39, 40,  4])]
 -- Custo: 
 ---------26.56843296312643
 ---------24.76997652927942
 ---------29.392947335714897
 ---------25.495797705968826
 ---- Total: 106.22715453408956
 -- Premio: 
 ---------61.0
 ---------40.0
 ---------41.0
 ---------60.0
 ---- Total: 202.0
 - Execucao 12
 -- BestCostGenaration: [-59.35209691660279, -193.93283472971913, -265.7182254689669, -380.48600636776666, -385.5108785514708, -459.299516556228, -472.9833731701292, -591.3841735403928, -598.6865810820211, -635.9282103219488, -655.4511446575237, -679.159527651585, -721.2792801015933, -749.6724870911135, -753.0373264843251, -779.3087906504054, -793.2661212179316, -806.1948054754021, -817.9941455843268, -820.7962638574727, -831.8152245266913, -842.2920950790266, -853.3893294307624, -858.3191120301477, -865.0686681758328, -872.1399839183624, -875.6164865457254, -885.0165672672531, -886.6914879780284, -893.0502213810647, -897.012940085832, -899.3376390415714, -900.2457279982527, -903.6668347581939]
 -- BestCostElement: [-903.66683476 -903.66683476 -903.66683476 -903.66683476]
 -- BestRoute: [array([ 0, 28, 22, 23, 18, 19, 13,  8,  7, 11, 12,  6,  1])
 array([ 0, 25, 24, 21, 17, 16, 15, 14,  9,  5,  2])
 array([ 0, 30, 35, 42, 38, 41, 34, 29, 27, 33, 37,  3])
 array([ 0, 26, 40, 39, 36, 31, 43,  4])]
 -- Custo: 
 ---------25.12447358917121
 ---------24.63169110970203
 ---------26.473310362665806
 ---------26.85381624891247
 ---- Total: 103.0832913104515
 -- Premio: 
 ---------61.0
 ---------42.0
 ---------41.0
 ---------44.0
 ---- Total: 188.0
 - Execucao 13
 -- BestCostGenaration: [-79.81304395863306, -128.96974939490076, -200.98210004667644, -260.6789255388425, -318.019614092175, -429.452100023529, -431.3914241108466, -489.7749030044712, -543.9966061365146, -555.6690186203152, -605.38861024121, -653.9530892419259, -714.1274618535135, -731.2927569287272, -756.6474971529492, -776.7002656658196, -787.8231849192277, -809.5719550597887, -829.3215112054738, -844.2295347531842, -855.8376588593562, -867.2952203669959, -886.1005054902139, -893.1920917198272, -894.0671183230334, -910.9479185342127, -911.2402812022901, -914.082705975562, -927.2140355545478, -928.0056772453893, -933.9979336365705, -936.341079387078, -936.599059796062, -938.9422055465695, -939.6547878860629]
 -- BestCostElement: [-939.65478789 -939.65478789 -939.65478789 -939.65478789]
 -- BestRoute: [array([ 0, 19, 18, 23, 22, 12, 11,  7,  8, 13,  6,  1])
 array([ 0, 20, 24, 21, 17, 10, 15,  9,  5,  2])
 array([ 0, 28, 29, 27, 34, 33, 37, 38, 41,  3])
 array([ 0, 25, 31, 36, 43, 32, 26, 40, 39,  4])]
 -- Custo: 
 ---------23.53390855177963
 ---------23.74773360817354
 ---------20.055199887160548
 ---------26.749460981370575
 ---- Total: 94.0863030284843
 -- Premio: 
 ---------53.0
 ---------38.0
 ---------44.0
 ---------53.0
 ---- Total: 188.0
 - Execucao 14
 -- BestCostGenaration: [-67.0805694758363, -102.6312427391492, -256.65251728876444, -320.4789433352686, -380.5620461469848, -446.3005490647939, -453.57537715770405, -494.464419536352, -530.3608211943631, -547.4305990864698, -576.4523762410003, -605.3433999804978, -636.7300304171041, -654.6105443388096, -671.3592635913136, -682.6260315564474, -697.2644879756085, -721.6332925070228, -721.8199048636013, -770.3920869492548, -795.7909607897633, -796.5329803807793, -821.1898346302718, -834.5887084707801, -843.0580067660529, -860.2547705129039, -871.2076773194871, -880.8862252116834, -887.8891847888138, -896.2323305393214, -899.3515303281421, -901.8891847888138, -906.1843460581396]
 -- BestCostElement: [-906.18434606 -906.18434606 -906.18434606 -906.18434606]
 -- BestRoute: [array([ 0, 20, 14, 13,  8,  7, 11, 12, 22,  6,  1])
 array([ 0, 24, 16, 21, 17, 10, 15,  9,  5,  2])
 array([ 0, 19, 18, 28, 29, 27, 33, 37, 41, 38, 34,  3])
 array([ 0, 25, 26, 40, 43, 36, 31, 39,  4])]
 -- Custo: 
 ---------25.246537600251447
 ---------23.792463872582434
 ---------29.99286367624554
 ---------26.922048336385703
 ---- Total: 105.95391348546512
 -- Premio: 
 ---------43.0
 ---------37.0
 ---------60.0
 ---------50.0
 ---- Total: 190.0
 - Execucao 15
 -- BestCostGenaration: [-74.90748161739147, -152.35058834842988, -227.21101687539232, -297.08502401187303, -338.589552041186, -380.732336383869, -424.80397495911467, -497.30694814271357, -546.6692882602964, -554.3704978682983, -575.6446736314755, -609.1123909836576, -644.357925558525, -664.7812276181669, -689.693391056316, -736.2796577287907, -748.892051072036, -767.3803119743627, -781.2479863138346, -800.3689063275267, -823.4974977635989, -843.9493039079708, -853.1164881779735, -872.3591577854447, -874.1405832869959, -883.9849371647707, -895.6096745281192, -895.7404473135796, -913.6422851043835, -918.673335115722, -927.7327037047608, -936.2430337252708, -939.8441598847623, -941.5537826471251, -951.9745591120663, -966.3965552321935, -980.8483613765655, -984.4261562747096, -991.053573272679, -991.1326326240273, -1000.8211380400346, -1003.5385044112162]
 -- BestCostElement: [-1003.53850441 -1003.53850441 -1003.53850441 -1003.53850441]
 -- BestRoute: [array([ 0, 29, 27, 22, 12, 11,  7,  8, 13,  6,  1])
 array([ 0, 20, 14,  9,  5, 15, 16, 24, 21, 17, 10,  2])
 array([ 0, 19, 18, 23, 28, 34, 33, 41, 38, 37,  3])
 array([ 0, 25, 26, 32, 31, 30, 36, 44, 43, 39, 40,  4])]
 -- Custo: 
 ---------25.76340381965992
 ---------24.799036582201932
 ---------27.518238340293244
 ---------26.284695155040843
 ---- Total: 104.36537389719595
 -- Premio: 
 ---------49.0
 ---------44.0
 ---------48.0
 ---------62.0
 ---- Total: 203.0
 - Execucao 16
 -- BestCostGenaration: [-68.72122594370705, -132.43801468569265, -208.96789490276598, -263.96522219900083, -309.2175267841863, -351.4394539118127, -405.8179864508446, -446.69733393441896, -499.59514634512846, -522.3946455987666, -561.5563131417465, -601.4045888132564, -633.9224222512803, -669.8312812959985, -684.8914788145227, -734.0945625287894, -744.7150268594073, -758.6330078423355, -789.548856970258, -799.3459408087361, -808.2885179283575, -831.9095786188453, -848.6253073713835, -869.0544652291842, -874.9470669682278, -881.4760306194205, -911.6098201537457, -930.386061027973, -931.4270482312145, -942.2463027190211, -964.5661172081813, -978.6451765595295, -981.6157393080067, -981.847078251605, -991.2988843959771]
 -- BestCostElement: [-991.2988844 -991.2988844 -991.2988844 -991.2988844]
 -- BestRoute: [array([ 0, 20, 14, 19, 18, 13,  8,  7,  6, 12, 11,  1])
 array([ 0, 24, 21, 17, 16, 10, 15,  9,  5,  2])
 array([ 0, 28, 29, 27, 34, 33, 37, 41, 38,  3])
 array([ 0, 25, 26, 32, 31, 30, 36, 44, 43, 39, 40,  4])]
 -- Custo: 
 ---------26.80565600080002
 ---------24.98380158567333
 ---------20.60112615949154
 ---------26.284695155040843
 ---- Total: 98.67527890100573
 -- Premio: 
 ---------55.0
 ---------37.0
 ---------44.0
 ---------62.0
 ---- Total: 198.0
 - Execucao 17
 -- BestCostGenaration: [-111.23363459206917, -175.12434016679697, -208.66836743948136, -296.31908686711756, -350.7164021908926, -418.8520715724074, -449.7270583610528, -509.0186870409366, -527.3134129855255, -574.9489415165874, -602.8938718251441, -632.462235158589, -665.1815022674195, -681.7535857330139, -705.6559043933441, -709.0183520675358, -709.5956445165403, -747.9739029266174, -756.0764010043694, -769.7057586084129, -791.8651992695966, -794.696584346507, -798.500359876385, -804.8651992695966, -811.421093470887, -816.9004395238643, -831.7859328640985, -865.442787113591, -874.7564956125757, -875.3484475101613, -879.6436087794871, -882.034388384269, -885.9310264399938, -900.063989426785, -906.3514070872918, -908.2925325842461]
 -- BestCostElement: [-908.29253258 -908.29253258 -908.29253258 -908.29253258]
 -- BestRoute: [array([ 0, 20, 14, 19, 18, 13,  8,  7, 11,  6, 12,  1])
 array([ 0, 25, 24, 21, 17, 10, 15,  9,  5,  2])
 array([ 0, 31, 30, 29, 27, 34, 33, 37, 41, 38,  3])
 array([ 0, 28, 35, 36, 26, 32, 43, 39, 40,  4])]
 -- Custo: 
 ---------26.04172397829981
 ---------24.23066967554652
 ---------28.53663105724556
 ---------26.617842142846566
 ---- Total: 105.42686685393846
 -- Premio: 
 ---------55.0
 ---------41.0
 ---------47.0
 ---------47.0
 ---- Total: 190.0
 - Execucao 18
 -- BestCostGenaration: [-117.81483070861731, -181.71217491683433, -263.84601454559015, -294.56996767532326, -350.5777112841421, -419.97223903253087, -492.2987371566173, -522.1952853735123, -541.5204883987504, -549.3695918201103, -596.3168486578008, -637.0979078111588, -673.6045483681942, -678.8000117222257, -697.7164617057691, -706.0417647670614, -725.5355880972422, -776.5494219279972, -789.5494219279972, -799.8553868181632, -821.135399830047, -841.9969266989243, -859.9411986089235, -861.2843443594312, -872.6832181999396, -873.3581221927969, -882.9475115646554, -887.1792011351614, -887.8242538567897]
 -- BestCostElement: [-887.82425386 -887.82425386 -887.82425386 -887.82425386]
 -- BestRoute: [array([ 0, 29, 34, 37, 33, 23, 18,  6,  1])
 array([ 0, 25, 24, 21, 17, 15, 14,  9,  5, 10,  2])
 array([ 0, 19, 13,  8,  7, 11, 12, 22, 27, 38,  3])
 array([ 0, 28, 30, 31, 26, 32, 36, 43, 39, 40,  4])]
 -- Custo: 
 ---------25.395623132202235
 ---------24.95624643003879
 ---------28.300723007650674
 ---------26.641343965910906
 ---- Total: 105.2939365358026
 -- Premio: 
 ---------31.0
 ---------45.0
 ---------54.0
 ---------57.0
 ---- Total: 187.0
 - Execucao 19
 -- BestCostGenaration: [-144.54582323145655, -177.9268504146144, -249.76725952531484, -277.4223141377398, -370.5276101186571, -394.8661773730558, -424.88987967819287, -502.8910507129877, -507.71382934879614, -570.596309528822, -606.2243441003302, -646.4966548766844, -654.2943916303157, -678.5477857709112, -688.2623647702495, -721.6074713450664, -745.0047681204192, -766.2333557998761, -775.6903168210793, -803.0958343190287, -810.1035779278475, -839.9849821559867, -840.3946596173354, -852.9849821559867, -866.431840477677, -866.7532473947449, -873.431840477677, -879.7532473947449, -886.0406650552518, -889.6184599533958, -890.3674774910922, -891.258980888221]
 -- BestCostElement: [-891.25898089 -891.25898089 -891.25898089 -891.25898089]
 -- BestRoute: [array([ 0, 25, 28, 29, 19, 13,  8,  7, 11,  6,  1])
 array([ 0, 24, 20, 14,  9, 15, 10,  5,  2])
 array([ 0, 18, 12, 22, 27, 34, 33, 41, 38, 37,  3])
 array([ 0, 30, 31, 26, 32, 36, 43, 39, 40,  4])]
 -- Custo: 
 ---------26.644622783805154
 ---------24.776595947877507
 ---------29.718673555251023
 ---------23.295362491011044
 ---- Total: 104.43525477794472
 -- Premio: 
 ---------51.0
 ---------36.0
 ---------51.0
 ---------49.0
 ---- Total: 187.0
 - Execucao 20
 -- BestCostGenaration: [-132.11334159557993, -163.5508917783412, -209.63006889564826, -304.57195824027764, -352.1215686002662, -401.30513923694616, -430.7690722403791, -475.36528001443105, -534.4613072495179, -589.5029461254716, -598.3602524197789, -632.3561982130147, -674.0376798428772, -776.1399240258811, -797.6880746183526, -811.1116016786955, -834.3832080701013, -845.5440793843718, -855.9120205800396, -870.3659046576147, -877.209837013121, -883.1079242486308, -892.2506623529486, -896.4108291267754, -911.6478337459895, -927.992474889815, -930.078154774529, -938.3333991343613, -939.5945259563903, -940.181495027847, -944.1723208545343, -948.5573450960485]
 -- BestCostElement: [-948.5573451 -948.5573451 -948.5573451 -948.5573451]
 -- BestRoute: [array([ 0, 19, 18, 23, 22, 13,  8,  7, 11,  6, 12,  1])
 array([ 0, 25, 24, 16, 15, 20, 14,  9,  5, 10,  2])
 array([ 0, 28, 27, 29, 34, 38, 33, 37, 41,  3])
 array([ 0, 30, 36, 31, 26, 32, 43, 39, 40,  4])]
 -- Custo: 
 ---------26.148755042329043
 ---------23.858463872116385
 ---------21.896819140124325
 ---------23.456625671418106
 ---- Total: 95.36066372598786
 -- Premio: 
 ---------53.0
 ---------44.0
 ---------44.0
 ---------49.0
 ---- Total: 190.0
 - Execucao 21
 -- BestCostGenaration: [-62.125408189982984, -167.60168646162202, -215.57152688757571, -293.6522507464321, -354.10681483358553, -411.6609172587898, -440.6913837932053, -485.35350049691965, -513.5986053819558, -556.3487180681753, -605.3203128029556, -614.8593803112645, -634.806814835674, -654.5896436904418, -693.0229026051545, -713.0229026051545, -719.9553492736284, -739.1931448343097, -761.1370641898222, -775.4576452531753, -779.6789100888775, -796.983104295919, -812.0287784962591, -845.137111308137, -854.4696172287976, -858.6305220737936, -870.5065478971227, -877.2301840494728, -889.9955349018363, -893.0163804313387, -910.1689673873398, -920.3664356746344, -926.844205075498, -935.8180780280132, -938.4192041875048, -942.0683148281782, -944.4114605786859]
 -- BestCostElement: [-944.41146058 -944.41146058 -944.41146058 -944.41146058]
 -- BestRoute: [array([ 0, 19, 18, 23, 22, 12, 13,  8,  7, 11,  6,  1])
 array([ 0, 20, 24, 21, 17, 10, 15,  9,  5,  2])
 array([ 0, 28, 29, 27, 34, 33, 37, 41, 38,  3])
 array([ 0, 25, 31, 26, 32, 36, 43, 40, 39,  4])]
 -- Custo: 
 ---------22.883627011906743
 ---------23.74773360817354
 ---------20.60112615949154
 ---------25.6646480757567
 ---- Total: 92.89713485532853
 -- Premio: 
 ---------53.0
 ---------38.0
 ---------44.0
 ---------53.0
 ---- Total: 188.0
 - Execucao 22
 -- BestCostGenaration: [-58.05554713822316, -135.64659722584986, -199.07784784679149, -284.65601620450195, -330.3752295283364, -363.86962609241374, -407.3817681837959, -447.49788413183853, -454.6238728856106, -497.9037559190274, -528.7770407867821, -555.1780311748284, -577.4629052054902, -594.6707058335913, -622.2272805154363, -635.4425696922784, -654.4013259513916, -672.6636830280829, -700.3620099861123, -709.2200099806519, -711.7448927956857, -725.6071552655484, -743.9507164396796, -752.2773387131688, -771.1549736354408, -778.6936260031366, -787.5849223461156, -791.7081153137503, -801.5042791475571, -807.5042791475571, -818.9478724559452, -831.9363427224619, -832.2121226460977, -838.5708560491339, -842.2755943449174, -849.257147550149, -855.257147550149, -855.4152662528458, -860.1869301495344]
 -- BestCostElement: [-860.18693015 -860.18693015 -860.18693015 -860.18693015]
 -- BestRoute: [array([ 0, 35, 38, 34, 29, 27, 22, 11, 12,  6,  1])
 array([ 0, 24, 15, 16, 21, 17, 10,  9,  5,  2])
 array([ 0, 20, 14,  8, 13, 19, 18, 28,  3])
 array([ 0, 25, 30, 31, 26, 32, 36, 43, 39, 40,  4])]
 -- Custo: 
 ---------26.80191901557277
 ---------24.128990204491963
 ---------29.18420138933643
 ---------25.088156853215224
 ---- Total: 105.2032674626164
 -- Premio: 
 ---------50.0
 ---------37.0
 ---------41.0
 ---------55.0
 ---- Total: 183.0
 - Execucao 23
 -- BestCostGenaration: [-136.61213429661012, -231.75821514468456, -305.36706254061437, -358.9144614045334, -397.1727084767641, -422.6172419379277, -512.1632823042557, -561.2107419916626, -585.1304341681141, -632.7229911932336, -672.4199559301857, -725.7722771283288, -758.9952769113363, -779.320356200561, -807.6248468212426, -820.1996821422562, -823.426056664054, -839.7276313240026, -846.0150489845093, -852.400089788446, -866.0681693580472, -871.3568441482169, -881.1873691468678, -890.1848758465258, -897.3040756353464, -905.6339389562594, -906.8531008862581, -921.4836642972725, -928.1249308942363, -934.908828976259, -939.9645570662598, -944.1962466367656, -945.4535873341299, -946.0094815354203, -949.6880294276167, -952.3958729261572]
 -- BestCostElement: [-952.39587293 -952.39587293 -952.39587293 -952.39587293]
 -- BestRoute: [array([ 0, 20, 14, 19, 18, 13,  8,  7, 11, 12,  6,  1])
 array([ 0, 25, 24, 21, 17, 10, 15,  9,  5,  2])
 array([ 0, 28, 35, 42, 41, 38, 34, 29, 27, 33, 37,  3])
 array([ 0, 30, 31, 26, 32, 36, 43, 40, 39,  4])]
 -- Custo: 
 ---------23.028531850082224
 ---------24.23066967554652
 ---------24.76997652927942
 ---------25.871853713552518
 ---- Total: 97.90103176846068
 -- Premio: 
 ---------55.0
 ---------41.0
 ---------47.0
 ---------49.0
 ---- Total: 192.0
 - Execucao 24
 -- BestCostGenaration: [-83.77593220021161, -136.9662041657468, -238.1317511819572, -281.63597013365137, -348.1687532660808, -418.90163429091376, -443.21509566759596, -496.5521598684609, -554.6525695855213, -582.6082122857603, -638.5696441102068, -648.2045977514385, -690.3707744935668, -709.6579415580936, -749.541812606255, -772.2000004670715, -781.9000820696635, -794.8924902708391, -809.0557170566872, -822.8770030532014, -837.7682993961805, -852.4928700994521, -873.9665585363493, -874.3016719972893, -887.5971219473636, -887.9322354083038, -889.2703824895591, -900.9528231256788, -901.1114451466881, -918.5461057947095, -922.9158291012513, -925.9978480297302, -931.9978480297302, -943.1581219760649, -978.3751354000425, -984.2107036530208, -985.4981213135276]
 -- BestCostElement: [-985.49812131 -985.49812131 -985.49812131 -985.49812131]
 -- BestRoute: [array([ 0, 19, 11,  6, 12, 22, 23, 18, 13,  1])
 array([ 0, 20, 24, 21, 17, 16, 15, 14,  9,  5, 10,  2])
 array([ 0, 28, 29, 34, 38, 41, 37, 33, 27,  3])
 array([ 0, 25, 26, 32, 31, 30, 36, 44, 43, 39, 40,  4])]
 -- Custo: 
 ---------26.96383901246942
 ---------24.72524626487052
 ---------23.90168923923731
 ---------26.284695155040843
 ---- Total: 101.8754696716181
 -- Premio: 
 ---------49.0
 ---------44.0
 ---------44.0
 ---------62.0
 ---- Total: 199.0
 - Execucao 25
 -- BestCostGenaration: [-46.22336604042233, -175.55277723290413, -242.84809680924238, -291.3330374985646, -354.5348138736931, -413.69277117496904, -461.74856032009274, -521.6928322300919, -530.7161183007037, -568.8597483908218, -581.348578560734, -623.8649190434471, -681.8048460025577, -699.9987150011023, -719.4043345434058, -757.0828824356021, -764.9650762577763, -783.8006445107546, -801.1917747424442, -815.7138415505874, -820.5550665738485, -824.3626447022202, -844.4297340941187, -845.3067481806336, -849.1950849464822, -852.6938204932778, -853.1654406408097, -860.6317793589519, -870.2346079659112, -871.6435808868162, -874.5426208386141, -875.7989636289544, -878.9337510703037]
 -- BestCostElement: [-878.93375107 -878.93375107 -878.93375107 -878.93375107]
 -- BestRoute: [array([ 0, 19, 13, 18, 23, 22, 12,  6, 11,  1])
 array([ 0, 20, 24, 21, 17, 16, 15, 14,  9,  5,  2])
 array([ 0, 28, 29, 27, 33, 34, 38, 41, 37,  3])
 array([ 0, 25, 26, 32, 40, 39, 36, 31,  4])]
 -- Custo: 
 ---------23.13288711762412
 ---------24.148755042329046
 ---------19.42955328423773
 ---------26.805366788233176
 ---- Total: 93.51656223242406
 -- Premio: 
 ---------49.0
 ---------39.0
 ---------44.0
 ---------47.0
 ---- Total: 179.0
 - Execucao 26
 -- BestCostGenaration: [-37.05675923041572, -101.36686710080609, -201.6847140121933, -277.0841309918971, -347.1519457140262, -405.5079905891316, -454.1969650216504, -471.7330504186184, -514.2369236399468, -586.7943296274434, -626.8480443996782, -652.2469182401867, -666.6370534709034, -692.4055609739203, -737.2161437844851, -776.8603052183482, -788.976752484188, -810.0392262759839, -821.1361931453716, -837.6813841607126, -846.8239152108807, -848.727406971788, -859.8344903082302, -860.5651439490226, -879.0098182646243, -891.2196224201091, -897.8578842492066, -907.7271999176382, -910.7116122651098, -915.4542715677453, -916.2085038747546, -924.4536491541905, -926.1021200832445, -933.6369430553857, -934.6287186781908, -938.4459055453717, -939.2483920673412, -943.5915378178488, -943.6658583282447, -944.9532759887513]
 -- BestCostElement: [-944.95327599 -944.95327599 -944.95327599 -944.95327599]
 -- BestRoute: [array([ 0, 28, 22, 23, 18, 13,  8,  7, 11, 12,  6,  1])
 array([ 0, 19, 14, 20, 16, 15,  9,  5, 10,  2])
 array([ 0, 29, 27, 33, 34, 38, 41, 37,  3])
 array([ 0, 25, 24, 26, 32, 31, 36, 43, 39, 40,  4])]
 -- Custo: 
 ---------24.360541566671003
 ---------23.75410860457449
 ---------19.365058181991753
 ---------25.28197264957491
 ---- Total: 92.76168100281215
 -- Premio: 
 ---------52.0
 ---------42.0
 ---------36.0
 ---------58.0
 ---- Total: 188.0
 - Execucao 27
 -- BestCostGenaration: [-74.34883162607653, -145.26900962892452, -221.83355786078363, -268.84487009286784, -316.73048688170127, -375.5707370549968, -446.7053800927083, -494.7053800927083, -509.2157101132184, -521.5264590350727, -540.7719982045729, -563.4305548129398, -587.4764863083396, -600.4779816130646, -622.0003538573797, -639.6451659716602, -658.9325836321669, -668.9855159360305, -669.3286616865381, -678.5467684491855, -682.9428465035567, -689.8608275750778, -709.9428465035567]
 -- BestCostElement: [-709.9428465 -709.9428465 -709.9428465 -709.9428465]
 -- BestRoute: [array([ 0, 28, 38, 41, 34, 29, 27, 18,  1])
 array([ 0, 13, 14, 20, 24, 15,  9,  5,  2])
 array([ 0, 19, 12, 11,  6,  3])
 array([ 0, 30, 36, 31, 25, 26, 32, 40, 39,  4])]
 -- Custo: 
 ---------26.04534751789069
 ---------24.953369389717764
 ---------26.531769880829067
 ---------24.983801585673326
 ---- Total: 102.51428837411083
 -- Premio: 
 ---------43.0
 ---------38.0
 ---------30.0
 ---------49.0
 ---- Total: 160.0
 - Execucao 28
 -- BestCostGenaration: [-32.14402203397834, -158.74585655678536, -217.6757569062748, -294.3228684776447, -376.16939522660175, -425.3497168209965, -466.7965499054901, -500.0388904990312, -530.0077455939236, -568.8599818131626, -607.5589955265705, -641.7982640840223, -669.3203308921657, -680.0449471143345, -689.0430622496151, -716.2716788066931, -732.834036336166, -754.503724979564, -770.9090526597336, -783.4233758590578, -791.8787317948811, -803.3636978533993, -814.3004178382438, -833.6021177552146, -842.4527405683607, -853.5203706211165, -858.9722200286451, -860.2737128914664, -874.7145718422402, -891.0577175927478, -892.8220705380875, -905.9040894665663, -915.6723998960604, -919.9040894665663, -923.1105523603865, -929.2948718864595]
 -- BestCostElement: [-929.29487189 -929.29487189 -929.29487189 -929.29487189]
 -- BestRoute: [[ 0 28 29 27 13  8  7 11 12  6  1]
 [ 0 20 14 24 21 17 16 15  9  5  2]
 [ 0 19 18 23 22 33 37 41 34 38  3]
 [ 0 25 30 36 31 26 32 39 43 40  4]]
 -- Custo: 
 ---------23.23752721851867
 ---------24.799036582201932
 ---------28.60112615949154
 ---------25.288592068173003
 ---- Total: 101.92628202838515
 -- Premio: 
 ---------53.0
 ---------39.0
 ---------44.0
 ---------55.0
 ---- Total: 191.0
 - Execucao 29
 -- BestCostGenaration: [-69.32363062688714, -165.26762815391996, -221.09096300357962, -296.0418104895977, -354.5836932117152, -426.79953601175754, -487.3092660008824, -516.2107095351641, -577.7956439365742, -588.7264632989823, -627.9419758131523, -661.2969251076964, -712.0448269168202, -721.358535415805, -738.7332396141953, -759.4064724576835, -794.0316120290634, -802.583695827008, -833.2178585267725, -847.7401317203255, -866.9893153693114, -875.8142870555992, -887.127995554584, -890.004802586949, -891.5191257862734, -900.9520340740788, -911.638325575094, -922.4633976962728, -931.0969206844176, -931.8095030239107]
 -- BestCostElement: [-931.80950302 -931.80950302 -931.80950302 -931.80950302]
 -- BestRoute: [array([ 0, 19, 12,  6, 11,  7,  8, 13, 18,  1])
 array([ 0, 20, 24, 21, 17, 16, 15, 14,  9,  5, 10,  2])
 array([ 0, 28, 29, 27, 34, 38, 33, 37, 41,  3])
 array([ 0, 25, 31, 36, 32, 26, 40, 43, 39,  4])]
 -- Custo: 
 ---------25.37373369488859
 ---------24.72524626487052
 ---------21.71867355525102
 ---------25.97997072901219
 ---- Total: 97.79762424402232
 -- Premio: 
 ---------48.0
 ---------44.0
 ---------44.0
 ---------53.0
 ---- Total: 189.0
