 - Execucao 0
 -- BestCostGenaration: [-171.32413786481305, -1238.8280955499968, -1305.0999986066872, -1307.4431443571948, -1331.5066160560145, -1333.849761806522, -1367.3128542299778, -1374.6030676766218, -1412.1964502272945, -1419.0730335761853, -1443.7593250772004, -1447.7856159156784, -1455.4161793266928, -1463.0024675648353, -1489.741691369714, -1531.029109030221, -1552.029109030221, -1562.7154005312361]
 -- BestCostElement: [-1562.71540053 -1562.71540053 -1562.71540053 -1562.71540053]
 -- BestRoute: [array([ 0, 52, 56, 63, 66, 73, 81, 80, 72, 71, 65, 60, 55, 50, 45,  0])
 array([ 0, 51, 49, 54, 59, 69, 78, 70, 79, 61, 62,  0])
 array([ 0, 44, 40, 39, 37, 31, 26, 25, 18, 13,  6, 14, 15, 19,  0])
 array([ 0, 34, 23, 17, 10,  5,  9, 22, 21, 12, 16, 27, 33,  0])]
 -- Custo: 
 ---------24.820368865331147
 ---------24.79972471294713
 ---------24.723874121837476
 ---------24.977182167075238
 ---- Total: 99.32114986719098
 -- Premio: 
 ---------75.0
 ---------55.0
 ---------92.0
 ---------58.0
 ---- Total: 280.0
 - Execucao 1
 -- BestCostGenaration: [-193.56825384524066, -1196.904797935005, -1197.9677456027878, -1205.763553876573, -1422.6796097815718, -1424.193932980896, -1467.5370787314039, -1470.671866172753, -1485.6089164525972, -1488.7437038939465, -1489.3599417853402, -1508.7437038939465, -1512.6275088729922, -1536.4485426246206, -1556.7359602851275, -1560.619765264173, -1580.0263827135004, -1589.9629110146807, -1590.5791489060744]
 -- BestCostElement: [-1590.57914891 -1590.57914891 -1590.57914891 -1590.57914891]
 -- BestRoute: [array([ 0, 44, 40, 39, 37, 31, 26, 25, 18, 13,  6, 14, 15, 19,  0])
 array([ 0, 33, 21, 22, 23, 17, 10,  5,  9, 12, 16, 20, 27,  0])
 array([ 0, 52, 56, 63, 66, 73, 81, 80, 72, 71, 65, 60, 55, 50, 45,  0])
 array([ 0, 57, 53, 58, 64, 68, 77, 76, 83, 75, 67,  0])]
 -- Custo: 
 ---------24.723874121837476
 ---------24.844454977356026
 ---------24.820368865331147
 ---------24.96651480895676
 ---- Total: 99.35521277348141
 -- Premio: 
 ---------92.0
 ---------57.0
 ---------75.0
 ---------60.0
 ---- Total: 284.0
 - Execucao 2
 -- BestCostGenaration: [-176.0755067617525, -1268.4280201162085, -1282.6958881730723, -1310.203624613845, -1311.4284800286637, -1359.2081612483976, -1361.5141261385636, -1361.5513069989051, -1398.5334107203319, -1404.226708478057, -1416.5701064734499, -1417.5334927825077, -1418.2942297858926, -1429.3056005761323, -1452.3318914146103, -1458.5402497237687, -1459.3318914146103, -1465.1228286536011, -1468.2576160949502, -1493.656489935459, -1493.7677934496078, -1508.0629547189333, -1509.5772779182576, -1542.23413216775, -1567.3378447389327, -1577.9869553796063, -1580.330101130114, -1608.1511800724784]
 -- BestCostElement: [-1608.15118007 -1608.15118007 -1608.15118007 -1608.15118007]
 -- BestRoute: [array([ 0, 37, 31, 26, 18, 25, 13,  6, 14, 15, 19, 20,  0])
 array([ 0, 38, 28, 24, 17, 10,  5,  9, 12, 21, 27,  0])
 array([ 0, 52, 56, 57, 53, 58, 64, 67, 74, 84, 82,  0])
 array([ 0, 44, 40, 39, 45, 50, 49, 54, 59, 70, 79, 71, 65, 55, 51,  0])]
 -- Custo: 
 ---------24.249038278888086
 ---------24.960299762608994
 ---------24.473595196018458
 ---------24.77927174436485
 ---- Total: 98.46220498188038
 -- Premio: 
 ---------71.0
 ---------63.0
 ---------57.0
 ---------95.0
 ---- Total: 286.0
 - Execucao 3
 -- BestCostGenaration: [-255.8220860278679, -1137.3691003044237, -1259.8469393320765, -1262.1900850825841, -1306.699247857042, -1327.6465245349073, -1348.5501800868078, -1369.5466628286201, -1373.6553232224844, -1421.9427408829913, -1463.9427408829913, -1484.9427408829913, -1503.3416147234998, -1514.027906224515]
 -- BestCostElement: [-1514.02790622 -1514.02790622 -1514.02790622 -1514.02790622]
 -- BestRoute: [array([ 0, 51, 44, 40, 39, 37, 31, 26, 18, 13,  6, 14, 15,  0])
 array([ 0, 47, 53, 57, 64, 58, 48, 46, 41, 38, 28,  0])
 array([ 0, 55, 65, 71, 79, 70, 78, 69, 59, 54, 49, 50, 45,  0])
 array([ 0, 52, 56, 63, 66, 74, 82, 67, 75, 83, 76, 68,  0])]
 -- Custo: 
 ---------24.754306317793034
 ---------24.75888720433917
 ---------24.75587376308517
 ---------24.973956158653873
 ---- Total: 99.24302344387125
 -- Premio: 
 ---------83.0
 ---------55.0
 ---------76.0
 ---------59.0
 ---- Total: 273.0
 - Execucao 4
 -- BestCostGenaration: [-229.41442305850842, -1205.1849773062604, -1296.5097309390314, -1297.4431128271667, -1332.4084107755796, -1355.2061584565963, -1374.7473396637984, -1377.8821271051477, -1377.9860919212158, -1382.6474779575112, -1426.703206047512, -1467.561672904368, -1476.740386907854, -1489.5836187919572, -1489.878780061283, -1492.897327290942, -1512.273302527573, -1543.967337637407, -1564.6721763680814, -1564.9673376374071, -1567.5047398531935, -1567.7999011225193, -1569.3777412113986, -1570.0903235508922, -1607.7316905827468, -1608.0268518520725]
 -- BestCostElement: [-1608.02685185 -1608.02685185 -1608.02685185 -1608.02685185]
 -- BestRoute: [array([ 0, 33, 27, 32, 30, 31, 26, 18, 13,  6, 14, 15, 19, 20,  0])
 array([ 0, 57, 53, 58, 64, 68, 77, 76, 83, 75, 67,  0])
 array([ 0, 44, 40, 39, 37, 43, 45, 50, 49, 54, 59, 60, 55,  0])
 array([ 0, 52, 63, 66, 73, 81, 80, 72, 79, 71, 65, 61, 62, 51,  0])]
 -- Custo: 
 ---------24.514155011626467
 ---------24.96651480895676
 ---------24.307135789365265
 ---------24.70548142703344
 ---- Total: 98.49328703698194
 -- Premio: 
 ---------77.0
 ---------60.0
 ---------76.0
 ---------73.0
 ---- Total: 286.0
 - Execucao 5
 -- BestCostGenaration: [-225.63963381781883, -1205.1577490516852, -1235.157258234831, -1242.342829684181, -1244.6859754346885, -1306.472021176935, -1337.6955621133566, -1372.7064632704219, -1398.4033604211616, -1399.3022929964964, -1409.3946180595215, -1409.928279341379, -1449.0071150092529, -1462.8281939516173, -1466.428221769194, -1466.9618830510517, -1468.842683262231, -1480.5072811205423, -1494.3283600629068, -1495.7091674421322, -1496.754356137177, -1500.3660216916246, -1501.4112103866694]
 -- BestCostElement: [-1501.41121039 -1501.41121039 -1501.41121039 -1501.41121039]
 -- BestRoute: [array([ 0, 55, 65, 71, 79, 70, 78, 69, 59, 54, 49, 50, 45,  0])
 array([ 0, 52, 63, 67, 64, 58, 53, 46, 41, 28, 38,  0])
 array([ 0, 51, 44, 40, 39, 37, 31, 26, 18, 13,  6, 14, 15,  0])
 array([ 0, 34, 22, 21, 27, 20, 19,  7,  8, 12,  0])]
 -- Custo: 
 ---------24.75587376308517
 ---------24.895116529617816
 ---------24.754306317793034
 ---------24.491900792836667
 ---- Total: 98.89719740333268
 -- Premio: 
 ---------76.0
 ---------65.0
 ---------83.0
 ---------47.0
 ---- Total: 271.0
 - Execucao 6
 -- BestCostGenaration: [-227.20225270128222, -1194.978021492653, -1208.4787764556654, -1209.2334874781818, -1227.7625935177018, -1230.897380959051, -1234.7703371265206, -1261.7703371265206, -1340.9221003375546, -1343.2652460880622, -1346.5820145990683, -1348.925160349576, -1354.0932777863713, -1356.436423536879, -1376.827177429302, -1378.4795625716204, -1379.1921449111135, -1410.1175546669394, -1429.1101259826346, -1436.0104713304972, -1449.882905519303, -1455.215476172461, -1463.6437872644924, -1469.8460395834754, -1471.6143500129697, -1496.2154761724612, -1498.5586219229688, -1508.9047724413426, -1519.5058986008341, -1541.8490443513417, -1551.1921901018493, -1583.5910639423578, -1601.1688588405018, -1612.8257130899942]
 -- BestCostElement: [-1612.82571309 -1612.82571309 -1612.82571309 -1612.82571309]
 -- BestRoute: [array([ 0, 44, 40, 39, 37, 31, 26, 25, 18, 13,  6, 14, 15,  0])
 array([ 0, 47, 57, 53, 58, 64, 67, 75, 84, 82, 74, 66, 63, 52,  0])
 array([ 0, 51, 55, 65, 71, 79, 70, 78, 69, 59, 54, 49, 50, 45,  0])
 array([ 0, 34, 33, 27, 20, 19,  7,  8, 16, 12, 21, 22,  0])]
 -- Custo: 
 ---------24.689811215547056
 ---------24.591830944406112
 ---------24.820368865331147
 ---------24.94156070221715
 ---- Total: 99.04357172750146
 -- Premio: 
 ---------83.0
 ---------71.0
 ---------82.0
 ---------51.0
 ---- Total: 287.0
 - Execucao 7
 -- BestCostGenaration: [-206.27483756937966, -1179.9021338770021, -1240.704635402692, -1240.7798862647696, -1242.716578356943, -1251.8926971992519, -1264.1622720819503, -1267.4098252632723, -1285.1622720819503, -1322.0420386914461, -1328.1467296201572, -1333.9863106014452, -1344.9305825114445, -1353.450394282901, -1399.3946661929, -1412.513120319582, -1420.3946661929, -1445.0282343717804, -1445.0809576939153, -1466.0282343717804, -1466.256449381976]
 -- BestCostElement: [-1466.25644938 -1466.25644938 -1466.25644938 -1466.25644938]
 -- BestRoute: [array([ 0, 51, 44, 40, 39, 37, 31, 26, 18, 13,  6, 14, 15,  0])
 array([ 0, 52, 63, 66, 67, 68, 77, 76, 83,  0])
 array([ 0, 45, 50, 49, 54, 59, 69, 78, 70, 79, 71, 65, 55,  0])
 array([ 0, 47, 53, 57, 64, 58, 48, 46, 41, 38, 28,  0])]
 -- Custo: 
 ---------24.754306317793034
 ---------24.666820369288608
 ---------24.755873763085166
 ---------24.75888720433917
 ---- Total: 98.93588765450598
 -- Premio: 
 ---------83.0
 ---------52.0
 ---------76.0
 ---------55.0
 ---- Total: 266.0
 - Execucao 8
 -- BestCostGenaration: [-229.7098578823883, -1268.195365096276, -1271.1443758472278, -1288.017583372051, -1302.017583372051, -1310.2509662228726, -1322.7790833595188, -1328.2570165513757, -1337.0438742991219, -1337.8355159899634, -1342.5218074909787, -1357.8649532414865, -1360.9206813314872, -1386.3195551719955, -1418.7974883638526]
 -- BestCostElement: [-1418.79748836 -1418.79748836 -1418.79748836 -1418.79748836]
 -- BestRoute: [array([ 0, 52, 56, 63, 66, 73, 81, 80, 72, 71, 65, 60, 55, 50, 45,  0])
 array([ 0, 47, 53, 58, 68, 77, 76, 64, 57, 67,  0])
 array([ 0, 38, 41, 46, 42, 35, 28, 24, 17, 10,  0])
 array([ 0, 51, 44, 40, 39, 37, 31, 26, 18, 13,  6, 14, 15,  0])]
 -- Custo: 
 ---------24.820368865331147
 ---------24.180142152132127
 ---------24.795810573780567
 ---------24.754306317793034
 ---- Total: 98.55062790903688
 -- Premio: 
 ---------75.0
 ---------54.0
 ---------47.0
 ---------83.0
 ---- Total: 259.0
 - Execucao 9
 -- BestCostGenaration: [-211.6411561876395, -1188.218831655828, -1324.0786295247804, -1331.8997084671446, -1346.280242132144, -1354.1013210745082, -1361.5264857534944, -1375.6510952961667, -1427.5001949150164, -1442.5758868097137, -1442.8710480790392, -1460.4265667945942, -1460.7217280639197, -1475.5999058930913, -1485.9957749657337, -1486.2909362350592, -1510.8687311332033, -1520.0329558260753, -1534.0329558260753, -1541.0329558260753, -1546.8685240790537, -1561.1514099527574, -1573.9869782057358]
 -- BestCostElement: [-1573.98697821 -1573.98697821 -1573.98697821 -1573.98697821]
 -- BestRoute: [array([ 0, 52, 56, 63, 66, 73, 81, 80, 72, 79, 71, 65, 61, 55,  0])
 array([ 0, 33, 27, 32, 30, 31, 26, 18, 13,  6, 14, 15, 19, 20,  0])
 array([ 0, 51, 60, 59, 54, 49, 50, 45, 43, 37, 39, 40, 44,  0])
 array([ 0, 38, 41, 35, 28, 24, 17, 10,  5,  9, 22, 21,  0])]
 -- Custo: 
 ---------24.88362701190674
 ---------24.514155011626467
 ---------24.326900627202352
 ---------24.52857279783052
 ---- Total: 98.25325544856608
 -- Premio: 
 ---------71.0
 ---------77.0
 ---------76.0
 ---------57.0
 ---- Total: 281.0
 - Execucao 10
 -- BestCostGenaration: [-161.3930947966507, -1160.3265959837609, -1242.0164399948958, -1244.3595857454034, -1314.2396435660116, -1316.114613745303, -1391.0857417256036, -1398.906820667968, -1403.9888395964467, -1419.8540973458335, -1425.8540973458335, -1432.8540973458335, -1433.4703352372271, -1435.8134809877347, -1436.5260633272278, -1469.1829175767202, -1514.832028217394]
 -- BestCostElement: [-1514.83202822 -1514.83202822 -1514.83202822 -1514.83202822]
 -- BestRoute: [array([ 0, 44, 40, 39, 37, 31, 26, 18, 25, 13,  6, 14, 15, 19,  0])
 array([ 0, 33, 21, 22, 23, 17, 10,  5,  9, 12, 16, 20, 27,  0])
 array([ 0, 47, 53, 57, 64, 58, 48, 46, 41, 38, 28,  0])
 array([ 0, 52, 63, 67, 74, 66, 73, 81, 80, 72, 71, 65, 55,  0])]
 -- Custo: 
 ---------24.723874121837476
 ---------24.844454977356026
 ---------24.75888720433917
 ---------24.714776642118863
 ---- Total: 99.04199294565154
 -- Premio: 
 ---------92.0
 ---------57.0
 ---------55.0
 ---------69.0
 ---- Total: 273.0
 - Execucao 11
 -- BestCostGenaration: [-235.0661206865405, -1158.8762415664312, -1262.0661242797498, -1295.3576169243177, -1314.3576169243177, -1359.4320707367165, -1369.1229594335055, -1387.3086540856073, -1421.6858342834114, -1431.9995427823962, -1456.6858342834114, -1468.3721257844268, -1480.028980033919, -1480.519971883303, -1482.1505352943173, -1508.7253706153308, -1529.0127882758377, -1555.878750565668]
 -- BestCostElement: [-1555.87875057 -1555.87875057 -1555.87875057 -1555.87875057]
 -- BestRoute: [array([ 0, 52, 62, 61, 65, 71, 79, 78, 69, 59, 50, 45,  0])
 array([ 0, 44, 40, 39, 37, 31, 26, 25, 18, 13,  6, 14, 15, 19,  0])
 array([ 0, 47, 53, 57, 64, 58, 48, 46, 41, 38, 28,  0])
 array([ 0, 34, 23, 17, 10,  5,  9, 22, 21, 12, 16, 27, 33,  0])]
 -- Custo: 
 ---------24.820368865331147
 ---------24.723874121837476
 ---------24.75888720433917
 ---------24.977182167075238
 ---- Total: 99.28031235858303
 -- Premio: 
 ---------74.0
 ---------92.0
 ---------55.0
 ---------58.0
 ---- Total: 279.0
 - Execucao 12
 -- BestCostGenaration: [-1198.1340641646461, -1350.169588028811, -1365.5127337793185, -1384.169588028811, -1389.11385993881, -1412.169588028811, -1419.7967979726309, -1447.9639822426334, -1453.9035153116797, -1495.1909329721866]
 -- BestCostElement: [-1495.19093297 -1495.19093297 -1495.19093297 -1495.19093297]
 -- BestRoute: [array([ 0, 44, 37, 31, 26, 18, 25, 13,  6, 14, 15, 19, 20,  0])
 array([ 0, 51, 79, 78, 69, 70, 59, 54, 49, 50, 45,  0])
 array([ 0, 38, 34, 22, 21, 12, 16, 27, 32, 30, 39, 40,  0])
 array([ 0, 62, 61, 55, 60, 65, 71, 72, 80, 81, 73, 66, 63, 56, 52,  0])]
 -- Custo: 
 ---------24.69230059649977
 ---------24.408680073057162
 ---------24.756831110040423
 ---------24.844454977356023
 ---- Total: 98.70226675695338
 -- Premio: 
 ---------78.0
 ---------61.0
 ---------62.0
 ---------69.0
 ---- Total: 270.0
 - Execucao 13
 -- BestCostGenaration: [-228.52983582383268, -1239.3953856487783, -1246.448377845123, -1283.448710067702, -1289.0815521339396, -1301.496694548884, -1312.448710067702, -1337.8398402993917, -1340.1829860498992, -1373.8955683893923, -1376.2015332795586, -1394.3619071075348, -1394.8955683893923, -1430.4098915887168, -1430.9435528705744, -1444.2309705310813, -1455.8087654292253, -1463.6375879804086]
 -- BestCostElement: [-1463.63758798 -1463.63758798 -1463.63758798 -1463.63758798]
 -- BestRoute: [array([ 0, 51, 44, 40, 39, 45, 50, 49, 54, 59, 60, 55, 61,  0])
 array([ 0, 47, 57, 64, 58, 53, 48, 46, 41, 38, 28,  0])
 array([ 0, 37, 31, 26, 18, 13,  6, 14, 15,  7,  8, 19, 20,  0])
 array([ 0, 52, 63, 67, 66, 73, 81, 80, 79, 71, 65,  0])]
 -- Custo: 
 ---------23.543203766865055
 ---------24.75888720433917
 ---------24.83482471651499
 ---------24.70368731717862
 ---- Total: 97.84060300489783
 -- Premio: 
 ---------74.0
 ---------55.0
 ---------71.0
 ---------65.0
 ---- Total: 265.0
 - Execucao 14
 -- BestCostGenaration: [-225.3493300005397, -1148.4410786628086, -1209.344979271984, -1284.7093077700845, -1312.665696132462, -1317.991941398903, -1339.7078339424343, -1342.1300390442902, -1344.60997716941, -1345.4016188602516, -1358.4310561117745, -1379.1436384512676, -1392.964717393632, -1419.994154645155, -1420.1183455198136, -1444.1368927494727, -1452.767456160487, -1461.931680853359, -1477.2748266038668]
 -- BestCostElement: [-1477.2748266 -1477.2748266 -1477.2748266 -1477.2748266]
 -- BestRoute: [array([ 0, 32, 30, 31, 26, 18, 13,  6, 14, 15,  7,  8, 19, 20,  0])
 array([ 0, 52, 56, 63, 67, 74, 66, 73, 81, 80, 72, 71, 65,  0])
 array([ 0, 51, 44, 40, 39, 37, 25, 36, 43, 49, 50, 45,  0])
 array([ 0, 38, 28, 24, 17, 10,  5,  9, 12, 27,  0])]
 -- Custo: 
 ---------24.69230059649977
 ---------24.946328004297904
 ---------24.64222328045784
 ---------23.650441467777792
 ---- Total: 97.93129334903331
 -- Premio: 
 ---------72.0
 ---------65.0
 ---------71.0
 ---------59.0
 ---- Total: 267.0
 - Execucao 15
 -- BestCostGenaration: [-150.44971376798742, -1217.2409697251014, -1219.584115475609, -1243.9797768378965, -1340.6521773747188, -1350.6707246043782, -1353.0138703548857, -1355.700325646894, -1394.8904537037765, -1395.6030360432696, -1415.6030360432696, -1418.289491335278, -1438.5769089957848, -1465.1973733264026, -1487.0859171464012, -1530.1251028514127, -1557.7672607361415, -1584.2485041320365, -1591.4325800665033, -1618.1633387905126, -1624.1633387905126, -1653.362155611739, -1672.0561907215729, -1682.7053013622465, -1706.048447112754, -1723.7347386137694, -1744.7347386137694]
 -- BestCostElement: [-1744.73473861 -1744.73473861 -1744.73473861 -1744.73473861]
 -- BestRoute: [array([ 0, 38, 28, 24, 17, 10,  5,  9, 12, 27,  0])
 array([ 0, 52, 63, 66, 67, 75, 83, 76, 68, 64, 58, 53, 57,  0])
 array([ 0, 44, 40, 39, 37, 31, 26, 25, 18, 13,  6, 14, 15, 19,  0])
 array([ 0, 51, 55, 65, 71, 79, 70, 78, 69, 59, 54, 49, 50, 45,  0])]
 -- Custo: 
 ---------23.650441467777792
 ---------24.37163089161125
 ---------24.723874121837476
 ---------24.820368865331147
 ---- Total: 97.56631534655767
 -- Premio: 
 ---------59.0
 ---------72.0
 ---------92.0
 ---------82.0
 ---- Total: 305.0
 - Execucao 16
 -- BestCostGenaration: [-165.52346251791505, -1347.9917991735774, -1351.1265866149265, -1353.469732365434, -1375.1900583137462, -1379.5435101987998, -1381.8866559493074, -1392.709165544759, -1395.0523112952665, -1411.9136729004285, -1414.256818650936, -1446.0221695032997, -1446.734751842793, -1451.3916060922854, -1474.7347518427932, -1476.3653152538075, -1476.7091655447591, -1483.3653152538075, -1489.2413314332985, -1496.2413314332985, -1503.2413314332985]
 -- BestCostElement: [-1503.24133143 -1503.24133143 -1503.24133143 -1503.24133143]
 -- BestRoute: [array([ 0, 40, 39, 37, 30, 31, 26, 18, 13,  6, 14, 15, 19, 20,  0])
 array([ 0, 65, 71, 79, 70, 78, 69, 59, 54, 49, 50, 45,  0])
 array([ 0, 52, 63, 66, 73, 81, 80, 72, 62, 61, 55, 44, 51,  0])
 array([ 0, 56, 74, 82, 84, 75, 67, 64, 58, 53, 57,  0])]
 -- Custo: 
 ---------23.85457825666815
 ---------24.158998000518018
 ---------24.52733584216013
 ---------24.148755042329046
 ---- Total: 96.68966714167534
 -- Premio: 
 ---------86.0
 ---------70.0
 ---------62.0
 ---------52.0
 ---- Total: 270.0
 - Execucao 17
 -- BestCostGenaration: [-213.04404098644906, -1308.2513350743156, -1308.355299890384, -1324.6052844456635, -1327.6610125356647, -1328.8768274217985, -1356.4704970043144, -1375.8771144536418, -1377.4549545425216, -1378.0711924339153, -1378.6048537157728, -1378.7837747734084, -1393.1191769150973, -1404.6969718132414, -1405.230633095099, -1437.8874873445911, -1445.174905005098]
 -- BestCostElement: [-1445.17490501 -1445.17490501 -1445.17490501 -1445.17490501]
 -- BestRoute: [array([ 0, 30, 31, 26, 18, 13,  6, 14, 15,  7,  8, 19, 20,  0])
 array([ 0, 47, 53, 57, 64, 67, 75, 84, 82, 74, 66, 63, 52,  0])
 array([ 0, 34, 21, 22, 23, 17, 10,  5,  9, 12, 16, 27,  0])
 array([ 0, 32, 37, 39, 40, 44, 45, 50, 49, 54, 59, 60, 55,  0])]
 -- Custo: 
 ---------24.449659909380486
 ---------23.177617382033016
 ---------24.621579128073822
 ---------24.95741732923815
 ---- Total: 97.20627374872548
 -- Premio: 
 ---------69.0
 ---------64.0
 ---------56.0
 ---------73.0
 ---- Total: 262.0
 - Execucao 18
 -- BestCostGenaration: [-227.65326799995296, -1208.788836350644, -1209.9532680976658, -1211.6807704853973, -1212.3489955251296, -1213.0089961876668, -1231.8767721776433, -1233.6862566462933, -1242.0280563116107, -1274.3136736442627, -1286.9438431652131, -1293.8618242367343, -1332.5140033037233, -1336.635416272804, -1344.4564952151684, -1355.321388780264, -1372.1613339458427, -1376.731385235168, -1406.0745309856757, -1407.2948497659418, -1458.7685660955096, -1459.9888848757757, -1461.9033535368587, -1468.1907711973656, -1472.3930235163486, -1481.9327907883815, -1483.1531095686476, -1488.9327907883815, -1502.6942907758496, -1510.7325247873705, -1558.515369718214, -1559.1316076096077, -1562.068135910788, -1562.326116319772]
 -- BestCostElement: [-1562.32611632 -1562.32611632 -1562.32611632 -1562.32611632]
 -- BestRoute: [array([ 0, 44, 40, 39, 37, 31, 26, 18, 25, 13,  6, 14, 15, 19,  0])
 array([ 0, 57, 53, 58, 64, 68, 77, 76, 83, 75, 67,  0])
 array([ 0, 33, 21, 22, 23, 17, 10,  5,  9, 12, 16, 20, 27,  0])
 array([ 0, 52, 56, 63, 66, 73, 81, 80, 72, 79, 71, 65, 61, 55,  0])]
 -- Custo: 
 ---------24.723874121837476
 ---------24.96651480895676
 ---------24.844454977356026
 ---------24.88362701190674
 ---- Total: 99.418470920057
 -- Premio: 
 ---------92.0
 ---------60.0
 ---------57.0
 ---------71.0
 ---- Total: 280.0
 - Execucao 19
 -- BestCostGenaration: [-194.66126638349402, -1225.856312280394, -1228.4574384398854, -1229.9980976684233, -1265.3714764881381, -1267.714622238646, -1284.0283307376305, -1323.661898916511, -1385.949316577018, -1416.7670254228628, -1423.169045676416, -1436.4688041415156, -1487.2293709621908, -1530.989937782866, -1563.6390484235399, -1589.1541624757383, -1591.460127365904, -1606.676979015061, -1618.3338332645535]
 -- BestCostElement: [-1618.33383326 -1618.33383326 -1618.33383326 -1618.33383326]
 -- BestRoute: [array([ 0, 51, 55, 65, 71, 79, 70, 78, 69, 59, 54, 49, 50, 45,  0])
 array([ 0, 44, 40, 39, 37, 31, 26, 25, 18, 13,  6, 14, 15, 19,  0])
 array([ 0, 34, 21, 22, 23, 17, 10,  5,  9, 12, 16, 27, 33,  0])
 array([ 0, 52, 47, 53, 46, 41, 38, 28, 24, 29, 35,  0])]
 -- Custo: 
 ---------24.820368865331147
 ---------24.723874121837476
 ---------24.912687064829257
 ---------24.959611631863797
 ---- Total: 99.41654168386168
 -- Premio: 
 ---------82.0
 ---------92.0
 ---------58.0
 ---------56.0
 ---- Total: 288.0
 - Execucao 20
 -- BestCostGenaration: [-230.2989256773795, -1097.581271181891, -1207.291403098302, -1297.9261154571386, -1299.4667746856767, -1331.668135048155, -1332.3582780828056, -1340.1871006339888, -1367.7238631381556, -1376.5101898688824, -1388.671139816021, -1389.3837221555145, -1406.820810458048, -1432.93226663805, -1433.6448489775432, -1444.812880013315, -1445.5254623528083, -1446.5302463844964, -1450.2985568139907, -1450.4774778716264, -1451.011139153484, -1461.6974306544994, -1464.9291202250051, -1472.8471012965265, -1479.5519400272008, -1507.5155501083264]
 -- BestCostElement: [-1507.51555011 -1507.51555011 -1507.51555011 -1507.51555011]
 -- BestRoute: [array([ 0, 38, 28, 24, 11, 17, 10,  5,  9, 22, 21,  0])
 array([ 0, 52, 56, 63, 66, 73, 81, 80, 72, 71, 65, 61, 55, 50, 45,  0])
 array([ 0, 51, 44, 40, 39, 37, 31, 26, 18, 13,  6, 14, 15,  0])
 array([ 0, 67, 75, 83, 76, 68, 64, 58, 53, 46,  0])]
 -- Custo: 
 ---------24.75806806571081
 ---------24.820368865331147
 ---------24.754306317793034
 ---------24.788369224083453
 ---- Total: 99.12111247291844
 -- Premio: 
 ---------56.0
 ---------76.0
 ---------83.0
 ---------57.0
 ---- Total: 272.0
 - Execucao 21
 -- BestCostGenaration: [-211.90717604918305, -1223.2166679857055, -1334.6069019121926, -1342.7318956207241, -1369.0032036500384, -1398.8917474700365, -1424.55135424251, -1479.8387719030168, -1506.3799531102184, -1508.566410722523, -1513.6184531227507, -1528.566410722523, -1542.566410722523, -1543.7754734835326, -1563.8049107350553, -1566.4060368945466, -1591.0923283955622]
 -- BestCostElement: [-1591.0923284 -1591.0923284 -1591.0923284 -1591.0923284]
 -- BestRoute: [array([ 0, 38, 28, 24, 17, 10,  5,  9, 12, 16, 20,  0])
 array([ 0, 32, 30, 31, 26, 18, 13,  6, 14, 15,  7,  8, 19, 27, 33,  0])
 array([ 0, 45, 50, 49, 54, 59, 69, 78, 70, 79, 71, 65, 55,  0])
 array([ 0, 52, 63, 66, 73, 81, 80, 72, 61, 62, 51, 44, 39, 40,  0])]
 -- Custo: 
 ---------24.57865011387245
 ---------24.95741732923815
 ---------24.755873763085166
 ---------24.93497669491373
 ---- Total: 99.22691790110949
 -- Premio: 
 ---------55.0
 ---------80.0
 ---------76.0
 ---------73.0
 ---- Total: 284.0
 - Execucao 22
 -- BestCostGenaration: [-262.3045660840859, -1154.40820324679, -1265.0003722501008, -1269.1233581635859, -1273.0561003401017, -1302.8570772636645, -1316.3648137044374, -1326.7533646924817, -1363.8545288544328, -1364.1125092634168, -1370.7990530093175, -1386.5116353488106, -1388.6609121007737, -1391.0040578512812, -1408.6903493522964, -1411.033495102804, -1437.4029316917897, -1463.1456558232496, -1471.4888015737572, -1476.1379122144308, -1478.4888015737572, -1509.8799318054469, -1510.797912876968, -1545.797912876968]
 -- BestCostElement: [-1545.79791288 -1545.79791288 -1545.79791288 -1545.79791288]
 -- BestRoute: [array([ 0, 37, 31, 26, 25, 18, 13,  6, 14, 15, 19, 20,  0])
 array([ 0, 52, 56, 63, 66, 73, 81, 80, 72, 71, 65, 60, 55, 50, 45,  0])
 array([ 0, 38, 41, 46, 53, 58, 68, 76, 83, 75, 67,  0])
 array([ 0, 51, 44, 40, 39, 30, 32, 27, 16, 12, 21, 22, 34,  0])]
 -- Custo: 
 ---------24.249038278888086
 ---------24.820368865331147
 ---------24.674718741456125
 ---------24.556395895082645
 ---- Total: 98.300521780758
 -- Premio: 
 ---------71.0
 ---------75.0
 ---------63.0
 ---------68.0
 ---- Total: 277.0
 - Execucao 23
 -- BestCostGenaration: [-206.2809176886796, -1296.7780341298032, -1302.25596732166, -1309.263710930479, -1318.9422588226753, -1329.668331719961, -1334.5113113591792, -1339.2150516593456, -1360.8521016381094, -1368.2130900778322, -1381.2130900778322, -1388.2494799967067, -1409.4879800092385, -1424.4585427577158]
 -- BestCostElement: [-1424.45854276 -1424.45854276 -1424.45854276 -1424.45854276]
 -- BestRoute: [array([ 0, 44, 40, 39, 37, 31, 26, 18, 25, 13,  6, 14, 15,  0])
 array([ 0, 52, 56, 63, 66, 73, 81, 80, 72, 71, 65, 60, 55, 50, 45,  0])
 array([ 0, 27, 20, 19,  8, 12, 21, 22, 28, 38,  0])
 array([ 0, 57, 67, 74, 82, 84, 83, 76, 68,  0])]
 -- Custo: 
 ---------24.689811215547056
 ---------24.820368865331147
 ---------24.643868758158295
 ---------24.73131547153459
 ---- Total: 98.88536431057108
 -- Premio: 
 ---------83.0
 ---------75.0
 ---------55.0
 ---------47.0
 ---- Total: 260.0
 - Execucao 24
 -- BestCostGenaration: [-190.83037785762946, -1252.5996690186917, -1272.6945210238496, -1304.7502491138505, -1325.6157306353048, -1327.9588763858123, -1337.3577502263208, -1371.5552637043513, -1400.2678460438444, -1402.610991794352, -1408.8007616635634, -1417.3981016983905, -1419.741247448898, -1459.3537443986295, -1463.8461669011, -1487.527674370427, -1497.7593639409329, -1505.4719462804262, -1529.2696939614432, -1542.0234503400925, -1601.7097418411076, -1615.5308207834719, -1624.1613841944863, -1635.8182384439788, -1637.199045823204, -1648.8559000726964, -1653.5127543221888, -1667.254773913205]
 -- BestCostElement: [-1667.25477391 -1667.25477391 -1667.25477391 -1667.25477391]
 -- BestRoute: [array([ 0, 44, 40, 39, 37, 31, 26, 25, 18, 13,  6, 14, 15, 19,  0])
 array([ 0, 51, 55, 65, 71, 79, 70, 78, 69, 59, 54, 49, 50, 45,  0])
 array([ 0, 52, 56, 67, 64, 58, 53, 46, 41, 35, 28, 38,  0])
 array([ 0, 34, 21, 22, 10,  5,  9, 12, 16, 20, 27, 33,  0])]
 -- Custo: 
 ---------24.723874121837476
 ---------24.820368865331147
 ---------24.959611631863797
 ---------24.932451902666344
 ---- Total: 99.43630652169877
 -- Premio: 
 ---------92.0
 ---------82.0
 ---------67.0
 ---------54.0
 ---- Total: 295.0
 - Execucao 25
 -- BestCostGenaration: [-199.782787533156, -1206.895418117486, -1229.0419423464684, -1231.8433777701275, -1245.8989217532628, -1248.2420675037704, -1274.99537337387, -1330.0032579160745, -1337.8243368584388, -1350.4078787055569, -1376.3698510794457, -1377.9709772389372, -1396.3698510794457, -1404.3698510794457, -1424.3698510794457, -1442.2205310643262, -1456.2205310643262, -1470.2205310643262]
 -- BestCostElement: [-1470.22053106 -1470.22053106 -1470.22053106 -1470.22053106]
 -- BestRoute: [array([ 0, 52, 56, 63, 66, 74, 82, 81, 80, 72, 71, 65, 60, 55,  0])
 array([ 0, 38, 41, 35, 28, 24, 17, 10,  5,  9, 22, 21,  0])
 array([ 0, 45, 50, 49, 54, 59, 70, 69, 78, 79, 61,  0])
 array([ 0, 51, 44, 40, 39, 37, 31, 26, 18, 13,  6, 14, 15,  0])]
 -- Custo: 
 ---------24.307135789365265
 ---------24.52857279783052
 ---------24.35485232892966
 ---------24.754306317793034
 ---- Total: 97.94486723391847
 -- Premio: 
 ---------67.0
 ---------57.0
 ---------59.0
 ---------83.0
 ---- Total: 266.0
 - Execucao 26
 -- BestCostGenaration: [-221.0157016020218, -1301.2652460880622, -1303.6083918385698, -1314.1398225761106, -1316.4829683266182, -1345.0311189190897, -1346.4535310750953, -1349.7893855123425, -1366.7419116528877, -1388.9812014365118, -1419.5869095098847, -1420.6737124700521, -1439.9915302993672, -1456.721696951234, -1468.0192136921373, -1468.5528749739947, -1472.37310781933, -1473.7903650985045, -1480.0036712303443, -1485.5264424903382, -1492.4816044222011, -1494.529588903383, -1506.6605254798367, -1509.0827305816927, -1519.6527818710179, -1522.0749869728738, -1540.0574026605002, -1542.4796077623562, -1543.487351371175, -1572.8304971216826, -1576.1070247603257, -1578.4501705108332, -1596.8490443513417]
 -- BestCostElement: [-1596.84904435 -1596.84904435 -1596.84904435 -1596.84904435]
 -- BestRoute: [array([ 0, 47, 53, 58, 64, 57, 67, 75, 84, 82, 74, 66, 63, 52,  0])
 array([ 0, 44, 40, 39, 37, 31, 26, 25, 18, 13,  6, 14, 15,  0])
 array([ 0, 51, 55, 65, 71, 79, 70, 78, 69, 59, 54, 49, 50, 45,  0])
 array([ 0, 33, 32, 30, 19, 20, 27, 16, 12, 21, 22,  0])]
 -- Custo: 
 ---------24.591830944406112
 ---------24.689811215547056
 ---------24.820368865331147
 ---------23.685727886880276
 ---- Total: 97.78773891216458
 -- Premio: 
 ---------71.0
 ---------83.0
 ---------82.0
 ---------48.0
 ---- Total: 284.0
 - Execucao 27
 -- BestCostGenaration: [-163.30685205727494, -1255.2758804237858, -1256.0675221146273, -1287.6771628457382, -1290.2799868638947, -1302.3897451852315, -1304.732890935739, -1330.237976038525, -1342.8466237366526, -1345.1897694871602, -1385.1742822695226]
 -- BestCostElement: [-1385.17428227 -1385.17428227 -1385.17428227 -1385.17428227]
 -- BestRoute: [array([ 0,  8,  7, 15, 14, 18, 13,  6,  0])
 array([ 0, 52, 56, 63, 66, 73, 81, 80, 72, 71, 65, 60, 55, 50, 45,  0])
 array([ 0, 33, 27, 20, 19, 32, 30, 31, 26, 25, 36, 37, 39, 40, 44,  0])
 array([ 0, 51, 49, 54, 59, 69, 78, 70, 79, 61, 62,  0])]
 -- Custo: 
 ---------24.343695167221767
 ---------24.820368865331147
 ---------24.242640687119287
 ---------24.79972471294713
 ---- Total: 98.20642943261933
 -- Premio: 
 ---------37.0
 ---------75.0
 ---------87.0
 ---------55.0
 ---- Total: 254.0
 - Execucao 28
 -- BestCostGenaration: [-246.81262616956408, -1207.4950848229116, -1268.3443756314791, -1323.4283563402926, -1324.1409386797857, -1377.8349737896199, -1378.547556129113, -1412.8349737896199, -1413.547556129113, -1426.7928451065966, -1450.1359908571042, -1451.7665542681186, -1470.4234085176108, -1487.8566674323238, -1497.2893708074412, -1511.2893708074412, -1513.9758260994497, -1520.688408438943, -1524.3719041538209, -1524.9055654356785, -1549.5918569366938]
 -- BestCostElement: [-1549.59185694 -1549.59185694 -1549.59185694 -1549.59185694]
 -- BestRoute: [array([ 0, 52, 56, 63, 66, 73, 81, 80, 72, 71, 65, 60, 55, 50, 45,  0])
 array([ 0, 51, 49, 54, 59, 69, 78, 70, 79, 61, 62,  0])
 array([ 0, 38, 28, 24, 11, 17, 10,  5,  9, 22, 21,  0])
 array([ 0, 44, 40, 39, 37, 31, 26, 18, 25, 13,  6, 14, 15, 19,  0])]
 -- Custo: 
 ---------24.820368865331147
 ---------24.79972471294713
 ---------24.75806806571081
 ---------24.723874121837476
 ---- Total: 99.10203576582654
 -- Premio: 
 ---------75.0
 ---------55.0
 ---------56.0
 ---------92.0
 ---- Total: 278.0
 - Execucao 29
 -- BestCostGenaration: [-206.4654765495536, -1240.841914477351, -1258.5394208651944, -1261.4884316161463, -1263.8315773666538, -1326.2593497621033, -1346.0815680378782, -1370.0276601915973, -1396.331452158267, -1401.8093853501239, -1435.036336079677, -1458.8573698313057, -1462.7411748103514, -1465.4333668503364, -1475.6598604223163, -1477.2904238333308, -1491.2904238333308, -1518.8652591543441, -1533.8241303945172, -1537.689342953168, -1540.8241303945174, -1543.14868372463, -1546.2834711659793, -1570.167276145025]
 -- BestCostElement: [-1570.16727615 -1570.16727615 -1570.16727615 -1570.16727615]
 -- BestRoute: [array([ 0, 57, 53, 58, 64, 68, 77, 76, 83, 67,  0])
 array([ 0, 52, 56, 63, 66, 73, 81, 80, 72, 71, 65, 60, 55, 50, 45,  0])
 array([ 0, 47, 41, 38, 28, 24, 17, 10,  5,  9, 22, 21,  0])
 array([ 0, 51, 44, 40, 39, 37, 31, 26, 18, 13,  6, 14, 15, 19,  0])]
 -- Custo: 
 ---------24.96651480895676
 ---------24.820368865331147
 ---------24.63292806537241
 ---------24.788369224083453
 ---- Total: 99.20818096374377
 -- Premio: 
 ---------57.0
 ---------75.0
 ---------57.0
 ---------92.0
 ---- Total: 281.0
