 - Execucao 0
 -- BestCostGenaration: [-216.66641994992938, -1011.6575687178173, -1153.3597146531122, -1155.7028604036198, -1193.332995903717, -1205.6088838307403, -1244.3887239937178, -1256.0293864851287, -1259.0851145751294, -1278.9064005716436, -1281.9621286616446, -1286.2015618409694, -1333.2874316343436, -1337.5268648136685, -1352.8700105641763, -1374.2874316343436, -1386.4104175478287, -1387.1229998873218, -1393.9892103529967, -1413.0700675834585, -1452.6825645331899, -1454.9466509323493, -1461.313127944204, -1503.0551475352204]
 -- BestCostElement: [-1503.05514754 -1503.05514754 -1503.05514754 -1503.05514754]
 -- BestRoute: [array([ 0, 51, 55, 65, 71, 79, 70, 78, 69, 59, 54, 49, 50, 45, 39, 40, 44,
        0])
 array([ 0, 41, 46, 53, 58, 68, 76, 64, 67, 74, 66, 52,  0])
 array([ 0, 33, 27, 32, 30, 37, 31, 26, 18, 13,  6, 14, 15, 19, 20,  0])]
 -- Custo: 
 ---------26.957417329238154
 ---------26.35042721295721
 ---------25.928368573999563
 ---- Total: 79.23621311619493
 -- Premio: 
 ---------106.0
 ---------71.0
 ---------83.0
 ---- Total: 260.0
 - Execucao 1
 -- BestCostGenaration: [-205.04335754426944, -1043.1572212591263, -1108.8011672911914, -1112.299106873737, -1139.5865245342438, -1159.3378532583806, -1164.216297997982, -1182.6151718384908, -1212.1465477797547, -1250.8328392807698, -1253.1759850312774, -1306.6539182231343, -1308.9970639736418, -1333.5198805129646, -1368.941335883641, -1396.7197453935314, -1399.062891144039, -1410.0071630540383, -1423.2945807145452, -1425.6377264650528, -1427.9808722155603, -1452.5408696152247, -1454.8468345053907, -1467.2162710943762]
 -- BestCostElement: [-1467.21627109 -1467.21627109 -1467.21627109 -1467.21627109]
 -- BestRoute: [array([ 0, 44, 40, 39, 37, 30, 31, 26, 25, 18, 13,  6, 14, 15, 19,  0])
 array([ 0, 38, 28, 24, 17, 10,  5,  9, 22, 21, 12, 16, 27, 33,  0])
 array([ 0, 52, 51, 61, 65, 71, 79, 70, 78, 69, 59, 54, 49, 50, 45,  0])]
 -- Custo: 
 ---------26.138087684210568
 ---------26.665621261737524
 ---------26.64222328045784
 ---- Total: 79.44593222640593
 -- Premio: 
 ---------96.0
 ---------71.0
 ---------88.0
 ---- Total: 255.0
 - Execucao 2
 -- BestCostGenaration: [-269.7752880984043, -1250.388172639664, -1275.2169500001114, -1296.1642266779768, -1338.1719702867956, -1351.8054932749405, -1358.9139898778117, -1381.2571356283192, -1382.6190808533715, -1408.6485181048943, -1414.3053723543867, -1425.9622266038791, -1450.6113372445525]
 -- BestCostElement: [-1450.61133724 -1450.61133724 -1450.61133724 -1450.61133724]
 -- BestRoute: [array([ 0, 47, 53, 46, 41, 38, 28, 17, 10,  5,  9, 22, 21,  0])
 array([ 0, 52, 63, 66, 73, 81, 80, 72, 79, 71, 65, 60, 55, 50, 45,  0])
 array([ 0, 44, 40, 39, 37, 31, 30, 26, 18, 25, 13,  6, 14, 15, 19, 27,  0])]
 -- Custo: 
 ---------26.862423333252707
 ---------26.568432963126433
 ---------26.66630939248272
 ---- Total: 80.09716568886186
 -- Premio: 
 ---------66.0
 ---------82.0
 ---------105.0
 ---- Total: 253.0
 - Execucao 3
 -- BestCostGenaration: [-190.57993452447684, -1029.1145518266524, -1104.4674821830288, -1121.4358557456242, -1125.2041661751182, -1130.1484380851175, -1141.482488883885, -1153.5119261354077, -1161.3330050777722, -1220.3790272975364, -1228.2001062399008, -1257.2558343299015, -1263.5432519904084, -1279.2263970783788, -1306.931235809053, -1327.21865346956, -1375.1489032513323, -1430.9699821936965, -1458.2573998542034]
 -- BestCostElement: [-1458.25739985 -1458.25739985 -1458.25739985 -1458.25739985]
 -- BestRoute: [array([ 0, 44, 40, 39, 37, 30, 31, 26, 25, 18, 13,  6, 14, 15, 19, 20,  0])
 array([ 0, 52, 63, 66, 73, 81, 80, 72, 71, 65, 60, 59, 54, 49, 50, 45,  0])
 array([ 0, 38, 28, 24, 17, 10,  5,  9, 22, 21, 12, 16, 27, 33,  0])]
 -- Custo: 
 ---------26.69230059649977
 ---------26.577728178211864
 ---------26.665621261737524
 ---- Total: 79.93565003644916
 -- Premio: 
 ---------99.0
 ---------84.0
 ---------71.0
 ---- Total: 254.0
 - Execucao 4
 -- BestCostGenaration: [-258.48877244732637, -1088.1580393035165, -1159.3076203322657, -1162.3633484222667, -1185.099038339633, -1188.1547664296336, -1188.5847771220806, -1188.747381494374, -1189.4599638338673, -1190.1281888735994, -1204.5827908041088, -1218.403869746473, -1218.8668921323952, -1232.6879710747596, -1253.017901942381, -1268.3610476928886, -1282.182126635253, -1288.0553997801057, -1334.6109184956604, -1338.0145311771216, -1349.671385426614, -1369.7008226781368, -1381.3576769276292]
 -- BestCostElement: [-1381.35767693 -1381.35767693 -1381.35767693 -1381.35767693]
 -- BestRoute: [array([ 0, 32, 30, 26, 15, 14,  6, 13, 18, 25, 36, 31, 37,  0])
 array([ 0, 27, 20, 19, 16, 12, 21, 22, 23, 17, 24, 28, 38,  0])
 array([ 0, 51, 55, 65, 71, 79, 70, 78, 69, 59, 54, 49, 50, 45, 39, 40, 44,
        0])]
 -- Custo: 
 ---------26.578650113872445
 ---------26.374513324982086
 ---------26.957417329238154
 ---- Total: 79.91058076809269
 -- Premio: 
 ---------71.0
 ---------66.0
 ---------106.0
 ---- Total: 243.0
 - Execucao 5
 -- BestCostGenaration: [-231.47486760417695, -1042.581998375052, -1246.6261202468331, -1248.969265997341, -1253.062503094949, -1260.4721805562976, -1280.0730538246266, -1285.5836367362995, -1314.0308818784465, -1344.9976216546993, -1361.311330153684, -1400.7892633455408, -1403.390389505032, -1405.475554846556, -1415.6807667426697, -1420.9007195255424, -1422.120814533741, -1437.501845685034, -1452.8449914355415, -1453.254171410596, -1457.2802551949244, -1471.9110256600884, -1474.254171410596, -1487.0897396635744, -1507.7945783942487, -1521.6156573366131]
 -- BestCostElement: [-1521.61565734 -1521.61565734 -1521.61565734 -1521.61565734]
 -- BestRoute: [array([ 0, 33, 27, 32, 30, 31, 26, 18, 25, 13,  6, 14, 15, 19, 20,  0])
 array([ 0, 52, 56, 67, 64, 68, 77, 76, 83, 84, 82, 74, 66, 63,  0])
 array([ 0, 51, 55, 65, 71, 79, 70, 78, 69, 59, 54, 49, 50, 45, 39, 40, 44,
        0])]
 -- Custo: 
 ---------26.514155011626467
 ---------26.37451332498209
 ---------26.957417329238154
 ---- Total: 79.84608566584672
 -- Premio: 
 ---------83.0
 ---------74.0
 ---------106.0
 ---- Total: 263.0
 - Execucao 6
 -- BestCostGenaration: [-228.96200565389333, -1045.3024117877976, -1131.059908691472, -1152.019321425585, -1188.8503016364998, -1210.0700675834585, -1214.4647685237803, -1216.8079142742881, -1241.7992383862083, -1250.1650100586808, -1279.2652111069574, -1284.9749752957068, -1290.4272217546386, -1328.4869429348605, -1333.1732344358757, -1349.191781665535, -1349.9043640050281, -1361.165490827057, -1384.4791993260417, -1391.4791993260417, -1396.136053575534, -1403.136053575534, -1403.4312148448598, -1421.117506345875, -1423.8698320714373, -1429.3477652632941, -1430.0603476027873, -1445.4034933532948, -1463.3477652632941, -1468.0418003731281, -1472.6909110138017]
 -- BestCostElement: [-1472.69091101 -1472.69091101 -1472.69091101 -1472.69091101]
 -- BestRoute: [array([ 0, 40, 39, 37, 31, 30, 26, 25, 18, 13,  6, 14, 15, 19, 27,  0])
 array([ 0, 55, 60, 65, 71, 79, 70, 78, 69, 59, 54, 49, 50, 45, 44,  0])
 array([ 0, 51, 62, 61, 72, 80, 81, 84, 82, 74, 67, 66, 63, 52,  0])]
 -- Custo: 
 ---------25.8285870526511
 ---------25.72134935173836
 ---------26.52733584216013
 ---- Total: 78.07727224654958
 -- Premio: 
 ---------98.0
 ---------86.0
 ---------71.0
 ---- Total: 255.0
 - Execucao 7
 -- BestCostGenaration: [-179.54695767881975, -1067.4822873969774, -1100.4761262065617, -1110.763715218825, -1122.3971220554536, -1142.3971220554536, -1157.30300729814, -1192.2460723271201, -1234.2538159359387, -1264.1423164927805, -1281.2804574013244, -1285.679331241833, -1315.828607993796, -1321.4932058521072, -1326.8920796926157, -1347.2569190858271]
 -- BestCostElement: [-1347.25691909 -1347.25691909 -1347.25691909 -1347.25691909]
 -- BestRoute: [array([ 0, 52, 63, 66, 73, 81, 80, 72, 79, 71, 65, 61, 55, 50, 45,  0])
 array([ 0, 57, 64, 58, 53, 46, 42, 41, 38, 28, 23,  0])
 array([ 0, 51, 44, 40, 39, 37, 30, 31, 26, 18, 13,  6, 14, 15, 19, 20,  0])]
 -- Custo: 
 ---------26.568432963126433
 ---------26.360541566671
 ---------26.756795698745755
 ---- Total: 79.68577022854319
 -- Premio: 
 ---------83.0
 ---------56.0
 ---------99.0
 ---- Total: 238.0
 - Execucao 8
 -- BestCostGenaration: [-274.8626724385291, -1102.0936736579263, -1104.6947998174178, -1110.2296957492963, -1114.9935882681648, -1129.1346774904928, -1132.4040286897166, -1147.7471744402242, -1165.0686265480276, -1167.1166110292097, -1258.3471409144267, -1272.168219856791, -1276.194510695269, -1279.6200260011628, -1286.6200260011628, -1327.6200260011628, -1347.612282392344, -1352.0111562328525, -1353.641719643867, -1360.641719643867, -1362.0668843228534, -1380.7237385723458, -1395.0188998416713, -1408.0111562328525]
 -- BestCostElement: [-1408.01115623 -1408.01115623 -1408.01115623 -1408.01115623]
 -- BestRoute: [array([ 0, 44, 40, 39, 37, 31, 30, 26, 25, 18, 13,  6, 14, 15, 19, 20,  0])
 array([ 0, 52, 63, 66, 74, 81, 80, 79, 71, 65, 61, 55, 50, 45,  0])
 array([ 0, 34, 21, 22, 23, 28, 17, 10,  5,  9, 12, 16, 27, 33,  0])]
 -- Custo: 
 ---------26.692300596499773
 ---------26.64222328045784
 ---------26.912687064829257
 ---- Total: 80.24721094178688
 -- Premio: 
 ---------99.0
 ---------82.0
 ---------66.0
 ---- Total: 247.0
 - Execucao 9
 -- BestCostGenaration: [-237.67177063021808, -1018.0605891247505, -1161.0137882279967, -1161.364153556286, -1170.1047565722652, -1191.8346803344466, -1193.1063369382955, -1223.576863716456, -1276.8217982057809, -1279.1649439562884, -1279.2279145881012, -1321.0415273051792, -1322.2059590522008, -1347.582708512381, -1376.1090130058765, -1397.2684536670604, -1411.2684536670604, -1424.2607100582413, -1463.7386432500982, -1466.0817890006058, -1468.4249347511136]
 -- BestCostElement: [-1468.42493475 -1468.42493475 -1468.42493475 -1468.42493475]
 -- BestRoute: [array([ 0, 32, 30, 37, 31, 26, 18, 25, 13,  6, 14, 15, 19, 20,  0])
 array([ 0, 38, 28, 24, 17, 10,  5,  9, 22, 21, 12, 16, 27, 33,  0])
 array([ 0, 51, 55, 65, 71, 79, 70, 78, 69, 59, 54, 49, 50, 45, 39, 40, 44,
        0])]
 -- Custo: 
 ---------25.52072772124596
 ---------26.665621261737524
 ---------26.957417329238154
 ---- Total: 79.14376631222164
 -- Premio: 
 ---------78.0
 ---------71.0
 ---------106.0
 ---- Total: 255.0
 - Execucao 10
 -- BestCostGenaration: [-238.1232225103564, -1084.1738154014229, -1084.886397740916, -1149.2542572907778, -1149.9668396302711, -1184.6794219697645, -1235.0189004956824, -1237.36204624619, -1240.2583336750072, -1270.209848126818, -1284.9446251760223, -1324.5571221257537, -1327.079188933897, -1339.0864314757087, -1354.4295772262162, -1359.3738491362155, -1395.9634455622236, -1397.38861024121, -1408.332882151209, -1409.9634455622236, -1451.7054651532396, -1464.541033406218, -1469.9399072467263, -1497.7687297979096, -1518.0189665980747, -1520.3621123485823, -1520.77953341875, -1525.0189665980747, -1528.697514490271, -1549.697514490271, -1561.0963883307795, -1570.697514490271, -1574.3838059912864]
 -- BestCostElement: [-1574.38380599 -1574.38380599 -1574.38380599 -1574.38380599]
 -- BestRoute: [array([ 0, 51, 55, 65, 71, 79, 70, 78, 69, 59, 54, 49, 50, 45, 39, 40, 44,
        0])
 array([ 0, 38, 41, 46, 53, 58, 68, 76, 83, 67, 74, 66, 63, 52,  0])
 array([ 0, 33, 27, 20, 32, 30, 37, 31, 26, 18, 13,  6, 14, 15, 19,  0])]
 -- Custo: 
 ---------26.957417329238154
 ---------26.908261948856808
 ---------26.788369224083453
 ---- Total: 80.65404850217841
 -- Premio: 
 ---------106.0
 ---------82.0
 ---------83.0
 ---- Total: 271.0
 - Execucao 11
 -- BestCostGenaration: [-244.11482368449833, -1091.175740635666, -1156.2354856885595, -1172.1722777758362, -1182.179452162387, -1208.5597375629482, -1253.112763561171, -1280.956075422968, -1292.3549492634766, -1300.9483318141492, -1305.1905175164547, -1312.3472056546575, -1314.2729303349975, -1314.4373188188629, -1326.0941730683553, -1328.400137958521, -1332.7990117990298, -1334.429575210044, -1353.0864294595365, -1360.0864294595365]
 -- BestCostElement: [-1360.08642946 -1360.08642946 -1360.08642946 -1360.08642946]
 -- BestRoute: [array([ 0, 52, 63, 66, 67, 74, 82, 81, 80, 71, 65, 55, 50, 45,  0])
 array([ 0, 27, 12, 21, 22, 23, 28, 17, 24, 29, 35, 38,  0])
 array([ 0, 44, 40, 39, 37, 31, 30, 26, 18, 25, 13,  6, 14, 15, 19, 20,  0])]
 -- Custo: 
 ---------26.399582593338558
 ---------26.886509445277582
 ---------26.692300596499773
 ---- Total: 79.97839263511591
 -- Premio: 
 ---------82.0
 ---------59.0
 ---------99.0
 ---- Total: 240.0
 - Execucao 12
 -- BestCostGenaration: [-162.08769103433806, -1120.0383359009184, -1123.1731233422674, -1127.8594148432828, -1133.4077724899041, -1217.8116991253844, -1245.874669757197, -1251.1500816672672, -1276.0943535772662, -1299.4871667069283, -1308.0386254872656, -1309.9159585673356, -1317.8416832476757, -1329.4985374971682, -1332.8122459961528, -1342.7372445638498, -1366.4646648246921, -1368.7287512238515, -1368.9867316328355, -1410.7287512238513, -1415.12762506436, -1416.7581884753745, -1418.0408672949284, -1420.6419934544201, -1422.9851392049277, -1429.955701953405, -1438.3282849554353, -1449.9851392049277]
 -- BestCostElement: [-1449.9851392 -1449.9851392 -1449.9851392 -1449.9851392]
 -- BestRoute: [array([ 0, 51, 55, 65, 71, 79, 70, 78, 69, 59, 54, 49, 50, 45, 39, 40, 44,
        0])
 array([ 0, 32, 30, 26, 31, 37, 36, 25, 18, 13,  6, 14, 15, 19,  0])
 array([ 0, 34, 38, 28, 24, 17, 10,  5,  9, 12, 21, 27,  0])]
 -- Custo: 
 ---------26.957417329238154
 ---------26.96651480895676
 ---------26.32978306057319
 ---- Total: 80.2537151987681
 -- Premio: 
 ---------106.0
 ---------80.0
 ---------67.0
 ---- Total: 253.0
 - Execucao 13
 -- BestCostGenaration: [-265.6628148765956, -1186.5799977309848, -1239.9788715714933, -1242.031803875357, -1242.6524228298163, -1261.73358259401, -1277.7893106840106, -1279.419874095025, -1290.1510036641773, -1308.28777092653, -1310.6309166770377, -1341.4213075696925, -1355.1338899091857, -1394.746386858917, -1395.9108186059389, -1400.8550905159382, -1414.7760311645898, -1416.2276735179685, -1432.2462207476276, -1442.597110106954, -1457.9402558574616, -1470.9325122486428]
 -- BestCostElement: [-1470.93251225 -1470.93251225 -1470.93251225 -1470.93251225]
 -- BestRoute: [array([ 0, 32, 30, 37, 31, 26, 25, 18, 13,  6, 14,  7, 15, 19, 20,  0])
 array([ 0, 51, 55, 65, 71, 79, 70, 78, 69, 59, 54, 49, 50, 45, 39, 40, 44,
        0])
 array([ 0, 38, 28, 24, 17, 10,  5,  9, 22, 21, 12, 16, 27,  0])]
 -- Custo: 
 ---------26.934941283619057
 ---------26.957417329238154
 ---------26.37451332498209
 ---- Total: 80.2668719378393
 -- Premio: 
 ---------81.0
 ---------106.0
 ---------69.0
 ---- Total: 256.0
 - Execucao 14
 -- BestCostGenaration: [-216.09142687985275, -1164.0295142594414, -1164.6871307964338, -1164.7984343105827, -1219.4306477387568, -1222.1989581682506, -1223.829521579265, -1227.1432300782499, -1241.7737934892643, -1262.2883104566904, -1276.207941545371, -1305.0174692771775, -1340.7270487763838, -1359.8385049563853, -1387.1259226168922, -1430.9236702979092, -1435.3225441384177, -1458.9236702979092, -1463.3225441384177, -1464.953107549432, -1483.6099617989244]
 -- BestCostElement: [-1483.6099618 -1483.6099618 -1483.6099618 -1483.6099618]
 -- BestRoute: [array([ 0, 44, 40, 39, 37, 30, 31, 26, 18, 25, 13,  6, 14, 15, 19, 20,  0])
 array([ 0, 51, 55, 50, 45, 49, 54, 59, 60, 65, 70, 79, 71,  0])
 array([ 0, 38, 41, 46, 53, 58, 68, 76, 83, 75, 67, 74, 66, 63, 52,  0])]
 -- Custo: 
 ---------26.69230059649977
 ---------26.99694700491232
 ---------26.908261948856808
 ---- Total: 80.5975095502689
 -- Premio: 
 ---------99.0
 ---------74.0
 ---------85.0
 ---- Total: 258.0
 - Execucao 15
 -- BestCostGenaration: [-212.58955728241065, -983.3061725305624, -1091.0181975361918, -1126.8579401621018, -1232.64982990409, -1234.9929756545976, -1235.403220285346, -1274.605472604329, -1284.3843337635003, -1308.2796684760294, -1350.0216880670455, -1357.0216880670455, -1392.7342704065386, -1392.9922508155228, -1413.0216880670455, -1420.0216880670455, -1441.1861198140673, -1443.5292655645749, -1445.8724113150824]
 -- BestCostElement: [-1445.87241132 -1445.87241132 -1445.87241132 -1445.87241132]
 -- BestRoute: [array([ 0, 32, 30, 37, 31, 26, 25, 18, 13,  6, 14, 15, 19, 20, 27,  0])
 array([ 0, 34, 22, 21, 12,  9,  5, 10, 17, 24, 29, 28,  0])
 array([ 0, 51, 55, 65, 71, 79, 70, 78, 69, 59, 54, 49, 50, 45, 39, 40, 44,
        0])]
 -- Custo: 
 ---------25.672882102102214
 ---------26.90159773988901
 ---------26.957417329238154
 ---- Total: 79.53189717122937
 -- Premio: 
 ---------87.0
 ---------59.0
 ---------106.0
 ---- Total: 252.0
 - Execucao 16
 -- BestCostGenaration: [-338.5298586155998, -1069.3524475787897, -1234.134572883962, -1234.4297341532874, -1260.9930397408177, -1322.869065408651, -1327.563100518485, -1330.9514349640376, -1371.3208715530232, -1388.7491826450544, -1402.036600305561, -1416.036600305561, -1437.036600305561, -1444.036600305561, -1451.036600305561]
 -- BestCostElement: [-1451.03660031 -1451.03660031 -1451.03660031 -1451.03660031]
 -- BestRoute: [array([ 0, 51, 44, 40, 39, 37, 31, 30, 26, 18, 13,  6, 14, 15, 19, 20,  0])
 array([ 0, 38, 28, 24, 17, 10,  5,  9, 22, 21, 12, 16, 27, 33,  0])
 array([ 0, 52, 63, 66, 73, 81, 80, 72, 79, 71, 65, 61, 55, 50, 45,  0])]
 -- Custo: 
 ---------26.756795698745755
 ---------26.665621261737524
 ---------26.568432963126433
 ---- Total: 79.99084992360972
 -- Premio: 
 ---------99.0
 ---------71.0
 ---------83.0
 ---- Total: 253.0
 - Execucao 17
 -- BestCostGenaration: [-296.3732230157116, -1040.7403272217566, -1067.599622327763, -1069.9427680782708, -1152.396294234608, -1155.4520223246088, -1157.7951680751164, -1158.7213735238327, -1185.9068765000036, -1195.1088765741013, -1197.4520223246088, -1217.3471980938943, -1223.481108949224, -1228.329036411124, -1230.6721821616316, -1249.329036411124, -1267.9415333608554, -1292.8439267798478, -1326.9812605775599, -1331.8546975134059, -1342.534384739013, -1349.407564589957, -1360.9332585795214, -1394.9332585795214, -1395.9398628549295, -1423.760941797294, -1437.0483594578009, -1465.0272658717786, -1473.657829282793, -1485.3146835322852, -1506.0195222629595]
 -- BestCostElement: [-1506.01952226 -1506.01952226 -1506.01952226 -1506.01952226]
 -- BestRoute: [array([ 0, 37, 31, 26, 25, 18, 13,  6, 14, 15,  7,  8, 19, 27,  0])
 array([ 0, 51, 55, 65, 71, 79, 70, 78, 69, 59, 54, 49, 50, 45, 39, 40, 44,
        0])
 array([ 0, 62, 72, 80, 81, 73, 66, 74, 67, 64, 58, 53, 57, 52,  0])]
 -- Custo: 
 ---------26.808833512497937
 ---------26.957417329238154
 ---------26.478868592523984
 ---- Total: 80.24511943426008
 -- Premio: 
 ---------83.0
 ---------106.0
 ---------72.0
 ---- Total: 261.0
 - Execucao 18
 -- BestCostGenaration: [-258.10596682081336, -1133.99062018302, -1134.7032025225133, -1229.5315240066893, -1231.874669757197, -1277.960816934104, -1279.5913803451183, -1291.960816934104, -1293.5913803451183, -1320.408062076251, -1348.36370477649, -1375.6875123558714, -1388.974930016378, -1401.9671864075594, -1409.0043672679012, -1430.7169496073943, -1443.7092059985753, -1446.8548382710526, -1448.3954974995904, -1463.4806628411143, -1466.0817890006058, -1468.4249347511136, -1476.6417864002701]
 -- BestCostElement: [-1476.6417864 -1476.6417864 -1476.6417864 -1476.6417864]
 -- BestRoute: [array([ 0, 32, 30, 26, 31, 37, 36, 25, 18, 13,  6, 14, 15, 19,  0])
 array([ 0, 38, 28, 24, 17, 10,  5,  9, 22, 21, 12, 16, 27, 33,  0])
 array([ 0, 51, 55, 61, 65, 71, 79, 78, 69, 59, 54, 49, 50, 45, 39, 40, 44,
        0])]
 -- Custo: 
 ---------26.96651480895676
 ---------26.665621261737524
 ---------26.95741732923815
 ---- Total: 80.58955339993244
 -- Premio: 
 ---------80.0
 ---------71.0
 ---------106.0
 ---- Total: 257.0
 - Execucao 19
 -- BestCostGenaration: [-241.56366736669418, -1073.2610208114793, -1164.0665118419743, -1218.6987252701483, -1218.8100287842972, -1219.3193442246077, -1219.4306477387568, -1253.6987252701483, -1254.3193442246077, -1254.4306477387568, -1276.6624899751152, -1276.7737934892643, -1281.1726673297726, -1282.803230740787, -1301.4600849902795, -1303.8968226659058, -1306.4043569002786, -1324.6226964935813, -1327.2265751760538, -1340.8091541058861, -1354.8091541058861, -1368.233364141005, -1371.3681515823544, -1387.1287184030296]
 -- BestCostElement: [-1387.1287184 -1387.1287184 -1387.1287184 -1387.1287184]
 -- BestRoute: [array([ 0, 52, 47, 57, 64, 58, 68, 77, 76, 83, 75, 67, 66,  0])
 array([ 0, 44, 40, 39, 37, 30, 31, 26, 25, 18, 13,  6, 14, 15, 19, 20,  0])
 array([ 0, 51, 61, 55, 50, 45, 49, 54, 59, 60, 65, 79, 71,  0])]
 -- Custo: 
 ---------26.52857279783052
 ---------26.69230059649977
 ---------26.99694700491232
 ---- Total: 80.21782039924261
 -- Premio: 
 ---------71.0
 ---------99.0
 ---------74.0
 ---- Total: 244.0
 - Execucao 20
 -- BestCostGenaration: [-182.91704846168722, -1040.8351447215955, -1104.3085211766213, -1109.8887600002354, -1137.5354719061747, -1139.8786176566823, -1221.9742402662732, -1239.3731141067815, -1265.3173860167808, -1272.029968356274, -1276.6868226057663, -1278.9927874959324, -1280.5334467244702, -1283.3916613364408, -1285.022224747455, -1292.9927874959324, -1311.3916613364408, -1316.077952837456, -1317.618612065994, -1337.0252295153214, -1346.080957605322, -1360.9989386768434, -1369.4241033558296, -1375.088701214141]
 -- BestCostElement: [-1375.08870121 -1375.08870121 -1375.08870121 -1375.08870121]
 -- BestRoute: [array([ 0, 51, 44, 40, 39, 37, 31, 30, 26, 18, 13,  6, 14, 15, 19, 20,  0])
 array([ 0, 52, 63, 66, 73, 81, 80, 72, 79, 71, 65, 61, 55, 50, 45,  0])
 array([ 0, 47, 57, 64, 68, 58, 53, 46, 41, 38, 28,  0])]
 -- Custo: 
 ---------26.756795698745755
 ---------26.568432963126433
 ---------26.40259603459256
 ---- Total: 79.72782469646475
 -- Premio: 
 ---------99.0
 ---------83.0
 ---------60.0
 ---- Total: 242.0
 - Execucao 21
 -- BestCostGenaration: [-191.6266289776865, -1140.6617226729936, -1145.4270735253572, -1173.8743186675047, -1205.703541979538, -1209.729832818016, -1218.4342951555122, -1220.7774409060198, -1276.711285588357, -1312.772879903795, -1345.5327637496941, -1373.488406449933, -1390.0895326094246, -1410.8510325968928, -1444.8432889880737, -1458.7642296367255, -1470.362319402732, -1491.362319402732, -1519.1833983450965, -1527.813961756111]
 -- BestCostElement: [-1527.81396176 -1527.81396176 -1527.81396176 -1527.81396176]
 -- BestRoute: [array([ 0, 47, 53, 58, 64, 68, 77, 76, 83, 75, 67, 74, 66, 63, 52,  0])
 array([ 0, 51, 55, 65, 71, 79, 70, 78, 69, 59, 54, 49, 50, 45, 39, 40, 44,
        0])
 array([ 0, 27, 37, 31, 26, 18, 25, 13,  6, 14, 15, 19,  0])]
 -- Custo: 
 ---------26.184190091652514
 ---------26.957417329238154
 ---------26.904902140081617
 ---- Total: 80.04650956097228
 -- Premio: 
 ---------81.0
 ---------106.0
 ---------77.0
 ---- Total: 264.0
 - Execucao 22
 -- BestCostGenaration: [-201.28922401464183, -1123.1404107684561, -1123.5578318386238, -1172.1453119707037, -1199.075561752476, -1199.7881440919691, -1227.5228068946233, -1259.8773234353707, -1261.2099730540785, -1276.3744048011004, -1277.0869871405937, -1295.9519926450948, -1304.1954837434648, -1323.060489247966, -1324.031051996443, -1326.3741977469508, -1328.7173434974584, -1329.134764567626, -1331.4779103181336, -1339.8210560686412, -1403.0790364776249, -1422.7808151962781, -1429.7808151962781, -1438.5336384081343, -1463.597110106954, -1478.9402558574616]
 -- BestCostElement: [-1478.94025586 -1478.94025586 -1478.94025586 -1478.94025586]
 -- BestRoute: [array([ 0, 32, 30, 37, 31, 26, 25, 18, 13,  6, 14,  7, 15, 19, 20,  0])
 array([ 0, 52, 47, 38, 28, 24, 17, 10,  5,  9, 22, 21, 27,  0])
 array([ 0, 51, 55, 65, 71, 79, 70, 78, 69, 59, 54, 49, 50, 45, 39, 40, 44,
        0])]
 -- Custo: 
 ---------26.934941283619057
 ---------26.122577422777372
 ---------26.957417329238154
 ---- Total: 80.01493603563458
 -- Premio: 
 ---------81.0
 ---------70.0
 ---------106.0
 ---- Total: 257.0
 - Execucao 23
 -- BestCostGenaration: [-219.12107419010857, -1025.2490538215468, -1058.7309262411702, -1128.3017315358093, -1135.8517687000124, -1197.7893561863916, -1200.1325019368994, -1226.236601328539, -1228.5797470790467, -1254.3785218747757, -1265.4515915869847, -1266.4371022763708, -1271.1689127674306, -1286.9852528688423, -1288.8622669553572, -1304.079118604514, -1311.205412705865, -1314.101700134682, -1332.205412705865, -1337.149684615864, -1337.6042865463733, -1379.6042865463733]
 -- BestCostElement: [-1379.60428655 -1379.60428655 -1379.60428655 -1379.60428655]
 -- BestRoute: [array([ 0, 27, 32, 30, 37, 31, 26, 18, 13,  6, 14, 15, 19, 20,  0])
 array([ 0, 65, 71, 79, 70, 78, 69, 59, 54, 49, 50, 45, 39, 40, 44,  0])
 array([ 0, 51, 55, 61, 62, 66, 73, 72, 80, 81, 74, 67, 56, 52,  0])]
 -- Custo: 
 ---------25.637260637244125
 ---------26.29604646442502
 ---------26.66562126173752
 ---- Total: 78.59892836340666
 -- Premio: 
 ---------81.0
 ---------94.0
 ---------67.0
 ---- Total: 242.0
 - Execucao 24
 -- BestCostGenaration: [-222.99388745870783, -1202.7365891052661, -1202.847892619415, -1205.2712370546817, -1223.7265435256347, -1225.2712370546817, -1230.3013788466483, -1245.6445245971559, -1253.9922900230795, -1261.159474293082, -1271.9911875172581, -1272.6118064717175, -1275.147499262283, -1280.725294160427, -1300.725294160427, -1318.4115856614421, -1352.2471539144203, -1360.0682328567848, -1401.0682328567848, -1407.9519926450948, -1410.3741977469508, -1411.3556053265559, -1416.4856539269524, -1419.086780086444, -1419.6018489479068, -1432.799362425937, -1464.773071587459, -1481.8365432862788, -1484.1796890367864, -1508.82879967746, -1511.1719454279678, -1518.1719454279678, -1519.3506594314536]
 -- BestCostElement: [-1519.35065943 -1519.35065943 -1519.35065943 -1519.35065943]
 -- BestRoute: [array([ 0, 47, 57, 53, 58, 64, 67, 75, 83, 84, 82, 74, 66, 63, 52,  0])
 array([ 0, 44, 40, 39, 37, 31, 30, 26, 25, 18, 13,  6, 14, 15, 19, 20,  0])
 array([ 0, 51, 55, 50, 45, 49, 54, 59, 69, 78, 70, 79, 71, 65, 61,  0])]
 -- Custo: 
 ---------26.006044506779208
 ---------26.692300596499773
 ---------25.96399003885765
 ---- Total: 78.66233514213663
 -- Premio: 
 ---------77.0
 ---------99.0
 ---------86.0
 ---- Total: 262.0
 - Execucao 25
 -- BestCostGenaration: [-244.49088266339547, -1136.8375574095855, -1139.1807031600933, -1139.8932854995865, -1178.941522225654, -1194.0715256353149, -1221.3589432958215, -1223.702089046329, -1224.4146713858224, -1238.4146713858224, -1266.4146713858222, -1283.072576733625, -1283.4828213643732, -1311.4828213643732, -1324.9491600825158, -1345.8964367603812, -1373.7175157027455, -1385.3743699522379]
 -- BestCostElement: [-1385.37436995 -1385.37436995 -1385.37436995 -1385.37436995]
 -- BestRoute: [array([ 0, 27, 20, 19, 15, 26, 31, 18,  6, 13, 25,  0])
 array([ 0, 51, 55, 65, 71, 79, 70, 78, 69, 59, 54, 49, 50, 45, 39, 40, 44,
        0])
 array([ 0, 52, 47, 46, 41, 38, 28, 24, 17, 10,  5,  9, 22,  0])]
 -- Custo: 
 ---------26.721994431161768
 ---------26.957417329238154
 ---------26.97699575154062
 ---- Total: 80.65640751194054
 -- Premio: 
 ---------70.0
 ---------106.0
 ---------68.0
 ---- Total: 244.0
 - Execucao 26
 -- BestCostGenaration: [-209.38754276393584, -1094.2402165289614, -1159.676795261344, -1183.2447964266705, -1186.516376242632, -1246.3852383688825, -1248.72838411939, -1260.3408810691215, -1273.3331374603026, -1288.3408810691215, -1301.3331374603026, -1330.0829006601375, -1377.8625818798714, -1417.5194361293638, -1431.5194361293638, -1433.8625818798714, -1435.4032411084095, -1455.4326783599324, -1470.77582411044, -1483.7680805016212]
 -- BestCostElement: [-1483.7680805 -1483.7680805 -1483.7680805 -1483.7680805]
 -- BestRoute: [array([ 0, 51, 55, 65, 71, 79, 70, 78, 69, 59, 54, 49, 50, 45, 39, 40, 44,
        0])
 array([ 0, 32, 30, 37, 31, 26, 25, 18, 13,  6, 14,  7, 15, 19, 20,  0])
 array([ 0, 38, 28, 24, 17, 10,  5,  9, 22, 21, 12, 16, 27, 33,  0])]
 -- Custo: 
 ---------26.957417329238154
 ---------26.934941283619057
 ---------26.665621261737524
 ---- Total: 80.55797987459474
 -- Premio: 
 ---------106.0
 ---------81.0
 ---------71.0
 ---- Total: 258.0
 - Execucao 27
 -- BestCostGenaration: [-248.90783981520804, -1100.8351947523474, -1214.3291234584249, -1219.273395368424, -1220.6542027476494, -1220.814054596962, -1227.3283986193499, -1276.6014794255148, -1277.7236452784375, -1299.6572075155157, -1308.601707302728, -1348.6383209936703, -1365.1950898534008, -1368.2508179434017, -1386.791431981204, -1390.2988024245835, -1411.477723482219, -1414.5334515722197, -1429.8765973227275, -1435.6125109235682, -1456.275471163236, -1476.275471163236, -1485.6186169137436, -1492.0222747859405, -1514.6156573366131, -1539.3019488376283, -1560.3019488376283, -1581.3019488376283, -1583.6450945881359, -1585.9882403386437, -1598.8238085916219]
 -- BestCostElement: [-1598.82380859 -1598.82380859 -1598.82380859 -1598.82380859]
 -- BestRoute: [array([ 0, 33, 27, 32, 30, 37, 31, 26, 18, 13,  6, 14, 15, 19, 20,  0])
 array([ 0, 51, 55, 65, 71, 79, 70, 78, 69, 59, 54, 49, 50, 45, 39, 40, 44,
        0])
 array([ 0, 52, 63, 66, 74, 67, 75, 83, 76, 68, 58, 53, 46, 41, 38,  0])]
 -- Custo: 
 ---------25.928368573999563
 ---------26.957417329238154
 ---------26.908261948856808
 ---- Total: 79.79404785209452
 -- Premio: 
 ---------83.0
 ---------106.0
 ---------85.0
 ---- Total: 274.0
 - Execucao 28
 -- BestCostGenaration: [-231.17901456318404, -1089.1655565698554, -1187.5332957893484, -1193.380429030845, -1199.4701915681428, -1225.8396281571283, -1260.8396281571283, -1276.8953562471293, -1278.5259196581437, -1285.5259196581437, -1310.3546970185912, -1323.642114679098, -1326.2432408385894, -1330.1838250059463, -1364.9295323396047, -1371.471242666453, -1373.5192271476349, -1380.5192271476349, -1401.4665038255002]
 -- BestCostElement: [-1401.46650383 -1401.46650383 -1401.46650383 -1401.46650383]
 -- BestRoute: [array([ 0, 52, 63, 67, 66, 73, 81, 80, 71, 65, 61, 55, 50, 45,  0])
 array([ 0, 47, 53, 46, 41, 38, 28, 24, 17, 10,  5,  9, 22,  0])
 array([ 0, 44, 40, 39, 37, 30, 31, 26, 18, 25, 13,  6, 14, 15, 19, 20,  0])]
 -- Custo: 
 ---------26.464077695584535
 ---------26.97699575154062
 ---------26.69230059649977
 ---- Total: 80.13337404362493
 -- Premio: 
 ---------80.0
 ---------67.0
 ---------99.0
 ---- Total: 246.0
 - Execucao 29
 -- BestCostGenaration: [-245.74156963942553, -966.9623258734332, -1175.205564508126, -1221.3783141743486, -1247.9194953815504, -1276.9264647668201, -1324.706145986554, -1347.0492917370616, -1368.0492917370616, -1370.3552566272274, -1375.0492917370616, -1379.9514349640374, -1382.2573998542034, -1391.313127944204, -1405.313127944204, -1422.7414390362355, -1429.7414390362355, -1436.7414390362355, -1436.9994194452195]
 -- BestCostElement: [-1436.99941945 -1436.99941945 -1436.99941945 -1436.99941945]
 -- BestRoute: [array([ 0, 44, 40, 39, 37, 30, 31, 26, 25, 18, 13,  6, 14, 15, 19, 20,  0])
 array([ 0, 38, 28, 24, 17, 10,  5,  9, 22, 21, 12, 16, 27, 33,  0])
 array([ 0, 52, 63, 66, 74, 82, 81, 80, 71, 65, 61, 55, 50, 49, 45,  0])]
 -- Custo: 
 ---------26.69230059649977
 ---------26.665621261737524
 ---------26.64222328045784
 ---- Total: 80.00014513869513
 -- Premio: 
 ---------99.0
 ---------71.0
 ---------81.0
 ---- Total: 251.0
