 - Execucao 0
 -- BestCostGenaration: [-283.0793477081516, -438.67476358069155, -573.47857486011389, -674.93527233791121, -774.05999684691051, -837.01511349944451, -916.78412055913213, -964.86881710957709, -1011.094303044815, -1065.9580902920948, -1097.1251917769691, -1117.2929610103345, -1136.1155041365114, -1178.9857350821144, -1188.4142473965223, -1198.4142926758511, -1199.9484824391686, -1230.8757400081759, -1244.7143130290201, -1269.7050131858427, -1276.2629740670354, -1302.5844261748389, -1304.1186914169748, -1317.4855578892641, -1319.0385523324837, -1341.8368556783857, -1364.2075842758459, -1368.5427212072564, -1378.1518123311316, -1392.4278592013984, -1398.2477014945166, -1407.9417366043506, -1416.2297927029085, -1418.7522742241795, -1425.3482468295906, -1430.1786897013526, -1439.3376077298615, -1449.509242982529, -1460.7519687880076, -1470.3001193804791, -1475.5758568674028, -1482.3630899236985, -1496.5993837595856, -1496.8056919447454, -1502.5538556470651, -1510.3011744592375, -1515.8051546841889, -1520.031105490546, -1522.9229390940814, -1525.7396278948218, -1527.7275322655069, -1535.0071630540383, -1536.9108434647667, -1537.2756828579782]
 -- BestCostElement: [-1537.27568286 -1537.27568286 -1537.27568286 -1537.27568286]
 -- BestRoute: [array([ 0,  9,  7,  4,  5,  6,  8, 17, 16, 20, 19, 11, 10, 12,  0]), array([ 1, 15, 13, 14, 18, 21, 22, 35, 36, 38, 39, 41, 40,  1]), array([ 2, 29, 28, 26, 25, 23, 24, 33, 34, 37, 42, 30, 27, 31, 32,  2])]
 -- Custo: 
 ---------37.311161307
 ---------38.848005547
 ---------37.0219124315
 ---- Total: 113.181079286
 -- Premio: 
 ---------67.0
 ---------64.0
 ---------68.0
 ---- Total: 199.0
 - Execucao 1
 -- BestCostGenaration: [-280.74136795321192, -416.06770322265305, -611.7535764115645, -659.61239450857931, -777.1342630343313, -839.85673277808132, -884.47758800418228, -970.34094780305236, -1015.8902702923331, -1067.8397912624273, -1074.8970787700835, -1094.6754882799739, -1106.0521961953264, -1150.8497552265221, -1213.6008586093794, -1224.7071237414634, -1264.5106469378625, -1287.261345357359, -1305.8697290402274, -1314.6542744909593, -1327.4250576661411, -1340.2112107848504, -1371.4986284453571, -1383.9910509478277, -1385.8521043271817, -1395.9830504358924, -1419.6394358540924, -1421.5521316273982, -1437.9593499323462, -1458.9268535145993, -1470.2309317644799, -1478.2316125977941, -1480.7536794059374]
 -- BestCostElement: [-1480.75367941 -1480.75367941 -1480.75367941 -1480.75367941]
 -- BestRoute: [array([ 0,  4,  5,  6,  8, 11, 10, 12,  7,  9,  0]), array([ 1, 17, 16, 13, 15, 14, 18, 21, 36, 38, 34, 33, 22, 19, 20,  1]), array([ 2, 31, 40, 41, 39, 37, 24, 25, 26, 29, 28, 27,  2])]
 -- Custo: 
 ---------25.1421823327
 ---------39.8966327246
 ---------39.7727650912
 ---- Total: 104.811580149
 -- Premio: 
 ---------49.0
 ---------66.0
 ---------75.0
 ---- Total: 190.0
 - Execucao 2
 -- BestCostGenaration: [-344.96182674826235, -411.99850283048158, -529.96245870382154, -672.88348227780682, -741.73170586771448, -780.59624816878079, -855.06494071478892, -879.82423999798607, -947.84606373187023, -971.32663353597354, -1035.22018230819, -1069.8067023146068, -1090.4965620108583, -1137.0186288190014, -1208.5841385653387, -1208.9329512157701, -1236.4531015539942, -1291.8963915696454, -1293.7450000304377, -1325.3999563388652, -1340.5285358774936, -1364.2759725183564, -1368.540939458042, -1399.3242092444234, -1416.4880400472316, -1431.6755960014511, -1447.0595219010506, -1479.6498444397016, -1492.5150569983525, -1498.7640879915468, -1499.2186260127048, -1534.3664199580094, -1550.1874989003736, -1557.7346507400239, -1558.8990824870457, -1570.5000015923874, -1574.4329770293134, -1575.9473002286377]
 -- BestCostElement: [-1575.94730023 -1575.94730023 -1575.94730023 -1575.94730023]
 -- BestRoute: [array([ 0,  6,  5,  4,  7,  9, 12, 10, 11, 17, 14, 16,  8,  0]), array([ 1, 13, 15, 18, 21, 36, 38, 39, 41, 40, 42, 37, 34, 33, 22, 20, 19,
        1]), array([ 2, 29, 28, 26, 25, 23, 24, 27, 30, 31, 32,  2])]
 -- Custo: 
 ---------39.9387384207
 ---------39.1235919025
 ---------21.9508446196
 ---- Total: 101.013174943
 -- Premio: 
 ---------59.0
 ---------85.0
 ---------54.0
 ---- Total: 198.0
 - Execucao 3
 -- BestCostGenaration: [-249.02455278494358, -452.24264655370484, -676.12712245390787, -722.51462550417648, -833.54422654669247, -873.33607529168376, -939.53109338093077, -1040.1247538178918, -1078.6674020528831, -1098.4700791522532, -1127.4013736893123, -1184.1402468672836, -1211.783225418181, -1244.3404645342866, -1262.4650644413471, -1278.229831494986, -1285.3531343935877, -1322.6542714152934, -1339.1293955587125, -1357.2934334156703, -1373.923297378079, -1380.0253323606221, -1403.5166799287517, -1408.9946131206084, -1421.7807662393179, -1432.2097170429688, -1437.6553697572081, -1441.0628339723048, -1455.9637365434473, -1463.4321067702972, -1473.9489841110039, -1480.2800342321971, -1480.8932560210033, -1497.2147081288067]
 -- BestCostElement: [-1497.21470813 -1497.21470813 -1497.21470813 -1497.21470813]
 -- BestRoute: [array([ 0,  7,  4,  5,  6,  8, 11, 10, 24, 23, 12,  9,  0]), array([ 1, 18, 15, 14, 13, 16, 17, 19, 20, 22, 33, 34, 35, 36, 38,  1]), array([ 2, 25, 26, 28, 29, 27, 31, 30, 37, 42, 41, 39, 40,  2])]
 -- Custo: 
 ---------31.9756847573
 ---------39.3154200332
 ---------39.4052181774
 ---- Total: 110.696322968
 -- Premio: 
 ---------55.0
 ---------65.0
 ---------74.0
 ---- Total: 194.0
 - Execucao 4
 -- BestCostGenaration: [-288.06490847637036, -432.19603015748839, -566.33583674051897, -688.93334770186596, -720.04958753765186, -791.06405613973254, -847.58897525947009, -956.23284569260773, -965.70509005787551, -1011.0652780793961, -1024.6571667558173, -1074.6571667558173, -1089.7153208722648, -1107.0094297033568, -1126.0975364566821, -1171.1819492876809, -1186.3293006802619, -1259.5482414076143, -1281.6112120394268, -1289.3772171496603, -1295.6739427343391, -1309.5392285962803, -1360.5622290093788, -1375.2161236817406, -1392.2772167580094, -1407.1781487600222, -1415.9434996123857, -1435.5260785422181, -1442.9968899855619, -1448.7848129565159, -1484.7691389029637, -1504.3517178327961, -1516.0950428198769, -1523.8585211067762, -1531.3480321430229, -1544.3557757518415, -1547.3592112495985, -1556.484751304466, -1558.0984350544772, -1562.1512035673477, -1564.4197233712878, -1568.087731868528, -1574.2302629186961, -1583.4910391138174]
 -- BestCostElement: [-1583.49103911 -1583.49103911 -1583.49103911 -1583.49103911]
 -- BestRoute: [array([ 0,  7,  4,  5,  6,  8, 17, 16, 20, 19, 11, 10, 12,  9,  0]), array([ 1, 15, 13, 14, 18, 22, 33, 34, 37, 42, 40, 41, 39, 38, 36, 21,  1]), array([ 2, 32, 29, 28, 26, 25, 23, 24, 27, 30, 31,  2])]
 -- Custo: 
 ---------36.9035204542
 ---------39.0881568532
 ---------23.1355629141
 ---- Total: 99.1272402215
 -- Premio: 
 ---------67.0
 ---------77.0
 ---------54.0
 ---- Total: 198.0
 - Execucao 5
 -- BestCostGenaration: [-199.276220505586, -400.64161117702258, -620.67369359018005, -666.04237781464349, -808.19492673114746, -826.50337043006789, -880.99983952996899, -905.33253864805442, -974.67744752416161, -1032.6846337100872, -1052.592578320151, -1126.7721153898924, -1161.9599075006568, -1162.0037767562135, -1210.2609420598124, -1218.0440904106554, -1218.5357519768286, -1315.7471312622165, -1343.256715620588, -1410.2072035403226, -1417.783280662336, -1438.2450241122838, -1462.1219930080629, -1473.684676085712, -1497.7007243847079, -1527.6677416158682, -1532.2377929051934, -1533.3196480426791, -1552.0588718475578, -1558.3506796496888, -1562.920730939014]
 -- BestCostElement: [-1562.92073094 -1562.92073094 -1562.92073094 -1562.92073094]
 -- BestRoute: [array([ 0,  6,  5,  4,  7,  9, 12, 10,  8, 11,  0]), array([ 1, 15, 13, 16, 17, 19, 20, 33, 34, 37, 40, 41, 39, 38, 36, 35, 22,
       18,  1]), array([ 2, 24, 23, 25, 26, 28, 29, 27, 30, 31, 32,  2])]
 -- Custo: 
 ---------22.6011261595
 ---------39.7252575626
 ---------24.4434335432
 ---- Total: 86.7698172652
 -- Premio: 
 ---------49.0
 ---------88.0
 ---------54.0
 ---- Total: 191.0
 - Execucao 6
 -- BestCostGenaration: [-247.79594422674072, -457.9143739943064, -654.08930264275386, -684.5963333866116, -766.89748622524053, -844.67014721517648, -896.90796880940627, -966.07225466812827, -1001.3956959496709, -1070.8158962068569, -1078.5584889503411, -1086.4666656889144, -1147.9477911532915, -1197.365186047148, -1220.2210350817097, -1223.9232374228768, -1270.5445183514994, -1286.4204024996545, -1292.008532199322, -1318.8940972488258, -1320.1815149093327, -1343.6066795883191, -1349.741674083818, -1356.3707703879145, -1371.0162837560101, -1376.7994321068534, -1392.683237085899, -1405.3465778145473, -1416.0767958776994, -1427.3882828707231, -1463.477514391001, -1474.3130826439794, -1495.9426913225334, -1498.2112111264735, -1498.930163682026, -1503.352368783882, -1505.6208885878223]
 -- BestCostElement: [-1505.62088859 -1505.62088859 -1505.62088859 -1505.62088859]
 -- BestRoute: [array([ 0,  7,  4,  5,  6,  8, 17, 16, 20, 19, 11, 10, 12,  9,  0]), array([ 1, 13, 15, 18, 22, 33, 34, 37, 40, 41, 38, 39, 36,  1]), array([ 2, 29, 28, 26, 25, 23, 24, 27, 30, 31, 32,  2])]
 -- Custo: 
 ---------36.9035204542
 ---------39.7404127792
 ---------21.9508446196
 ---- Total: 98.594777853
 -- Premio: 
 ---------67.0
 ---------69.0
 ---------54.0
 ---- Total: 190.0
 - Execucao 7
 -- BestCostGenaration: [-249.74668785183516, -406.24561016756422, -585.03685294808497, -629.69105095955501, -726.80644086447569, -792.29612757445921, -850.96781643905342, -925.54708416402866, -964.04144619852491, -993.14863659393927, -1048.1408802721951, -1067.0332849511699, -1125.7027021308904, -1151.697213558758, -1159.3805190990784, -1188.5907231340807, -1216.2293471312969, -1228.5032561904416, -1255.0848015185902, -1266.4930722368658, -1296.0338874102904, -1320.2370728074732, -1328.3897678554549, -1335.7521416689358, -1345.6716105428059, -1354.8058573232977, -1358.8732231501695, -1382.6234190074742, -1383.6089296968603, -1386.9665647579818, -1410.0270768796711, -1419.0193332708523, -1427.6386104027829, -1428.1868681677624, -1430.9523189017677, -1433.0722655747159, -1446.1388836865804]
 -- BestCostElement: [-1446.13888369 -1446.13888369 -1446.13888369 -1446.13888369]
 -- BestRoute: [array([ 0,  8,  6,  5,  4,  7,  9, 12, 10, 11, 20, 16, 17, 19,  0]), array([ 1, 13, 15, 18, 22, 33, 34, 37, 40, 41, 38, 39,  1]), array([ 2, 29, 28, 26, 25, 23, 24, 27, 30, 31, 32,  2])]
 -- Custo: 
 ---------39.7999631975
 ---------39.2144712612
 ---------21.9508446196
 ---- Total: 100.965279078
 -- Premio: 
 ---------67.0
 ---------64.0
 ---------54.0
 ---- Total: 185.0
 - Execucao 8
 -- BestCostGenaration: [-247.51630562578208, -416.3931475616867, -569.87192501800655, -677.76803857557843, -693.03808139612943, -804.95422677832198, -849.97406601645571, -874.22945476755581, -951.06304451978394, -979.34347287976493, -1088.330502972502, -1094.6434106999343, -1149.5748819436049, -1172.618889276107, -1232.8820343200109, -1248.6395411286646, -1281.2879416320088, -1297.2467028526221, -1301.178842939757, -1320.1027680243674, -1331.6904147612674, -1356.8344552745768, -1387.2038918635624, -1395.5175349535762, -1422.9358479802488, -1426.5252373521073, -1437.0473041602504, -1458.0554631362079, -1461.0109141527828, -1464.7268066963143, -1473.4811037358209, -1489.2341771396939, -1508.8167560695263, -1518.2312175625634, -1521.5449260615478]
 -- BestCostElement: [-1521.54492606 -1521.54492606 -1521.54492606 -1521.54492606]
 -- BestRoute: [array([ 0,  6,  5,  4,  7,  9, 12, 10, 11,  8,  0]), array([ 1, 18, 15, 13, 16, 17, 19, 20, 22, 33, 34, 37, 40, 41, 39, 38,  1]), array([ 2, 29, 28, 26, 25, 23, 24, 27, 30, 31, 32,  2])]
 -- Custo: 
 ---------20.5366310572
 ---------39.6262928077
 ---------21.9508446196
 ---- Total: 82.1137684846
 -- Premio: 
 ---------49.0
 ---------82.0
 ---------54.0
 ---- Total: 185.0
 - Execucao 9
 -- BestCostGenaration: [-246.96327922618377, -423.69770617364486, -573.70287906331077, -649.46633948125805, -746.84845359630776, -816.96375372357772, -863.66667217829001, -892.15593089999129, -961.92695125384523, -970.6923021062089, -990.96143575100496, -1064.8652200455163, -1133.0936030968207, -1173.0936030968207, -1215.8351393317366, -1260.5205494686438, -1317.1931498785939, -1357.669557794904, -1365.4906367372685, -1381.8342714408918, -1390.6398868792796, -1410.826527832073, -1421.2487329339287, -1422.8792963449432, -1458.9392698586437, -1466.423309040676, -1479.420162627631, -1491.6362645456084, -1511.9470134674627, -1513.0323858631361, -1524.8940379004428, -1530.998683638418, -1538.3651606502733, -1544.715116842807, -1551.0845534317928]
 -- BestCostElement: [-1551.08455343 -1551.08455343 -1551.08455343 -1551.08455343]
 -- BestRoute: [array([ 0, 12,  9,  7,  4,  5,  6,  8, 11, 10,  0]), array([ 1, 18, 15, 13, 16, 17, 19, 20, 22, 33, 34, 37, 40, 41, 39, 38, 36,
        1]), array([ 2, 25, 26, 28, 29, 23, 24, 27, 30, 31, 32,  2])]
 -- Custo: 
 ---------22.5366310572
 ---------39.6834635726
 ---------25.0087670122
 ---- Total: 87.2288616421
 -- Premio: 
 ---------49.0
 ---------87.0
 ---------54.0
 ---- Total: 190.0
 - Execucao 10
 -- BestCostGenaration: [-282.04328685051712, -437.10536098430697, -557.65219739920076, -631.36799120682167, -736.76320634761964, -822.63712514953158, -869.23483918665852, -947.180064522522, -952.0664753253692, -1024.1861434740531, -1037.6160921847279, -1063.6514087597218, -1095.3072087844823, -1101.172227278505, -1111.0003308204693, -1160.4818140074829, -1167.7590826500332, -1205.4209821777588, -1249.6003459879266, -1259.5217622830278, -1298.5937617423456, -1322.1083393960448, -1332.0454040957243, -1333.7607822213549, -1360.2485045054366, -1406.9333840328634, -1416.0518381595452, -1437.6855947355498, -1459.6579396260786, -1468.2226259291358, -1480.618375141059, -1482.1579144620148, -1491.150170853196, -1492.8838921047122, -1513.6368894703292, -1520.1483737632275, -1524.165200824667, -1525.9841490703557, -1543.1802053840615, -1545.2889081535504, -1550.9578580323578, -1562.7668413454071, -1569.5060651502858, -1570.139588138431, -1578.0978997380266, -1582.4458295202226, -1584.2788514168378, -1588.3316199297083]
 -- BestCostElement: [-1588.33161993 -1588.33161993 -1588.33161993 -1588.33161993]
 -- BestRoute: [array([ 0,  8, 17, 16, 13,  6,  5,  4,  7,  9, 12, 10, 11,  0]), array([ 1, 15, 14, 18, 21, 36, 38, 39, 41, 40, 42, 37, 34, 33, 22, 19, 20,
        1]), array([ 2, 25, 23, 24, 27, 30, 31, 32, 29, 28, 26,  2])]
 -- Custo: 
 ---------35.878291258
 ---------39.3333223326
 ---------22.705481427
 ---- Total: 97.9170950176
 -- Premio: 
 ---------62.0
 ---------82.0
 ---------54.0
 ---- Total: 198.0
 - Execucao 11
 -- BestCostGenaration: [-211.74364199242925, -429.66451277008349, -593.91929341398281, -681.30057943671841, -765.42493270724174, -843.38996737581238, -915.29323434628782, -943.58081316139101, -1008.0556614823984, -1048.3526055720893, -1105.7236948384666, -1139.1808324190681, -1165.1567701973279, -1203.3237806328225, -1222.4737067734618, -1235.955292101894, -1265.25355866257, -1288.0519460552064, -1297.7459811650406, -1322.0891269155481, -1334.5967158408271, -1349.2248628794468, -1354.0561525610026, -1372.1154136849852, -1378.2944350889186, -1406.5484224076813, -1431.0704892158246, -1434.7815396886315, -1442.4051456953748, -1456.8928190449687, -1464.0168028654778, -1473.1197245837864, -1476.3707522368256, -1478.7929573386816, -1486.9044135186832, -1490.3288736572258, -1491.9222562078985, -1496.2693499464847, -1497.0981724976677, -1501.0200044340847, -1510.5606636626226, -1513.253662009434, -1526.7943212379721, -1528.3877037886448, -1531.8919278189796, -1533.9258808819914, -1536.1944006859314, -1538.1823050566168, -1538.9213650705024, -1539.080805731686]
 -- BestCostElement: [-1539.08080573 -1539.08080573 -1539.08080573 -1539.08080573]
 -- BestRoute: [array([ 0,  9,  7,  4,  5,  6,  8, 17, 20, 19, 12, 10, 11,  0]), array([ 1, 16, 13, 15, 14, 18, 21, 35, 36, 38, 40, 41, 39, 22,  1]), array([ 2, 32, 31, 27, 30, 42, 37, 34, 33, 24, 23, 25, 26, 28, 29,  2])]
 -- Custo: 
 ---------36.3635726322
 ---------39.3443135034
 ---------37.0219124315
 ---- Total: 112.729798567
 -- Premio: 
 ---------65.0
 ---------66.0
 ---------68.0
 ---- Total: 199.0
 - Execucao 12
 -- BestCostGenaration: [-292.44232255443956, -430.08917973618537, -593.39037202576014, -665.15338279414641, -754.20553451120304, -843.54314632939781, -894.28812549754434, -913.33604920523646, -963.94526987454867, -1013.0215400740522, -1029.6967673976101, -1123.7645649124981, -1138.3030335705212, -1175.0053698992765, -1184.0907994490462, -1232.1577930642845, -1254.2522422585232, -1289.7345115377273, -1292.3652217195352, -1320.8801274587447, -1337.2983468472662, -1364.0437682276026, -1390.7359906698862, -1396.0516555344689, -1403.140561817655, -1415.0254467265534, -1428.7070359563108, -1445.2797845836305, -1451.816963123676, -1454.2720409748117, -1461.5931608600363, -1463.0231095707111, -1474.4364294586769, -1494.2575084010414, -1503.152716723152]
 -- BestCostElement: [-1503.15271672 -1503.15271672 -1503.15271672 -1503.15271672]
 -- BestRoute: [array([ 0, 10, 11, 22, 20,  8,  6,  5,  4,  7,  9, 12,  0]), array([ 1, 18, 15, 13, 16, 17, 19, 33, 34, 37, 40, 41, 39, 36, 38,  1]), array([ 2, 29, 28, 26, 25, 23, 24, 27, 30, 31, 32,  2])]
 -- Custo: 
 ---------37.8128289767
 ---------39.4481472229
 ---------21.9508446196
 ---- Total: 99.2118208192
 -- Premio: 
 ---------56.0
 ---------80.0
 ---------54.0
 ---- Total: 190.0
 - Execucao 13
 -- BestCostGenaration: [-253.25570307872081, -451.20081772995366, -585.25150091817773, -672.02241503842083, -826.05656376085744, -870.73348445225793, -947.07290058866579, -959.72409808276734, -1018.3555342174842, -1055.7780882747293, -1116.4960222543989, -1152.1130798970291, -1170.3768315430875, -1220.2321590694198, -1222.996856464744, -1261.2334211656314, -1276.7711775407267, -1293.4574690417419, -1308.8258134663699, -1315.0602555598568, -1334.7062965152468, -1335.0602555598568, -1339.6580865286762, -1368.1966142057195, -1378.8299043902675, -1408.0301468094387, -1425.0750260878635, -1436.8075481003814, -1452.2287365775423, -1467.435354588991, -1469.8929254193924, -1472.8105059264462, -1483.1655706359707, -1484.7356427483594, -1491.8802146325829, -1500.8152484460436, -1505.9047944408494, -1507.5578638392456, -1516.6338838149313, -1519.666976880661, -1519.8503313430776, -1521.2603594313337]
 -- BestCostElement: [-1521.26035943 -1521.26035943 -1521.26035943 -1521.26035943]
 -- BestRoute: [array([ 0,  6,  5,  4,  7,  9,  8, 16, 17, 19, 11, 10, 12,  0]), array([ 1, 15, 13, 14, 18, 20, 22, 35, 36, 38, 39, 41, 40,  1]), array([ 2, 29, 28, 26, 25, 23, 24, 33, 34, 37, 42, 30, 27, 31, 32,  2])]
 -- Custo: 
 ---------36.6935729635
 ---------38.4694247472
 ---------37.0219124315
 ---- Total: 112.184910142
 -- Premio: 
 ---------64.0
 ---------65.0
 ---------68.0
 ---- Total: 197.0
 - Execucao 14
 -- BestCostGenaration: [-216.04682129084532, -393.49767528370711, -648.00256088091362, -677.93696396336088, -760.56087496063117, -809.66123008417151, -875.55653639229149, -875.89645951094531, -961.29566220016966, -1001.1164256258764, -1044.8456428795644, -1062.2492555610256, -1117.3434215461655, -1148.7145091548778, -1175.7305902246596, -1196.2234640809088, -1209.5166902406756, -1233.2746929153238, -1279.8065481467895, -1297.9441791614936, -1309.2092063628254, -1338.5405569839563, -1346.4208343928904, -1356.7220874934501, -1365.9659255161448, -1376.3370907984672, -1393.6448073173308, -1401.953048957613, -1410.4546254812817, -1428.2113413484681, -1430.2748130472878, -1445.0885143782266, -1449.5107194800826, -1454.7916652416138, -1455.5308890464926, -1462.5748135924571, -1472.8281968056669, -1473.5674206105457, -1474.3798646563264, -1474.3809516635197, -1474.8281968056669, -1480.755336075187, -1481.2025812173342, -1482.1312654748046, -1482.4961048680163, -1484.0894874186888, -1489.1201754683984, -1489.2025812173342, -1489.5674206105459, -1491.8296115943667]
 -- BestCostElement: [-1491.82961159 -1491.82961159 -1491.82961159 -1491.82961159]
 -- BestRoute: [array([ 0,  6,  5,  4,  7,  9, 12, 10, 11,  8,  0]), array([ 1, 18, 15, 13, 16, 17, 19, 20, 22, 35, 36, 38, 39, 40,  1]), array([ 2, 32, 31, 27, 30, 41, 37, 34, 24, 23, 25, 26, 28, 29,  2])]
 -- Custo: 
 ---------20.5366310572
 ---------39.1644365515
 ---------39.8415294927
 ---- Total: 99.5425971014
 -- Premio: 
 ---------49.0
 ---------72.0
 ---------68.0
 ---- Total: 189.0
 - Execucao 15
 -- BestCostGenaration: [-276.6785651071109, -458.7834237505233, -652.02226742888024, -696.47577795671191, -741.29055939522937, -867.31930583006545, -899.97015465911909, -947.50788063945106, -998.45140870368436, -1007.0762951411863, -1063.3182127071332, -1100.4930482896357, -1139.3527715377247, -1149.7062745886242, -1164.1318331576747, -1185.5621719730466, -1215.2136104150873, -1256.7032445266154, -1294.387367303374, -1296.3587519587927, -1321.4169683458902, -1332.3753973439243, -1336.3390073364567, -1357.8759788223524, -1370.4929665861982, -1385.8438559455249, -1390.3140455285629, -1394.8361123367058, -1397.3581791448491, -1409.9841033212415, -1414.1737108771142, -1416.6957776852573, -1418.28916023593, -1423.2604671688914, -1423.509113018803, -1429.0477653864987, -1429.7537190215103, -1431.371015373416, -1435.7932204752717, -1438.8489485652726, -1439.0083892264563]
 -- BestCostElement: [-1439.00838923 -1439.00838923 -1439.00838923 -1439.00838923]
 -- BestRoute: [array([ 0,  9,  7,  4,  5,  6,  8, 12, 25, 23, 24, 11, 10,  0]), array([ 1, 16, 13, 15, 14, 18, 21, 22, 20, 17, 19, 33, 34, 37,  1]), array([ 2, 26, 28, 29, 31, 27, 30, 35, 36, 38, 39, 40,  2])]
 -- Custo: 
 ---------35.5220000882
 ---------39.8692977943
 ---------39.8566048108
 ---- Total: 115.247902693
 -- Premio: 
 ---------61.0
 ---------60.0
 ---------69.0
 ---- Total: 190.0
 - Execucao 16
 -- BestCostGenaration: [-197.91225814532464, -435.96045647646338, -672.77674300199624, -751.38024576810858, -841.36587296937205, -842.26932146712284, -919.94867558267924, -920.736047659733, -951.52555432939607, -1004.6595505495071, -1024.6685359140511, -1059.833092829502, -1076.7387527164092, -1164.4708205102622, -1180.7084577603534, -1188.9315213568666, -1252.6596938747243, -1273.5357100542153, -1283.9163008909488, -1324.7105190937839, -1351.238278614444, -1356.4841467500592, -1386.0727528234013, -1425.6652439977158, -1429.1648708322766, -1432.130345573089, -1450.902240232585, -1462.5280196119111, -1472.3051072519077, -1486.8799425729212, -1499.5702919929818, -1505.8047340864684, -1511.0006461394046, -1518.2147431241187, -1523.7925380222628, -1528.2147431241187, -1536.0242275927685, -1540.4464326946245, -1541.9087782339529, -1543.5021607846256, -1546.0242275927685, -1553.0955433352983, -1553.3907046046238, -1554.688925885971]
 -- BestCostElement: [-1554.68892589 -1554.68892589 -1554.68892589 -1554.68892589]
 -- BestRoute: [array([ 0,  6,  5,  4,  7,  9, 12, 10, 11,  8, 16, 17, 19,  0]), array([ 1, 15, 13, 14, 18, 20, 22, 33, 34, 37, 40, 41, 39, 38, 36,  1]), array([ 2, 29, 28, 26, 25, 23, 24, 27, 30, 31, 32,  2])]
 -- Custo: 
 ---------35.5666177255
 ---------38.8103061834
 ---------21.9508446196
 ---- Total: 96.3277685285
 -- Premio: 
 ---------64.0
 ---------76.0
 ---------54.0
 ---- Total: 194.0
 - Execucao 17
 -- BestCostGenaration: [-252.29192261870497, -408.12208702383828, -528.19012564833224, -650.89292818618753, -743.21290516949648, -811.41753736637179, -845.70866199824718, -895.44507205927505, -900.01756978375215, -973.9945545281355, -1091.0473237097458, -1139.4809397999857, -1147.6070021158553, -1183.6117136014573, -1222.5965586063985, -1233.1830513874952, -1252.3471337709213, -1306.8570684238321, -1361.7134208741163, -1400.4119751218764, -1412.7143223189635, -1448.0463709934579, -1451.2911193100838, -1459.4349557563164, -1466.3117627886813, -1478.4613901675521, -1479.5432453050375, -1484.147724931724, -1486.7517674051892, -1492.147724931724, -1493.3381971999174, -1508.5465555090759, -1508.9984049166042, -1513.3415506671117, -1519.8602640080608, -1524.2034097585683, -1567.5071607337422, -1571.0290204877356]
 -- BestCostElement: [-1571.02902049 -1571.02902049 -1571.02902049 -1571.02902049]
 -- BestRoute: [array([ 0,  9,  7,  4,  5,  6,  8, 11, 10, 12,  0]), array([ 1, 18, 15, 13, 16, 17, 19, 33, 34, 37, 40, 41, 39, 38, 36, 35, 22,
       20,  1]), array([ 2, 32, 29, 28, 26, 25, 23, 24, 27, 30, 31,  2])]
 -- Custo: 
 ---------22.5366310572
 ---------39.0705509067
 ---------23.1355629141
 ---- Total: 84.7427448781
 -- Premio: 
 ---------49.0
 ---------88.0
 ---------54.0
 ---- Total: 191.0
 - Execucao 18
 -- BestCostGenaration: [-215.92239727456382, -433.33597789927313, -591.26904885082536, -657.24064355298128, -701.96498767112109, -795.09550681198846, -877.05276044799371, -909.0751861831892, -919.59022119181736, -958.04631891848726, -1009.9027613903324, -1043.836827171775, -1045.3770881914647, -1096.7723383884857, -1145.8522067977665, -1174.4464966549501, -1237.8129736668052, -1290.5799713163406, -1291.5547163875331, -1306.3529716225289, -1337.8000961485261, -1357.4665120627369, -1423.7103724033059, -1436.5911274237494, -1455.528448505383, -1456.4151039614721, -1463.7068770799699, -1470.0440338376154, -1475.0507223676761, -1489.8902804685586, -1500.560582212207, -1500.8136147985094, -1515.9594560527157, -1516.9083251584887, -1526.937195240612, -1527.1902278269145, -1542.6922232405113, -1543.057062633723, -1543.3100952200255]
 -- BestCostElement: [-1543.31009522 -1543.31009522 -1543.31009522 -1543.31009522]
 -- BestRoute: [array([ 0,  7,  4,  5,  6,  8, 11, 10, 12, 25, 23, 24,  9,  0]), array([ 1, 18, 21, 33, 22, 20, 19, 17, 16, 13, 14, 15,  1]), array([ 2, 26, 28, 29, 31, 30, 42, 40, 41, 39, 38, 36, 35, 34, 37, 27,  2])]
 -- Custo: 
 ---------35.0248987066
 ---------29.3557629669
 ---------39.7918145214
 ---- Total: 104.172476195
 -- Premio: 
 ---------61.0
 ---------50.0
 ---------85.0
 ---- Total: 196.0
 - Execucao 19
 -- BestCostGenaration: [-277.29898970198701, -484.49010674001329, -628.51288996047185, -705.71110663001821, -777.45562901532594, -850.26934439467527, -927.4504248916744, -936.70170592774548, -972.14312036257559, -1008.9398183591757, -1059.2825535833608, -1084.1747660905712, -1116.4357866345031, -1150.2717868986738, -1201.583387657357, -1204.9963944417723, -1244.8526951037884, -1272.7844393732803, -1287.5575770976193, -1309.6772635842542, -1333.9790400453976, -1354.4935078790568, -1363.7618017753039, -1364.5881134482611, -1393.130021718526, -1429.7229825391144, -1435.2352592498737, -1460.416790018056, -1464.4386474517532, -1480.5585302153499, -1483.4397208035293, -1498.9060595216715, -1502.2322142768787, -1509.8088034789785, -1534.077282161224, -1538.040142422577, -1538.49948726308, -1540.5467220130822, -1541.8604305120671, -1546.282635613923]
 -- BestCostElement: [-1546.28263561 -1546.28263561 -1546.28263561 -1546.28263561]
 -- BestRoute: [array([ 0,  7,  4,  5,  6,  8, 16, 17, 11, 10, 12,  9,  0]), array([ 1, 15, 13, 14, 18, 22, 35, 36, 38, 39, 41, 40, 37, 34, 19, 20,  1]), array([ 2, 27, 24, 23, 25, 26, 28, 29, 32, 31, 30,  2])]
 -- Custo: 
 ---------32.6422232805
 ---------39.9958499514
 ---------23.2912678647
 ---- Total: 95.9293410965
 -- Premio: 
 ---------55.0
 ---------84.0
 ---------54.0
 ---- Total: 193.0
 - Execucao 20
 -- BestCostGenaration: [-249.7778346270951, -414.06743531870529, -537.75737459325046, -633.1354871426455, -711.95206646835982, -763.48700941681875, -920.83615006495472, -982.66619319374911, -999.58449856256948, -1078.7555325369397, -1115.2694353112174, -1178.8327388458788, -1235.2549439477348, -1252.1396286431286, -1258.1918827380982, -1269.0984359886813, -1282.3413066819353, -1291.6385376247554, -1308.9907742367116, -1313.1807490186111, -1317.0895981069889, -1339.9801530221557, -1370.6889829456779, -1372.5492977201325, -1386.5449248765731, -1390.1644120346377, -1393.4509384073795, -1408.9258911990421, -1427.4551831623389, -1434.8584263214079, -1446.3170422537951, -1447.2439727411061, -1448.0110773636293, -1455.0271210919491, -1462.1308336631321, -1462.8979382856553, -1465.0033337548105, -1472.7864821056537, -1474.0415029375069, -1474.4063423307186]
 -- BestCostElement: [-1474.40634233 -1474.40634233 -1474.40634233 -1474.40634233]
 -- BestRoute: [array([ 0,  6,  5,  4,  7,  9, 12, 10, 11,  8,  0]), array([ 1, 18, 15, 13, 16, 17, 19, 20, 22, 35, 36, 38, 39, 40,  1]), array([ 2, 23, 25, 26, 28, 29, 32, 27, 24, 33, 34, 37, 30, 31,  2])]
 -- Custo: 
 ---------20.5366310572
 ---------39.1644365515
 ---------39.1973468086
 ---- Total: 98.8984144173
 -- Premio: 
 ---------49.0
 ---------72.0
 ---------66.0
 ---- Total: 187.0
 - Execucao 21
 -- BestCostGenaration: [-296.16220529947702, -451.80252185341135, -572.72265256987021, -748.37421836983617, -784.68112423691878, -865.00738936567518, -886.70794999461293, -929.73945036073314, -962.59816100644582, -1059.6098892985274, -1092.2825904309209, -1119.0986517524648, -1142.4019370069482, -1202.6348735071811, -1228.952518355519, -1232.9145475588689, -1259.9075938863584, -1260.3822470992309, -1269.8206630160491, -1286.3715069133464, -1320.5797917807308, -1351.8449765218047, -1359.2662701176605, -1384.2992053976814, -1394.8212722058247, -1401.1498853825619, -1412.990053040804, -1416.3665704867021, -1448.9604497887983, -1456.2821899927681, -1466.4092338252983, -1480.3498776616134, -1491.0006886968856, -1497.0114922291327, -1512.3624267791949, -1514.1354760496417, -1555.6470919167209, -1561.668785559425, -1566.0119313099326]
 -- BestCostElement: [-1566.01193131 -1566.01193131 -1566.01193131 -1566.01193131]
 -- BestRoute: [array([ 0,  7,  4,  5,  6,  8, 11, 10, 12,  9,  0]), array([ 1, 15, 13, 16, 17, 19, 20, 22, 33, 34, 37, 40, 41, 39, 38, 35, 36,
       18,  1]), array([ 2, 27, 30, 24, 23, 25, 26, 28, 29, 32, 31,  2])]
 -- Custo: 
 ---------22.1289902045
 ---------39.7875040132
 ---------24.0805229549
 ---- Total: 85.9970171725
 -- Premio: 
 ---------49.0
 ---------88.0
 ---------54.0
 ---- Total: 191.0
 - Execucao 22
 -- BestCostGenaration: [-310.38608197411713, -428.05862591354708, -608.0619069693854, -700.21852428679153, -775.7755212311265, -831.29186186839888, -903.5568900499361, -940.6671857389922, -985.26017071976889, -1056.8805846824484, -1091.3935072094, -1129.8895849126543, -1155.2782097776389, -1178.0529335610595, -1203.8073916789476, -1256.8651628513194, -1260.0018353231308, -1271.0488679406433, -1280.6122719101957, -1287.63860601183, -1302.1079494978387, -1314.7381190187889, -1340.3686824298034, -1356.7144200322457, -1360.8792577141849, -1378.6350100539898, -1389.3140993721104, -1403.2050354623434, -1409.0117616633654, -1415.0776157373689, -1422.5393754634003, -1441.503099764765, -1456.3036538243161, -1463.2479257343152, -1468.9649528133104, -1478.4003582178721, -1484.2247360295532, -1490.9636092075245, -1495.3858143093805, -1497.3269398063348, -1499.3148441770202, -1504.7698399975934, -1506.4498818103859, -1509.4561314986086, -1510.2743142199449, -1511.9048776309592, -1512.1628580399433]
 -- BestCostElement: [-1512.16285804 -1512.16285804 -1512.16285804 -1512.16285804]
 -- BestRoute: [array([ 0, 12,  9,  7,  4,  5,  6,  8, 10, 11, 16, 19, 17,  0]), array([ 1, 15, 13, 14, 18, 21, 22, 35, 36, 38, 39, 41, 40, 20,  1]), array([ 2, 25, 26, 28, 29, 27, 24, 33, 34, 37, 42, 30, 31, 32,  2])]
 -- Custo: 
 ---------39.0945318496
 ---------39.1339491457
 ---------38.7308044947
 ---- Total: 116.95928549
 -- Premio: 
 ---------64.0
 ---------67.0
 ---------67.0
 ---- Total: 198.0
 - Execucao 23
 -- BestCostGenaration: [-216.24346732081924, -423.48948512793459, -583.16752264525712, -656.37713168267817, -760.9483892484534, -794.9483892484534, -873.71509732285949, -916.93149077263922, -1010.3315938120409, -1024.3349639085604, -1055.5225155874009, -1081.1521164051421, -1159.6452045920578, -1165.0071092669668, -1209.6177141514131, -1226.2871711821608, -1237.1159485426085, -1290.6062746884745, -1294.9494204389821, -1309.0582040736965, -1312.4726655667337, -1357.7120987460585, -1358.0331287001027, -1375.6687010428027, -1376.6696625739946, -1390.2113977556089, -1396.5115438712978, -1400.8546896218056, -1433.0776409143127, -1442.1692578561806, -1452.2281323592263, -1453.8503765338132, -1472.0423556688288, -1472.9962177880193, -1478.5811153020609, -1506.5225914259227, -1520.0632506544607, -1522.4854557563167, -1530.4063964049683, -1530.817797885984, -1532.1160191673312]
 -- BestCostElement: [-1532.11601917 -1532.11601917 -1532.11601917 -1532.11601917]
 -- BestRoute: [array([ 0,  9,  7,  4,  5,  6,  8, 16, 17, 11, 12, 10,  0]), array([ 1, 15, 13, 14, 18, 21, 36, 38, 39, 41, 40, 33, 22, 19, 20,  1]), array([ 2, 23, 25, 26, 28, 29, 32, 30, 42, 37, 34, 24, 27, 31,  2])]
 -- Custo: 
 ---------33.1143592355
 ---------39.9439489079
 ---------38.9126870648
 ---- Total: 111.970995208
 -- Premio: 
 ---------55.0
 ---------77.0
 ---------66.0
 ---- Total: 198.0
 - Execucao 24
 -- BestCostGenaration: [-241.22791153739314, -465.56100865510712, -688.92742152194342, -759.78688713162046, -794.74154080824042, -826.4739528975249, -909.05294601187018, -948.55542535760696, -1012.5098004138147, -1073.4154664068728, -1088.7822610725843, -1112.5016337244615, -1139.678549147679, -1154.4653427677558, -1163.5399762828201, -1181.715479044437, -1187.3797446801693, -1203.1552767320848, -1212.7888912130913, -1229.364733383158, -1253.0258848163267, -1281.0999918187219, -1294.1343923465836, -1297.8605586393971, -1314.5860485739036, -1367.8851635068618, -1377.7417876449863, -1386.9288830148487, -1407.6054800480317, -1415.5037183358622, -1421.6811771147923, -1437.487494952162, -1441.2773121884456, -1473.2539220821623, -1476.0387533309777, -1486.6426320134501, -1492.3785456142909, -1501.3708020054719, -1510.4374201173364, -1511.3527435897374, -1515.0709431054813, -1515.4750897916028, -1520.4193617016019, -1521.9971565997459, -1525.0528846897469]
 -- BestCostElement: [-1525.05288469 -1525.05288469 -1525.05288469 -1525.05288469]
 -- BestRoute: [array([ 0,  7,  4,  5,  6,  8, 11, 10,  9, 12,  0]), array([ 1, 21, 18, 14, 15, 13, 16, 17, 19, 20, 22, 33, 34, 37,  1]), array([ 2, 27, 31, 30, 40, 41, 39, 38, 36, 35, 24, 25, 26, 28, 29,  2])]
 -- Custo: 
 ---------24.0644951022
 ---------37.3524315749
 ---------39.8198521504
 ---- Total: 101.236778828
 -- Premio: 
 ---------49.0
 ---------60.0
 ---------84.0
 ---- Total: 193.0
 - Execucao 25
 -- BestCostGenaration: [-271.10191576418123, -400.33359758385791, -626.21434277891058, -662.08239433757672, -789.26339016208271, -823.52747656124211, -970.06259438489167, -991.70530658405517, -1034.286306262587, -1057.0154288631372, -1080.3363944061518, -1100.3363944061518, -1150.1618203522735, -1154.5774463449343, -1189.6768892137366, -1268.0592536204883, -1280.8088307668211, -1325.449263724181, -1356.2112828954323, -1401.9112761883575, -1404.959217406383, -1413.8393161160882, -1441.5007103671574, -1453.4844120122796, -1467.1410961437759, -1478.7832373991798, -1481.0372050798539, -1487.1114803995138, -1489.4124974669983, -1497.6140668112052, -1504.6635251200378, -1515.6081476569443, -1531.1184776774544, -1539.33563467419, -1545.171409981318, -1549.8205206219914, -1552.6182683030083, -1557.6036689728344, -1560.4014166538514, -1563.920523884864, -1569.6564374857048]
 -- BestCostElement: [-1569.65643749 -1569.65643749 -1569.65643749 -1569.65643749]
 -- BestRoute: [array([ 0,  7,  4,  5,  6,  8, 11, 10,  9, 12,  0]), array([ 1, 18, 15, 13, 16, 17, 19, 33, 34, 37, 40, 41, 39, 38, 36, 35, 22,
       20,  1]), array([ 2, 29, 28, 26, 25, 23, 24, 27, 30, 31, 32,  2])]
 -- Custo: 
 ---------24.0644951022
 ---------39.0705509067
 ---------21.9508446196
 ---- Total: 85.0858906286
 -- Premio: 
 ---------49.0
 ---------88.0
 ---------54.0
 ---- Total: 191.0
 - Execucao 26
 -- BestCostGenaration: [-272.19939708720449, -459.04196724113734, -578.53981879382263, -662.55695656235434, -725.73081911033671, -811.00175921467849, -871.70353793333152, -972.65066773447438, -974.42402282488706, -1025.3727682242993, -1100.9608608682095, -1138.8654871323197, -1209.145305550795, -1232.3789647878637, -1262.9474634170117, -1265.9206148974763, -1284.7024520671494, -1298.1803852590062, -1302.601094878951, -1337.451260534524, -1347.1452956443582, -1356.2868287875021, -1372.7401030875394, -1399.8945927414102, -1409.5886278512444, -1422.5901187945663, -1438.0499754835487, -1440.2287966595422, -1447.59812607602, -1450.0468722083706, -1457.2921611858542, -1462.7111200816166, -1469.0778436663722, -1470.724598835468, -1480.5748817689453, -1481.9686043517388, -1482.2216369380412, -1485.1493664630511, -1500.7238078940009, -1501.561636275504, -1502.3653387168483, -1505.5345544955585]
 -- BestCostElement: [-1505.5345545 -1505.5345545 -1505.5345545 -1505.5345545]
 -- BestRoute: [array([ 0,  9,  7,  4,  5,  6,  8, 16, 17, 19, 11, 12, 10,  0]), array([ 1, 15, 13, 14, 18, 20, 22, 33, 34, 35, 36, 38, 39,  1]), array([ 2, 25, 26, 28, 29, 32, 27, 24, 37, 41, 40, 42, 30, 31,  2])]
 -- Custo: 
 ---------35.1143592355
 ---------38.5499831134
 ---------39.9520190273
 ---- Total: 113.616361376
 -- Premio: 
 ---------64.0
 ---------59.0
 ---------73.0
 ---- Total: 196.0
 - Execucao 27
 -- BestCostGenaration: [-270.02159320781311, -427.99217322445952, -535.73741412170102, -661.61897094004303, -712.87856094327788, -802.64905804553882, -899.61075956407524, -913.5031181851823, -982.74421687582162, -1020.2742732173101, -1106.3282914465854, -1152.7898423670715, -1186.651684160463, -1243.3848638536142, -1273.4121311220415, -1299.6997856614207, -1307.0662626732758, -1335.8919572157429, -1348.0271773145619, -1369.4810950114559, -1383.4251598673054, -1397.097588288708, -1402.7322096187677, -1412.3832299650137, -1421.7407012351421, -1436.5012680558173, -1456.3862692055509, -1466.2899247574514, -1471.0613620722338, -1476.4600269310133, -1479.7737354299979, -1482.9011952984069, -1499.2992134871663, -1504.9011952984069, -1505.1963565677327]
 -- BestCostElement: [-1505.19635657 -1505.19635657 -1505.19635657 -1505.19635657]
 -- BestRoute: [array([ 0,  6,  5,  4,  7,  9, 12, 10, 11,  8, 16, 20, 19, 17,  0]), array([ 1, 13, 15, 14, 18, 22, 33, 34, 37, 35, 36, 38, 39,  1]), array([ 2, 24, 23, 25, 26, 28, 29, 32, 31, 40, 41, 42, 30, 27,  2])]
 -- Custo: 
 ---------38.7699765293
 ---------39.5341151887
 ---------37.8968191401
 ---- Total: 116.200910858
 -- Premio: 
 ---------67.0
 ---------62.0
 ---------68.0
 ---- Total: 197.0
 - Execucao 28
 -- BestCostGenaration: [-206.29345229612431, -464.12403455497082, -578.81927803857889, -688.72409069887294, -715.14585406151434, -846.70794260682806, -859.75282253926412, -971.77337931924808, -985.69370609911221, -1032.4886223875969, -1050.5611792765339, -1077.81143083353, -1119.118451471194, -1125.6337973996738, -1147.9497281842678, -1162.3930765965697, -1196.8265352166331, -1231.7426280220952, -1243.9230965490101, -1256.07673665619, -1275.9259690706103, -1333.195238132872, -1365.4569387004767, -1393.1419025570017, -1408.6900531494732, -1442.8007693307263, -1462.0972386845976, -1464.619305492741, -1469.8803870354409, -1475.6514493156069, -1477.3443340884564, -1484.8301633190927, -1488.1438718180775, -1492.7499117741947, -1503.8056398641957, -1512.4439475303061, -1514.749021132707, -1518.3384105045654, -1520.7814884462387, -1524.5351025109694, -1524.8342569591091, -1529.9643055595056]
 -- BestCostElement: [-1529.96430556 -1529.96430556 -1529.96430556 -1529.96430556]
 -- BestRoute: [array([ 0,  7,  4,  5,  6,  8, 11, 10, 24, 23, 12,  9,  0]), array([ 1, 18, 14, 15, 13, 16, 17, 20, 33, 34, 35, 38, 36, 22, 19,  1]), array([ 2, 25, 26, 28, 29, 32, 27, 37, 39, 41, 40, 42, 30, 31,  2])]
 -- Custo: 
 ---------31.9756847573
 ---------39.6793037853
 ---------38.3539350675
 ---- Total: 110.00892361
 -- Premio: 
 ---------55.0
 ---------65.0
 ---------77.0
 ---- Total: 197.0
 - Execucao 29
 -- BestCostGenaration: [-223.83349413238531, -395.77618216039821, -588.07085362742725, -644.03604826776996, -767.83042466823508, -805.25574105876717, -839.21339645083572, -926.20619193391121, -956.63680609468042, -1015.8504989826661, -1045.8383932911684, -1103.7095892635025, -1127.0794687818498, -1133.0091436169002, -1165.3884103425153, -1222.9664941045864, -1256.0859673704017, -1280.5596741037621, -1288.6906306483029, -1323.1898048573066, -1347.38366776252, -1382.7343456112371, -1386.2598541753694, -1387.9191163291102, -1393.4948119970213, -1407.1081755419332, -1435.0597588500389, -1465.0597588500389, -1475.6453425477375, -1479.6608850095304, -1488.0026835074084, -1498.468815171401, -1508.6274350296981, -1511.1009780799304, -1513.8612829239432, -1518.2261223171549, -1520.21402668784, -1529.7621772803113, -1530.2094224224586, -1531.492101242013, -1532.8179053703122, -1533.2651505124595]
 -- BestCostElement: [-1533.26515051 -1532.97734603 -1532.81790537 -1532.81790537]
 -- BestRoute: [array([ 0,  6,  5,  4,  7,  9, 12, 10, 19, 20, 16, 17, 11,  8,  0]), array([ 1, 15, 13, 14, 18, 21, 22, 35, 36, 38, 39, 41, 40, 34,  1]), array([ 2, 29, 28, 26, 25, 23, 24, 33, 37, 42, 30, 31, 32, 27,  2])]
 -- Custo: 
 ---------37.2949043237
 ---------39.5132802435
 ---------37.3755278047
 ---- Total: 114.183712372
 -- Premio: 
 ---------67.0
 ---------68.0
 ---------64.0
 ---- Total: 199.0
