 - Execucao 0
 -- BestCostGenaration: [-312.73396656557748, -345.6623205280481, -426.3117614637215, -532.11756217017705, -578.77063029500493, -612.35995492663233, -633.92779230096551, -662.26615401978484, -680.93075187809609, -702.93075187809609, -718.7031006771399, -731.34140769697319, -789.01995558916951, -796.94973818855487, -819.01995558916963, -822.07568367917042, -823.08342728798925, -839.76971878900463, -849.47455751967891, -851.47455751967891, -854.53028560967982, -864.2351243403541]
 -- BestCostElement: [-864.23512434 -864.23512434 -864.23512434 -864.23512434]
 -- BestRoute: [array([0, 6, 5, 4, 0]), array([ 1, 16, 13, 15, 18,  1]), array([ 2, 31, 30, 27, 25,  2]), array([ 3, 35, 36, 38, 39, 41, 40,  3])]
 -- Custo: 
 ---------9.84161925296
 ---------10.7147766421
 ---------11.4984735025
 ---------11.8863495174
 ---- Total: 43.9412189149
 -- Premio: 
