 - Execucao 0
 -- BestCostGenaration: [-319.23115712442257, -474.0490422137849, -610.69831664545154, -814.4294874248917, -896.58211764404928, -929.48509691463505, -993.88997172900417, -1037.8899717290042, -1077.7953247251271, -1158.591750447657, -1225.1138172558003, -1244.2938984085088, -1271.4258881361416, -1317.6847598328907, -1322.3445736595136, -1326.6770162240718, -1361.9150188389026, -1367.2955360271521, -1396.3885454123858, -1399.7022539113705, -1400.0533503248466, -1409.944646667826, -1438.6936190147867, -1463.8811297782704, -1467.6858754059679, -1487.5069543483323, -1500.5146979571512]
 -- BestCostElement: [-1500.51469796 -1500.51469796 -1500.51469796 -1500.51469796]
 -- BestRoute: [array([ 0,  4,  5,  6,  8, 11, 10, 12,  0]), array([ 1, 15, 13, 16, 17, 19, 20, 22, 18,  1]), array([ 2, 29, 28, 26, 25, 23, 24, 27, 31,  2]), array([ 3, 33, 34, 37, 40, 41, 39, 38, 36,  3])]
 -- Custo: 
 ---------19.0776872305
 ---------18.0842599401
 ---------18.7147766421
 ---------18.994601698
 ---- Total: 74.8713255107
 -- Premio: 
 ---------44.0
 ---------42.0
 ---------49.0
 ---------45.0
 ---- Total: 180.0
 - Execucao 1
 -- BestCostGenaration: [-252.26254604457461, -387.38664815806146, -523.58800001765246, -732.78907355924991, -875.66699225114689, -958.72009668917894, -981.1861062574884, -1040.8143930661486, -1073.6906594376562, -1152.0994603129857, -1173.5369842008934, -1239.3035419342762, -1243.6466876847837, -1279.8439489179289, -1325.2724670641098, -1360.7024157747846, -1389.6903088107485, -1395.1717592607931, -1414.8286135102855, -1426.8789158632785, -1437.3110784889454, -1446.4295326156273, -1469.1321574313097, -1469.6231945600223, -1480.6464806306342, -1501.1375177593468, -1513.9663403105301, -1526.9740839193489]
 -- BestCostElement: [-1526.97408392 -1526.97408392 -1526.97408392 -1526.97408392]
 -- BestRoute: [array([ 0,  4,  5,  6,  8, 11, 10, 12,  0]), array([ 1, 18, 21, 22, 20, 19, 17, 16, 13, 15,  1]), array([ 2, 31, 30, 27, 24, 23, 25, 26, 28, 29,  2]), array([ 3, 33, 34, 37, 40, 41, 39, 36, 38,  3])]
 -- Custo: 
 ---------19.0776872305
 ---------19.8770543023
 ---------19.5432037669
 ---------19.7585337205
 ---- Total: 78.2564790202
 -- Premio: 
 ---------44.0
 ---------44.0
 ---------51.0
 ---------45.0
 ---- Total: 184.0
 - Execucao 2
 -- BestCostGenaration: [-278.09758410385803, -438.34509485946876, -613.96348320098912, -734.42474858393894, -861.76615643640775, -909.9551408720464, -945.43473008687533, -1038.0639901546938, -1090.4492193974891, -1092.0443445831199, -1155.4797365865982, -1162.7114477227719, -1204.5834491577812, -1220.8476993479335, -1258.4982838162573, -1260.7623702154167, -1275.5229370360919, -1307.4439228754791, -1339.4008410262431, -1360.3326737496272, -1385.6275827740674, -1396.4909974536049, -1399.7701138242355, -1416.6207938091159, -1419.7918074669396, -1425.613050200297, -1430.8524833796218, -1433.5376785915912, -1451.0901372951244, -1463.2317137014252, -1484.7315043269791, -1489.4177958279943, -1494.1978430451215, -1508.1493192872108, -1524.5626824383332]
 -- BestCostElement: [-1524.56268244 -1524.56268244 -1524.56268244 -1524.56268244]
 -- BestRoute: [array([ 0,  4,  5,  6,  8, 11, 10, 12,  0]), array([ 1, 15, 13, 16, 17, 19, 20, 22, 18,  1]), array([ 2, 31, 30, 27, 24, 23, 25, 26, 28, 29,  2]), array([ 3, 37, 34, 33, 35, 36, 38, 39, 40, 41,  3])]
 -- Custo: 
 ---------19.0776872305
 ---------18.0842599401
 ---------19.5432037669
 ---------19.654178453
 ---- Total: 76.3593293904
 -- Premio: 
 ---------44.0
 ---------42.0
 ---------51.0
 ---------46.0
 ---- Total: 183.0
 - Execucao 3
 -- BestCostGenaration: [-225.44895862305913, -396.93088359514479, -538.66261928772974, -702.54381115721083, -801.06858529759916, -901.18958501840189, -1020.8734536226963, -1046.8953110563934, -1107.207651479685, -1126.90531377094, -1155.7705263295909, -1197.707037943059, -1204.7989692046131, -1237.0845854554832, -1250.7099523294537, -1279.9663403105301, -1291.5427680594512, -1300.5350244506324, -1346.5711090219281, -1374.6825652019299, -1375.2574005229435, -1377.4216252158153, -1385.1610560748438, -1408.9466516010891, -1424.6761701270425, -1453.3688567029451, -1470.2195366878254, -1479.2117930790064, -1483.0483592390087, -1492.0406156301897, -1499.7798826982253, -1508.7269071312053, -1512.6087052494083, -1513.0700528817129, -1529.0220684005305, -1538.0143247917119]
 -- BestCostElement: [-1538.01432479 -1538.01432479 -1538.01432479 -1538.01432479]
 -- BestRoute: [array([ 0,  4,  5,  6,  8, 10, 11, 12,  0]), array([ 1, 18, 21, 22, 20, 19, 17, 16, 13, 15,  1]), array([ 2, 31, 30, 27, 24, 23, 25, 26, 28, 29,  2]), array([ 3, 37, 34, 33, 35, 36, 38, 39, 41, 40,  3])]
 -- Custo: 
 ---------19.9061143552
 ---------19.8770543023
 ---------19.5432037669
 ---------18.6700463777
 ---- Total: 77.9964188021
 -- Premio: 
 ---------44.0
 ---------44.0
 ---------51.0
 ---------46.0
 ---- Total: 185.0
 - Execucao 4
 -- BestCostGenaration: [-393.18731588926096, -558.02443397793945, -603.84877814035292, -752.63057805359131, -911.40653303340866, -926.14161894154847, -987.78160543659044, -1084.3097363783438, -1146.3754213234154, -1168.3588171485717, -1186.7082393737094, -1215.6154942143598, -1232.8998085996889, -1250.6673929165399, -1273.9071634604718, -1297.7683529647418, -1336.7950376932838, -1367.1644742822696, -1369.881840653451, -1382.1646427138553, -1399.1970967142429, -1405.059162859849, -1416.9008803661593, -1424.8802418022133, -1430.4702321182856, -1437.8913388782269, -1460.8617378357108, -1466.4222476371037, -1475.9703982295753, -1482.8356107882259, -1490.0555635710989, -1492.6566897305904, -1501.6489461217718, -1518.062309272894]
 -- BestCostElement: [-1518.06230927 -1518.06230927 -1518.06230927 -1518.06230927]
 -- BestRoute: [array([ 0,  6,  5,  4,  7,  9, 12, 10, 11,  0]), array([ 1, 18, 14, 15, 13, 16, 17, 19,  1]), array([ 2, 31, 30, 27, 24, 23, 25, 26, 28, 29,  2]), array([ 3, 37, 34, 33, 35, 36, 38, 39, 41, 40,  3])]
 -- Custo: 
 ---------19.365058182
 ---------17.9061143552
 ---------19.5432037669
 ---------18.6700463777
 ---- Total: 75.4844226818
 -- Premio: 
 ---------46.0
 ---------39.0
 ---------51.0
 ---------46.0
 ---- Total: 182.0
 - Execucao 5
 -- BestCostGenaration: [-278.92868425747054, -398.58790163563032, -619.83433218592393, -723.50558719910964, -881.28478765046736, -903.28478765046736, -1018.6728578701357, -1036.3154757001769, -1043.2212155167567, -1109.4536095391134, -1154.074834985822, -1194.775697835747, -1220.7054352443965, -1248.634041444019, -1261.7798826982253, -1319.5326054751906, -1335.0671135228176, -1346.7103648348091, -1379.7813544730066, -1385.7642950456966, -1410.555145883664, -1418.8791867234552, -1433.4803128829467, -1443.3839684348472, -1450.330992867827, -1453.3867209578279, -1458.1520718101915, -1461.2077999001924, -1470.6741386183348, -1474.6106669195151, -1476.1560649890057, -1486.9058281888408, -1495.8980845800218]
 -- BestCostElement: [-1495.89808458 -1495.89808458 -1495.89808458 -1495.89808458]
 -- BestRoute: [array([ 0,  4,  5,  6,  8, 10, 11, 12,  0]), array([ 1, 18, 14, 15, 13, 16, 17, 19,  1]), array([ 2, 31, 30, 27, 24, 23, 25, 26, 28, 29,  2]), array([ 3, 37, 34, 33, 35, 36, 38, 39, 41, 40,  3])]
 -- Custo: 
 ---------19.9061143552
 ---------17.9061143552
 ---------19.5432037669
 ---------18.6700463777
 ---- Total: 76.025478855
 -- Premio: 
 ---------44.0
 ---------39.0
 ---------51.0
 ---------46.0
 ---- Total: 180.0
 - Execucao 6
 -- BestCostGenaration: [-298.46879500542303, -444.65122345203469, -614.20162724220677, -829.23255979845464, -897.62717733831937, -970.85383063225152, -993.00826206469299, -1023.7980472980955, -1138.0290211564754, -1173.9089746018856, -1226.2557629042997, -1232.4032417771493, -1259.7074052576786, -1279.1480571543027, -1308.3729577598574, -1331.8461069200257, -1348.0777964905317, -1351.3361707895797, -1357.0700528817129, -1369.918355829348, -1370.7085669556957, -1403.2537579710365, -1414.8727916485677, -1438.9954269351454, -1448.8990824870459, -1458.0143247917119, -1469.4874739518805, -1473.830619702388, -1478.9538126700227]
 -- BestCostElement: [-1478.95381267 -1478.95381267 -1478.95381267 -1478.95381267]
 -- BestRoute: [array([ 0,  4,  5,  6,  8, 10, 12, 11,  0]), array([ 1, 18, 14, 15, 13, 16, 17, 19,  1]), array([ 2, 29, 28, 26, 25, 23, 24, 27, 31,  2]), array([ 3, 37, 34, 33, 35, 36, 38, 39, 41, 40,  3])]
 -- Custo: 
 ---------19.9706094575
 ---------17.9061143552
 ---------18.7147766421
 ---------18.6700463777
 ---- Total: 75.2615468325
 -- Premio: 
 ---------44.0
 ---------39.0
 ---------49.0
 ---------46.0
 ---- Total: 178.0
 - Execucao 7
 -- BestCostGenaration: [-290.40551932620451, -396.84936068023814, -608.29729657235907, -712.00213530303347, -811.55221116536143, -904.038193402209, -934.08815878200437, -1018.1230284487328, -1041.7815183892894, -1098.6419921069876, -1125.8949814301336, -1137.0001657760977, -1174.9851378574954, -1187.066409070967, -1225.9295735584876, -1235.5884758791101, -1283.1677013417479, -1287.4777653612468, -1300.5821628347851, -1312.3766003117639, -1327.3954981683305, -1350.361113094126, -1378.6976769338319, -1383.0408226843397, -1389.5332451868103, -1415.0847492464763, -1418.7052134885012, -1423.502170316644, -1442.1303781674876, -1445.6184105283337, -1450.9801035085006, -1462.2145888651439, -1463.1325699366653, -1479.0652688500243, -1479.9832499215456, -1483.5975629826594, -1483.7454543608644, -1486.8011824508651, -1487.7191635223862]
 -- BestCostElement: [-1487.71916352 -1487.71916352 -1487.71916352 -1487.71916352]
 -- BestRoute: [array([ 0,  4,  5,  6,  8, 10, 11, 12,  0]), array([ 1, 22, 20, 19, 17, 16, 13, 15, 18,  1]), array([ 2, 29, 28, 26, 25, 23, 24, 31, 27,  2]), array([ 3, 34, 33, 36, 38, 39, 41, 40, 37,  3])]
 -- Custo: 
 ---------19.9061143552
 ---------18.3071357894
 ---------19.8863495174
 ---------19.9706094575
 ---- Total: 78.0702091194
 -- Premio: 
 ---------44.0
 ---------42.0
 ---------49.0
 ---------45.0
 ---- Total: 180.0
 - Execucao 8
 -- BestCostGenaration: [-296.35514094493146, -467.03037863308987, -635.41947670979437, -760.80323881840081, -878.20743074658662, -949.20651927728284, -1024.5448829236811, -1069.2581461850818, -1088.8356107882259, -1112.6151003242958, -1168.7769027891868, -1209.8282426651426, -1214.9514356327772, -1255.2651656974299, -1318.0248641866681, -1326.8742223016548, -1335.8431906060518, -1342.67875885903, -1348.1401497544907, -1367.0219046095376, -1399.1381448212276, -1402.7999017026659, -1410.1087075697048, -1415.32607162059, -1420.0123631216052, -1427.8015763409292, -1429.0046195127866, -1436.6986546226203, -1437.2949967504237, -1445.4179826639088, -1446.0143247917119, -1453.7083599015461, -1457.0437620432347, -1462.7006162927271, -1466.6371445939074]
 -- BestCostElement: [-1466.63714459 -1466.63714459 -1466.63714459 -1466.63714459]
 -- BestRoute: [array([ 0,  6,  5,  4, 10, 11, 12,  0]), array([ 1, 18, 14, 15, 13, 16, 17, 19,  1]), array([ 2, 31, 30, 27, 24, 23, 25, 26, 28, 29,  2]), array([ 3, 37, 34, 33, 35, 36, 38, 39, 41, 40,  3])]
 -- Custo: 
 ---------19.7213493517
 ---------17.9061143552
 ---------19.5432037669
 ---------18.6700463777
 ---- Total: 75.8407138515
 -- Premio: 
 ---------41.0
 ---------39.0
 ---------51.0
 ---------46.0
 ---- Total: 177.0
 - Execucao 9
 -- BestCostGenaration: [-386.88879824634114, -477.13340424904857, -597.50667022585526, -719.71142615710414, -810.28251926288726, -923.13215743130968, -1040.6388436410741, -1066.924957958385, -1141.3446321678662, -1165.6171297801347, -1210.9211064247495, -1235.9915308795139, -1245.8951864314145, -1265.7162653737787, -1276.821134795229, -1287.7571339767628, -1312.6145596634383, -1315.0991813853557, -1325.9998075884273, -1367.2534073441288, -1369.6228439331148, -1397.6228439331148, -1400.1449107412577, -1401.5965530946366, -1410.588809485818, -1433.0527926437896, -1437.6228439331146, -1440.2239700926064, -1457.0746500774867, -1466.0669064686679, -1469.1226345586688, -1473.9398626361376, -1476.0669064686679, -1478.5889732768112]
 -- BestCostElement: [-1478.58897328 -1478.58897328 -1478.58897328 -1478.58897328]
 -- BestRoute: [array([ 0,  4,  5,  6,  8, 11, 10, 12,  0]), array([ 1, 18, 14, 15, 13, 16, 17, 19,  1]), array([ 2, 29, 28, 26, 25, 23, 24, 27, 31,  2]), array([ 3, 37, 34, 33, 35, 36, 38, 39, 40, 41,  3])]
 -- Custo: 
 ---------19.0776872305
 ---------17.9061143552
 ---------18.7147766421
 ---------19.654178453
 ---- Total: 75.3527566808
 -- Premio: 
 ---------44.0
 ---------39.0
 ---------49.0
 ---------46.0
 ---- Total: 178.0
 - Execucao 10
 -- BestCostGenaration: [-246.65511619595796, -396.66666547893675, -521.83308194871984, -757.07135745866844, -855.8698117395295, -864.5370209995508, -959.3061306662637, -1008.2136370830599, -1045.8704913325523, -1092.1070254290655, -1161.8714431146363, -1182.8076473643534, -1233.8039782370024, -1248.4702321182858, -1255.1431093316214, -1279.2942706377808, -1297.9128456850165, -1311.1033397392921, -1338.2797165869356, -1352.9132395750808, -1362.4613901675521, -1371.5778374333918, -1374.9207761297498, -1378.0702599358624, -1378.1973037683929, -1383.4319529160293, -1390.2824691099165, -1394.6256148604241]
 -- BestCostElement: [-1394.62561486 -1394.62561486 -1394.62561486 -1394.62561486]
 -- BestRoute: [array([ 0,  6,  5,  4,  7,  9, 12, 11, 10,  0]), array([ 1, 18, 14, 15, 13, 16, 17, 19,  1]), array([ 2, 27, 23, 25, 26, 28, 29, 31,  2]), array([ 3, 35, 36, 38, 40, 41, 39, 37,  3])]
 -- Custo: 
 ---------19.365058182
 ---------17.9061143552
 ---------19.2073655657
 ---------17.365058182
 ---- Total: 73.8435962849
 -- Premio: 
 ---------46.0
 ---------39.0
 ---------44.0
 ---------40.0
 ---- Total: 169.0
 - Execucao 11
 -- BestCostGenaration: [-243.98602102351461, -373.79540644140246, -574.59371211776374, -725.47387261732365, -800.48087056400391, -890.20736591776256, -953.90515359906317, -1011.9440622003616, -1019.584052029574, -1080.1551863456448, -1102.7403874880006, -1144.4986756534527, -1226.131561629124, -1237.0527926437894, -1257.8422993182867, -1290.7948122348057, -1294.8475807476761, -1326.1424097944227, -1332.2422715007099, -1363.9487909878947, -1410.1424097944225, -1429.5942159387946, -1430.8816335993015, -1450.3507248404244, -1457.2977492734044, -1457.8940914012076, -1467.36043011935, -1472.6458861097501, -1496.8431473428952, -1497.4394894706984]
 -- BestCostElement: [-1497.43948947 -1497.43948947 -1497.43948947 -1497.43948947]
 -- BestRoute: [array([ 0,  6,  5,  4,  7,  9, 12, 10, 11,  0]), array([ 1, 18, 14, 15, 13, 16, 17, 19,  1]), array([ 2, 29, 28, 26, 25, 23, 24, 27, 31,  2]), array([ 3, 37, 34, 33, 35, 36, 38, 39, 40, 41,  3])]
 -- Custo: 
 ---------19.365058182
 ---------17.9061143552
 ---------18.7147766421
 ---------19.654178453
 ---- Total: 75.6401276323
 -- Premio: 
 ---------46.0
 ---------39.0
 ---------49.0
 ---------46.0
 ---- Total: 180.0
 - Execucao 12
 -- BestCostGenaration: [-266.87175877479285, -437.30006986682412, -637.48988094632341, -795.88171164941582, -841.7292453098446, -926.17950286961195, -959.98526109834552, -1053.1570629846226, -1098.582227663609, -1168.8990825756389, -1201.277855201351, -1207.0030656162426, -1234.1581160472088, -1263.2694961522579, -1279.9623472203089, -1286.1870013031528, -1316.5313908708329, -1333.1523019092626, -1333.428499102537, -1353.8885863552462, -1393.7048812659223, -1396.2606116762195, -1407.318535065921, -1418.6303988921127, -1436.5154888100255, -1444.4750161499742, -1447.4442735023867, -1453.4672725411554, -1455.3585688841345, -1463.7341114632952, -1487.2079867361069, -1495.5746708021118, -1505.1228213945831, -1506.0515056520537, -1513.7874192528943]
 -- BestCostElement: [-1513.78741925 -1510.73169116 -1510.47371075 -1506.94300905]
 -- BestRoute: [array([ 0,  6,  5,  4,  7,  9, 12, 11, 10,  0]), array([ 1, 18, 15, 13, 16, 17, 19, 20, 22,  1]), array([ 2, 29, 28, 26, 25, 23, 24, 31, 27,  2]), array([ 3, 33, 34, 37, 40, 41, 39, 38, 36,  3])]
 -- Custo: 
 ---------19.365058182
 ---------18.3071357894
 ---------19.8863495174
 ---------18.994601698
 ---- Total: 76.5531451868
 -- Premio: 
 ---------46.0
 ---------42.0
 ---------49.0
 ---------45.0
 ---- Total: 182.0
 - Execucao 13
 -- BestCostGenaration: [-251.64931574621912, -374.47780381436559, -536.47202046514178, -690.62909223720874, -770.99114347194859, -879.01564350539331, -958.07169050035623, -1005.3328173223849, -1047.0738292746, -1102.2892426209157, -1162.103266526123, -1190.7104986757899, -1199.0535992355617, -1278.222726364027, -1283.7962160128923, -1290.1695905365368, -1292.5871532518831, -1318.855882037552, -1341.7434475000218, -1349.5941707480588, -1352.0574946449156, -1394.9518509999159, -1402.3479723174437, -1422.1122248278925, -1426.3915482526729, -1431.6603754203638, -1436.3094860610377, -1445.1430474531735, -1469.8135463003791, -1474.1566920508867, -1475.8354037340764, -1485.4970420152572, -1496.1305650034019, -1500.7796756440755, -1501.3760177718787]
 -- BestCostElement: [-1501.37601777 -1501.37601777 -1501.37601777 -1501.37601777]
 -- BestRoute: [array([ 0,  6,  5,  4,  7,  9, 12, 10, 11,  0]), array([ 1, 18, 14, 15, 13, 16, 17, 19,  1]), array([ 2, 29, 28, 26, 25, 23, 24, 27, 31,  2]), array([ 3, 37, 34, 33, 35, 36, 38, 39, 41, 40,  3])]
 -- Custo: 
 ---------19.365058182
 ---------17.9061143552
 ---------18.7147766421
 ---------18.6700463777
 ---- Total: 74.655995557
 -- Premio: 
 ---------46.0
 ---------39.0
 ---------49.0
 ---------46.0
 ---- Total: 180.0
 - Execucao 14
 -- BestCostGenaration: [-296.1647282574819, -436.71519630645469, -601.08291287008853, -739.31429302397476, -834.18056066138377, -907.43652025038375, -1016.9781419269873, -1098.719540030919, -1116.9097223168928, -1213.6164036674918, -1213.7581438647853, -1220.0794321815961, -1225.1399443032851, -1248.6806035318232, -1271.1232355028824, -1296.5705879105658, -1322.9947998732641, -1356.7676853527178, -1363.2955912713076, -1369.3688115122093, -1392.4462784356497, -1397.406883660316, -1417.1588607751432, -1418.7894241861575, -1424.3499339875505, -1433.141575678392, -1449.2379201264912, -1449.7501932018167, -1455.3644232981642, -1457.8541580178851, -1464.8011824508649, -1467.6184105283337, -1474.2675211690073, -1480.8423564900208, -1481.7338598871497]
 -- BestCostElement: [-1481.73385989 -1481.73385989 -1481.73385989 -1481.73385989]
 -- BestRoute: [array([ 0,  4,  5,  6,  8, 11, 10, 12,  0]), array([ 1, 15, 13, 16, 17, 19, 20, 22, 18,  1]), array([ 2, 25, 26, 28, 29, 32, 27, 31,  2]), array([ 3, 37, 34, 33, 35, 36, 38, 39, 41, 40,  3])]
 -- Custo: 
 ---------19.0776872305
 ---------18.0842599401
 ---------18.73454148
 ---------18.6700463777
 ---- Total: 74.5665350282
 -- Premio: 
 ---------44.0
 ---------42.0
 ---------46.0
 ---------46.0
 ---- Total: 178.0
 - Execucao 15
 -- BestCostGenaration: [-286.06838981466683, -411.36715925872249, -616.69446511181604, -785.66364519954868, -879.23869771706518, -939.82984010978907, -1018.5161316108043, -1068.3298214380329, -1127.1136374894932, -1183.6385566092308, -1193.2285856927087, -1226.3543673923311, -1229.8324643751812, -1250.9292027133447, -1293.9850945943385, -1313.6378909247858, -1338.3504732642791, -1350.6936190147867, -1358.7307998751285, -1376.1715522066434, -1379.5744839661972, -1399.2162264837873, -1410.0034347698484, -1416.921065214462, -1427.2685190760312, -1429.1598154190106, -1435.4394894706984, -1438.5694928803591, -1440.4580367003575, -1444.4317458618796, -1459.9243754184999]
 -- BestCostElement: [-1459.92437542 -1459.92437542 -1459.92437542 -1459.92437542]
 -- BestRoute: [array([ 0,  4,  5,  6,  8, 11, 10, 12,  0]), array([ 1, 18, 14, 15, 13, 16, 17, 19,  1]), array([ 2, 31, 30, 27, 24, 23, 25, 26, 28, 29,  2]), array([ 3, 37, 34, 33, 35, 36, 38, 39, 40,  3])]
 -- Custo: 
 ---------19.0776872305
 ---------17.9061143552
 ---------19.5432037669
 ---------18.4919007928
 ---- Total: 75.0189061454
 -- Premio: 
 ---------44.0
 ---------39.0
 ---------51.0
 ---------42.0
 ---- Total: 176.0
 - Execucao 16
 -- BestCostGenaration: [-302.10459689965631, -498.87777599678884, -584.54997239154136, -696.6215403789563, -811.43042197581337, -857.28319329498049, -932.69985316046416, -1011.1263183208632, -1036.0691596663685, -1077.944437686097, -1112.6298378993472, -1126.1077710912041, -1149.0373466364395, -1199.6384276051954, -1209.3432663358699, -1220.900258879075, -1232.5933845357774, -1277.0455615252922, -1295.0367195745587, -1305.4589246764147, -1322.4781827812544, -1323.4068670387246, -1332.3718162800756, -1362.9200101357035, -1374.4872656388914, -1394.3083445812558, -1425.8234586334543, -1438.2239700926064, -1461.5448396605245, -1493.7609415785018, -1498.4100522191754, -1507.8763909373179, -1510.2195366878254]
 -- BestCostElement: [-1510.21953669 -1510.21953669 -1510.21953669 -1510.21953669]
 -- BestRoute: [array([ 0,  4,  5,  6,  8, 11, 10, 12,  0]), array([ 1, 15, 13, 16, 17, 19, 20, 22, 18,  1]), array([ 2, 29, 28, 26, 25, 23, 24, 27, 31,  2]), array([ 3, 33, 34, 37, 40, 41, 39, 38, 36, 35,  3])]
 -- Custo: 
 ---------19.0776872305
 ---------18.0842599401
 ---------18.7147766421
 ---------19.0683920154
 ---- Total: 74.945115828
 -- Premio: 
 ---------44.0
 ---------42.0
 ---------49.0
 ---------46.0
 ---- Total: 181.0
 - Execucao 17
 -- BestCostGenaration: [-319.82687551591999, -430.90903608957751, -587.57905901615663, -805.54852342271909, -879.21591706716765, -978.28514649214912, -1015.2545036331752, -1073.0525836620607, -1108.0445083741133, -1149.5126797615876, -1168.4855541608013, -1205.1602678174272, -1209.8985248059885, -1253.7157961466137, -1286.1407442831082, -1288.7271726937074, -1303.2110782266386, -1326.2355962882662, -1332.1482642084525, -1359.6261974003094, -1376.4768773851897, -1378.9989441933328, -1404.4943262729339, -1408.5470947858043, -1423.3076616064795, -1432.774000324622, -1436.8267688374924, -1448.5099139254628]
 -- BestCostElement: [-1448.50991393 -1448.50991393 -1448.50991393 -1448.50991393]
 -- BestRoute: [array([ 0,  4,  5,  6,  8, 11, 10, 12,  0]), array([ 1, 18, 14, 15, 13, 16, 17, 19,  1]), array([ 2, 25, 26, 28, 29, 32, 27, 31,  2]), array([ 3, 37, 34, 33, 35, 36, 38, 39, 40, 41,  3])]
 -- Custo: 
 ---------19.0776872305
 ---------17.9061143552
 ---------18.73454148
 ---------19.654178453
 ---- Total: 75.3725215186
 -- Premio: 
 ---------44.0
 ---------39.0
 ---------46.0
 ---------46.0
 ---- Total: 175.0
 - Execucao 18
 -- BestCostGenaration: [-310.53976727203303, -427.23216476322364, -589.69194584924537, -719.02585342849579, -804.60433322899519, -909.81275544750497, -1028.304417906872, -1097.0592040701367, -1135.1072337420544, -1154.2686041957531, -1185.7921580938471, -1204.3707363424892, -1240.2872531416047, -1242.6889227682507, -1272.4267222521721, -1286.919144754643, -1289.2898620918277, -1317.2885813436285, -1318.6644314118303, -1352.3443094336294, -1356.687455184137, -1381.0306009346446, -1384.3443094336294, -1390.5787515271161, -1393.8924600261009, -1400.4824070790166, -1405.8305439153623, -1419.7353964021625, -1420.4816614168781, -1422.1201754908611, -1438.9673382175538, -1457.3992918614917, -1474.2499718463721, -1478.8990824870457, -1488.3654212051881, -1501.1942437563714, -1510.7423943488427, -1530.5634732912072, -1539.5557296823883, -1541.8988754328959]
 -- BestCostElement: [-1541.89887543 -1541.89887543 -1541.89887543 -1541.89887543]
 -- BestRoute: [array([ 0,  6,  5,  4,  7,  9, 12, 10, 11,  0]), array([ 1, 18, 21, 22, 20, 19, 17, 16, 13, 15,  1]), array([ 2, 29, 28, 26, 25, 23, 24, 27, 31,  2]), array([ 3, 33, 34, 37, 40, 41, 39, 38, 36, 35,  3])]
 -- Custo: 
 ---------19.365058182
 ---------19.8770543023
 ---------18.7147766421
 ---------19.0683920154
 ---- Total: 77.0252811418
 -- Premio: 
 ---------46.0
 ---------44.0
 ---------49.0
 ---------46.0
 ---- Total: 185.0
 - Execucao 19
 -- BestCostGenaration: [-260.6419401573711, -351.21450611971756, -528.28431378270966, -750.75793681063578, -917.0409891883462, -935.10606231226029, -999.27948920087829, -1041.4041944934374, -1067.8966169959083, -1102.4381655846321, -1152.2833743840383, -1173.5915434821006, -1188.051357231546, -1243.8822579957518, -1279.7920165372614, -1300.7313406245789, -1322.2350239054631, -1325.4406463209657, -1349.6651594520524, -1362.4906357354107, -1392.6598082509643, -1413.5991323382818, -1417.2412735936859, -1422.1187836937731, -1436.6859352984493, -1448.6309381688411, -1458.6417417896814, -1479.779882698225, -1486.7269071312051, -1495.7191635223862, -1501.8198160815475, -1510.8120724727289, -1512.4054550234016]
 -- BestCostElement: [-1512.40545502 -1512.40545502 -1512.40545502 -1512.40545502]
 -- BestRoute: [array([ 0,  4,  5,  6,  8, 11, 10, 12,  0]), array([ 1, 22, 20, 19, 17, 16, 13, 15, 18,  1]), array([ 2, 31, 30, 27, 24, 23, 25, 26, 28, 29,  2]), array([ 3, 34, 33, 36, 38, 39, 41, 40, 37,  3])]
 -- Custo: 
 ---------19.0776872305
 ---------18.3071357894
 ---------19.5432037669
 ---------19.9706094575
 ---- Total: 76.8986362441
 -- Premio: 
 ---------44.0
 ---------42.0
 ---------51.0
 ---------45.0
 ---- Total: 182.0
 - Execucao 20
 -- BestCostGenaration: [-295.91956985184538, -422.68119805270715, -561.71138096636832, -760.88527615120802, -831.41073519395161, -944.61649276766127, -977.30873847131988, -1021.6133875649041, -1053.2208015337469, -1089.967336936252, -1124.0823555651773, -1166.5597310759767, -1201.5174937432885, -1240.9567855602972, -1305.2223324739625, -1318.60392121772, -1318.8796878790554, -1351.2825123730729, -1403.2825123730731, -1424.0390212747029, -1433.9426768266032, -1440.8897012595833, -1443.4908274190748, -1449.1476816685672, -1453.0389780115463, -1456.0947061015472]
 -- BestCostElement: [-1456.0947061 -1456.0947061 -1456.0947061 -1456.0947061]
 -- BestRoute: [array([ 0,  6,  5,  4,  7,  9, 12, 11, 10,  0]), array([ 1, 18, 14, 15, 13, 16, 17, 19,  1]), array([ 2, 25, 26, 28, 29, 32, 27, 31,  2]), array([ 3, 34, 33, 36, 38, 39, 41, 40, 37,  3])]
 -- Custo: 
 ---------19.365058182
 ---------17.9061143552
 ---------18.73454148
 ---------19.9706094575
 ---- Total: 75.9763234746
 -- Premio: 
 ---------46.0
 ---------39.0
 ---------46.0
 ---------45.0
 ---- Total: 176.0
 - Execucao 21
 -- BestCostGenaration: [-341.57805350445472, -408.00600555528445, -675.82559760721801, -763.56087971146997, -826.07038522958146, -895.91914347334125, -956.5676565925645, -1048.1315616291242, -1099.0400730417532, -1117.8688955929365, -1186.9402113354658, -1234.2911006947925, -1245.6533400212952, -1260.9368026241161, -1267.4380218865847, -1268.4505865467117, -1317.8918400338271, -1327.5966787645013, -1340.6044223733202, -1364.9484523419858, -1367.5495785014773, -1391.3445171340563, -1407.9561959508048, -1416.1952969075505, -1425.1570628960296, -1426.6458409190145, -1450.0386087693478, -1459.7434475000221, -1464.4364847028323, -1469.2915980924936, -1470.5479408828339, -1478.2838544836745, -1481.4874739518802]
 -- BestCostElement: [-1481.48747395 -1481.48747395 -1481.48747395 -1481.48747395]
 -- BestRoute: [array([ 0,  6,  5,  4,  7,  9, 12, 10, 11,  0]), array([ 1, 18, 14, 15, 13, 16, 17, 19,  1]), array([ 2, 29, 28, 26, 25, 23, 24, 31, 27,  2]), array([ 3, 34, 33, 36, 38, 39, 41, 40, 37,  3])]
 -- Custo: 
 ---------19.365058182
 ---------17.9061143552
 ---------19.8863495174
 ---------19.9706094575
 ---- Total: 77.128131512
 -- Premio: 
 ---------46.0
 ---------39.0
 ---------49.0
 ---------45.0
 ---- Total: 179.0
 - Execucao 22
 -- BestCostGenaration: [-306.14859184960773, -438.74663784496329, -629.13919864114666, -744.59923252973806, -839.38248268536699, -964.18209160159972, -1023.6803512869378, -1047.7918074669394, -1093.3798019766975, -1169.1735571399067, -1171.8753358585595, -1215.0347166941642, -1232.8854399422012, -1258.3074379899074, -1268.5267935864658, -1273.4521789746195, -1296.1614149165257, -1312.6740634775865, -1336.8089693228403, -1347.9271073986101, -1377.4752579910814, -1380.0075790899168, -1408.8137533545289, -1410.0406156301897, -1426.883595269408, -1428.4100522191754, -1430.0406156301899, -1435.141575678392, -1449.5185488220468, -1452.8322573210314, -1455.9029333519413, -1456.0933841430601, -1458.5959705547516, -1470.8911318240773, -1471.6339981808626, -1476.0143247917122, -1482.9391163052589, -1484.7486007739094, -1488.320289681878]
 -- BestCostElement: [-1488.32028968 -1488.32028968 -1488.32028968 -1488.32028968]
 -- BestRoute: [array([ 0,  4,  5,  6,  8, 11, 10, 12,  0]), array([ 1, 18, 15, 13, 16, 17, 19, 20, 22,  1]), array([ 2, 31, 30, 27, 24, 23, 25, 26, 28, 29,  2]), array([ 3, 37, 34, 33, 35, 36, 38, 39, 40,  3])]
 -- Custo: 
 ---------19.0776872305
 ---------18.3071357894
 ---------19.5432037669
 ---------18.4919007928
 ---- Total: 75.4199275795
 -- Premio: 
 ---------44.0
 ---------42.0
 ---------51.0
 ---------42.0
 ---- Total: 179.0
 - Execucao 23
 -- BestCostGenaration: [-281.61645711793631, -438.17018505742078, -569.73654882359688, -725.23200041898144, -817.8932705983209, -883.47865664901201, -983.01238342843362, -1031.9975657093889, -1068.3391303667102, -1101.8362937630022, -1140.6539372076097, -1183.4601114722216, -1206.2952038045735, -1243.3246410560964, -1300.0378631072092, -1302.2580229442317, -1343.0084258556863, -1347.4367369477175, -1350.4924650377184, -1367.9850945943388, -1368.3282403448463, -1399.3576775963691, -1403.1784059118261, -1413.0368295055255, -1435.1784059118261, -1452.0290858967064, -1461.4954246148488]
 -- BestCostElement: [-1461.49542461 -1461.49542461 -1461.49542461 -1461.49542461]
 -- BestRoute: [array([ 0,  4,  5,  6,  8, 10, 11, 12,  0]), array([ 1, 18, 14, 15, 13, 16, 17, 19,  1]), array([ 2, 25, 26, 28, 29, 27, 30, 31, 32,  2]), array([ 3, 37, 34, 33, 35, 36, 38, 39, 40, 41,  3])]
 -- Custo: 
 ---------19.9061143552
 ---------17.9061143552
 ---------19.6597366829
 ---------19.654178453
 ---- Total: 77.1261438463
 -- Premio: 
 ---------44.0
 ---------39.0
 ---------48.0
 ---------46.0
 ---- Total: 177.0
 - Execucao 24
 -- BestCostGenaration: [-210.45539287197661, -357.82845472253757, -518.09368330190148, -771.26899499665774, -809.03726023541617, -935.899556480093, -1002.7872109399054, -1057.5046737732637, -1095.3473694456509, -1112.9528858353599, -1176.3964508846188, -1206.3964508846188, -1219.403054272495, -1243.9251210806383, -1252.5525380786078, -1278.1412229986156, -1298.0357558114761, -1321.0220232097952, -1321.7873740621587, -1322.3094408703018, -1330.6525866208094, -1339.5773781343569, -1348.2623024861493, -1360.9322606724973, -1362.2194914970898, -1378.7268619404695, -1387.6974246889467, -1394.0777512997959, -1396.056057657092, -1400.7051682977656, -1406.5146527664153, -1415.0056898951279, -1439.7182722346211, -1459.5393511769857, -1465.1962054264782, -1468.5099139254628]
 -- BestCostElement: [-1468.50991393 -1468.50991393 -1468.50991393 -1468.50991393]
 -- BestRoute: [array([ 0,  4,  5,  6,  8, 11, 10, 12,  0]), array([ 1, 18, 14, 15, 13, 16, 17, 19,  1]), array([ 2, 25, 26, 28, 29, 32, 30, 31, 27,  2]), array([ 3, 33, 34, 37, 40, 41, 39, 38, 36, 35,  3])]
 -- Custo: 
 ---------19.0776872305
 ---------17.9061143552
 ---------19.3203279176
 ---------19.0683920154
 ---- Total: 75.3725215186
 -- Premio: 
 ---------44.0
 ---------39.0
 ---------48.0
 ---------46.0
 ---- Total: 177.0
 - Execucao 25
 -- BestCostGenaration: [-242.80786247820399, -392.16484219950831, -519.68525391888363, -762.16497300885521, -816.57079960530837, -899.55635548543012, -960.01980929480305, -1073.5266864095227, -1077.7802581839605, -1135.8549356084588, -1160.1859857296517, -1196.6609141536424, -1228.7871118891435, -1240.8897261184113, -1288.1735165974972, -1316.8598080985123, -1338.1523221274979, -1357.9734010698621, -1367.7004727199692, -1367.8770566217627, -1370.399123429906, -1390.043618470477, -1399.9472740223773, -1431.8385703653566, -1438.7855947983364, -1442.5950792669864, -1445.1962054264779, -1448.2519335164789, -1463.6028228758053, -1464.938225017494, -1465.9087877659711, -1473.7298667083357]
 -- BestCostElement: [-1473.72986671 -1473.72986671 -1473.72986671 -1473.72986671]
 -- BestRoute: [array([ 0,  4,  5,  6,  8, 11, 12, 10,  0]), array([ 1, 18, 14, 15, 13, 16, 17, 19,  1]), array([ 2, 27, 30, 31, 32, 29, 28, 26, 25,  2]), array([ 3, 37, 34, 33, 35, 36, 38, 39, 40, 41,  3])]
 -- Custo: 
 ---------19.1421823327
 ---------17.9061143552
 ---------17.365058182
 ---------19.654178453
 ---- Total: 74.0675333229
 -- Premio: 
 ---------44.0
 ---------39.0
 ---------48.0
 ---------46.0
 ---- Total: 177.0
 - Execucao 26
 -- BestCostGenaration: [-322.02159320781305, -490.91920259511721, -653.59010394303368, -758.29658926692457, -862.80036100170105, -914.98878028411218, -974.5207834044561, -1048.8245981856569, -1110.1423646036869, -1162.1423646036869, -1177.429737073458, -1212.7199524476812, -1219.212374950152, -1223.1536706614293, -1255.6139632149752, -1258.8228621849912, -1289.9571089654828, -1319.5052595579543, -1328.8819004790303, -1345.2280330283902, -1352.7937322972193, -1361.4064529304255, -1367.3956041188494, -1375.9235719158871, -1378.1965002657801, -1402.2667176663947, -1412.9180883470001, -1425.5489387898579, -1430.398358694699, -1436.9883057476147, -1447.2490386795794, -1453.6596493077209, -1456.7153773977218]
 -- BestCostElement: [-1456.7153774 -1456.7153774 -1456.7153774 -1456.7153774]
 -- BestRoute: [array([ 0,  6,  8, 11, 10, 12,  9,  5,  0]), array([ 1, 18, 14, 15, 13, 16, 17, 19, 20,  1]), array([ 2, 25, 26, 28, 29, 32, 27, 31,  2]), array([ 3, 37, 34, 33, 35, 36, 38, 39, 40, 41,  3])]
 -- Custo: 
 ---------18.8958046604
 ---------18.5366310572
 ---------18.73454148
 ---------19.654178453
 ---- Total: 75.8211556506
 -- Premio: 
 ---------42.0
 ---------42.0
 ---------46.0
 ---------46.0
 ---- Total: 176.0
 - Execucao 27
 -- BestCostGenaration: [-261.11351549059782, -375.87781126420316, -552.64952866165686, -709.61752897299982, -841.27953448020708, -862.3545311833243, -931.62897521743275, -1008.2612925981266, -1057.5519220806493, -1065.4555776325496, -1121.8657289616563, -1164.2191639151035, -1190.8951662131792, -1215.2055645081259, -1249.6749079941344, -1271.5601631757622, -1272.7991108497918, -1313.5641562659835, -1323.3497269334007, -1325.5435959319452, -1353.0065811828931, -1363.8725845944182, -1372.8648409855994, -1411.9441073910973, -1413.0935911972099, -1434.3837613806975, -1442.2265339657658, -1443.3760177718787, -1460.0623092728938, -1467.1538510740138, -1488.1737654528956, -1499.0700528817129, -1508.7640879915468, -1512.0777964905317]
 -- BestCostElement: [-1512.07779649 -1512.07779649 -1512.07779649 -1512.07779649]
 -- BestRoute: [array([ 0,  4,  5,  6,  8, 10, 11, 12,  0]), array([ 1, 18, 14, 15, 13, 16, 17, 19, 20,  1]), array([ 2, 29, 28, 26, 25, 23, 24, 27, 30, 31,  2]), array([ 3, 33, 34, 37, 40, 41, 39, 38, 36,  3])]
 -- Custo: 
 ---------19.9061143552
 ---------18.5366310572
 ---------19.5432037669
 ---------18.994601698
 ---- Total: 76.9805508774
 -- Premio: 
 ---------44.0
 ---------42.0
 ---------51.0
 ---------45.0
 ---- Total: 182.0
 - Execucao 28
 -- BestCostGenaration: [-228.26465412324592, -384.1831812570544, -539.82778496905166, -752.60098457183835, -897.25009521251195, -923.44112516176267, -1011.2098314089, -1027.6564814176015, -1073.716786485141, -1099.0688814519185, -1128.2194615470771, -1220.8525452580695, -1291.6135513558972, -1311.1854018056376, -1327.886930332274, -1336.3309928678273, -1373.0888935665453, -1408.5188422772198, -1424.1230284487328, -1435.6445375758187, -1440.6458861097503, -1446.999835481098, -1461.5597876014338, -1465.291643283229, -1474.2838996744103, -1484.2048403230619, -1489.5665333032289, -1493.6516986447525, -1494.5696797162734, -1495.19693292325, -1504.3615284612649, -1505.1005884751505, -1506.0185695466714]
 -- BestCostElement: [-1506.01856955 -1505.27950953 -1505.10058848 -1504.425187  ]
 -- BestRoute: [array([ 0,  6,  5,  4,  7,  9, 12, 10, 11,  0]), array([ 1, 22, 20, 19, 17, 16, 13, 15, 18,  1]), array([ 2, 29, 28, 26, 25, 23, 24, 27, 31,  2]), array([ 3, 37, 34, 35, 36, 38, 40, 41, 39,  3])]
 -- Custo: 
 ---------19.365058182
 ---------18.3071357894
 ---------18.7147766421
 ---------19.6083869999
 ---- Total: 75.9953576133
 -- Premio: 
 ---------46.0
 ---------42.0
 ---------49.0
 ---------44.0
 ---- Total: 181.0
 - Execucao 29
 -- BestCostGenaration: [-259.45548625898277, -417.10520988494943, -679.4831904886837, -874.13375692882482, -888.68474849816937, -966.15410331889916, -1025.7068778148405, -1052.0648996078255, -1132.8443530389391, -1155.5834130528247, -1188.9530273919454, -1222.5259323156156, -1239.9248061561243, -1288.1945512454117, -1308.1572699501794, -1310.6112844930537, -1334.5228137952417, -1357.2134739608068, -1362.885276151208, -1392.4334267436795, -1402.6603322824969, -1417.581065876999, -1423.2379201264914, -1449.5371393148623, -1456.742144156826, -1462.3989984063185, -1466.742144156826, -1476.1939503011981, -1495.9359698922144, -1505.4023086103566, -1506.6897262708633]
 -- BestCostElement: [-1506.68972627 -1506.68972627 -1506.68972627 -1506.68972627]
 -- BestRoute: [array([ 0,  4,  5,  6,  8, 11, 10, 12,  0]), array([ 1, 18, 14, 15, 13, 16, 17, 19, 20,  1]), array([ 2, 23, 25, 26, 28, 29, 32, 31, 30, 27,  2]), array([ 3, 37, 34, 33, 35, 36, 38, 39, 41, 40,  3])]
 -- Custo: 
 ---------19.0776872305
 ---------18.5366310572
 ---------19.5432037669
 ---------18.6700463777
 ---- Total: 75.8275684323
 -- Premio: 
 ---------44.0
 ---------42.0
 ---------49.0
 ---------46.0
 ---- Total: 181.0
