 - Execucao 0
 -- BestCostGenaration: [-282.38703661798451, -544.40419654630637, -637.58587821932724, -761.01154437606021, -825.29742402923284, -1026.0288058432707, -1049.9200181395149, -1117.1583709684112, -1176.6363041602679, -1286.5123856601369, -1326.9371343032449, -1379.9665715547676, -1395.9138030418972, -1405.7645262899341, -1443.5035430406633, -1453.3651620711421, -1483.0271674897563, -1510.0567685322726, -1520.2827994049162, -1529.3956041188494, -1542.7047154220602, -1555.711427482064, -1576.0807993308185, -1586.4796299081706, -1593.8461069200257, -1597.8722339675105, -1598.4796299081704, -1602.5057569556552]
 -- BestCostElement: [-1602.50575696 -1602.50575696 -1602.50575696 -1602.50575696]
 -- BestRoute: [array([ 0,  8,  6,  5,  4,  7,  9, 10, 11, 12,  0]), array([ 1, 21, 18, 14, 15, 13, 16, 17, 19, 20, 22,  1]), array([ 2, 28, 32, 31, 30, 27, 24, 23, 25, 26, 29,  2]), array([ 3, 36, 38, 39, 41, 40, 42, 33, 34, 37,  3])]
 -- Custo: 
 ---------23.3005630797
 ---------24.5563958951
 ---------24.9547415328
 ---------21.5618602535
 ---- Total: 94.3735607611
 -- Premio: 
 ---------49.0
 ---------48.0
 ---------54.0
 ---------47.0
 ---- Total: 198.0
 - Execucao 1
 -- BestCostGenaration: [-297.72380959551703, -490.20040072807774, -720.14774979055176, -867.68558470575704, -926.66616741249584, -968.01971292895314, -1069.7063079385609, -1126.0076356706902, -1164.9927156224521, -1215.2387521896535, -1266.966097775603, -1319.1667469633448, -1353.8685256819977, -1358.9944711726132, -1402.8917137838155, -1445.7305902246596, -1451.2941480570753, -1479.8655847201585, -1482.8322121302958, -1494.8841771405532, -1505.4814091719927, -1517.9400690215475, -1525.854199228173, -1537.3104839680614, -1540.6051680354587, -1553.4435886000315, -1560.1865001475524, -1563.8394576726737, -1583.7543375218859, -1593.3024881143572, -1595.9621381499869, -1597.1443694116606, -1597.7232626517193, -1607.2714132441909, -1616.8120724727287]
 -- BestCostElement: [-1616.81207247 -1616.81207247 -1616.81207247 -1616.81207247]
 -- BestRoute: [array([ 0,  8,  6,  5,  4,  7,  9, 10, 11, 12,  0]), array([ 1, 22, 21, 18, 14, 15, 13, 16, 17, 19, 20,  1]), array([ 2, 27, 24, 23, 25, 26, 28, 29, 32, 30, 31,  2]), array([ 3, 42, 40, 41, 39, 38, 36, 35, 33, 34, 37,  3])]
 -- Custo: 
 ---------23.3005630797
 ---------24.9349766949
 ---------24.3269006272
 ---------20.73454148
 ---- Total: 93.2969818818
 -- Premio: 
 ---------49.0
 ---------48.0
 ---------54.0
 ---------48.0
 ---- Total: 199.0
 - Execucao 2
 -- BestCostGenaration: [-297.69174084195595, -566.76918990996114, -670.91776163010638, -832.73715709505291, -929.01341466043255, -952.26301174897799, -1081.4958001005843, -1106.0485988609294, -1152.5925579882435, -1212.2515607437567, -1260.6737658456127, -1274.6016959680069, -1335.7510253902685, -1372.4020876476288, -1376.3566467076989, -1389.4651433105703, -1421.7897371908261, -1427.9373782517246, -1445.9844960930068, -1474.3539326819923, -1481.2812703331108, -1496.5559779468258, -1520.9859452727919, -1544.9859452727919, -1552.727964863808, -1556.4898643022696, -1560.7398482112717, -1564.3507248404244, -1568.3316199297083, -1575.1266150877443, -1579.2420644465601, -1581.2353187447652]
 -- BestCostElement: [-1581.23531874 -1581.23531874 -1581.23531874 -1581.23531874]
 -- BestRoute: [array([ 0,  5,  4,  6,  8, 11,  9, 12, 10,  0]), array([ 1, 15, 13, 16, 17, 19, 20, 22, 21, 14, 18,  1]), array([ 2, 32, 29, 28, 26, 25, 23, 24, 30, 27, 31,  2]), array([ 3, 33, 34, 37, 42, 41, 35, 36, 38, 39, 40,  3])]
 -- Custo: 
 ---------23.7726990347
 ---------25.7400058384
 ---------24.8444549774
 ---------25.3340104633
 ---- Total: 99.6911703138
 -- Premio: 
 ---------48.0
 ---------48.0
 ---------54.0
 ---------48.0
 ---- Total: 198.0
 - Execucao 3
 -- BestCostGenaration: [-291.46390362944715, -491.66498181340023, -638.71295978186618, -793.17153209352773, -869.47138439642868, -988.57739980337828, -1084.5093376291143, -1154.7129551697408, -1181.9740819917697, -1232.4820524716611, -1282.8930825359823, -1337.6954242514344, -1359.2004392232363, -1365.434881316723, -1380.1959625919953, -1447.6603754203638, -1475.5021124761697, -1485.3528357242067, -1503.5151565874462, -1514.8330094064997, -1522.6986546226208, -1531.9657005989104, -1548.7761829745841, -1566.4123313235805, -1576.0791882876194, -1578.9627410217797, -1582.523041841444, -1590.4331376589676, -1594.6986546226203, -1594.8553427608233, -1596.7466391038024, -1599.8023671938031, -1600.478559614422, -1605.4592214432955, -1605.5138511913817, -1609.9360562932377, -1610.0927444314407]
 -- BestCostElement: [-1610.09274443 -1610.09274443 -1610.09274443 -1610.09274443]
 -- BestRoute: [array([ 0,  7,  4,  5,  6,  8, 11, 10, 12,  9,  0]), array([ 1, 21, 18, 14, 15, 13, 16, 17, 19, 20, 22,  1]), array([ 2, 27, 30, 24, 23, 25, 26, 28, 29, 32, 31,  2]), array([ 3, 33, 34, 37, 42, 35, 36, 38, 39, 40, 41,  3])]
 -- Custo: 
 ---------22.1289902045
 ---------24.5563958951
 ---------24.0805229549
 ---------24.2109048377
 ---- Total: 94.9768138921
 -- Premio: 
 ---------49.0
 ---------48.0
 ---------54.0
 ---------48.0
 ---- Total: 199.0
 - Execucao 4
 -- BestCostGenaration: [-305.23870709204209, -488.04813805992706, -650.31066845419082, -804.39808497273907, -922.44767001517539, -1086.2826808046589, -1119.080592276669, -1200.2722427672118, -1224.8027859426954, -1305.9142722690624, -1308.1255167458296, -1320.4689227417732, -1350.4020042104753, -1384.1155978445825, -1392.1370208380727, -1412.0842975159378, -1445.6125521338561, -1478.0710055980007, -1487.619156190472, -1504.3723180482375, -1504.5491458440074, -1518.7673410238503, -1538.588419966215, -1548.4760738825771, -1564.8208139885714, -1577.0286146166727, -1578.5365427411098, -1593.0519642823488, -1607.2336378629652, -1608.7088185318412, -1610.2866134299852, -1611.3684685674709, -1613.3423415199861]
 -- BestCostElement: [-1613.34234152 -1613.34234152 -1613.34234152 -1613.34234152]
 -- BestRoute: [array([ 0,  6,  5,  4,  7,  9, 12, 11, 10,  8,  0]), array([ 1, 21, 18, 14, 15, 13, 16, 17, 19, 22, 20,  1]), array([ 2, 32, 29, 28, 26, 25, 23, 24, 30, 27, 31,  2]), array([ 3, 33, 34, 37, 42, 40, 41, 35, 36, 38, 39,  3])]
 -- Custo: 
 ---------21.365058182
 ---------24.9547415328
 ---------24.8444549774
 ---------23.0001599279
 ---- Total: 94.16441462
 -- Premio: 
 ---------49.0
 ---------48.0
 ---------54.0
 ---------48.0
 ---- Total: 199.0
 - Execucao 5
 -- BestCostGenaration: [-332.26398596426839, -493.19465576764651, -764.32288001680945, -864.31814117585679, -898.38396358709747, -1012.462806823468, -1063.5885676245402, -1112.3168771153696, -1199.4771975231074, -1276.0413093339973, -1302.268214872815, -1324.3880823545192, -1347.6176253465833, -1370.1404418859058, -1373.8445308854009, -1406.5871080611473, -1409.9434224887418, -1419.6286861327205, -1462.0724978299797, -1463.3443278379577, -1471.0713994880648, -1483.3443278379577, -1511.8300046386335, -1521.6164036674918, -1528.0569101774508, -1533.1941985656358, -1546.0974832723932, -1550.0502033316552, -1567.2502793354129, -1570.0791018865962, -1573.4847214288993, -1576.7984299278842, -1576.989546403448, -1581.4819689059186, -1583.373265248898, -1586.4289933388986, -1592.0858475883911, -1593.6636424865351, -1594.7454976240206, -1596.7193705765358]
 -- BestCostElement: [-1596.71937058 -1596.71937058 -1596.71937058 -1596.71937058]
 -- BestRoute: [array([ 0,  8,  6,  5,  4,  7,  9, 11, 10, 12,  0]), array([ 1, 21, 18, 14, 15, 13, 16, 17, 19, 20, 22,  1]), array([ 2, 32, 30, 27, 24, 23, 25, 26, 28, 29, 31,  2]), array([ 3, 38, 36, 35, 33, 34, 37, 42, 39, 41, 40,  3])]
 -- Custo: 
 ---------23.7082039325
 ---------24.5563958951
 ---------26.6215791281
 ---------23.4339784002
 ---- Total: 98.3201573559
 -- Premio: 
 ---------49.0
 ---------48.0
 ---------54.0
 ---------48.0
 ---- Total: 199.0
 - Execucao 6
 -- BestCostGenaration: [-283.98546059173191, -476.33173232846434, -625.37085566979385, -731.3100686009227, -914.39582890612201, -1072.9324759414212, -1118.53639788705, -1165.5658351385728, -1221.8815319717019, -1249.5417395997956, -1302.1114988038426, -1312.054463301605, -1375.7749982316461, -1404.9756561951417, -1412.0417737976836, -1426.5005573458657, -1458.9987352116043, -1481.3412000402041, -1491.191923288241, -1491.6975110899702, -1514.5350504234575, -1536.0331654765444, -1545.7272005863783, -1554.5188422772198, -1560.8411404820529, -1561.1004880402595, -1575.5110986684008, -1576.5979016285683, -1578.7795752091847, -1592.2494325696434, -1593.8508909517141, -1601.7975831621152, -1605.2653524447512, -1608.3210805347521, -1612.9546035228971]
 -- BestCostElement: [-1612.95460352 -1612.95460352 -1612.95460352 -1612.95460352]
 -- BestRoute: [array([ 0,  9,  7,  4,  5,  6,  8, 10, 11, 12,  0]), array([ 1, 21, 18, 14, 15, 13, 16, 17, 19, 20, 22,  1]), array([ 2, 27, 24, 23, 25, 26, 28, 29, 30, 31, 32,  2]), array([ 3, 33, 34, 37, 42, 40, 41, 39, 36, 38, 35,  3])]
 -- Custo: 
 ---------23.365058182
 ---------24.5563958951
 ---------25.3005630797
 ---------21.0393319625
 ---- Total: 94.2613491193
 -- Premio: 
 ---------49.0
 ---------48.0
 ---------54.0
 ---------48.0
 ---- Total: 199.0
 - Execucao 7
 -- BestCostGenaration: [-257.22324787949083, -462.59513339193342, -629.61053756501121, -749.5377321672795, -891.44392287547919, -892.73134053598596, -988.06662009696925, -1084.3443943569985, -1160.3971398249475, -1204.4181547582691, -1273.0397689530137, -1318.0954970430143, -1336.5943351991968, -1430.8122230014217, -1469.8199666102405, -1485.8571474705823, -1519.3014170602851, -1526.3136470688185, -1556.6320963363348, -1561.7260604540288, -1565.0134781145357, -1566.1482655558848, -1582.4459893509377, -1586.1467701625668, -1595.1212270390961, -1602.6743254542489, -1607.3078484423941, -1607.5658288513778, -1610.6215569413789, -1610.8745895276811, -1612.8484624801963, -1614.4790258912108, -1617.5347539812115]
 -- BestCostElement: [-1617.53475398 -1617.53475398 -1617.53475398 -1617.53475398]
 -- BestRoute: [array([ 0,  7,  4,  5,  6,  8, 11, 10, 12,  9,  0]), array([ 1, 21, 18, 14, 15, 13, 16, 17, 19, 20, 22,  1]), array([ 2, 24, 23, 25, 26, 28, 29, 32, 30, 27, 31,  2]), array([ 3, 42, 37, 34, 33, 35, 36, 38, 39, 41, 40,  3])]
 -- Custo: 
 ---------22.1289902045
 ---------24.5563958951
 ---------24.9324519027
 ---------21.4984735025
 ---- Total: 93.1163115047
 -- Premio: 
 ---------49.0
 ---------48.0
 ---------54.0
 ---------48.0
 ---- Total: 199.0
 - Execucao 8
 -- BestCostGenaration: [-279.89030795841097, -518.23216312299814, -706.52816895501962, -853.14218240836522, -886.17091806929648, -1005.2027769367627, -1070.1064757518197, -1093.6397229478405, -1150.4182309283462, -1252.4378798000421, -1313.1209176224763, -1346.7676727915723, -1353.2097309740091, -1417.1373183622868, -1429.513525858617, -1449.64833834306, -1451.3864820260867, -1485.185309828956, -1489.7251690776707, -1498.1825069687384, -1502.525652719246, -1520.8807588739587, -1541.8914252792504, -1554.8836816704315, -1564.3038985267362, -1579.6703755385915, -1590.2792020437455, -1591.8307061034116, -1597.192399083578, -1601.614604185434, -1607.6456790556003, -1614.5588760954333]
 -- BestCostElement: [-1614.5588761 -1614.5588761 -1614.5588761 -1614.5588761]
 -- BestRoute: [array([ 0,  8,  6,  5,  4,  7,  9, 12, 10, 11,  0]), array([ 1, 18, 14, 15, 13, 16, 17, 20, 19, 22,  1]), array([ 2, 25, 23, 24, 27, 30, 31, 32, 29, 28, 26,  2]), array([ 3, 42, 37, 34, 33, 35, 36, 38, 39, 41, 40,  3])]
 -- Custo: 
 ---------21.365058182
 ---------23.2912678647
 ---------22.705481427
 ---------21.4984735025
 ---- Total: 88.8602809761
 -- Premio: 
 ---------49.0
 ---------46.0
 ---------54.0
 ---------48.0
 ---- Total: 197.0
 - Execucao 9
 -- BestCostGenaration: [-272.39504542583802, -439.29130418571287, -672.14004320528193, -860.58325450020948, -910.48580699654167, -994.76202674670947, -1087.0529539270567, -1117.5861445090275, -1181.2380736055607, -1251.7282353332289, -1296.0897276825758, -1324.5789705622647, -1361.092391876954, -1396.4954226872696, -1424.9507507304222, -1431.372229719635, -1447.2560346986807, -1450.7279031106498, -1473.5117579295161, -1500.9733578067057, -1503.2057930393503, -1514.7201614294102, -1524.7610400266449, -1533.44733152766, -1548.84966744137, -1564.4390568132285, -1567.9245265597542, -1573.9872074056998, -1584.2155435090112, -1588.4141513485088, -1607.8130703797528, -1618.1190352699186, -1624.8383633112069, -1629.4874739518802]
 -- BestCostElement: [-1629.48747395 -1629.48747395 -1629.48747395 -1629.48747395]
 -- BestRoute: [array([ 0,  6,  5,  4,  7,  9, 12, 10, 11,  8,  0]), array([ 1, 15, 14, 13, 16, 17, 19, 20, 22, 18,  1]), array([ 2, 32, 31, 30, 27, 24, 23, 25, 26, 28, 29,  2]), array([ 3, 37, 34, 33, 35, 36, 38, 39, 41, 40, 42,  3])]
 -- Custo: 
 ---------20.5366310572
 ---------21.9061143552
 ---------21.9508446196
 ---------20.73454148
 ---- Total: 85.128131512
 -- Premio: 
 ---------49.0
 ---------46.0
 ---------54.0
 ---------48.0
 ---- Total: 197.0
 - Execucao 10
 -- BestCostGenaration: [-294.9179786779323, -478.69483708421956, -619.7192088162866, -746.34300983409969, -844.72228390069483, -899.58721636409086, -996.2118696152852, -1038.8133987471736, -1108.556843394789, -1183.5815378249113, -1256.2979716980396, -1274.8501781566879, -1288.3648782258765, -1327.5787440247402, -1357.459201111388, -1390.2427822160278, -1409.4258881361416, -1432.0663685285572, -1469.0169749522227, -1500.7462844964471, -1510.8577406764484, -1510.9670288009338, -1520.0755254038054, -1539.6787763556565, -1549.7292516445814, -1550.3689258136374, -1559.2774022370527, -1572.7573422897519, -1580.4966093577873, -1584.8552423259325, -1592.0738033117173, -1594.6302984572217, -1601.1707054408741, -1606.8275596903666, -1610.7113194786766, -1611.4610826785115, -1611.8832877803675, -1614.9390158703684, -1616.2420211834037, -1619.2977492734046, -1623.9312722615496]
 -- BestCostElement: [-1623.93127226 -1623.93127226 -1623.93127226 -1623.93127226]
 -- BestRoute: [array([ 0,  8,  6,  5,  4,  7,  9, 12, 10, 11,  0]), array([ 1, 21, 18, 14, 15, 13, 16, 17, 19, 22, 20,  1]), array([ 2, 32, 31, 30, 27, 24, 23, 25, 26, 28, 29,  2]), array([ 3, 39, 38, 36, 35, 33, 34, 37, 42, 41, 40,  3])]
 -- Custo: 
 ---------21.365058182
 ---------24.9547415328
 ---------21.9508446196
 ---------23.2465376003
 ---- Total: 91.5171819346
 -- Premio: 
 ---------49.0
 ---------48.0
 ---------54.0
 ---------48.0
 ---- Total: 199.0
 - Execucao 11
 -- BestCostGenaration: [-346.04142646507137, -502.10812470518442, -656.57688710480875, -805.00216376406092, -886.28591085121013, -960.42068219402302, -1057.5122291351038, -1101.4210685575554, -1171.7138032829425, -1219.9076682124462, -1267.682676244287, -1330.0149731832184, -1340.9853182109109, -1375.7358335553829, -1388.4155820015953, -1410.6074800526537, -1419.8540742123191, -1428.0005818119764, -1458.3610774880594, -1458.7000400624993, -1487.4424923109855, -1498.0552541544791, -1524.9550176311964, -1545.8943417185139, -1556.1364841576628, -1557.7384444331851, -1565.1142945013867, -1570.824267890657, -1580.3724184831285, -1581.9346257287441, -1588.0204307818872, -1588.6539537700323, -1593.054465229184, -1597.6509941929016, -1601.7935252430698]
 -- BestCostElement: [-1601.79352524 -1601.79352524 -1601.79352524 -1601.79352524]
 -- BestRoute: [array([ 0,  6,  5,  4,  7,  9, 12, 11, 10,  8,  0]), array([ 1, 18, 14, 15, 13, 16, 17, 20, 19, 22,  1]), array([ 2, 27, 24, 23, 25, 26, 28, 29, 32, 31, 30,  2]), array([ 3, 42, 37, 34, 33, 35, 36, 38, 41, 39, 40,  3])]
 -- Custo: 
 ---------21.365058182
 ---------23.2912678647
 ---------23.2912678647
 ---------24.1040247779
 ---- Total: 92.0516186892
 -- Premio: 
 ---------49.0
 ---------46.0
 ---------54.0
 ---------48.0
 ---- Total: 197.0
 - Execucao 12
 -- BestCostGenaration: [-316.29675975137923, -483.96075145900238, -686.34504137284262, -763.78105088295706, -918.27158991301337, -994.91061786144667, -1071.5112136501959, -1163.9629196031117, -1188.0443929343903, -1231.9928787447054, -1258.6168872452079, -1294.3277671372334, -1319.0861220590887, -1346.9247589080467, -1393.9285609488566, -1395.05724240003, -1420.3399172391362, -1434.1460237180158, -1453.3340634938465, -1457.6772092443541, -1476.5148039076698, -1495.2010954086852, -1506.8268566226445, -1532.1453673186843, -1534.5519847680116, -1541.9244813690186, -1550.077156778912, -1555.5962640099247, -1558.4838746631301, -1564.23049144992, -1570.9654935447606, -1571.0059414712732, -1573.5246548122223, -1574.2637148261078, -1575.4131986322204, -1576.152258646106, -1577.7828220571205, -1579.3869077937425]
 -- BestCostElement: [-1579.38690779 -1579.38690779 -1579.38690779 -1579.38690779]
 -- BestRoute: [array([ 0,  8,  6,  5,  4,  7,  9, 10, 11, 12,  0]), array([ 1, 18, 14, 15, 13, 16, 17, 20, 19, 22,  1]), array([ 2, 25, 26, 28, 29, 32, 23, 24, 27, 30, 31,  2]), array([ 3, 42, 37, 34, 33, 35, 36, 38, 41, 39, 40,  3])]
 -- Custo: 
 ---------23.3005630797
 ---------23.2912678647
 ---------26.9574173292
 ---------24.1040247779
 ---- Total: 97.6532730516
 -- Premio: 
 ---------49.0
 ---------46.0
 ---------54.0
 ---------48.0
 ---- Total: 197.0
 - Execucao 13
 -- BestCostGenaration: [-308.27629837950997, -493.45500522872885, -740.38266943099484, -838.37041272078079, -897.88047188111432, -959.31966636354105, -1087.5408712181688, -1181.8907626704713, -1194.133592702517, -1255.1990229400533, -1298.6634215238075, -1319.5184032850129, -1339.4522890827725, -1362.8747227223844, -1383.8840140183001, -1421.619033609767, -1428.1755327357189, -1461.3921280709494, -1526.5674086295473, -1527.5067327168649, -1530.5674086295473, -1535.2694515740841, -1540.1155592220186, -1546.150110140085, -1552.2560778365478, -1561.6453284286929, -1568.2201637497067, -1573.7806735510994, -1582.0159065860535, -1590.1745563057698, -1590.2569691243127, -1596.7493916267833, -1598.0151156445859, -1604.9283126844189]
 -- BestCostElement: [-1604.92831268 -1604.92831268 -1604.92831268 -1604.92831268]
 -- BestRoute: [array([ 0,  9,  7,  4,  5,  6,  8, 11, 10, 12,  0]), array([ 1, 18, 14, 15, 13, 16, 17, 20, 19, 22,  1]), array([ 2, 25, 23, 24, 27, 30, 31, 32, 29, 26, 28,  2]), array([ 3, 42, 37, 34, 33, 35, 36, 38, 39, 41, 40,  3])]
 -- Custo: 
 ---------22.5366310572
 ---------23.2912678647
 ---------23.9415494045
 ---------21.4984735025
 ---- Total: 91.2679218289
 -- Premio: 
 ---------49.0
 ---------46.0
 ---------54.0
 ---------48.0
 ---- Total: 197.0
 - Execucao 14
 -- BestCostGenaration: [-286.47216658390101, -468.578349047865, -615.25543885283662, -832.99284091617119, -882.27547454498949, -973.12137049818148, -1095.5951225301428, -1146.7713342026645, -1209.6784448018175, -1230.0235222724193, -1290.3462711923291, -1325.5862612953781, -1367.8814225647038, -1435.9547116148776, -1454.9692009254914, -1467.337932974033, -1478.9816853914353, -1481.5021576669051, -1495.3334995692524, -1517.1990062293539, -1527.972886615265, -1537.7588231914824, -1549.5732268500278, -1564.6539537700321, -1569.0761588718881, -1577.0498680334099, -1591.7584571940893, -1597.0769497247622, -1605.0498680334099, -1613.4046082576322, -1617.3722114289787, -1617.8268133594881, -1621.1405218584728]
 -- BestCostElement: [-1621.14052186 -1621.14052186 -1621.14052186 -1621.14052186]
 -- BestRoute: [array([ 0,  7,  4,  5,  6,  8, 11, 10, 12,  9,  0]), array([ 1, 22, 21, 18, 14, 15, 13, 16, 17, 19, 20,  1]), array([ 2, 32, 29, 28, 26, 25, 23, 24, 27, 30, 31,  2]), array([ 3, 35, 38, 36, 33, 34, 37, 42, 40, 41, 39,  3])]
 -- Custo: 
 ---------22.1289902045
 ---------24.9349766949
 ---------23.1355629141
 ---------22.0153397219
 ---- Total: 92.2148695354
 -- Premio: 
 ---------49.0
 ---------48.0
 ---------54.0
 ---------48.0
 ---- Total: 199.0
 - Execucao 15
 -- BestCostGenaration: [-302.31865074650352, -473.08744001629884, -623.13179124740009, -789.55103561876354, -873.01783798911481, -983.46178035503328, -1047.0573273233992, -1092.3783076873769, -1215.8281058891248, -1264.8102161405793, -1341.1386459768278, -1349.39266315701, -1396.7208742797529, -1423.7115495777475, -1438.6924400264381, -1453.9602121153712, -1478.7410501853724, -1496.5152862516263, -1501.8309564207175, -1510.6287041017345, -1518.2656007091884, -1523.2647127331315, -1537.7222527636968, -1553.1707918418977, -1554.895901821898, -1567.823169548742, -1568.1635627762689, -1577.7117133687404, -1580.9546447331848, -1587.1444146023964, -1587.3605165203737, -1589.3233356600317, -1589.6664814105395, -1596.1366709935774, -1598.6587378017205, -1601.7144658917214]
 -- BestCostElement: [-1601.71446589 -1601.71446589 -1601.71446589 -1601.71446589]
 -- BestRoute: [array([ 0,  8,  6,  5,  4,  7,  9, 12, 10, 11,  0]), array([ 1, 18, 14, 15, 13, 16, 17, 20, 19, 22,  1]), array([ 2, 24, 23, 25, 26, 28, 29, 32, 27, 30, 31,  2]), array([ 3, 38, 36, 35, 33, 34, 37, 42, 40, 39, 41,  3])]
 -- Custo: 
 ---------21.365058182
 ---------23.2912678647
 ---------24.346665465
 ---------23.0683920154
 ---- Total: 92.0713835271
 -- Premio: 
 ---------49.0
 ---------46.0
 ---------54.0
 ---------48.0
 ---- Total: 197.0
 - Execucao 16
 -- BestCostGenaration: [-271.55857310800275, -470.16270718426273, -691.55060715232753, -869.50774608873826, -880.80400490104, -968.45406825800171, -1109.8444914717288, -1170.0513055538388, -1190.025178506354, -1267.8758376267217, -1310.3575117525072, -1320.1774944058257, -1363.116679798341, -1400.3863113452792, -1441.6814941802727, -1461.2640731101051, -1477.9041548755374, -1485.4366791072432, -1493.9156846090207, -1511.1492182721731, -1524.8714670345928, -1542.3494002264497, -1550.7627633775719, -1551.3416566176306, -1561.5294388439104, -1572.0668290786982, -1582.6519920999256, -1594.6675797524542, -1604.2157303449255, -1607.5294388439104]
 -- BestCostElement: [-1607.52943884 -1607.52943884 -1607.52943884 -1607.52943884]
 -- BestRoute: [array([ 0,  6,  5,  4,  7,  9, 12, 10, 11,  8,  0]), array([ 1, 18, 14, 15, 13, 16, 17, 20, 19, 22,  1]), array([ 2, 32, 29, 28, 26, 25, 23, 24, 27, 30, 31,  2]), array([ 3, 37, 34, 33, 35, 36, 38, 39, 42, 40, 41,  3])]
 -- Custo: 
 ---------20.5366310572
 ---------23.2912678647
 ---------23.1355629141
 ---------23.654178453
 ---- Total: 90.617640289
 -- Premio: 
 ---------49.0
 ---------46.0
 ---------54.0
 ---------48.0
 ---- Total: 197.0
 - Execucao 17
 -- BestCostGenaration: [-296.48699875916259, -490.82167015112293, -688.40213520547479, -761.94369285483845, -877.01621009464611, -973.03546142173263, -1011.8345181097012, -1144.2882327328934, -1166.399688912895, -1251.965349972003, -1261.7691451465007, -1296.0905374356871, -1357.5969037215443, -1380.5844624820606, -1395.7083599015459, -1415.7827216222295, -1426.8239584740372, -1464.7824142584784, -1468.3513906134624, -1471.8013316645402, -1478.1110706983723, -1522.069411242514, -1542.3754213234156, -1558.2862628916707, -1558.7826784843623, -1562.7826784843623, -1567.4689699853777, -1576.762657427053, -1581.3868073588515, -1585.2558707823978, -1590.340452325197, -1591.4165520994152, -1597.016644657223, -1600.8741136070548, -1600.9531729584032, -1601.9502133812725]
 -- BestCostElement: [-1601.95021338 -1601.95021338 -1601.95021338 -1601.95021338]
 -- BestRoute: [array([ 0,  9,  7,  4,  5,  6,  8, 10, 12, 11,  0]), array([ 1, 15, 14, 13, 16, 17, 19, 22, 20, 18,  1]), array([ 2, 32, 29, 28, 26, 25, 23, 24, 30, 31, 27,  2]), array([ 3, 42, 37, 34, 33, 35, 36, 38, 39, 41, 40,  3])]
 -- Custo: 
 ---------23.4295532842
 ---------23.0683920154
 ---------24.0160278526
 ---------21.4984735025
 ---- Total: 92.0124466547
 -- Premio: 
 ---------49.0
 ---------46.0
 ---------54.0
 ---------48.0
 ---- Total: 197.0
 - Execucao 18
 -- BestCostGenaration: [-383.94642798451684, -477.4871910177954, -715.54147595572158, -818.84482822469522, -891.93239897535625, -1008.8373679700883, -1090.9216882958949, -1170.9068051838101, -1221.8942705626864, -1250.8429502836498, -1274.1928849105159, -1304.0223269326111, -1341.0777493722167, -1362.9259100945264, -1364.888024693741, -1400.4565755395738, -1416.2422715893031, -1440.7010525382459, -1463.6495914376123, -1464.0190280265979, -1479.6389486573887, -1494.0190280265979, -1521.5292932182838, -1529.5589375239565, -1531.4763609144204, -1532.3162925226154, -1551.4236375922858, -1570.378713123125, -1579.3709695143059, -1580.1999558564826, -1586.7747911774961, -1587.2293931080055, -1589.5772776994654, -1592.9079410002021, -1596.5910860881722, -1598.2891143768202, -1598.6585509658062, -1599.1104003733344, -1602.6322601273282, -1603.6400037361468, -1607.3185516283434]
 -- BestCostElement: [-1607.31855163 -1607.31855163 -1607.31855163 -1607.31855163]
 -- BestRoute: [array([ 0,  7,  9, 12, 10, 11,  8,  6,  5,  4,  0]), array([ 1, 18, 21, 22, 20, 19, 17, 16, 13, 15, 14,  1]), array([ 2, 31, 30, 27, 24, 23, 25, 26, 28, 32, 29,  2]), array([ 3, 38, 36, 35, 33, 34, 37, 42, 41, 39, 40,  3])]
 -- Custo: 
 ---------23.1421823327
 ---------23.7186735553
 ---------24.9771821671
 ---------23.8323240379
 ---- Total: 95.6703620929
 -- Premio: 
 ---------49.0
 ---------48.0
 ---------54.0
 ---------48.0
 ---- Total: 199.0
 - Execucao 19
 -- BestCostGenaration: [-272.97558163620374, -509.27576562277727, -691.52279076503055, -810.90626930233918, -895.5849392883872, -957.62207495799316, -1032.6396122996298, -1082.7437116912693, -1144.1292849676011, -1244.2316283366922, -1284.0047227978748, -1307.6136677069333, -1324.9933520076349, -1356.6410980976138, -1385.1358830578029, -1419.0859668565267, -1448.8590613177093, -1473.2641517403663, -1493.0852306827305, -1518.1001354490763, -1527.0923918402573, -1558.3418828896909, -1571.1707054408741, -1575.2264767940314, -1584.774627386503, -1589.1920484566706, -1598.0815901836927, -1603.0015329253206, -1609.0281743907062, -1612.2420211834037, -1613.2497647922225, -1619.1552182232365, -1619.1822999145886]
 -- BestCostElement: [-1619.18229991 -1619.18229991 -1619.18229991 -1619.18229991]
 -- BestRoute: [array([ 0,  6,  5,  4,  7,  9, 12, 10, 11,  8,  0]), array([ 1, 22, 21, 18, 14, 15, 13, 16, 17, 19, 20,  1]), array([ 2, 31, 30, 27, 24, 23, 25, 26, 28, 29, 32,  2]), array([ 3, 33, 34, 37, 42, 40, 35, 36, 38, 39, 41,  3])]
 -- Custo: 
 ---------20.5366310572
 ---------24.9349766949
 ---------23.1355629141
 ---------24.0972543551
 ---- Total: 92.7044250214
 -- Premio: 
 ---------49.0
 ---------48.0
 ---------54.0
 ---------48.0
 ---- Total: 199.0
 - Execucao 20
 -- BestCostGenaration: [-279.56229277098964, -480.50274336818677, -706.21695066885138, -811.60101540536073, -834.58274470593028, -934.36793479642756, -1009.1041718024538, -1082.1859849951661, -1126.9295143114221, -1219.8189827586848, -1303.380829759288, -1314.2163980122662, -1323.2437524024404, -1347.7880869202347, -1372.5568330159626, -1389.9354319521037, -1408.2070578261028, -1422.2710257774565, -1435.2366588686186, -1449.9061863842448, -1466.9694058381792, -1479.7582703581745, -1519.3215544686304, -1532.7730099860948, -1541.7652663772758, -1577.2003692960423, -1586.7485198885136, -1594.7485198885136, -1606.8903052765431, -1607.9824233740114, -1620.2304914499205]
 -- BestCostElement: [-1620.23049145 -1620.23049145 -1620.23049145 -1620.23049145]
 -- BestRoute: [array([ 0,  5,  4,  7,  9, 12, 10, 11,  8,  6,  0]), array([ 1, 18, 21, 22, 20, 19, 17, 16, 13, 14, 15,  1]), array([ 2, 23, 25, 26, 28, 29, 32, 31, 30, 24, 27,  2]), array([ 3, 41, 40, 42, 37, 34, 33, 35, 36, 38, 39,  3])]
 -- Custo: 
 ---------21.0087670122
 ---------23.6989087174
 ---------25.2520958301
 ---------22.4826055778
 ---- Total: 92.4423771375
 -- Premio: 
 ---------49.0
 ---------48.0
 ---------54.0
 ---------48.0
 ---- Total: 199.0
 - Execucao 21
 -- BestCostGenaration: [-274.14909290301097, -535.78152854824384, -618.08364103555459, -779.67797490370344, -843.36206581041438, -965.96497316130717, -1016.4373074841416, -1084.9444910916068, -1145.8032563150273, -1193.4599467735266, -1281.3540217821621, -1283.1170582846428, -1339.4405306408787, -1341.8580919720962, -1429.992530714117, -1449.5001082116464, -1458.3653207702971, -1464.7098970852985, -1473.7021534764797, -1498.9828254351914, -1499.3839544009797, -1510.8079623851945, -1523.9622466968249, -1537.7717311654749, -1541.7717311654749, -1549.6407945890212, -1552.8958154208747, -1559.2469118343508, -1574.2391682255318, -1582.9254597265472, -1591.9177161177281, -1601.4658667101999, -1608.7310514512737]
 -- BestCostElement: [-1608.73105145 -1608.73105145 -1608.73105145 -1608.73105145]
 -- BestRoute: [array([ 0,  6,  5,  4,  7,  9, 12, 11, 10,  8,  0]), array([ 1, 16, 17, 19, 22, 20, 15, 13, 14, 18,  1]), array([ 2, 25, 23, 24, 27, 30, 31, 32, 29, 28, 26,  2]), array([ 3, 42, 37, 34, 33, 35, 36, 38, 39, 40, 41,  3])]
 -- Custo: 
 ---------21.365058182
 ---------23.7640919504
 ---------22.705481427
 ---------22.4826055778
 ---- Total: 90.3172371372
 -- Premio: 
 ---------49.0
 ---------46.0
 ---------54.0
 ---------48.0
 ---- Total: 197.0
 - Execucao 22
 -- BestCostGenaration: [-312.5146813947286, -465.4073429593513, -707.59736004116758, -876.09277957285144, -946.45726833915546, -1032.364019096176, -1117.5486942833195, -1162.1339184705967, -1215.462323334345, -1233.9275889234577, -1286.4381007852321, -1309.9487457971588, -1383.5019291356809, -1415.9503798852793, -1417.6369236311798, -1450.4609621506747, -1461.8872809591817, -1472.5956968405251, -1492.2203276292928, -1496.6704188017482, -1512.6238037190101, -1514.7713989428958, -1521.6160601101915, -1535.0927425038615, -1555.175903580862, -1564.7240541733336, -1564.9518509999161, -1582.0143247917119, -1587.3760177718787, -1592.3837613806977, -1595.6974698796821, -1603.5185488220468, -1608.4628207320461, -1610.3526865105314, -1615.2969584205302, -1615.3760177718787]
 -- BestCostElement: [-1615.37601777 -1615.37601777 -1615.37601777 -1615.37601777]
 -- BestRoute: [array([ 0,  8,  6,  5,  4,  7,  9, 10, 11, 12,  0]), array([ 1, 15, 14, 13, 16, 17, 19, 20, 22, 18,  1]), array([ 2, 32, 31, 30, 27, 24, 23, 25, 26, 28, 29,  2]), array([ 3, 42, 37, 34, 33, 35, 36, 38, 39, 41, 40,  3])]
 -- Custo: 
 ---------23.3005630797
 ---------21.9061143552
 ---------21.9508446196
 ---------21.4984735025
 ---- Total: 88.655995557
 -- Premio: 
 ---------49.0
 ---------46.0
 ---------54.0
 ---------48.0
 ---- Total: 197.0
 - Execucao 23
 -- BestCostGenaration: [-278.60570115028219, -536.33406619299251, -723.10268095460378, -824.99267441216443, -917.35505955370468, -989.46075734574663, -1048.1155727026371, -1117.3858527149841, -1194.9886612775883, -1221.2442311179477, -1252.0419787989645, -1291.7647865353704, -1321.3077028167675, -1351.9042317804851, -1352.0589582485813, -1391.7225581998687, -1428.9996251152404, -1448.8207040576046, -1465.6400037361468, -1467.9055371765496, -1480.3390299318189, -1492.6403976262109, -1521.7751850675604, -1524.7674414587414, -1537.010625068071, -1544.688382107393, -1564.1028436004301, -1567.4151297060369, -1576.9316661516134, -1581.3538712534694, -1584.6830669700919, -1593.6753233612731, -1593.8347640224567, -1595.742788238907, -1595.9022289000907]
 -- BestCostElement: [-1595.9022289 -1595.9022289 -1595.9022289 -1595.9022289]
 -- BestRoute: [array([ 0,  7,  4,  5,  6,  8, 11, 10,  9, 12,  0]), array([ 1, 16, 13, 15, 14, 18, 21, 22, 20, 17, 19,  1]), array([ 2, 32, 29, 28, 26, 25, 23, 24, 30, 27, 31,  2]), array([ 3, 38, 36, 35, 33, 34, 37, 42, 41, 40, 39,  3])]
 -- Custo: 
 ---------24.0644951022
 ---------26.3689550951
 ---------24.8444549774
 ---------23.2465376003
 ---- Total: 98.524442775
 -- Premio: 
 ---------49.0
 ---------48.0
 ---------54.0
 ---------48.0
 ---- Total: 199.0
 - Execucao 24
 -- BestCostGenaration: [-228.4529078457216, -434.46112303963145, -599.94936679016303, -723.75144615533281, -891.26994972911825, -986.0074134375842, -1043.4922991938565, -1183.6261974003091, -1188.2740731371325, -1282.2353556809182, -1315.2977646438901, -1354.282844595652, -1393.5450157492003, -1399.4547677066071, -1436.9377135499697, -1458.2322135420081, -1485.3699172973313, -1492.5242470135802, -1502.5363107144597, -1530.5762728146883, -1541.4118410676667, -1548.0534562753658, -1569.2535132946482, -1579.3805571271782, -1584.9546035228971, -1589.6651790015476, -1589.8988754328961, -1595.0105386670473, -1595.1672268052503, -1596.1520718101915, -1604.7836331282299, -1604.9403212664326, -1607.8393612182306, -1608.9808943613748, -1609.626612767448, -1613.6671858623899, -1617.0957040085714]
 -- BestCostElement: [-1617.09570401 -1617.09570401 -1617.09570401 -1617.09570401]
 -- BestRoute: [array([ 0,  8,  6,  5,  4,  7,  9, 12, 10, 11,  0]), array([ 1, 22, 21, 18, 14, 15, 13, 16, 17, 19, 20,  1]), array([ 2, 24, 23, 25, 26, 28, 29, 27, 30, 31, 32,  2]), array([ 3, 42, 37, 34, 33, 35, 36, 38, 39, 40, 41,  3])]
 -- Custo: 
 ---------21.365058182
 ---------24.9349766949
 ---------24.4434335432
 ---------22.4826055778
 ---- Total: 93.2260739979
 -- Premio: 
 ---------49.0
 ---------48.0
 ---------54.0
 ---------48.0
 ---- Total: 199.0
 - Execucao 25
 -- BestCostGenaration: [-271.17275888236662, -481.07967198841203, -686.38276485196695, -790.84331954818231, -851.05979001032313, -950.62345957907428, -1045.2026418671487, -1160.0294518940996, -1168.1409080741014, -1213.6449447912332, -1276.6239834853172, -1287.3224707038166, -1322.8880698844766, -1366.9306110728553, -1383.3020093319474, -1394.5730992525839, -1436.6380401384611, -1440.0107869314847, -1455.4305280149251, -1465.0990574757657, -1480.2662417457682, -1491.0470150755384, -1513.6069671958739, -1549.567754826825, -1563.9109005773325, -1578.8444693013821, -1581.9001973913828]
 -- BestCostElement: [-1581.90019739 -1581.90019739 -1581.90019739 -1581.90019739]
 -- BestRoute: [array([ 0,  8,  6,  5,  4,  7,  9, 10, 11, 12,  0]), array([ 1, 18, 14, 15, 13, 16, 22, 20, 17, 19,  1]), array([ 2, 24, 23, 25, 26, 28, 29, 32, 30, 27, 31,  2]), array([ 3, 35, 38, 36, 33, 34, 37, 42, 40, 39, 41,  3])]
 -- Custo: 
 ---------23.3005630797
 ---------25.206677435
 ---------24.9324519027
 ---------23.5852582348
 ---- Total: 97.0249506522
 -- Premio: 
 ---------49.0
 ---------46.0
 ---------54.0
 ---------48.0
 ---- Total: 197.0
 - Execucao 26
 -- BestCostGenaration: [-297.55097115360263, -556.03340962026596, -757.39608003947592, -877.28073891985787, -929.61267742757502, -1031.4245661776547, -1082.8482466093069, -1154.6411267259273, -1196.6453621366047, -1284.5384489828721, -1300.3315100064749, -1334.9609598303784, -1363.7465785978977, -1383.9998747638065, -1391.7927603630205, -1426.9584574994142, -1449.1389743852587, -1460.8309131575611, -1465.5325667077846, -1491.7670088012715, -1495.5758923257076, -1520.7140332342515, -1521.9986793873022, -1560.4857358983461, -1568.6646569559814, -1575.2510867507094, -1579.681242515534, -1582.0311339678367, -1591.8042284290188, -1601.1396305707076, -1601.282161620876, -1610.6175637625647, -1615.5618356725638]
 -- BestCostElement: [-1615.56183567 -1615.56183567 -1615.56183567 -1615.56183567]
 -- BestRoute: [array([ 0,  8,  6,  5,  4,  7,  9, 12, 10, 11,  0]), array([ 1, 19, 17, 16, 13, 15, 14, 18, 21, 20, 22,  1]), array([ 2, 26, 28, 29, 32, 31, 30, 27, 24, 25,  2]), array([ 3, 37, 34, 33, 35, 36, 38, 39, 41, 40, 42,  3])]
 -- Custo: 
 ---------21.365058182
 ---------26.5563958951
 ---------22.4535455248
 ---------20.73454148
 ---- Total: 91.1095410819
 -- Premio: 
 ---------49.0
 ---------48.0
 ---------53.0
 ---------48.0
 ---- Total: 198.0
 - Execucao 27
 -- BestCostGenaration: [-331.10701634146153, -452.48978833366459, -694.08177723792517, -831.56874948130951, -935.88788497614132, -1044.5350506344205, -1118.1253299099151, -1178.5326518996862, -1185.7305092292954, -1259.7434787821799, -1288.6211611237356, -1308.2051770413916, -1354.0478881728577, -1357.8799756487501, -1441.955391064063, -1457.1164693438902, -1457.7755153625603, -1481.7315888004234, -1494.0984232698315, -1515.2069198727024, -1523.2163128848108, -1535.2428087245698, -1536.2668056703621, -1543.3895845296975, -1553.5155320731819, -1555.3698977478359, -1566.4256258378368, -1574.8857163404782, -1582.0142243568212, -1586.4364294586767, -1587.1383086122207, -1589.2396657118259, -1590.4101386201987, -1595.7718316003657]
 -- BestCostElement: [-1595.7718316 -1595.7718316 -1595.7718316 -1595.7718316]
 -- BestRoute: [array([ 0,  7,  4,  5,  6,  8, 11, 10,  9, 12,  0]), array([ 1, 18, 14, 15, 13, 16, 17, 20, 19, 22,  1]), array([ 2, 25, 23, 24, 27, 30, 31, 32, 28, 29, 26,  2]), array([ 3, 39, 38, 36, 35, 33, 34, 37, 42, 40, 41,  3])]
 -- Custo: 
 ---------24.0644951022
 ---------23.2912678647
 ---------23.7186735553
 ---------22.4826055778
 ---- Total: 93.5570420999
 -- Premio: 
 ---------49.0
 ---------46.0
 ---------54.0
 ---------48.0
 ---- Total: 197.0
 - Execucao 28
 -- BestCostGenaration: [-319.43737665933713, -514.17499894386651, -711.26255235447115, -822.10753406623269, -900.02014999358073, -991.05112196140828, -1093.5676283334356, -1180.882877505067, -1195.7953566535625, -1262.844185178905, -1278.9978246398077, -1333.3792152129295, -1353.8196135231487, -1387.3109376837044, -1435.442578712009, -1452.2413814717841, -1457.7786903222868, -1470.8321980964283, -1485.7848179597613, -1501.7347637601501, -1514.5898505307086, -1518.3940116909416, -1531.608397760368, -1555.0916460895257, -1566.8080792939147, -1572.6360538204892, -1582.1842044129608, -1591.1707054408744, -1592.1412681893514, -1596.8275596903668, -1613.9623471317157, -1618.648638632731]
 -- BestCostElement: [-1618.64863863 -1618.64863863 -1618.64863863 -1618.64863863]
 -- BestRoute: [array([ 0,  8,  6,  5,  4,  7,  9, 12, 10, 11,  0]), array([ 1, 22, 21, 18, 14, 15, 13, 16, 17, 19, 20,  1]), array([ 2, 32, 31, 30, 27, 24, 23, 25, 29, 26, 28,  2]), array([ 3, 42, 37, 34, 33, 35, 36, 38, 39, 41, 40,  3])]
 -- Custo: 
 ---------21.365058182
 ---------24.9349766949
 ---------25.0393319625
 ---------21.4984735025
 ---- Total: 92.8378403418
 -- Premio: 
 ---------49.0
 ---------48.0
 ---------54.0
 ---------48.0
 ---- Total: 199.0
 - Execucao 29
 -- BestCostGenaration: [-308.25840210093656, -434.90006079002484, -660.62846511875091, -825.49766934167872, -971.93057762948399, -1015.8285992775003, -1054.4818030620568, -1082.4168740100699, -1177.9786805349761, -1215.2126251421685, -1234.7202026396978, -1268.3043322070034, -1346.8178265187703, -1378.9292826987719, -1393.6310614174249, -1402.3415569106485, -1416.8039043775561, -1465.5881265110418, -1479.2341771396939, -1496.7073262998624, -1514.5580495478994, -1538.8795016557031, -1555.3968848670486, -1567.871758046884, -1568.2257074182319, -1570.8747176240145, -1573.0173491090734, -1575.1373182736936, -1578.0515252015489, -1585.5186547725655, -1588.2304914499202, -1592.2987471804283, -1597.190351012448, -1597.6449529429574, -1598.7153773977218, -1599.169979328231, -1604.9430737894136, -1609.1375824995778, -1609.5921844300869]
 -- BestCostElement: [-1609.59218443 -1609.59218443 -1609.59218443 -1609.59218443]
 -- BestRoute: [array([ 0,  8,  6,  5,  4,  7,  9, 12, 10, 11,  0]), array([ 1, 16, 13, 15, 14, 18, 21, 22, 20, 19, 17,  1]), array([ 2, 29, 28, 26, 25, 23, 24, 30, 32, 31, 27,  2]), array([ 3, 35, 38, 36, 33, 34, 37, 42, 39, 41, 40,  3])]
 -- Custo: 
 ---------21.365058182
 ---------24.9349766949
 ---------24.851074396
 ---------23.9508446196
 ---- Total: 95.1019538925
 -- Premio: 
 ---------49.0
 ---------48.0
 ---------54.0
 ---------48.0
 ---- Total: 199.0
