 - Execucao 0
 -- BestCostGenaration: [-134.11145618000168, -220.26408639915928, -301.8418812973033, -389.23311501505162, -410.70256240937516, -454.15932046376776, -507.24469285944116, -576.6463192229304, -596.25024116855934, -630.30652693961736, -646.46712445106846, -686.34760679927183, -702.34760679927183, -719.38788742172733, -744.55906487054403, -766.48320705933543, -787.64948539850036, -800.59375730849945, -807.70031330529662, -812.8040258764795, -816.85679438934983]
 -- BestCostElement: [-816.85679439 -813.54308589 -812.80402588 -811.75308182]
 -- BestRoute: [array([ 0,  8,  9,  6,  4,  3,  2,  5,  7, 14, 16, 17, 20, 19, 18, 15,  1,
       13, 11, 12, 10,  0])]
 -- Custo: 
 ---------50.7858014027
 ---- Total: 50.7858014027
 -- Premio: 
 ---------102.0
 ---- Total: 102.0
 - Execucao 1
 -- BestCostGenaration: [-134.11145618000168, -230.22291236000336, -274.26408639915928, -310.68257227402682, -354.51523304557304, -402.12993651404838, -456.01848033404673, -506.72252789134859, -553.5046271600537, -582.13527518653564, -631.47847443780825, -639.94339729320268, -662.11199742595318, -713.14652902736634, -729.1802954658765, -729.71721722276527, -745.64531688797751, -758.29811527129334, -764.12810156513319, -771.47525799108166, -783.25065482114837, -793.47455751967891, -796.1235677254615, -797.39628902120467, -803.23206432833274, -806.91061222052906, -815.70225391137058, -816.78905687153781, -819.01596241035543, -819.80760410119694]
 -- BestCostElement: [-819.8076041  -819.01596241 -816.78905687 -816.4938956 ]
 -- BestRoute: [array([ 0,  5,  2,  3,  4,  6,  9,  8, 10, 12, 15, 18, 19, 20,  1, 17, 16,
       14, 13, 11,  7,  0])]
 -- Custo: 
 ---------50.0480989747
 ---- Total: 50.0480989747
 -- Premio: 
 ---------102.0
 ---- Total: 102.0
 - Execucao 2
 -- BestCostGenaration: [-134.11145618000168, -230.22291236000336, -312.79774768101692, -333.96493195101942, -368.53976727203303, -418.66137246999097, -442.93931427390908, -497.3783383652983, -531.36502493538774, -564.04254990591608, -600.06821186473235, -630.95980230916211, -670.6868010709095, -698.99488765841647, -710.58177482460042, -729.26181038354753, -732.62088098170648, -750.28544264646848, -759.65129195016516, -762.6297966890595, -780.0660856657812, -793.83815499821799, -804.0660856657812, -805.91357179765964, -818.68362028068805, -819.29684206949423]
 -- BestCostElement: [-819.29684207 -818.68362028 -818.50520038 -817.89197859]
 -- BestRoute: [array([ 0,  2,  5,  7, 10, 11, 13, 14, 16, 17,  1, 20, 19, 18, 15, 12,  8,
        9,  6,  4,  3,  0])]
 -- Custo: 
 ---------50.1757894826
 ---- Total: 50.1757894826
 -- Premio: 
 ---------102.0
 ---- Total: 102.0
 - Execucao 3
 -- BestCostGenaration: [-134.11145618000168, -221.85347577101777, -285.74201959101606, -300.3635121899826, -400.98671245045722, -417.80886430652572, -493.35614903944287, -553.17722798180728, -569.17722798180728, -594.35894482558012, -613.12429567794379, -642.67244627041521, -658.10164533850366, -686.21310151850537, -702.06961868625331, -717.94876625435631, -730.31459780000182, -745.83184345082714, -748.23941268889098, -765.67248443726874, -770.61675634726794, -793.44957207726543, -801.52863142861372, -802.69306317563542, -806.21492292962898, -806.6430471857459, -810.95379610760017]
 -- BestCostElement: [-810.95379611 -806.64304719 -806.21492293 -806.0095242 ]
 -- BestRoute: [array([ 0,  5,  2,  3,  4,  6,  9,  8,  7, 10, 11, 13, 14, 16, 17,  1, 20,
       19, 18, 15, 12,  0])]
 -- Custo: 
 ---------52.2615509731
 ---- Total: 52.2615509731
 -- Premio: 
 ---------102.0
 ---- Total: 102.0
 - Execucao 4
 -- BestCostGenaration: [-134.11145618000168, -219.85347577101777, -306.26408639915928, -323.77166389668866, -387.15625548073297, -429.78585019155003, -479.69229244408814, -511.07120710822471, -569.66616539660333, -595.54997037564897, -615.23677956444749, -649.11460878143453, -670.76988193774037, -689.63046446056728, -710.64125832667492, -717.41889085820117, -733.9876732864725, -751.37590729713406, -767.16364480683148, -790.11761441035003, -799.53207590338707, -810.56022114643554, -811.17344293524172, -812.41404539798975, -818.14995899883047, -818.17704069018259]
 -- BestCostElement: [-818.17704069 -818.149959   -814.86333219 -814.8362505 ]
 -- BestRoute: [array([ 0,  8,  9,  6,  4,  3,  2,  5,  7, 11, 13, 14, 16, 17,  1, 20, 19,
       18, 15, 12, 10,  0])]
 -- Custo: 
 ---------50.4557398275
 ---- Total: 50.4557398275
 -- Premio: 
 ---------102.0
 ---- Total: 102.0
