 - Execucao 0
 -- BestCostGenaration: [-255.98903959774339, -1477.2644532335323, -1488.0703931903315, -1496.003677038411, -1521.0871417419387, -1521.5045628121063, -1564.5648512503208, -1567.36628667398, -1584.8522689108277, -1587.653704334487, -1587.757669150555, -1649.450514550202, -1651.5034468540655, -1676.7630772802088, -1678.264556370977, -1679.6371393730074, -1683.5099428846852, -1693.516733777216, -1701.5724618672166, -1737.333961854685, -1758.1550407970494, -1770.7915748405123, -1792.1550407970494, -1798.2664969770508, -1810.8118950465418]
 -- BestCostElement: [-1810.81189505 -1810.81189505 -1810.81189505 -1810.81189505]
 -- BestRoute: [array([ 0, 28, 12, 19,  7, 11, 24, 23,  0])
 array([ 0, 44, 42, 37, 34, 31, 30, 27,  0])
 array([ 0, 58, 60, 65, 73, 72, 64, 63, 59, 55, 51, 46, 41,  0])
 array([ 0, 25, 20, 15,  8, 16, 17,  9, 10, 21,  0])
 array([ 0, 43, 49, 53, 62, 68, 75, 67, 61, 76, 74, 66, 52, 48,  0])
 array([ 0, 47, 57, 56, 70, 54, 45, 39, 32, 33, 35, 36, 40,  0])]
 -- Custo: 
 ---------19.15242529089852
 ---------21.08709566447531
 ---------23.878979388702824
 ---------24.957704745389833
 ---------26.76997652927942
 ---------29.950844619618657
 ---- Total: 145.79702623836457
 -- Premio: 
 ---------38.0
 ---------43.0
 ---------67.0
 ---------50.0
 ---------75.0
 ---------69.0
 ---- Total: 342.0
 - Execucao 1
 -- BestCostGenaration: [-240.68310598834864, -1454.5504445961144, -1501.4686387651482, -1517.5854009555023, -1573.7895895178317, -1600.502171857325, -1616.457814557564, -1643.2143667223504, -1659.1060569553938, -1683.5393158701067, -1691.360394812471, -1717.8267335306134, -1722.4687045794278, -1737.847771110238, -1739.1667328680762, -1741.874061948716, -1759.1584748413566, -1762.509364200683, -1768.5264827934275, -1795.5264827934275, -1821.7449493501342, -1825.7712401886122, -1831.0586578491188, -1833.9366042148947, -1847.5701272030396]
 -- BestCostElement: [-1847.5701272 -1847.5701272 -1847.5701272 -1847.5701272]
 -- BestRoute: [array([ 0, 43, 49, 61, 67, 74, 66,  0])
 array([ 0, 47, 41, 46, 45, 50, 39, 32, 33, 35, 36,  0])
 array([ 0, 28, 12, 19,  7, 11, 24, 23, 14, 18,  0])
 array([ 0, 40, 26, 20, 15,  8, 16,  9, 10, 21, 22, 27, 30,  0])
 array([ 0, 48, 52, 58, 60, 65, 73, 72, 64, 63, 59, 55, 51, 56, 57,  0])
 array([ 0, 75, 68, 69, 62, 53, 44, 38, 42, 37, 34, 31,  0])]
 -- Custo: 
 ---------19.978733773341805
 ---------21.98140956982914
 ---------23.786449847476838
 ---------24.77927174436485
 ---------24.844454977356023
 ---------29.987148286871463
 ---- Total: 145.35746819924012
 -- Premio: 
 ---------29.0
 ---------51.0
 ---------50.0
 ---------66.0
 ---------86.0
 ---------65.0
 ---- Total: 347.0
 - Execucao 2
 -- BestCostGenaration: [-245.0844931540912, -1445.9544597462345, -1560.2431427100273, -1562.8442688695188, -1563.4648878239784, -1580.4263078273966, -1583.561095268746, -1618.9336782707762, -1679.370633238161, -1680.7432162401913, -1729.7432162401913, -1751.8255857955776, -1752.538168135071, -1754.426711955069, -1778.9076047240565, -1783.8373873234418, -1785.72593114344, -1804.1248049839483, -1806.72593114344, -1812.1248049839483]
 -- BestCostElement: [-1812.12480498 -1812.12480498 -1812.12480498 -1812.12480498]
 -- BestRoute: [array([ 0, 11,  7, 19, 12, 28,  0])
 array([ 0, 48, 58, 60, 65, 73, 72, 64, 63, 59, 55, 51,  0])
 array([ 0, 40, 41, 46, 45, 50, 54, 70, 71, 57,  0])
 array([ 0, 36, 35, 33, 26, 20, 15,  8, 16, 17,  9, 10, 21,  0])
 array([ 0, 44, 42, 37, 34, 31, 24, 23, 14, 18, 27, 30,  0])
 array([ 0, 52, 61, 66, 74, 76, 67, 75, 68, 69, 62, 53, 49, 43,  0])]
 -- Custo: 
 ---------18.433110905669853
 ---------21.478708664619077
 ---------23.773387165490547
 ---------24.471938219632754
 ---------26.614271578730534
 ---------27.1973822198701
 ---- Total: 141.96879875401288
 -- Premio: 
 ---------27.0
 ---------66.0
 ---------43.0
 ---------66.0
 ---------66.0
 ---------72.0
 ---- Total: 340.0
 - Execucao 3
 -- BestCostGenaration: [-240.55612843100587, -1438.905261190699, -1446.7263401330636, -1469.8346499000204, -1484.3087322269816, -1497.5961498874883, -1517.4466660813755, -1530.7340837418824, -1550.2258665327336, -1592.4205814095153, -1640.6815213956297, -1643.9952298946146, -1670.449831825124, -1673.7635403241088, -1679.5399449893291, -1685.1967992388215, -1688.59567307933, -1695.5584922189882, -1702.5584922189882, -1723.3795711613525, -1726.4352992513536, -1726.9700998666217, -1745.5467554313555, -1748.0559697485896, -1757.369678247574, -1759.3108037445281]
 -- BestCostElement: [-1759.31080374 -1759.31080374 -1759.31080374 -1759.31080374]
 -- BestRoute: [array([ 0, 28, 12, 19,  7, 11, 24, 23,  0])
 array([ 0, 56, 55, 45, 39, 41, 46, 51, 47,  0])
 array([ 0, 48, 52, 58, 60, 57, 65, 73, 72, 64, 63, 59,  0])
 array([ 0, 43, 49, 53, 62, 69, 68, 67, 74, 66, 61,  0])
 array([ 0, 40, 32, 25, 20, 15,  8, 16, 17,  9, 10, 21, 22,  0])
 array([ 0, 36, 35, 33, 27, 30, 31, 34, 37, 38, 44, 42,  0])]
 -- Custo: 
 ---------19.15242529089852
 ---------21.186912597118447
 ---------23.939755294678406
 ---------24.944074174632334
 ---------26.921795864380066
 ---------28.52733584216013
 ---- Total: 144.6722990638679
 -- Premio: 
 ---------38.0
 ---------41.0
 ---------71.0
 ---------53.0
 ---------65.0
 ---------66.0
 ---- Total: 334.0
 - Execucao 4
 -- BestCostGenaration: [-196.3450181769335, -1489.1110594248578, -1552.425335301887, -1555.6027921757097, -1556.4936213363017, -1569.6027921757097, -1570.4936213363017, -1571.2062036757948, -1577.7991589588564, -1578.51174129835, -1598.1835155960803, -1605.272668637966, -1611.140243052245, -1611.1673949631743, -1626.2312113965136, -1628.0914622397368, -1667.9288736877688, -1668.6686079381911, -1669.9575209920158, -1688.7506268666698, -1691.670103331509, -1699.523056270332, -1705.523056270332]
 -- BestCostElement: [-1705.52305627 -1705.52305627 -1705.52305627 -1705.52305627]
 -- BestRoute: [array([ 0, 21, 17, 16,  9, 10, 22,  0])
 array([ 0, 61, 67, 76, 74, 66, 60, 57, 47,  0])
 array([ 0, 26, 20,  8, 15, 25, 32, 33, 35, 36, 40,  0])
 array([ 0, 58, 65, 73, 72, 64, 63, 59, 56, 51, 46, 41,  0])
 array([ 0, 48, 52, 43, 49, 53, 44, 38, 42, 37, 34, 28,  0])
 array([ 0, 31, 29, 13, 19,  7, 11, 24, 23, 14, 18, 27, 30,  0])]
 -- Custo: 
 ---------18.280611804225785
 ---------20.610223639210147
 ---------23.46761933967883
 ---------23.700833803829525
 ---------26.654531936797277
 ---------29.65541540867543
 ---- Total: 142.36923593241698
 -- Premio: 
 ---------31.0
 ---------41.0
 ---------54.0
 ---------66.0
 ---------70.0
 ---------63.0
 ---- Total: 325.0
 - Execucao 5
 -- BestCostGenaration: [-213.38885029232227, -1529.110160847189, -1530.0936284490672, -1547.499490249389, -1550.3549090752222, -1575.1287080768484, -1591.275708078695, -1614.4045311750474, -1626.3967875662286, -1647.5687106771838, -1675.4896513258354, -1693.059792996632, -1711.8591331055568, -1717.0597478058964, -1717.7723301453896, -1720.1945352472455, -1723.0724816130214, -1744.3356357329199, -1746.2241795529183, -1762.440985922746, -1765.3189322885219, -1766.9123148391946, -1769.6728816598697, -1770.3969937328463, -1771.7430990604844, -1774.8778865018337]
 -- BestCostElement: [-1774.8778865 -1774.8778865 -1774.8778865 -1774.8778865]
 -- BestRoute: [array([ 0, 47, 46, 41, 39, 32, 33, 35, 36, 40,  0])
 array([ 0, 57, 64, 72, 63, 59, 55, 51, 56,  0])
 array([ 0, 49, 53, 62, 69, 68, 75, 67, 61,  0])
 array([ 0, 48, 58, 65, 73, 74, 66, 60, 52, 43,  0])
 array([ 0, 44, 42, 37, 34, 28, 12, 19,  7, 11, 24, 23,  0])
 array([ 0, 30, 27, 21, 22, 18, 14, 10, 17, 16, 20, 15,  8,  0])]
 -- Custo: 
 ---------19.478708664619077
 ---------19.83788226773653
 ---------22.52325249134507
 ---------19.520763132540633
 ---------26.299077529950225
 ---------29.62084428835003
 ---- Total: 137.28052837454157
 -- Premio: 
 ---------53.0
 ---------50.0
 ---------42.0
 ---------51.0
 ---------67.0
 ---------69.0
 ---- Total: 332.0
 - Execucao 6
 -- BestCostGenaration: [-220.87283183589514, -1541.0882573100546, -1548.9093362524188, -1552.0441236937681, -1572.9650643424197, -1574.9731249286215, -1592.5853049009702, -1603.570024737482, -1606.625752827483, -1631.570024737482, -1646.2005881484965, -1673.9131704879896, -1676.2563162384972, -1700.0253802753864, -1702.3173749134319, -1704.4180827167486, -1718.4258263255674, -1745.4180827167486, -1798.460067827014, -1803.198941004985, -1811.5420867554926, -1812.254669094986, -1815.5683775939708, -1826.7457062236986, -1828.686831720653, -1829.3994140601462, -1831.0299774711605, -1832.0154881605467]
 -- BestCostElement: [-1832.01548816 -1832.01548816 -1832.01548816 -1832.01548816]
 -- BestRoute: [array([ 0, 42, 44, 38, 37, 34,  0])
 array([ 0, 27, 14, 18, 22, 21, 17, 10,  0])
 array([ 0, 31, 28, 29, 12, 19,  7, 11, 24, 23, 30,  0])
 array([ 0, 36, 26, 16,  8, 15, 20, 25, 32, 33, 35, 40,  0])
 array([ 0, 48, 52, 58, 60, 65, 73, 72, 64, 63, 59, 56, 51, 46, 45, 41,  0])
 array([ 0, 57, 61, 66, 74, 76, 67, 75, 68, 69, 62, 53, 49, 43,  0])]
 -- Custo: 
 ---------17.30056307974577
 ---------21.55801064114233
 ---------22.890246430504835
 ---------24.660751162624543
 ---------26.23458242770424
 ---------29.601974218141642
 ---- Total: 142.24612795986337
 -- Premio: 
 ---------34.0
 ---------39.0
 ---------50.0
 ---------61.0
 ---------90.0
 ---------69.0
 ---- Total: 343.0
 - Execucao 7
 -- BestCostGenaration: [-206.38835803571249, -1512.6191354551402, -1514.328758217503, -1532.4758865520382, -1540.2969654944027, -1565.4084216744043, -1568.0095478338958, -1594.236498563449, -1598.8072955149125, -1614.523916223956, -1616.5557089470562, -1659.9677697777802, -1670.1013064209426, -1679.5187274911102, -1699.5729601877931, -1704.5172320977922, -1719.5652165789743, -1724.5094884889731, -1727.6442759303222, -1738.5094884889731, -1741.6442759303222, -1744.245402089814, -1761.0137125193082, -1763.6148386787995, -1764.7792704258213, -1771.7792704258213, -1776.7262948588013]
 -- BestCostElement: [-1776.72629486 -1776.72629486 -1776.72629486 -1776.72629486]
 -- BestRoute: [array([ 0, 40, 36, 35, 33, 32, 39, 41, 46,  0])
 array([ 0, 28, 29, 19,  7, 11, 24, 23,  0])
 array([ 0, 43, 53, 62, 69, 68, 75, 67, 61,  0])
 array([ 0, 48, 52, 58, 60, 66, 74, 73, 72, 64, 63, 59, 56, 51,  0])
 array([ 0, 26, 25, 20, 15,  8, 16, 17,  9, 10, 21, 22,  0])
 array([ 0, 30, 27, 18, 14, 31, 34, 37, 42, 38, 44, 49,  0])]
 -- Custo: 
 ---------19.03544634700739
 ---------21.980852415644712
 ---------22.49170305746984
 ---------24.307135789365265
 ---------25.852784146813335
 ---------28.40050452899914
 ---- Total: 142.0684262852997
 -- Premio: 
 ---------49.0
 ---------40.0
 ---------43.0
 ---------85.0
 ---------55.0
 ---------63.0
 ---- Total: 335.0
 - Execucao 8
 -- BestCostGenaration: [-1409.4714378208814, -1430.0158613496278, -1509.6930193133082, -1541.179011038498, -1573.1265500146683, -1597.8577659848443, -1603.5216743307706, -1606.6858538329068, -1657.0367431922332, -1684.0251939092545, -1694.9358117054421, -1703.5663751164566, -1717.4578785135852, -1727.8008172099433, -1732.7478849060797, -1750.5917092581983, -1752.3013320205612, -1753.383187158047, -1758.6849708883174, -1766.0797415304519, -1772.576474285446, -1773.6583294229317, -1786.3548837953367, -1787.4367389328222, -1788.8883812862014, -1803.8589440346782, -1804.3135459651876, -1806.1230304338374, -1809.2578178751864]
 -- BestCostElement: [-1809.25781788 -1809.25781788 -1809.25781788 -1809.25781788]
 -- BestRoute: [array([ 0, 31, 28, 12, 19,  7, 11, 24, 23,  0])
 array([ 0, 65, 73, 72, 64, 63, 59, 55, 51,  0])
 array([ 0, 47, 57, 56, 46, 41, 39, 32, 33, 35,  0])
 array([ 0, 34, 37, 42, 44, 69, 62, 53, 49,  0])
 array([ 0, 48, 58, 60, 66, 74, 76, 68, 67, 61, 52, 43,  0])
 array([ 0, 40, 26, 20, 15,  8, 16, 17,  9, 10, 21, 22, 18, 14, 27, 30,  0])]
 -- Custo: 
 ---------19.517129989098038
 ---------20.82842712474619
 ---------22.666309392482717
 ---------24.263456065092136
 ---------23.718673555251023
 ---------29.941549404533227
 ---- Total: 140.93554553120333
 -- Premio: 
 ---------41.0
 ---------50.0
 ---------54.0
 ---------51.0
 ---------62.0
 ---------81.0
 ---- Total: 339.0
 - Execucao 9
 -- BestCostGenaration: [-293.22336065548353, -1391.604845151431, -1454.058331378664, -1506.3409650074825, -1537.5909831896356, -1539.1316424181737, -1599.668342478547, -1602.4289092992221, -1627.668342478547, -1630.4289092992221, -1680.440280089462, -1696.044365826084, -1715.3247855399104, -1718.7539885884469, -1723.1528624289551, -1725.1234251774322, -1742.6866875018059, -1746.0003960007907, -1749.283236683759, -1773.261335986905, -1775.1498798069033, -1775.8624621463964, -1781.261335986905, -1781.2613359869051, -1795.3341993329764, -1802.0824149292696, -1803.4400499903911]
 -- BestCostElement: [-1803.44004999 -1803.44004999 -1803.44004999 -1803.44004999]
 -- BestRoute: [array([ 0, 44, 42, 37, 34, 28,  0])
 array([ 0, 36, 35, 33, 26, 20, 15,  8, 16, 17,  0])
 array([ 0, 51, 46, 41, 39, 45, 50, 54,  0])
 array([ 0, 57, 58, 60, 65, 73, 72, 64, 63, 59, 56, 47, 40,  0])
 array([ 0, 30, 27, 22, 21, 10, 18, 14, 11, 19,  7, 24, 31,  0])
 array([ 0, 43, 49, 53, 62, 69, 68, 75, 67, 76, 74, 66, 61, 52, 48,  0])]
 -- Custo: 
 ---------19.9529007139174
 ---------21.852088875715435
 ---------22.36282082804432
 ---------24.42366870536343
 ---------26.55639589508264
 ---------27.242112484278998
 ---- Total: 142.38998750240222
 -- Premio: 
 ---------36.0
 ---------48.0
 ---------35.0
 ---------69.0
 ---------70.0
 ---------81.0
 ---- Total: 339.0
 - Execucao 10
 -- BestCostGenaration: [-262.9103180181992, -1413.647678501798, -1419.1356655833156, -1486.817164373916, -1489.8728924639172, -1510.867245104037, -1524.8800526793198, -1544.9014374970457, -1586.614019836539, -1627.7225164394101, -1629.0950994414407, -1636.0873558326218, -1656.5945394400871, -1684.937685190595, -1693.290691008866, -1708.633836759374, -1713.5781086693728, -1717.5959513585883, -1718.1290907503749, -1737.883369019095, -1751.883369019095, -1758.3761854116296, -1760.317310908584, -1762.25833846535]
 -- BestCostElement: [-1762.25833847 -1762.25833847 -1762.25833847 -1762.25833847]
 -- BestRoute: [array([ 0, 36, 35, 33, 32, 25, 20,  0])
 array([ 0, 48, 52, 58, 60, 65, 73, 72, 64, 63, 59,  0])
 array([ 0, 14, 18, 22, 21, 17, 16,  9, 10,  0])
 array([ 0, 40, 41, 46, 39, 50, 54, 55, 51, 56, 57, 47,  0])
 array([ 0, 43, 61, 66, 74, 76, 75, 68, 69, 62,  0])
 array([ 0, 42, 44, 38, 37, 34, 28, 12, 19,  7, 11, 24, 23, 27, 30,  0])]
 -- Custo: 
 ---------18.800954460821224
 ---------20.881832902051922
 ---------23.272627355356292
 ---------24.95741732923815
 ---------26.657525154203178
 ---------29.365058181991753
 ---- Total: 143.9354153836625
 -- Premio: 
 ---------34.0
 ---------65.0
 ---------43.0
 ---------57.0
 ---------52.0
 ---------83.0
 ---- Total: 334.0
 - Execucao 11
 -- BestCostGenaration: [-238.5446517232599, -1370.5266598441258, -1397.2236083548164, -1432.4165907780969, -1460.3638674559622, -1460.475170970111, -1465.4060929029067, -1486.0207217054547, -1486.1331645530138, -1566.6110977448707, -1620.9143790161936, -1643.1190516355784, -1670.4064692960849, -1670.5410330539596, -1670.625300023641, -1684.5410330539596, -1698.369855605143, -1701.1811769268668, -1703.069720746865, -1704.0031026350005, -1708.6599568844929, -1735.4049360526394, -1738.5397234939885]
 -- BestCostElement: [-1738.53972349 -1738.53972349 -1738.53972349 -1738.53972349]
 -- BestRoute: [array([ 0, 57, 64, 72, 73, 74, 66, 60, 58, 52, 48,  0])
 array([ 0, 28, 29, 19,  7, 11, 24, 23,  0])
 array([ 0, 43, 49, 44, 42, 38, 37, 34, 31, 30, 27,  0])
 array([ 0, 53, 62, 69, 68, 75, 67, 61,  0])
 array([ 0, 46, 41, 33, 35, 36, 40, 47, 56, 59, 55, 51,  0])
 array([ 0, 39, 32, 25, 20, 15,  8, 16, 17,  9, 10, 21, 22,  0])]
 -- Custo: 
 ---------19.83788226773653
 ---------21.980852415644712
 ---------23.650441467777792
 ---------22.43207805433684
 ---------26.514155011626467
 ---------28.449659909380486
 ---- Total: 142.86506912650282
 -- Premio: 
 ---------66.0
 ---------40.0
 ---------55.0
 ---------39.0
 ---------63.0
 ---------67.0
 ---- Total: 330.0
 - Execucao 12
 -- BestCostGenaration: [-173.56949322621682, -1499.7065615571887, -1591.1129280568066, -1595.7992195578222, -1620.6475760062222, -1623.7823634475712, -1625.4129268585857, -1638.147202840783, -1641.8600374251619, -1679.695667659912, -1713.5312359128902, -1722.6136054682765, -1730.844944411875, -1751.6931752651685, -1760.6364605076099, -1763.1711084570252, -1773.1848181542312, -1792.8016718680396, -1805.350029514661, -1814.4323990700473, -1819.462540862014, -1830.783288429374, -1835.8134302213405, -1854.470284470833]
 -- BestCostElement: [-1854.47028447 -1854.47028447 -1854.47028447 -1854.47028447]
 -- BestRoute: [array([ 0, 44, 42, 37, 34, 28,  0])
 array([ 0, 48, 52, 58, 60, 65, 73, 72, 64, 63, 59,  0])
 array([ 0, 36, 40, 41, 46, 45, 50, 54, 55, 51, 56, 57, 47,  0])
 array([ 0, 31, 12, 19,  7, 11, 24, 23, 14, 18, 22,  0])
 array([ 0, 30, 27, 21, 10,  9, 17, 16, 20, 25, 32, 39, 33, 35,  0])
 array([ 0, 61, 66, 74, 76, 67, 75, 68, 69, 62, 53, 49, 43,  0])]
 -- Custo: 
 ---------19.9529007139174
 ---------20.881832902051922
 ---------22.705481427033437
 ---------24.31104400018135
 ---------26.844454977356026
 ---------27.18671486175162
 ---- Total: 141.88242888229175
 -- Premio: 
 ---------36.0
 ---------65.0
 ---------54.0
 ---------49.0
 ---------79.0
 ---------63.0
 ---- Total: 346.0
 - Execucao 13
 -- BestCostGenaration: [-252.22553928392816, -1479.5043734029578, -1516.836881376487, -1539.1961144013142, -1555.8012904953118, -1557.8542227991754, -1578.0261459101305, -1589.404262675029, -1597.6782613186701, -1605.6782613186701, -1625.313421925459, -1626.6023349792836, -1631.4248781054603, -1636.0739887461339, -1644.712295765967, -1647.6085831947842, -1652.2576938354578, -1662.8171476705606, -1670.8171476705606, -1673.7134350993779, -1678.9543636720205, -1681.007295975884, -1682.8958397958822, -1696.148872382185, -1702.3349977719104, -1702.8908919732007]
 -- BestCostElement: [-1702.89089197 -1702.89089197 -1702.89089197 -1702.89089197]
 -- BestRoute: [array([ 0, 28, 12, 19,  7, 11, 24, 23,  0])
 array([ 0, 60, 64, 72, 63, 59, 55, 51,  0])
 array([ 0, 43, 42, 44, 38, 37, 34, 31, 30, 27,  0])
 array([ 0, 36, 35, 33, 26, 20, 15,  8, 16, 17,  9, 10, 21,  0])
 array([ 0, 48, 52, 58, 57, 65, 73, 74, 67, 75, 68, 61,  0])
 array([ 0, 47, 56, 71, 70, 54, 50, 45, 46, 41, 39, 32, 40,  0])]
 -- Custo: 
 ---------19.15242529089852
 ---------20.325792276007146
 ---------22.9263696105735
 ---------24.471938219632754
 ---------26.358287737005426
 ---------29.792463872582434
 ---- Total: 143.0272770066998
 -- Premio: 
 ---------38.0
 ---------42.0
 ---------52.0
 ---------66.0
 ---------67.0
 ---------60.0
 ---- Total: 325.0
 - Execucao 14
 -- BestCostGenaration: [-202.2546949408041, -1389.509409821931, -1396.3536175752504, -1504.4124058509055, -1507.0135320103968, -1544.5929645271844, -1545.010385597352, -1556.8630954879961, -1577.302956531746, -1588.6723931207316, -1591.631776762633, -1622.6646495119128, -1636.501215671915, -1638.0560568473159, -1655.3927642597796, -1678.5004700097766, -1682.8169742948985, -1724.8169742948985, -1752.7642509727639, -1758.9841613800122, -1778.2421841646205, -1778.458286082598, -1781.6410580051288, -1792.0934466893864, -1793.101190298205, -1801.794849922304, -1816.5267056040993, -1817.534449212918, -1817.9518702830856, -1838.534449212918, -1838.9518702830856, -1841.9112539249868, -1841.9517018514998, -1854.6565405821743, -1854.9517018514998, -1857.5478801883096, -1865.4515357402101, -1874.9217253232482, -1875.2168865925737, -1876.1455708500444, -1876.4407321193703]
 -- BestCostElement: [-1876.44073212 -1876.44073212 -1876.44073212 -1876.44073212]
 -- BestRoute: [array([ 0, 47, 41, 39, 45, 46, 55, 51,  0])
 array([ 0, 31, 24,  7, 19, 11, 14, 23,  0])
 array([ 0, 43, 49, 53, 44, 42, 38, 37, 34, 28,  0])
 array([ 0, 58, 60, 65, 73, 72, 64, 71, 63, 59, 56, 57,  0])
 array([ 0, 48, 66, 74, 76, 68, 69, 62, 67, 61, 52,  0])
 array([ 0, 30, 27, 22, 21, 10,  9, 17, 16,  8, 15, 20, 25, 32, 33, 35, 36,
       40,  0])]
 -- Custo: 
 ---------19.877054302287245
 ---------21.412774721556147
 ---------23.93046007959298
 ---------23.65112959852299
 ---------26.211262478832882
 ---------28.307135789365265
 ---- Total: 143.3898169701575
 -- Premio: 
 ---------36.0
 ---------41.0
 ---------52.0
 ---------61.0
 ---------66.0
 ---------94.0
 ---- Total: 350.0
