 - Execucao 0
 -- BestCostGenaration: [-213.83737850080416, -983.8042340403414, -1044.6318573250178, -1056.24931104292, -1077.216001779152, -1091.3693854901805, -1098.9285841186452, -1105.7868065603482, -1118.8495247672968, -1126.9124953991095, -1137.6649422177875, -1192.5616060397829, -1201.0952673216404, -1232.4784846054827, -1240.463995294869, -1242.0945587058834, -1296.0121458873402, -1297.6427092983547, -1298.2762322864996, -1306.2762322864996, -1307.8696148371723, -1319.3269391422507, -1346.3269391422507, -1362.8412623415752, -1373.3191955334319, -1376.5538446810683, -1378.1844080920828, -1382.8412623415752]
 -- BestCostElement: [-1382.84126234 -1382.84126234 -1382.84126234 -1382.84126234]
 -- BestRoute: [array([ 0, 47, 40, 36, 35, 33, 32, 25, 20, 26,  0])
 array([ 0, 21, 17, 16,  9, 10, 14, 18, 27, 30,  0])
 array([ 0, 56, 64, 72, 73, 74, 67, 61, 52, 48,  0])
 array([ 0, 58, 57, 63, 59, 55, 51, 46, 41,  0])
 array([ 0, 37, 34, 28, 12, 19,  7, 11, 24, 23,  0])]
 -- Custo: 
 ---------21.710260026798117
 ---------21.487806144337682
 ---------21.77269903474535
 ---------21.07031710179372
 ---------21.498602106931337
 ---- Total: 107.5396844146062
 -- Premio: 
 ---------47.0
 ---------51.0
 ---------66.0
 ---------43.0
 ---------52.0
 ---- Total: 259.0
 - Execucao 1
 -- BestCostGenaration: [-255.95285034142535, -1099.5403546953319, -1102.1414808548234, -1144.8895988526006, -1146.2121568857333, -1148.8132830452248, -1172.0963484857157, -1226.502965935043, -1256.4694555192789, -1257.0435647276493, -1297.305023772257, -1302.8682860966308, -1305.1665506411343, -1317.938546760402, -1321.073334201751, -1321.8153537927674, -1325.7224448424247, -1344.573124827305, -1356.2299790767975, -1360.628852917306, -1362.9719986678135, -1387.9162705778128, -1399.3151444183213, -1413.3151444183213, -1425.9719986678138, -1426.5201925234417, -1462.8633382739492]
 -- BestCostElement: [-1462.86333827 -1462.86333827 -1462.86333827 -1462.86333827]
 -- BestRoute: [array([ 0, 48, 58, 60, 66, 74, 76, 67, 61, 52, 43,  0])
 array([ 0, 27, 22, 21, 10,  9, 17, 16, 20,  0])
 array([ 0, 57, 65, 73, 72, 64, 63, 59, 56, 51,  0])
 array([ 0, 37, 34, 28, 12, 19,  7, 11, 24, 23, 30,  0])
 array([ 0, 47, 40, 36, 35, 33, 32, 39, 41, 46,  0])]
 -- Custo: 
 ---------20.34919025728682
 ---------20.761782426270507
 ---------21.187600727863643
 ---------21.635650570838344
 ---------21.099941449253368
 ---- Total: 105.03416543151268
 -- Premio: 
 ---------57.0
 ---------44.0
 ---------58.0
 ---------57.0
 ---------53.0
 ---- Total: 269.0
 - Execucao 2
 -- BestCostGenaration: [-150.64837881187873, -1049.2219472737618, -1088.0202512659412, -1122.4070294771348, -1150.429679905168, -1166.7805692644945, -1186.227006002271, -1195.5407145012557, -1198.4471658392936, -1223.487991179121, -1229.742074863734, -1257.6893515415993, -1258.245165765196, -1285.5104304839635, -1287.50293912003, -1302.8460848705377, -1317.558667210031, -1324.558667210031, -1333.8723757090158, -1343.632942529691, -1364.476254391488, -1365.8338894526096, -1383.5201809536247]
 -- BestCostElement: [-1383.52018095 -1383.52018095 -1383.52018095 -1383.52018095]
 -- BestRoute: [array([ 0, 42, 37, 34, 28, 12, 19,  7,  0])
 array([ 0, 36, 35, 33, 39, 41, 46, 51, 59,  0])
 array([ 0, 30, 27, 22, 21, 17, 10, 18, 14, 24, 31,  0])
 array([ 0, 43, 49, 53, 62, 69, 68, 67, 61,  0])
 array([ 0, 40, 47, 56, 64, 72, 73, 65, 60, 58, 52, 48,  0])]
 -- Custo: 
 ---------21.275597653173957
 ---------21.4583241245934
 ---------21.741114189575445
 ---------21.708006197132548
 ---------21.186912597118447
 ---- Total: 107.3699547615938
 -- Premio: 
 ---------41.0
 ---------53.0
 ---------55.0
 ---------42.0
 ---------68.0
 ---- Total: 259.0
 - Execucao 3
 -- BestCostGenaration: [-267.767708397639, -1107.4425724156577, -1138.0464510981299, -1170.9762336975152, -1178.3936547676828, -1189.5969918425917, -1194.5412637525908, -1208.3891555120972, -1223.4702649874444, -1246.1008283984588, -1270.3352704919455, -1270.514191549581, -1287.1524985694143, -1292.2207542999224, -1300.1447549605955, -1302.532258010864, -1320.4765299208632, -1321.4470926693402, -1328.5750696686634, -1349.2085926568082, -1370.0296715991728, -1381.9816871179908]
 -- BestCostElement: [-1381.98168712 -1381.98168712 -1381.98168712 -1381.98168712]
 -- BestRoute: [array([ 0, 31, 34, 37, 42, 38, 44, 53, 49, 43,  0])
 array([ 0, 40, 35, 39, 41, 46, 51, 56, 59,  0])
 array([ 0, 27, 22, 21, 10,  9, 17, 16, 20,  0])
 array([ 0, 48, 52, 58, 60, 61, 66, 74, 73, 72, 64,  0])
 array([ 0, 30, 28, 12, 19,  7, 11, 24, 23,  0])]
 -- Custo: 
 ---------21.13288711762412
 ---------21.4583241245934
 ---------20.761782426270507
 ---------21.803263984955834
 ---------20.848320567058455
 ---- Total: 106.00457822050231
 -- Premio: 
 ---------48.0
 ---------56.0
 ---------44.0
 ---------67.0
 ---------43.0
 ---- Total: 258.0
 - Execucao 4
 -- BestCostGenaration: [-184.16725087727883, -1102.779492059335, -1107.4657835603502, -1116.751139563738, -1124.4216932072204, -1138.1342755467138, -1138.6366627239745, -1157.8734993515925, -1177.545273649323, -1180.0246710249921, -1193.1989814857707, -1207.1989814857707, -1219.9007602044235, -1233.9007602044235, -1236.3801575800928, -1252.8450321144228, -1255.324429490092, -1273.2968382587947, -1275.776235634464, -1296.0636532949707, -1315.805672885987, -1333.491964387002, -1341.2045467264952, -1341.4625271354791]
 -- BestCostElement: [-1341.46252714 -1341.46252714 -1341.46252714 -1341.46252714]
 -- BestRoute: [array([ 0, 27, 22, 20, 15,  8, 16,  0])
 array([ 0, 43, 42, 44, 38, 37, 34, 28,  0])
 array([ 0, 30, 21, 17,  9, 10, 14, 23, 24, 31,  0])
 array([ 0, 47, 40, 35, 33, 32, 39, 41, 46, 51,  0])
 array([ 0, 48, 52, 61, 66, 74, 73, 72, 64, 59,  0])]
 -- Custo: 
 ---------21.997850403770293
 ---------21.79217466001559
 ---------21.86138409080086
 ---------21.543203766865055
 ---------21.939755294678406
 ---- Total: 109.13436821613021
 -- Premio: 
 ---------34.0
 ---------45.0
 ---------49.0
 ---------57.0
 ---------69.0
 ---- Total: 254.0
 - Execucao 5
 -- BestCostGenaration: [-250.72298420774655, -994.1574199721468, -996.6618983959099, -1087.8182482107227, -1111.5957735495144, -1134.0384080477454, -1136.7989748684206, -1139.3305645492048, -1164.3366293290924, -1164.5155503867281, -1167.91926175969, -1169.1800379548113, -1194.5789117953195, -1212.5231837053188, -1230.8848766854856, -1232.5154400964998, -1232.6943611541353, -1241.609382648526]
 -- BestCostElement: [-1241.60938265 -1241.60938265 -1241.60938265 -1241.60938265]
 -- BestRoute: [array([ 0, 36, 35, 33, 26, 20, 15,  8, 16, 17,  0])
 array([ 0, 57, 58, 60, 65, 73, 72, 64, 63, 59,  0])
 array([ 0, 43, 67, 76, 74, 66, 61, 52, 48,  0])
 array([ 0, 30, 31, 34, 37, 42, 38, 44,  0])
 array([ 0, 47, 40, 41, 46, 45, 50, 54, 55, 51, 56,  0])]
 -- Custo: 
 ---------21.852088875715435
 ---------21.940443425423602
 ---------20.21214179337982
 ---------20.549776476484553
 ---------21.543203766865055
 ---- Total: 106.09765433786848
 -- Premio: 
 ---------48.0
 ---------53.0
 ---------50.0
 ---------42.0
 ---------45.0
 ---- Total: 238.0
 - Execucao 6
 -- BestCostGenaration: [-280.91604883433024, -1154.9825094546868, -1157.668800955702, -1196.9614158686645, -1237.7036425138303, -1265.9200614091906, -1268.6806282298658, -1277.5364677321702, -1298.283435145868, -1305.7352845533965, -1310.1486477045187, -1330.4360653650256, -1333.6135222388484, -1336.3740890595236, -1355.0309433090163, -1364.4338112339371, -1369.4555048766413, -1389.8326850744456, -1402.8249414656268, -1427.0593835591135]
 -- BestCostElement: [-1427.05938356 -1427.05938356 -1427.05938356 -1427.05938356]
 -- BestRoute: [array([ 0, 30, 31, 28, 12, 19,  7, 11, 24, 23,  0])
 array([ 0, 40, 35, 33, 26, 20, 15,  8, 16, 21,  0])
 array([ 0, 43, 34, 37, 42, 38, 44, 53,  0])
 array([ 0, 47, 57, 64, 72, 63, 59, 56, 51, 46, 41,  0])
 array([ 0, 48, 52, 58, 60, 65, 73, 74, 66, 67, 61,  0])]
 -- Custo: 
 ---------20.91157871363405
 ---------21.959942099337262
 ---------21.511467917455207
 ---------21.878291257957635
 ---------20.72387412183747
 ---- Total: 106.98515411022163
 -- Premio: 
 ---------46.0
 ---------58.0
 ---------42.0
 ---------61.0
 ---------58.0
 ---- Total: 265.0
 - Execucao 7
 -- BestCostGenaration: [-1071.9225080543767, -1111.556777926649, -1147.8999236771565, -1147.9403716036695, -1167.8456909804736, -1169.476254391488, -1173.0928677686175, -1175.8202880294598, -1201.477142278952, -1214.6710112774967, -1219.1634337799674, -1233.1634337799674, -1233.2038817064802, -1233.461862115464, -1249.9694396129935, -1261.2038817064802]
 -- BestCostElement: [-1261.20388171 -1261.20388171 -1261.20388171 -1261.20388171]
 -- BestRoute: [array([ 0, 31, 24, 23, 14, 10,  9, 17, 21, 22,  0])
 array([ 0, 58, 60, 65, 73, 72, 64, 63, 59, 56, 51,  0])
 array([ 0, 43, 34, 37, 38, 42, 44, 53,  0])
 array([ 0, 48, 57, 66, 74, 76, 67, 61, 52,  0])
 array([ 0, 30, 27, 18, 11,  7, 19, 12, 28,  0])]
 -- Custo: 
 ---------21.640997622471378
 ---------21.365746312736945
 ---------21.511467917455207
 ---------20.57616073291973
 ---------21.3546569877967
 ---- Total: 106.44902957337996
 -- Premio: 
 ---------47.0
 ---------59.0
 ---------42.0
 ---------52.0
 ---------41.0
 ---- Total: 241.0
 - Execucao 8
 -- BestCostGenaration: [-200.59128890675584, -1008.689433977814, -1107.1203792842618, -1109.7215054437534, -1133.8221580029149, -1138.51925312477, -1185.8036107732557, -1186.7741735217328, -1221.8515952544376, -1224.452721413929, -1254.2055446257857, -1256.0940884457839, -1265.1498165357846, -1267.7509426952763, -1280.867389961116, -1288.4902097633114, -1292.0005397838218, -1298.7542961624708, -1299.9791515772895, -1331.1237327514564, -1338.5755388958285]
 -- BestCostElement: [-1338.5755389 -1338.5755389 -1338.5755389 -1338.5755389]
 -- BestRoute: [array([ 0, 22, 21, 10,  9, 17, 16, 20,  0])
 array([ 0, 31, 23, 24, 11, 14, 18, 27, 30,  0])
 array([ 0, 57, 56, 51, 46, 39, 32, 33, 35, 40,  0])
 array([ 0, 48, 52, 58, 60, 65, 73, 72, 64, 63, 59,  0])
 array([ 0, 43, 42, 37, 34, 28, 12, 19,  7,  0])]
 -- Custo: 
 ---------20.609628045414254
 ---------19.90611435520976
 ---------21.608386999856233
 ---------20.881832902051922
 ---------21.600152973510717
 ---- Total: 104.60611527604289
 -- Premio: 
 ---------38.0
 ---------43.0
 ---------60.0
 ---------65.0
 ---------45.0
 ---- Total: 251.0
 - Execucao 9
 -- BestCostGenaration: [-231.82733625098058, -1023.0113916392291, -1125.1764738074717, -1127.9370406281469, -1170.7136325688584, -1173.4741993895336, -1198.9963113884126, -1212.2269926513775, -1216.0303458357093, -1218.0705867080724, -1223.0148586180717, -1259.5839467905917, -1264.5282187005907, -1264.6275792512777, -1265.3401615907708, -1267.523866680095, -1280.523866680095, -1284.292177109589, -1291.4593613795914, -1325.2949296325696]
 -- BestCostElement: [-1325.29492963 -1325.29492963 -1325.29492963 -1325.29492963]
 -- BestRoute: [array([ 0, 36, 35, 33, 26, 20, 15,  8, 16, 17,  0])
 array([ 0, 40, 51, 59, 63, 55, 45, 46, 41,  0])
 array([ 0, 30, 27, 22, 21,  9, 10, 18, 14, 23,  0])
 array([ 0, 48, 52, 58, 60, 65, 73, 72, 64, 56, 57, 47,  0])
 array([ 0, 34, 31, 24, 11,  7, 19, 12, 28,  0])]
 -- Custo: 
 ---------21.852088875715435
 ---------20.733433128760744
 ---------21.04986413321144
 ---------20.779271744364845
 ---------21.761609709805104
 ---- Total: 106.17626759185757
 -- Premio: 
 ---------48.0
 ---------43.0
 ---------47.0
 ---------67.0
 ---------45.0
 ---- Total: 250.0
 - Execucao 10
 -- BestCostGenaration: [-192.09849809002787, -1031.1155784036512, -1040.7740912530467, -1041.0844286857557, -1043.6855548452472, -1081.7655195641066, -1083.266998654875, -1118.911843476556, -1123.5237732568878, -1182.7845205241401, -1187.7287924341392, -1220.2920980216695, -1225.2363699316686, -1243.6896685189822, -1260.5373437359965, -1265.4816156459956, -1268.989193143525, -1295.7953241449804, -1299.3029016425098, -1318.6723382314954, -1339.1059726319436, -1342.613550129473, -1372.332923361497, -1375.8405008590264, -1382.388651451498, -1385.1492182721731, -1386.7270583610527, -1387.8914901080745, -1404.5186548611587, -1407.2609266970603, -1411.753349199531, -1417.0407668600376, -1428.439640700546]
 -- BestCostElement: [-1428.4396407 -1428.4396407 -1428.4396407 -1428.4396407]
 -- BestRoute: [array([ 0, 47, 56, 57, 64, 72, 63, 59, 51,  0])
 array([ 0, 36, 35, 33, 25, 32, 39, 45, 46, 41, 40,  0])
 array([ 0, 30, 23, 24, 14, 18, 10, 21, 22, 27,  0])
 array([ 0, 43, 42, 37, 34, 28, 12, 19,  7,  0])
 array([ 0, 48, 52, 58, 60, 65, 73, 74, 76, 67, 61,  0])]
 -- Custo: 
 ---------20.536631057245557
 ---------21.877054302287245
 ---------21.25209583010962
 ---------21.600152973510717
 ---------21.374155661710354
 ---- Total: 106.64008982486351
 -- Premio: 
 ---------51.0
 ---------56.0
 ---------52.0
 ---------45.0
 ---------61.0
 ---- Total: 265.0
 - Execucao 11
 -- BestCostGenaration: [-181.1296489619284, -1091.5978341886937, -1125.5737850744122, -1142.4801086381372, -1147.544454995397, -1153.2384901052312, -1171.0204554275633, -1186.5368748758265, -1193.5280329250927, -1213.5291312670074, -1236.0367087645368, -1242.8800206263338, -1263.9839854424022, -1277.0924820452733, -1301.32692413876, -1321.8750747312315, -1321.9863782453806, -1328.9863782453806]
 -- BestCostElement: [-1328.98637825 -1328.98637825 -1328.98637825 -1328.98637825]
 -- BestRoute: [array([ 0, 47, 57, 61, 67, 76, 74,  0])
 array([ 0, 40, 35, 33, 20, 15,  8, 16, 17,  0])
 array([ 0, 43, 49, 53, 44, 42, 37, 34, 28,  0])
 array([ 0, 48, 52, 58, 60, 65, 73, 72, 64, 63, 59, 51,  0])
 array([ 0, 30, 24,  7, 11, 14, 18, 21,  0])]
 -- Custo: 
 ---------21.532205719390138
 ---------21.852088875715435
 ---------21.93046007959298
 ---------21.478708664619074
 ---------21.959942099337262
 ---- Total: 108.75340543865488
 -- Premio: 
 ---------35.0
 ---------50.0
 ---------47.0
 ---------72.0
 ---------48.0
 ---- Total: 252.0
 - Execucao 12
 -- BestCostGenaration: [-217.64267720796488, -1001.7099438574961, -1028.8850389771096, -1097.3951453141453, -1099.9962714736366, -1108.899763234544, -1109.5332862226887, -1154.891625735661, -1177.1381230113084, -1182.616056203165, -1185.2171823626566, -1193.4781675395066, -1196.0792936989983, -1216.7841324296726, -1218.2992012911354, -1247.855970150866, -1248.1461835975101, -1252.1198927590322, -1252.2238575751003, -1271.3170987480219, -1273.0671694368973, -1281.6710481193697, -1283.4211188082452, -1284.1337011477385, -1303.080768843875, -1303.7933511833683, -1304.4211188082452, -1305.1337011477385, -1328.73482730723, -1329.0299885765558, -1347.6818950033664, -1353.2424048047594, -1353.5375660740851, -1369.5932941640858, -1380.1710890622298, -1381.3959444770487, -1385.3696536385708, -1386.7050557802595, -1392.2311805074478, -1415.6833621375554, -1417.0187642792441, -1422.5448890064326, -1443.492165684298]
 -- BestCostElement: [-1443.49216568 -1443.49216568 -1443.49216568 -1443.49216568]
 -- BestRoute: [array([ 0, 36, 33, 32, 39, 41, 45, 46, 51, 56,  0])
 array([ 0, 30, 27, 22, 21, 10,  9, 17, 16, 20,  0])
 array([ 0, 58, 60, 65, 73, 66, 74, 76, 67, 61, 52, 48,  0])
 array([ 0, 57, 64, 72, 63, 59, 47, 40, 35,  0])
 array([ 0, 37, 34, 28, 12, 19,  7, 11, 24, 23,  0])]
 -- Custo: 
 ---------21.877054302287245
 ---------21.052890363025938
 ---------21.724231785109204
 ---------21.97418002157178
 ---------21.498602106931337
 ---- Total: 108.12695857892552
 -- Premio: 
 ---------48.0
 ---------49.0
 ---------64.0
 ---------55.0
 ---------52.0
 ---- Total: 268.0
 - Execucao 13
 -- BestCostGenaration: [-201.68946185846283, -998.7867242381348, -1124.204637048982, -1126.8057632084735, -1136.0961856368465, -1150.8812232688722, -1151.8667339582582, -1166.2243690193798, -1189.0333523324293, -1190.0047060223737, -1245.2845346979034, -1248.4619915717265, -1249.4697351805453, -1254.0107422208798, -1289.0920566089148, -1291.2270511044137, -1311.5144687649204]
 -- BestCostElement: [-1311.51446876 -1311.51446876 -1311.51446876 -1311.51446876]
 -- BestRoute: [array([ 0, 40, 35, 33, 41, 46, 45, 50, 54, 55, 51,  0])
 array([ 0, 47, 57, 61, 67, 74, 66,  0])
 array([ 0, 48, 52, 58, 60, 65, 73, 72, 64, 63, 59, 56,  0])
 array([ 0, 43, 49, 53, 44, 42, 37, 34, 28,  0])
 array([ 0, 30, 27, 22, 21, 16, 17, 10, 14,  0])]
 -- Custo: 
 ---------21.65685424949238
 ---------20.162437588073285
 ---------20.89292222699217
 ---------21.93046007959298
 ---------21.478708664619077
 ---- Total: 106.1213828087699
 -- Premio: 
 ---------51.0
 ---------32.0
 ---------70.0
 ---------47.0
 ---------48.0
 ---- Total: 248.0
 - Execucao 14
 -- BestCostGenaration: [-255.38176884041147, -960.9168396892235, -1017.948331702734, -1024.3549491520612, -1070.552262313559, -1081.5787153474412, -1115.5015834006035, -1118.9862622942553, -1133.1878749016187, -1140.1801312927998, -1140.8927136322932, -1142.3925475210035, -1147.5975523629675, -1205.7434368803301, -1218.119412116961, -1240.5889340957083, -1244.2310753511124, -1260.8763517562152, -1265.7762663664535, -1269.2838438639828, -1269.459762081331, -1281.1166163308235, -1303.9936304173386, -1304.0872862518086, -1314.2220736931579, -1317.2923343569291, -1339.7517203191267, -1340.7222830676037, -1349.676675623667, -1350.647238372144, -1374.6209475336664, -1375.5915102821434, -1387.87892794265, -1389.5915102821434, -1399.990384122652, -1401.87892794265]
 -- BestCostElement: [-1401.87892794 -1401.87892794 -1401.87892794 -1401.87892794]
 -- BestRoute: [array([ 0, 30, 27, 22, 21, 10,  9, 17, 16, 20,  0])
 array([ 0, 40, 36, 35, 33, 32, 39, 45, 41, 46, 51,  0])
 array([ 0, 47, 56, 55, 59, 63, 71, 72, 64, 57,  0])
 array([ 0, 34, 28, 12, 19,  7, 24, 14,  0])
 array([ 0, 48, 52, 58, 60, 65, 73, 74, 66, 67, 61,  0])]
 -- Custo: 
 ---------21.052890363025938
 ---------21.478708664619077
 ---------21.252095830109624
 ---------21.77269903474535
 ---------20.72387412183747
 ---- Total: 106.28026801433745
 -- Premio: 
 ---------49.0
 ---------59.0
 ---------50.0
 ---------45.0
 ---------58.0
 ---- Total: 261.0
