 - Execucao 0
 -- BestCostGenaration: [-126.16177659315056, -984.6096697996147, -988.3439630798766, -993.0302545808918, -994.2516212989337, -1036.0695086375176, -1084.2896941644588, -1090.9248547712473, -1115.6436435358066, -1118.9573520347915, -1130.1771051698715, -1131.8721314491127, -1155.5387981500382, -1173.3294486714728, -1176.6550383617284, -1181.4065741400148, -1183.2035031808573, -1185.6382637105207, -1191.546648931365, -1196.5270312139935, -1206.2115915098466, -1226.7600563289757, -1227.499790579398, -1235.0954584706644, -1254.4920469705792, -1265.380814474052, -1273.7239602245595, -1279.380814474052]
 -- BestCostElement: [-1279.38081447 -1279.38081447 -1279.38081447 -1279.38081447]
 -- BestRoute: [array([ 0, 57, 64, 72, 73, 74, 66, 60, 58, 52, 48,  0])
 array([ 0, 31, 11,  7, 19, 12, 28,  0])
 array([ 0, 43, 49, 53, 44, 38, 42, 37, 34,  0])
 array([ 0, 40, 36, 35, 33, 32, 25, 20,  0])
 array([ 0, 26, 16, 17,  9, 10,  0])
 array([ 0, 24, 23, 14, 18, 22, 21, 27, 30,  0])]
 -- Custo: 
 ---------19.83788226773653
 ---------18.545994700887594
 ---------19.76340381965992
 ---------19.638676800652846
 ---------19.018897343296757
 ---------19.09994144925337
 ---- Total: 115.90479638148702
 -- Premio: 
 ---------66.0
 ---------30.0
 ---------45.0
 ---------41.0
 ---------21.0
 ---------46.0
 ---- Total: 249.0
 - Execucao 1
 -- BestCostGenaration: [-185.11460495024244, -1017.3484483917375, -1037.699005528485, -1039.3912676619484, -1043.7582666524677, -1054.4445581534828, -1085.6015785142647, -1110.002666269765, -1110.5628052260151, -1116.775553676798, -1123.636697717487, -1128.8700550550482, -1131.1760199452142, -1151.213200805556, -1156.2428018480718, -1158.5487667382376, -1166.929093349087, -1169.5302195085787, -1180.216511009594, -1184.269953759001, -1186.5759186491669, -1197.1476075571356]
 -- BestCostElement: [-1197.14760756 -1197.14760756 -1197.14760756 -1197.14760756]
 -- BestRoute: [array([ 0, 40, 35, 33, 32, 25, 20,  0])
 array([ 0, 34, 37, 42, 38, 44, 49,  0])
 array([ 0, 43, 28, 12, 19,  7,  0])
 array([ 0, 31, 24, 23, 30, 27, 22, 21,  0])
 array([ 0, 36, 41, 46, 55, 63, 59, 51,  0])
 array([ 0, 48, 52, 58, 60, 65, 73, 72, 64, 56, 57,  0])]
 -- Custo: 
 ---------19.052890363025938
 ---------18.336009426753158
 ---------18.758545018230862
 ---------18.50099827255527
 ---------19.22677276241436
 ---------19.837882267736525
 ---- Total: 113.71309811071612
 -- Premio: 
 ---------38.0
 ---------37.0
 ---------25.0
 ---------37.0
 ---------36.0
 ---------63.0
 ---- Total: 236.0
 - Execucao 2
 -- BestCostGenaration: [-164.97588304005143, -968.4436862047828, -1046.2146844338042, -1048.8158105932957, -1050.75693609025, -1162.4897524134635, -1182.34747414126, -1202.2926783305202, -1204.8938044900117, -1218.1755510303046, -1222.942041216079, -1264.8035680849562, -1284.5455876759722, -1316.4898595859715, -1354.680151433847, -1375.5012303762112, -1391.0232971843545, -1393.458057714018, -1410.39273377334, -1412.8274943030035, -1419.6485732453677, -1433.6485732453677, -1434.3611555848613, -1445.839088776718, -1450.7911042955361]
 -- BestCostElement: [-1450.7911043 -1450.7911043 -1450.7911043 -1450.7911043]
 -- BestRoute: [array([ 0, 57, 64, 72, 73, 74, 66, 61, 52, 48,  0])
 array([ 0, 30, 23, 24, 11,  7, 19, 12, 28,  0])
 array([ 0, 40, 36, 35, 33, 32, 25, 20,  0])
 array([ 0, 43, 49, 53, 44, 38, 42, 37, 34,  0])
 array([ 0, 47, 41, 46, 51, 55, 63, 59, 56,  0])
 array([ 0, 27, 22, 21, 17, 16,  9, 10,  0])]
 -- Custo: 
 ---------19.659736682863223
 ---------19.289473754805524
 ---------19.638676800652846
 ---------19.76340381965992
 ---------19.469413449533647
 ---------18.981519418600854
 ---- Total: 116.80222392611601
 -- Premio: 
 ---------66.0
 ---------43.0
 ---------41.0
 ---------45.0
 ---------42.0
 ---------37.0
 ---- Total: 274.0
 - Execucao 3
 -- BestCostGenaration: [-161.98903167374132, -1010.5211423334338, -1013.1222684929253, -1015.1752007967889, -1033.5740746372974, -1055.5818182461162, -1100.1111781545287, -1102.4171430446947, -1109.2899354211713, -1136.4465802962175, -1137.4259714094392, -1137.7161848560834, -1144.4259714094392, -1146.3145152294376, -1153.5724956384215, -1157.814681340727, -1157.97136947893, -1161.2203008830306, -1161.3769890212334, -1162.1167232716557, -1165.7033601205335, -1193.4159424600268, -1193.8988968861333, -1194.1891103327773, -1207.476527993284, -1211.529970742691, -1235.9632296574039, -1256.2506473179108, -1260.855400658823, -1262.2787293375677, -1276.1842641528667, -1276.636193538089, -1290.636193538089]
 -- BestCostElement: [-1290.63619354 -1290.63619354 -1290.63619354 -1290.63619354]
 -- BestRoute: [array([ 0, 47, 40, 36, 35, 39, 32, 33,  0])
 array([ 0, 43, 37, 34, 28, 12, 19,  7,  0])
 array([ 0, 56, 63, 59, 55, 51, 46, 41,  0])
 array([ 0, 48, 52, 58, 60, 66, 74, 73, 72, 64, 57,  0])
 array([ 0, 22, 21, 10,  9, 16, 17,  0])
 array([ 0, 27, 30, 31, 24, 14, 23,  0])]
 -- Custo: 
 ---------19.611937569548864
 ---------19.852088875715435
 ---------18.577728178211864
 ---------19.837882267736525
 ---------19.01048092043558
 ---------19.700833803829518
 ---- Total: 116.59095161547779
 -- Premio: 
 ---------43.0
 ---------39.0
 ---------38.0
 ---------66.0
 ---------31.0
 ---------34.0
 ---- Total: 251.0
 - Execucao 4
 -- BestCostGenaration: [-165.07635480913348, -1072.6773502161764, -1072.7886537303252, -1076.231446549556, -1092.647120587181, -1096.089913406412, -1136.082169797593, -1139.3958782965778, -1146.385249895005, -1148.2737937150034, -1166.1106975124576, -1168.9786324456777, -1169.2688458923217, -1194.377506286186, -1208.0900886256793, -1209.7206520366935, -1210.0108654833377, -1266.8635936507635, -1275.0760098789672, -1303.0760098789672, -1311.078762401948, -1319.512704291437, -1340.1030268300883, -1344.1293176685663, -1344.265569293728, -1347.4003567350771, -1347.67328508497, -1352.694978727674, -1367.923521885135, -1368.931265493954, -1380.981311632255, -1408.723331223271]
 -- BestCostElement: [-1408.72333122 -1408.72333122 -1408.72333122 -1408.72333122]
 -- BestRoute: [array([ 0, 57, 65, 73, 72, 64, 63, 59,  0])
 array([ 0, 48, 52, 61, 67, 76, 74, 66, 60, 58,  0])
 array([ 0, 47, 56, 51, 46, 45, 39, 41,  0])
 array([ 0, 43, 34, 37, 38, 44, 42,  0])
 array([ 0, 40, 36, 35, 33, 25, 20, 16,  0])
 array([ 0, 30, 27, 22, 21, 18, 14, 23, 24, 31,  0])]
 -- Custo: 
 ---------19.7622978405503
 ---------18.48816380760941
 ---------18.464077695584535
 ---------19.152982445082948
 ---------19.88131748777213
 ---------19.320327917582855
 ---- Total: 115.06916719418217
 -- Premio: 
 ---------46.0
 ---------53.0
 ---------38.0
 ---------38.0
 ---------43.0
 ---------49.0
 ---- Total: 267.0
 - Execucao 5
 -- BestCostGenaration: [-204.08336326803936, -1059.0431340446773, -1124.817520315935, -1132.597609908687, -1138.1145357903113, -1144.3368337135657, -1185.5886604928971, -1187.605202877886, -1207.605202877886, -1222.9483486283937, -1250.6903682194097, -1272.707420055751, -1275.8422074971002, -1286.707420055751, -1289.8422074971002, -1310.6710300482835, -1313.014175798791, -1318.3836123877766, -1346.1256319787929, -1348.4687777293004, -1348.595071830651, -1348.853052239635]
 -- BestCostElement: [-1348.85305224 -1348.85305224 -1348.85305224 -1348.85305224]
 -- BestRoute: [array([ 0, 28, 12, 19,  7, 11, 24, 23,  0])
 array([ 0, 47, 56, 51, 46, 41, 39, 33, 35, 40,  0])
 array([ 0, 57, 65, 73, 72, 64, 63, 59,  0])
 array([ 0, 43, 52, 61, 67, 74, 66, 60, 58, 48,  0])
 array([ 0, 22, 21, 17,  9, 10, 14,  0])
 array([ 0, 27, 30, 31, 34, 37, 42,  0])]
 -- Custo: 
 ---------19.15242529089852
 ---------19.78584445398434
 ---------19.7622978405503
 ---------18.934976694913733
 ---------19.7993783695076
 ---------18.60181429023674
 ---- Total: 116.03673694009123
 -- Premio: 
 ---------38.0
 ---------57.0
 ---------46.0
 ---------51.0
 ---------33.0
 ---------34.0
 ---- Total: 259.0
 - Execucao 6
 -- BestCostGenaration: [-1037.0384948677129, -1039.6396210272044, -1057.0345569330539, -1059.6356830925454, -1061.604930516828, -1066.5120215664854, -1091.912155487033, -1096.8192465366906, -1109.2893428258203, -1122.5767604863267, -1161.2363672588, -1186.1806391687992, -1191.206449238901, -1210.986130458635, -1211.9041115301561, -1242.3888336869645, -1248.045687936457, -1250.1463957397734, -1265.1169584882507, -1265.172462894777, -1285.4598805552837, -1305.0010617624857, -1305.740796012908]
 -- BestCostElement: [-1305.74079601 -1305.74079601 -1305.74079601 -1305.74079601]
 -- BestRoute: [array([ 0, 40, 36, 35, 33, 32, 39, 41, 46,  0])
 array([ 0, 31, 28, 12, 19,  7, 11, 24,  0])
 array([ 0, 48, 52, 58, 60, 66, 74, 73, 72, 64,  0])
 array([ 0, 27, 22, 21, 10,  9, 16, 17,  0])
 array([ 0, 37, 34, 23, 14, 30,  0])
 array([ 0, 47, 57, 56, 51, 55, 59, 63,  0])]
 -- Custo: 
 ---------19.03544634700739
 ---------18.80327528263976
 ---------19.803263984955834
 ---------19.16263530129183
 ---------19.991941740584956
 ---------19.518238340293244
 ---- Total: 116.31480099677302
 -- Premio: 
 ---------49.0
 ---------38.0
 ---------60.0
 ---------37.0
 ---------31.0
 ---------38.0
 ---- Total: 253.0
 - Execucao 7
 -- BestCostGenaration: [-160.51098856008485, -934.6604796913391, -1046.2241246813876, -1054.045203623752, -1064.6125568707753, -1076.857508770644, -1093.6927448010433, -1113.2411024476644, -1147.2411024476644, -1192.254161105191, -1197.1984330151904, -1199.4743661329494, -1204.4186380429487, -1219.6677765011991, -1225.1457096930558, -1239.955194161706, -1245.4331273535627, -1251.612048411198, -1272.4331273535627, -1307.4408709623813, -1314.1457096930558, -1315.1251008062773, -1326.8113923072929, -1328.4419557183073, -1332.3784840194876, -1342.1545380578004, -1375.4625646050854, -1382.4625646050854, -1391.5526777692908]
 -- BestCostElement: [-1391.55267777 -1391.55267777 -1391.55267777 -1391.55267777]
 -- BestRoute: [array([ 0, 47, 41, 46, 51, 55, 63, 59, 56,  0])
 array([ 0, 40, 36, 35, 33, 25, 20, 16,  0])
 array([ 0, 43, 49, 53, 44, 38, 42, 37, 34,  0])
 array([ 0, 48, 52, 58, 60, 65, 73, 72, 64,  0])
 array([ 0, 30, 27, 22, 21, 18, 14, 23, 24, 31,  0])
 array([ 0, 57, 66, 74, 76, 67, 61,  0])]
 -- Custo: 
 ---------19.469413449533647
 ---------19.88131748777213
 ---------19.76340381965992
 ---------17.803263984955834
 ---------19.320327917582855
 ---------19.624103898172933
 ---- Total: 115.86183055767732
 -- Premio: 
 ---------42.0
 ---------43.0
 ---------45.0
 ---------52.0
 ---------49.0
 ---------34.0
 ---- Total: 265.0
 - Execucao 8
 -- BestCostGenaration: [-917.9665571149942, -977.4656491596014, -1042.7882427471868, -1069.421069173366, -1137.9196972551058, -1138.632279594599, -1162.5795110817287, -1163.1131723635863, -1194.0878598826366, -1213.4791734470814, -1216.128100755, -1231.1654649480965, -1234.1469177184374, -1271.4528826086034, -1292.1654649480965, -1311.7066461552986, -1331.994063815805, -1365.8296320687837, -1367.8853601587844, -1391.228505909292, -1393.2664365008131, -1408.6095822513207, -1413.55385416132]
 -- BestCostElement: [-1413.55385416 -1413.55385416 -1413.55385416 -1413.55385416]
 -- BestRoute: [array([ 0, 34, 37, 42, 38, 44, 53, 49,  0])
 array([ 0, 31, 28, 12, 19,  7, 11, 24, 23,  0])
 array([ 0, 40, 36, 35, 33, 32, 25, 20,  0])
 array([ 0, 30, 27, 22, 10,  9, 16, 17, 21,  0])
 array([ 0, 64, 72, 73, 74, 66, 60, 58, 52, 48,  0])
 array([ 0, 47, 57, 56, 59, 63, 55, 51, 46,  0])]
 -- Custo: 
 ---------19.750222989126254
 ---------19.517129989098038
 ---------19.638676800652846
 ---------18.723874121837472
 ---------19.803263984955837
 ---------19.92836857399956
 ---- Total: 117.36153645967
 -- Premio: 
 ---------41.0
 ---------41.0
 ---------41.0
 ---------42.0
 ---------60.0
 ---------44.0
 ---- Total: 269.0
 - Execucao 9
 -- BestCostGenaration: [-1016.2833921268, -1031.5844091942845, -1065.0833684245547, -1096.2416774267865, -1100.8117287161117, -1131.792931294436, -1140.6962160011935, -1175.7487976781495, -1180.7783987206658, -1181.7577898338873, -1182.0480032805312, -1182.1270626318797, -1200.4096962606982, -1202.2982400806964, -1203.3059836895154, -1204.669738326801, -1224.0391749157866, -1226.9714863546783, -1237.6577778556934, -1237.7368372070418, -1262.6020497656928, -1262.6811091170412]
 -- BestCostElement: [-1262.68110912 -1262.68110912 -1262.68110912 -1262.68110912]
 -- BestRoute: [array([ 0, 40, 36, 35, 33, 25, 20, 16,  0])
 array([ 0, 30, 31, 24, 23, 27, 22, 21,  0])
 array([ 0, 57, 56, 51, 46, 45, 39, 41,  0])
 array([ 0, 65, 73, 72, 64, 63, 59, 47,  0])
 array([ 0, 48, 52, 58, 60, 66, 74, 76, 67, 61,  0])
 array([ 0, 34,  7, 11, 14,  0])]
 -- Custo: 
 ---------19.88131748777213
 ---------18.481233434718185
 ---------19.522688218956215
 ---------19.43397840021018
 ---------19.374155661710354
 ---------19.886349517372675
 ---- Total: 116.57972272073974
 -- Premio: 
 ---------43.0
 ---------37.0
 ---------40.0
 ---------44.0
 ---------53.0
 ---------30.0
 ---- Total: 247.0
 - Execucao 10
 -- BestCostGenaration: [-136.26485313944187, -1024.4016544429282, -1025.5660861899498, -1033.286412138262, -1082.6589951402925, -1094.2874968941878, -1104.450636831134, -1145.326653010625, -1146.0663872610473, -1169.759911925338, -1187.4384598175343, -1189.4671071217815, -1212.1054141416146, -1214.8659809622898, -1216.4965443733042, -1236.2385639643203, -1237.8691273753348, -1238.4777448987597, -1254.1524418374674, -1264.7241307454362, -1267.6564421843275, -1292.6007140943268]
 -- BestCostElement: [-1292.60071409 -1292.60071409 -1292.60071409 -1292.60071409]
 -- BestRoute: [array([ 0, 43, 37, 34, 28, 12, 19,  7,  0])
 array([ 0, 40, 35, 33, 32, 25, 20,  0])
 array([ 0, 36, 21, 17, 16,  9, 10, 22,  0])
 array([ 0, 57, 65, 73, 72, 64, 63, 59, 47,  0])
 array([ 0, 52, 58, 60, 66, 74, 76, 67, 61, 48,  0])
 array([ 0, 30, 27, 18, 14, 11, 24,  0])]
 -- Custo: 
 ---------19.852088875715435
 ---------19.052890363025938
 ---------19.611937569548864
 ---------19.79315200332763
 ---------19.34009275541994
 ---------18.449659909380483
 ---- Total: 116.09982147641828
 -- Premio: 
 ---------39.0
 ---------38.0
 ---------34.0
 ---------50.0
 ---------53.0
 ---------37.0
 ---- Total: 251.0
 - Execucao 11
 -- BestCostGenaration: [-221.07055602106377, -1017.0549657518231, -1026.9743195124129, -1048.4387399234772, -1096.2909473253662, -1116.2429628441841, -1136.8685351693605, -1178.8685351693605, -1187.26155321171, -1224.897926348737, -1225.3153474189046, -1244.972201668397, -1253.26262409677, -1267.3153474189046, -1291.1167828425637, -1315.5500417572766, -1318.8210808237875, -1318.9874464536158, -1319.2603748035087, -1337.917229053001, -1364.909485444182, -1365.6492196946044]
 -- BestCostElement: [-1365.64921969 -1365.64921969 -1365.64921969 -1365.64921969]
 -- BestRoute: [array([ 0, 43, 49, 53, 44, 42, 38, 37, 34,  0])
 array([ 0, 30, 27, 22, 21, 10,  9, 16, 17,  0])
 array([ 0, 48, 52, 61, 67, 76, 74, 66, 60, 58,  0])
 array([ 0, 47, 41, 46, 45, 50, 54, 51, 56,  0])
 array([ 0, 57, 65, 73, 72, 64, 63, 59,  0])
 array([ 0, 40, 36, 35, 33, 32, 25, 20,  0])]
 -- Custo: 
 ---------19.76340381965992
 ---------19.453743238047263
 ---------18.48816380760941
 ---------19.98140956982914
 ---------19.7622978405503
 ---------19.638676800652846
 ---- Total: 117.08769507634888
 -- Premio: 
 ---------45.0
 ---------42.0
 ---------53.0
 ---------35.0
 ---------46.0
 ---------41.0
 ---- Total: 262.0
 - Execucao 12
 -- BestCostGenaration: [-170.87997800210888, -955.5659791554572, -958.7434360292802, -1043.2244953301777, -1083.501813821695, -1124.9205352846818, -1165.4891223901946, -1171.145976639687, -1207.1593407333858, -1226.5287773223713, -1229.4281247632098, -1271.2492037055742, -1272.228594818796, -1292.478831618961, -1313.478831618961, -1314.15502403958, -1315.1627676483986, -1316.5265222856847, -1336.8139399461916, -1343.1041533928355, -1353.7904448938507]
 -- BestCostElement: [-1353.79044489 -1353.79044489 -1353.79044489 -1353.79044489]
 -- BestRoute: [array([ 0, 58, 60, 65, 73, 74, 76, 61,  0])
 array([ 0, 34, 11,  7, 12, 28,  0])
 array([ 0, 30, 27, 21, 22, 18, 14, 23, 24, 31,  0])
 array([ 0, 40, 36, 35, 33, 25, 20, 16,  0])
 array([ 0, 48, 52, 43, 49, 53, 44, 42, 37,  0])
 array([ 0, 57, 64, 72, 59, 56, 51, 46,  0])]
 -- Custo: 
 ---------19.782484645209152
 ---------19.802706830771406
 ---------19.320327917582855
 ---------19.88131748777213
 ---------19.70014567308433
 ---------19.81540622211743
 ---- Total: 118.30238877653731
 -- Premio: 
 ---------39.0
 ---------30.0
 ---------49.0
 ---------43.0
 ---------51.0
 ---------49.0
 ---- Total: 261.0
 - Execucao 13
 -- BestCostGenaration: [-146.96353606580237, -977.0712589725174, -987.3234924325275, -1062.3824720782172, -1077.7256178287248, -1101.63645939698, -1120.7901742834702, -1134.2751054220073, -1142.138364620581, -1177.138364620581, -1184.2751054220073, -1192.138364620581, -1208.6290547933554, -1247.645689873225, -1253.9331075337318, -1287.160058263285, -1293.9811372056495, -1297.9176655068297, -1328.2313740058144, -1344.5450825047992]
 -- BestCostElement: [-1344.5450825 -1344.5450825 -1344.5450825 -1344.5450825]
 -- BestRoute: [array([ 0, 27, 11,  7, 19, 28,  0])
 array([ 0, 46, 51, 56, 59, 72, 64,  0])
 array([ 0, 57, 58, 60, 66, 74, 76, 61, 52, 48,  0])
 array([ 0, 43, 49, 53, 44, 42, 38, 37, 34,  0])
 array([ 0, 30, 31, 24, 23, 14, 18, 22, 21,  0])
 array([ 0, 40, 36, 35, 33, 32, 25, 20, 26,  0])]
 -- Custo: 
 ---------19.940443425423606
 ---------19.78078793933674
 ---------19.837882267736525
 ---------19.76340381965992
 ---------19.895446997091284
 ---------19.645764924552136
 ---- Total: 118.86372937380021
 -- Premio: 
 ---------31.0
 ---------43.0
 ---------55.0
 ---------45.0
 ---------43.0
 ---------43.0
 ---- Total: 260.0
 - Execucao 14
 -- BestCostGenaration: [-172.40052602754912, -956.8188774326104, -1013.508549837259, -1018.5381508797751, -1063.6385532469199, -1070.6092576405758, -1076.1762077075919, -1097.8745368739105, -1125.9885220489139, -1146.6209057036483, -1151.3873958894224, -1162.3720724627779, -1178.5944732199916, -1191.7972371417643, -1193.3378963703024, -1193.375077230644, -1198.5462546794606, -1216.6360624074944, -1221.5803343174935, -1241.834476260098, -1245.8629679463118, -1250.8072398563108, -1292.6283187986753, -1311.2851730481677, -1311.905792002627, -1314.5146617709374, -1314.5937211222858, -1316.0525399150838]
 -- BestCostElement: [-1316.05253992 -1316.05253992 -1316.05253992 -1316.05253992]
 -- BestRoute: [array([ 0, 61, 67, 76, 74, 66, 60, 58, 52, 48,  0])
 array([ 0, 30, 31, 24, 23, 27, 22, 21,  0])
 array([ 0, 43, 49, 53, 44, 38, 42, 37, 34,  0])
 array([ 0, 40, 36, 35, 33, 32, 39, 41, 46,  0])
 array([ 0, 47, 51, 55, 54, 63, 59,  0])
 array([ 0, 56, 64, 72, 73, 65, 57,  0])]
 -- Custo: 
 ---------19.374155661710358
 ---------18.481233434718185
 ---------19.76340381965992
 ---------19.03544634700739
 ---------19.487384177515914
 ---------17.59524158061724
 ---- Total: 113.73686502122901
 -- Premio: 
 ---------53.0
 ---------37.0
 ---------45.0
 ---------49.0
 ---------31.0
 ---------38.0
 ---- Total: 253.0
