 - Execucao 0
 -- BestCostGenaration: [-205.55155754794748, -1346.6918485769354, -1445.1924209134813, -1471.31347294416, -1478.4193716430345, -1514.9505837933052, -1522.1646355872836, -1545.9585363838528, -1564.394591084703, -1576.2967343116788, -1606.152153137512, -1613.152153137512, -1623.62586946708, -1624.453946356125, -1630.4833836076477, -1644.8311265539294, -1672.8311265539294, -1679.8311265539294, -1693.1185442144363, -1697.7753984639285]
 -- BestCostElement: [-1697.77539846 -1697.77539846 -1697.77539846 -1697.77539846]
 -- BestRoute: [array([ 0, 48, 52, 58, 73, 72, 64, 59, 56, 57, 47,  0])
 array([ 0, 30, 24, 23, 14, 18, 22, 21, 17,  9, 10,  0])
 array([ 0, 61, 66, 74, 76, 67, 75, 68, 62,  0])
 array([ 0, 43, 49, 44, 38, 42, 37, 34, 28, 12, 19,  7,  0])
 array([ 0, 51, 46, 41, 39, 32, 25, 15,  8, 16, 20, 33, 35, 36, 40,  0])]
 -- Custo: 
 ---------21.941549404533227
 ---------23.922908895229178
 ---------24.740412951253195
 ---------26.324224830715014
 ---------29.877054302287245
 ---- Total: 126.80615038401785
 -- Premio: 
 ---------70.0
 ---------52.0
 ---------46.0
 ---------62.0
 ---------85.0
 ---- Total: 315.0
 - Execucao 1
 -- BestCostGenaration: [-267.99661136860493, -1519.0198173937267, -1521.6209435532185, -1524.7557309945676, -1540.1342783415946, -1544.3659679121006, -1548.1066203538942, -1550.1018815129412, -1570.1954301749035, -1571.7104990363662, -1607.3410624473806, -1607.7467704435765, -1612.4148402807466, -1614.0082228314193, -1615.0301687190088, -1630.6974739095651, -1631.6829845989512, -1632.4227188493735, -1633.444664736963, -1639.6574131877458, -1641.545957007744, -1646.8333746682508, -1671.8596655067288, -1679.1169716791758]
 -- BestCostElement: [-1679.11697168 -1679.11697168 -1679.11697168 -1679.11697168]
 -- BestRoute: [array([ 0, 40, 36, 35, 33, 32, 39, 45, 46, 41, 47,  0])
 array([ 0, 48, 52, 58, 60, 65, 73, 72, 64, 63, 59, 55, 51, 56,  0])
 array([ 0, 14, 18, 22, 21, 10,  9, 16, 20,  0])
 array([ 0, 30, 27, 23, 24, 28, 34, 37, 42, 38, 44, 49,  0])
 array([ 0, 57, 61, 66, 74, 76, 67, 68, 69, 62, 53, 43,  0])]
 -- Custo: 
 ---------20.640986324787455
 ---------23.72134935173836
 ---------24.467103925399037
 ---------26.912500649294635
 ---------28.728816828986552
 ---- Total: 124.47075708020604
 -- Premio: 
 ---------56.0
 ---------80.0
 ---------47.0
 ---------66.0
 ---------62.0
 ---- Total: 311.0
 - Execucao 2
 -- BestCostGenaration: [-290.6719041534746, -1398.9545294949917, -1401.5556556544832, -1420.0584943110598, -1425.5012756266876, -1426.434657514823, -1474.346496990102, -1488.5741999302247, -1519.1217531547602, -1531.6553560484276, -1533.687148771528, -1551.0247926374132, -1553.0565853605135, -1556.3702938594984, -1586.4557873482877, -1619.630111121556, -1621.9894486301453, -1667.5639333242514, -1669.8698982144174, -1709.5639333242514, -1711.8698982144174, -1712.02658635262, -1726.521243593146, -1729.9248562746072, -1730.1977846245002, -1743.9248562746072, -1743.9989678032744, -1744.1977846245002, -1746.2308211647733, -1746.342113553782, -1746.5037495146662, -1746.9583514451756, -1767.5037495146662]
 -- BestCostElement: [-1767.50374951 -1767.50374951 -1767.50374951 -1767.50374951]
 -- BestRoute: [array([ 0, 48, 52, 66, 74, 76, 67, 61, 60, 58,  0])
 array([ 0, 34, 28, 12, 19,  7, 11, 14, 23, 24,  0])
 array([ 0, 37, 42, 44, 53, 62, 69, 68, 43,  0])
 array([ 0, 47, 56, 57, 65, 73, 72, 64, 63, 59, 55, 51, 46,  0])
 array([ 0, 40, 36, 35, 33, 32, 25, 20, 15,  8, 16, 17,  9, 10, 21, 22, 27,
       30,  0])]
 -- Custo: 
 ---------19.837882267736525
 ---------22.74365027950676
 ---------24.807025710725327
 ---------25.928368573999563
 ---------28.30713578936527
 ---- Total: 121.62406262133345
 -- Premio: 
 ---------53.0
 ---------54.0
 ---------50.0
 ---------71.0
 ---------94.0
 ---- Total: 322.0
 - Execucao 3
 -- BestCostGenaration: [-250.61852615921612, -1356.560112299036, -1429.89810398039, -1437.7191829227547, -1440.853970364104, -1445.5766970633224, -1484.6222807935978, -1518.457849046576, -1526.3153631871437, -1530.3416540256217, -1550.0016546881589, -1577.9489313660242, -1590.9489313660242, -1594.9752222045022, -1606.8109975116301, -1613.8109975116301, -1616.5765554181437, -1623.5765554181437, -1626.508866857035, -1628.233409667636, -1631.1657211065274, -1631.8783034460207, -1656.8225753560198]
 -- BestCostElement: [-1656.82257536 -1656.82257536 -1656.82257536 -1656.82257536]
 -- BestRoute: [array([ 0, 30, 27, 20, 15,  8, 16,  0])
 array([ 0, 48, 52, 58, 61, 74, 73, 72, 64, 63, 59, 47,  0])
 array([ 0, 40, 41, 46, 45, 39, 50, 54, 55, 51, 56, 57,  0])
 array([ 0, 43, 49, 44, 38, 42, 37, 34, 28, 12, 19,  7,  0])
 array([ 0, 31, 24, 23, 14, 18, 22, 21, 10,  9, 17, 25, 32, 33, 35, 36,  0])]
 -- Custo: 
 ---------21.973764291745418
 ---------23.970609457455737
 ---------24.423668705363433
 ---------26.324224830715014
 ---------29.852088875715435
 ---- Total: 126.54435616099504
 -- Premio: 
 ---------36.0
 ---------78.0
 ---------56.0
 ---------62.0
 ---------77.0
 ---- Total: 309.0
 - Execucao 4
 -- BestCostGenaration: [-269.955108361502, -1413.9196890955868, -1415.8514333650787, -1425.5687997362602, -1485.967673576769, -1508.4752510742983, -1531.2358178949735, -1546.7965255833642, -1552.7627433809528, -1566.7627433809528, -1574.6912205842737, -1584.8886888715683, -1603.5455431210607, -1604.9263505002864]
 -- BestCostElement: [-1604.9263505 -1604.9263505 -1604.9263505 -1604.9263505]
 -- BestRoute: [array([ 0, 57, 61, 66, 74, 76, 67,  0])
 array([ 0, 58, 60, 65, 73, 72, 64, 63, 59, 56, 51, 46, 41,  0])
 array([ 0, 36, 35, 33, 26, 20, 15,  8, 16, 17,  9, 10, 21,  0])
 array([ 0, 48, 52, 43, 49, 53, 44, 42, 38, 37, 28, 34,  0])
 array([ 0, 27, 18, 14, 23, 24, 11,  7, 31, 30, 40, 47,  0])]
 -- Custo: 
 ---------21.52180890440928
 ---------23.878979388702824
 ---------24.471938219632754
 ---------26.309330091990912
 ---------29.336355770192686
 ---- Total: 125.51841237492846
 -- Premio: 
 ---------34.0
 ---------69.0
 ---------66.0
 ---------70.0
 ---------62.0
 ---- Total: 301.0
 - Execucao 5
 -- BestCostGenaration: [-287.3042814894148, -1369.7244134039904, -1441.038288269175, -1444.3519967681596, -1449.7769377636714, -1459.6951425186671, -1466.859574265689, -1467.0806887388453, -1468.9602820690056, -1469.181396542162, -1470.7333313394524, -1485.0160101590066, -1491.4753509304685, -1496.783088797005, -1504.7705121997942, -1506.8184966809763, -1507.7447021296923, -1513.2226353215492, -1529.1216752733471, -1533.3189797696486, -1567.353364843853, -1567.5322859014886, -1572.7228014328384, -1574.7707859140205, -1574.949706971656, -1576.3305143508817]
 -- BestCostElement: [-1576.33051435 -1576.33051435 -1576.33051435 -1576.33051435]
 -- BestRoute: [array([ 0, 58, 60, 65, 73, 72, 64, 63, 59, 55, 51,  0])
 array([ 0, 46, 45, 41, 35, 36, 40, 47, 56, 57,  0])
 array([ 0, 48, 52, 61, 53, 44, 42, 37, 28, 34,  0])
 array([ 0, 30, 27, 22, 21, 10, 18, 14, 11, 19,  7, 24, 31,  0])
 array([ 0, 33, 26, 17,  9, 16,  8, 15, 20, 25, 32, 39,  0])]
 -- Custo: 
 ---------21.365746312736945
 ---------22.630687927624628
 ---------24.264599827582014
 ---------26.55639589508264
 ---------29.09994144925337
 ---- Total: 123.9173714122796
 -- Premio: 
 ---------57.0
 ---------47.0
 ---------65.0
 ---------70.0
 ---------57.0
 ---- Total: 296.0
 - Execucao 6
 -- BestCostGenaration: [-235.63292829836186, -1358.858963377521, -1379.0249043229076, -1415.0602523143973, -1420.1515138100222, -1425.0957857200212, -1446.4004384877746, -1480.9046625181093, -1489.1512002409106, -1496.8750182124365, -1533.7219971923744, -1580.1692875252575, -1606.3962382548107, -1608.8212391428037, -1611.1643848933113, -1629.8212391428037, -1638.8664278378485, -1659.9600413286348, -1662.3031870791424, -1680.6161910376834, -1682.5906047396493, -1703.848585148633, -1706.6168955781272, -1706.985627626669, -1712.1580767853293, -1723.389766355835, -1723.7584984043767, -1730.7584984043767, -1732.7329121063426, -1737.389766355835, -1757.4192036073578]
 -- BestCostElement: [-1757.41920361 -1757.41920361 -1757.41920361 -1757.41920361]
 -- BestRoute: [array([ 0, 36, 35, 33, 26, 20, 15,  8, 16, 17,  0])
 array([ 0, 48, 52, 58, 60, 65, 73, 72, 64, 63, 59, 56, 51,  0])
 array([ 0, 31, 28, 12, 19,  7, 11, 24, 23, 14, 18, 22,  0])
 array([ 0, 40, 46, 41, 39, 32, 25,  9, 10, 21, 27, 30,  0])
 array([ 0, 61, 66, 74, 67, 75, 68, 62, 53, 44, 42, 38, 37, 34,  0])]
 -- Custo: 
 ---------21.852088875715435
 ---------22.307135789365265
 ---------24.86777038488574
 ---------26.95741732923815
 ---------29.91078671895592
 ---- Total: 125.89519909816052
 -- Premio: 
 ---------48.0
 ---------77.0
 ---------56.0
 ---------64.0
 ---------78.0
 ---- Total: 323.0
 - Execucao 7
 -- BestCostGenaration: [-214.60245813467296, -1421.2856226264068, -1430.5093581271115, -1481.101917537083, -1500.6288985183828, -1529.3623284035507, -1535.1364760159122, -1569.2439194676044, -1576.4150969164211, -1610.2855067275277, -1611.8965897420903, -1629.3969629075295, -1631.1065856698924, -1639.3645660788761, -1642.1251328995513, -1663.599008172363, -1666.3595749930382, -1673.4730626817473, -1676.2336295024224, -1694.021213274219, -1698.114450371827, -1701.3163745435445, -1704.0769413642197, -1717.0769413642197, -1721.170178461828, -1731.8192891025014, -1739.524127833176, -1740.236710172669, -1756.2924382626697, -1757.9230016736842, -1758.059253298846, -1761.194040740195, -1761.466969090088]
 -- BestCostElement: [-1761.46696909 -1761.46696909 -1761.46696909 -1761.46696909]
 -- BestRoute: [array([ 0, 43, 49, 53, 62, 44, 42, 37,  0])
 array([ 0, 47, 57, 64, 72, 63, 59, 56, 51, 46, 45, 41,  0])
 array([ 0, 30, 31, 34, 28, 12, 19,  7, 11, 24, 23,  0])
 array([ 0, 48, 52, 61, 67, 68, 75, 76, 74, 66, 73, 65, 60, 58,  0])
 array([ 0, 40, 36, 35, 33, 20, 15,  8, 16, 17, 10, 21, 22, 18, 14, 27,  0])]
 -- Custo: 
 ---------20.976073815880028
 ---------23.292504820330727
 ---------22.22143700846525
 ---------25.1384453474823
 ---------29.754796735319687
 ---- Total: 121.383257727478
 -- Premio: 
 ---------42.0
 ---------64.0
 ---------53.0
 ---------73.0
 ---------89.0
 ---- Total: 321.0
 - Execucao 8
 -- BestCostGenaration: [-239.25572746188675, -1415.6491546895968, -1419.291295945001, -1445.804172321874, -1455.9323554878151, -1503.9323554878147, -1507.5814661284885, -1554.5513891653459, -1557.2669762727053, -1578.5249566816892, -1583.2903075340528, -1587.0821542261754, -1591.8475050785391, -1593.7360488985373, -1595.6245927185357, -1631.4145967907336, -1633.303140610732, -1645.4145967907336, -1645.4550447172464, -1647.6043214692093, -1658.8691987212428, -1660.7577425412414, -1661.052903810567, -1661.6270130189373, -1663.3539208780512, -1681.3403214710738, -1683.641338538558, -1689.2018483399509, -1699.6007221804593, -1710.7239151480942]
 -- BestCostElement: [-1710.72391515 -1710.72391515 -1710.72391515 -1710.72391515]
 -- BestRoute: [array([ 0, 58, 60, 66, 74, 76, 68, 67, 61, 52, 48,  0])
 array([ 0, 43, 42, 37, 34, 28, 12, 19,  7, 11, 24,  0])
 array([ 0, 40, 36, 35, 33, 39, 41, 46, 45, 50, 54, 55, 51,  0])
 array([ 0, 47, 56, 59, 70, 71, 63, 64, 72, 73, 57,  0])
 array([ 0, 30, 27, 14, 18, 22, 21, 10, 17, 16,  8, 15, 20, 25,  0])]
 -- Custo: 
 ---------21.857647105573612
 ---------23.42449676959013
 ---------24.307135789365265
 ---------25.783856788242197
 ---------29.945884760205292
 ---- Total: 125.3190212129765
 -- Premio: 
 ---------58.0
 ---------59.0
 ---------63.0
 ---------63.0
 ---------73.0
 ---- Total: 316.0
 - Execucao 9
 -- BestCostGenaration: [-294.9951107328786, -1355.2890711914197, -1361.3947720081535, -1374.74566136748, -1425.0530802212547, -1473.1836848894163, -1474.4633402224883, -1533.6795815920264, -1535.8660392043307, -1582.2277321844977, -1586.7201546869683, -1591.7516358457146, -1614.6595713376046, -1619.8482500158807, -1643.7871092561277, -1648.2869883355738, -1662.44396350562, -1671.4362650875369, -1671.8536861577045, -1685.3082880882139, -1699.3082880882139, -1702.6219965871985, -1716.204575517031]
 -- BestCostElement: [-1716.20457552 -1716.20457552 -1716.20457552 -1716.20457552]
 -- BestRoute: [array([ 0, 40, 36, 35, 32, 39, 41, 45, 46, 51,  0])
 array([ 0, 42, 37, 34, 28, 12, 19,  7, 11, 24, 23,  0])
 array([ 0, 44, 62, 68, 67, 74, 61,  0])
 array([ 0, 48, 43, 52, 58, 60, 65, 73, 72, 64, 63, 59, 56, 57, 47,  0])
 array([ 0, 33, 26, 20, 15,  8, 16, 17,  9, 10, 21, 22, 18, 14, 27, 30,  0])]
 -- Custo: 
 ---------21.22677276241436
 ---------23.81379615571165
 ---------24.788369224083453
 ---------26.01533972186464
 ---------29.85457825666815
 ---- Total: 125.69885612074225
 -- Premio: 
 ---------53.0
 ---------58.0
 ---------42.0
 ---------84.0
 ---------80.0
 ---- Total: 317.0
 - Execucao 10
 -- BestCostGenaration: [-267.7587514035876, -1334.656196046848, -1394.9046195585636, -1405.194996796201, -1478.9278440042071, -1507.8565282616778, -1524.1624931518438, -1524.6972937671121, -1544.7977954038108, -1569.4840869048262, -1597.4313635826913, -1597.9661641979596]
 -- BestCostElement: [-1597.9661642 -1597.9661642 -1597.9661642 -1597.9661642]
 -- BestRoute: [array([ 0, 37, 34, 28, 12, 19,  7, 11, 24, 23,  0])
 array([ 0, 20, 15,  8, 16, 17,  9, 10, 21, 22,  0])
 array([ 0, 48, 60, 65, 73, 72, 64, 63, 59, 56, 51, 46, 41,  0])
 array([ 0, 43, 49, 53, 62, 69, 68, 75, 67, 61, 74, 66,  0])
 array([ 0, 52, 58, 57, 47, 40, 36, 35, 33, 26, 25, 32, 39,  0])]
 -- Custo: 
 ---------21.498602106931337
 ---------23.845696022914044
 ---------23.991941740584956
 ---------26.266104724869987
 ---------29.90611435520976
 ---- Total: 125.50845895051009
 -- Premio: 
 ---------52.0
 ---------49.0
 ---------74.0
 ---------57.0
 ---------68.0
 ---- Total: 300.0
 - Execucao 11
 -- BestCostGenaration: [-304.8329617718706, -1359.6058791675196, -1364.0983016699902, -1376.5578453030898, -1385.2061097026005, -1421.7507830996615, -1490.3069896174347, -1493.3627177074354, -1499.0050547536432, -1516.0490092084508, -1519.1047372984517, -1537.6093273261797, -1540.6650554161806, -1571.8852152532031, -1594.3219096656728, -1600.9216051720773, -1619.414027674548, -1622.469755764549, -1639.7091889438739, -1640.1266100140415, -1656.1823381040422, -1671.743045792433, -1678.869243527934, -1683.2826066790562, -1699.6903224702983, -1704.1036856214205]
 -- BestCostElement: [-1704.10368562 -1704.10368562 -1704.10368562 -1704.10368562]
 -- BestRoute: [array([ 0, 57, 61, 66, 74, 76, 67,  0])
 array([ 0, 43, 49, 53, 44, 38, 42, 37, 34, 28,  0])
 array([ 0, 48, 52, 58, 60, 65, 73, 72, 64, 63, 59, 56, 51, 46, 41,  0])
 array([ 0, 30, 27, 21, 22, 18, 14, 11, 19,  7, 24, 23, 31,  0])
 array([ 0, 10,  9, 17, 16,  8, 15, 20, 25, 32, 33, 35, 36, 40, 47,  0])]
 -- Custo: 
 ---------21.52180890440928
 ---------23.93046007959298
 ---------24.820368865331147
 ---------25.79246387258243
 ---------29.158976872728967
 ---- Total: 125.22407859464481
 -- Premio: 
 ---------34.0
 ---------52.0
 ---------87.0
 ---------67.0
 ---------75.0
 ---- Total: 315.0
 - Execucao 12
 -- BestCostGenaration: [-284.15477656885986, -1404.2329442366445, -1508.851139884868, -1511.0375974971728, -1530.0308066046423, -1532.6319327641336, -1543.1886340762558, -1545.896477574796, -1548.3531909917067, -1559.113757812382, -1562.0731414542831, -1589.0731414542831, -1602.5277433847925, -1605.235586883333, -1615.6344607238416, -1619.243330492152, -1641.5787326338407, -1643.467276453839, -1644.1798587933322, -1648.9336151719813, -1649.6461975114746, -1679.2473236709661, -1680.8778870819806, -1681.5904694214737, -1681.9038456978794]
 -- BestCostElement: [-1681.9038457 -1681.9038457 -1681.9038457 -1681.9038457]
 -- BestRoute: [array([ 0, 40, 36, 35, 33, 32, 39, 41, 45, 46, 51,  0])
 array([ 0, 57, 64, 72, 63, 59, 55, 56, 60, 58,  0])
 array([ 0, 47, 65, 73, 74, 76, 68, 67, 61, 52, 48,  0])
 array([ 0, 30, 27, 22, 21, 10,  9, 17, 16, 20, 15,  8,  0])
 array([ 0, 43, 49, 44, 38, 42, 37, 34, 28, 12, 19,  7, 11, 24, 23,  0])]
 -- Custo: 
 ---------21.478708664619077
 ---------23.25566639422566
 ---------24.620890997328626
 ---------25.556349186104047
 ---------28.862423333252707
 ---- Total: 123.77403857553011
 -- Premio: 
 ---------59.0
 ---------50.0
 ---------63.0
 ---------60.0
 ---------79.0
 ---- Total: 311.0
 - Execucao 13
 -- BestCostGenaration: [-235.48413909933788, -1386.609576364889, -1450.6884275488617, -1456.2230219975122, -1464.6884275488617, -1477.6806839400429, -1489.1216864635746, -1495.8831864510425, -1524.912830668122, -1530.4474251167726, -1530.742586386098, -1542.3184502104255, -1588.0431802965172, -1590.229637908822, -1592.2825702126856, -1616.8410917685273, -1632.8968198585283, -1635.0832774708329, -1637.3892423609989, -1662.844777458301, -1683.6658564006652, -1704.6658564006652, -1719.1365679623673, -1719.3945483713514, -1738.8011658206788, -1740.1365679623673, -1759.8011658206788, -1760.3868047625324, -1763.7376941218586, -1764.6184943330381, -1793.0436590120248, -1797.2753485825306, -1800.4101360238799, -1802.7532817743875]
 -- BestCostElement: [-1802.75328177 -1802.75328177 -1802.75328177 -1802.75328177]
 -- BestRoute: [array([ 0, 40, 36, 35, 32, 39, 45, 41, 46, 51,  0])
 array([ 0, 58, 60, 65, 73, 72, 64, 63, 59, 56, 57, 47,  0])
 array([ 0, 33, 26, 20, 15,  8, 16, 17,  9, 10, 21, 22,  0])
 array([ 0, 37, 34, 28, 12, 19,  7, 11, 24, 23, 14, 18, 27, 30,  0])
 array([ 0, 43, 49, 53, 62, 69, 68, 75, 67, 61, 76, 74, 66, 52, 48,  0])]
 -- Custo: 
 ---------21.22677276241436
 ---------22.016027852609835
 ---------24.83482471651499
 ---------26.464077695584535
 ---------28.76997652927942
 ---- Total: 123.31167955640313
 -- Premio: 
 ---------53.0
 ---------62.0
 ---------57.0
 ---------75.0
 ---------81.0
 ---- Total: 328.0
 - Execucao 14
 -- BestCostGenaration: [-193.07200938148094, -1334.3915789296866, -1355.7722037821034, -1364.9049841438182, -1399.3549888785537, -1401.6953821060806, -1429.9118010014408, -1431.885673953956, -1484.2481731574826, -1489.7816107558656, -1495.8739525368085, -1532.860670107214, -1557.344709289246, -1590.3598649305823, -1592.430082331197, -1612.173946595006, -1614.9422570245001, -1621.7633359668646, -1639.9950255373706, -1649.3381712878781, -1651.4083886884928, -1670.085138701576, -1670.6585815792241, -1672.7143096692248, -1688.6028534892232, -1690.6730708898378, -1691.5018934410211, -1693.557621531022, -1698.5046892271585, -1708.0980717778311, -1724.7843632788463, -1725.792106887665]
 -- BestCostElement: [-1725.79210689 -1725.79210689 -1725.79210689 -1725.79210689]
 -- BestRoute: [array([ 0, 30, 31, 28, 12, 19,  7, 11, 24, 23,  0])
 array([ 0, 40, 51, 64, 72, 63, 59, 55, 46, 41,  0])
 array([ 0, 43, 49, 53, 62, 69, 44, 42, 37, 34,  0])
 array([ 0, 48, 52, 58, 61, 67, 75, 66, 74, 73, 65, 57, 56, 47,  0])
 array([ 0, 36, 35, 33, 26, 20, 15,  8, 16, 17,  9, 10, 21, 22, 18, 14, 27,
        0])]
 -- Custo: 
 ---------20.91157871363405
 ---------23.517129989098038
 ---------24.2766368956258
 ---------26.591830944406112
 ---------29.754796735319687
 ---- Total: 125.0519732780837
 -- Premio: 
 ---------46.0
 ---------56.0
 ---------55.0
 ---------74.0
 ---------87.0
 ---- Total: 318.0
