 - Execucao 0
 -- BestCostGenaration: [-120.33905766591532, -1326.6923735962682, -1388.6080067354437, -1426.5468870063062, -1483.7582961065393, -1504.0085329067042, -1543.8140241965398, -1624.8681146678973, -1631.8122227869032, -1671.6414161832295, -1692.493778635663, -1720.3535272426889, -1752.9106744983285, -1755.3163463823469, -1769.8549464083278, -1790.8953943348406, -1811.4121475914353, -1819.4121475914353, -1825.0116345465308, -1827.1903485500166, -1881.535495371294, -1889.0836459637655, -1905.2484283376948, -1921.5993176970214, -1932.3449365767876, -1940.3188527924594, -1959.1838582969606, -1962.3813265842552, -1966.6130161547612, -1969.7478035961103, -1972.8825910374594, -1972.9679201699762, -1973.5015814518338, -1974.472144200311]
 -- BestCostElement: [-1974.4721442 -1974.4721442 -1974.4721442 -1974.4721442]
 -- BestRoute: [array([ 0, 40, 35, 36, 27, 30,  1])
 array([ 0, 47, 63, 71, 70, 54, 50, 45, 46, 41, 39,  2])
 array([ 0, 31, 24, 23, 14, 18, 22, 21, 10,  9, 17, 16, 20, 15,  8,  3])
 array([ 0, 48, 52, 43, 34, 28,  7, 11, 19, 12, 29, 13,  4])
 array([ 0, 51, 55, 56, 57, 58, 60, 65, 73, 72, 64, 59,  5])
 array([ 0, 37, 42, 38, 44, 53, 62, 69, 68, 75, 67, 61, 66, 74, 76,  6])]
 -- Custo: 
 ---------18.97798214552771
 ---------21.36505818199175
 ---------22.91268706482926
 ---------24.821326212286404
 ---------24.67004637770997
 ---------28.88486396757713
 ---- Total: 141.6319639499222
 -- Premio: 
 ---------30.0
 ---------47.0
 ---------75.0
 ---------64.0
 ---------64.0
 ---------83.0
 ---- Total: 363.0
 - Execucao 1
 -- BestCostGenaration: [-83.98316197930629, -1361.7269302616346, -1549.1057010103941, -1552.2404884517434, -1568.5715892199873, -1588.3192242379755, -1604.4165395878995, -1620.8409404192107, -1635.2609497916114, -1638.330243786249, -1701.2611901282908, -1702.8917535393052, -1739.6120794876174, -1756.8388212354416, -1768.4166161335856, -1799.5369547472096, -1801.3990208928158, -1813.5446983560287, -1825.070823083217, -1851.7497031979924, -1858.119139786978, -1880.5595248617649, -1882.4215910073708, -1882.607509342947, -1883.32009168244, -1885.2086355024385, -1885.9212178419316, -1898.9745904603549, -1914.8516045468698, -1939.0860466403565, -1942.05590484839, -1943.0696680463607, -1953.4607982780503, -1972.4723927517648, -1973.7482159385572, -1992.7598104122715, -1994.0356335990639]
 -- BestCostElement: [-1994.0356336 -1994.0356336 -1994.0356336 -1994.0356336]
 -- BestRoute: [array([ 0, 48, 52, 58, 60, 65, 73, 53, 44,  1])
 array([ 0, 47, 57, 64, 72, 63, 59, 56, 51, 46, 41, 45,  2])
 array([ 0, 40, 36, 35, 33, 26, 20, 15,  8, 16, 17, 21, 10,  9,  3])
 array([ 0, 37, 34, 28, 12, 19,  7, 11, 24, 23, 14,  4])
 array([ 0, 30, 27, 22, 25, 32, 39, 50, 54, 70, 71,  5])
 array([ 0, 43, 38, 42, 49, 61, 66, 74, 76, 67, 75, 68, 62, 69,  6])]
 -- Custo: 
 ---------19.34009275541994
 ---------21.021912431484136
 ---------22.128990204491963
 ---------24.718413101136562
 ---------25.34166020071207
 ---------29.44002290698939
 ---- Total: 141.99109160023406
 -- Premio: 
 ---------49.0
 ---------64.0
 ---------73.0
 ---------61.0
 ---------49.0
 ---------70.0
 ---- Total: 366.0
 - Execucao 2
 -- BestCostGenaration: [-1442.6188169244795, -1486.7541148113721, -1506.780920067751, -1514.058238559268, -1521.9312951616287, -1542.0727278698819, -1561.7963006661296, -1583.5478541596722, -1599.8268611183953, -1607.8268611183953, -1633.3258203486657, -1661.6985671416894, -1668.7063107505082, -1684.0417128921972, -1707.6533351834883, -1735.2956722296958, -1741.869931032394, -1764.2201735445337, -1764.246651218926, -1768.8957618595998, -1771.9514899496005, -1773.582053360615, -1775.9483435365555, -1785.2389076101074, -1790.9809272011232, -1821.3240729516308, -1822.3318165604496, -1828.2975952772385, -1828.376654628587, -1849.592756546564, -1853.2713044387604, -1853.405868196635, -1853.9838867782537, -1854.1184505361282, -1854.1184505361284, -1857.174178626129, -1876.2036158776518, -1876.9161982171454, -1895.5730524666378, -1900.5173243766367, -1900.596383727985, -1904.2826752290002, -1911.5700928895071, -1931.5700928895071]
 -- BestCostElement: [-1931.57009289 -1931.57009289 -1931.57009289 -1931.57009289]
 -- BestRoute: [array([ 0, 47, 51, 56, 57, 43,  1])
 array([ 0, 59, 63, 70, 54, 50, 45, 46, 41, 39,  2])
 array([ 0, 30, 24, 23, 27, 22, 21, 10,  9, 17, 16, 20, 25, 15,  8,  3])
 array([ 0, 14, 11,  7, 19, 12, 28, 34, 29, 13,  4])
 array([ 0, 36, 33, 35, 40, 48, 52, 58, 60, 65, 73, 72, 64, 71,  5])
 array([ 0, 37, 42, 38, 44, 53, 61, 66, 74, 67, 75, 68, 62, 69,  6])]
 -- Custo: 
 ---------18.577728178211856
 ---------21.215683437474116
 ---------23.721349351738365
 ---------24.67004637770997
 ---------26.5180406270747
 ---------28.904628805414212
 ---- Total: 143.60747677762322
 -- Premio: 
 ---------26.0
 ---------49.0
 ---------75.0
 ---------51.0
 ---------80.0
 ---------77.0
 ---- Total: 358.0
 - Execucao 3
 -- BestCostGenaration: [-1274.083865751979, -1276.6849919114702, -1389.2410520884291, -1657.8521188051095, -1661.2545353158825, -1717.6799434492686, -1750.5451560079196, -1767.3499016356168, -1770.6636101346016, -1789.4894279179189, -1794.0144994939283, -1811.470486798196, -1828.9418157146442, -1852.0733469870743, -1885.717624639356, -1913.583628050881, -1945.7198664470188, -1973.645197237295, -1978.2168861452637, -1989.2835042571282, -2004.663744466954, -2036.0626183074623, -2050.0331810559396, -2055.432054896448, -2059.663744466954, -2069.7864869260393, -2074.4727784270544, -2078.7044679975606, -2079.417050337054, -2082.1776171577294]
 -- BestCostElement: [-2082.17761716 -2082.17761716 -2082.17761716 -2082.17761716]
 -- BestRoute: [array([ 0, 27, 30, 43, 49, 42, 38, 44,  1])
 array([ 0, 56, 64, 72, 63, 59, 55, 51, 46, 41, 45,  2])
 array([ 0, 31, 24, 14, 18, 22, 21, 10,  9, 17, 16, 20, 15,  8,  3])
 array([ 0, 23, 11,  7, 19, 12, 28, 34, 37, 29, 13,  4])
 array([ 0, 47, 40, 36, 35, 33, 26, 25, 32, 39, 50, 54, 70, 71,  5])
 array([ 0, 48, 52, 58, 60, 57, 65, 73, 74, 76, 66, 61, 67, 75, 68, 62, 69,
        6])]
 -- Custo: 
 ---------19.837882267736525
 ---------20.957417329238154
 ---------22.50504621207566
 ---------24.01170657842204
 ---------26.892922226992173
 ---------28.50062109610321
 ---- Total: 142.70559571056776
 -- Premio: 
 ---------38.0
 ---------57.0
 ---------72.0
 ---------52.0
 ---------66.0
 ---------94.0
 ---- Total: 379.0
 - Execucao 4
 -- BestCostGenaration: [-76.42471596582968, -1174.021253999147, -1581.2119747564534, -1581.755593562122, -1586.9245570959465, -1596.2776603702653, -1598.8787865297568, -1635.8034962171853, -1635.8502750909158, -1641.6486624835525, -1643.2001665432185, -1668.0259843265355, -1675.223497804566, -1695.661144933324, -1698.5390912991, -1705.7366047771304, -1752.7412019729043, -1768.3717653839187, -1773.3747249610492, -1774.0873073005423, -1775.1842094296994, -1783.538949653921, -1810.7998896400354, -1826.143035390543, -1830.4537843123974, -1833.143035390543, -1834.9525198591932, -1861.143035390543, -1862.2399375197, -1862.9525198591932, -1873.5419092310517, -1875.7256143203758, -1876.438196659869, -1886.1656622000403, -1900.1656622000403, -1900.8782445395334, -1917.5196115713882, -1920.6543990127375, -1921.3669813522306, -1924.243788384596, -1925.519110415788, -1928.9227230972492, -1933.2921596862348, -1955.6353054367423]
 -- BestCostElement: [-1955.63530544 -1955.63530544 -1955.63530544 -1955.63530544]
 -- BestRoute: [array([ 0, 65, 73, 60, 58, 52,  1])
 array([ 0, 47, 40, 36, 35, 33, 20,  8, 15, 25, 32, 39,  2])
 array([ 0, 30, 27, 22, 21, 26, 16, 17,  9, 10, 14, 18,  3])
 array([ 0, 43, 42, 44, 38, 37, 34, 28, 12, 19,  7, 11,  4])
 array([ 0, 56, 64, 72, 63, 59, 55, 51, 46, 41, 45, 50, 54, 70, 71,  5])
 array([ 0, 48, 57, 66, 74, 76, 75, 67, 61, 49, 53, 62, 69, 68,  6])]
 -- Custo: 
 ---------18.358485472372255
 ---------21.877054302287245
 ---------23.86387347175358
 ---------22.965541645124215
 ---------26.957417329238154
 ---------28.818801420039016
 ---- Total: 142.84117364081447
 -- Premio: 
 ---------27.0
 ---------65.0
 ---------56.0
 ---------65.0
 ---------74.0
 ---------74.0
 ---- Total: 361.0
 - Execucao 5
 -- BestCostGenaration: [-82.8380194072868, -1822.6057882961186, -1837.441356549097, -1852.7537933382382, -1861.5826158894215, -1866.0750383918921, -1894.630376687129, -1900.5629118094953, -1903.87662030848, -1906.0630779207845, -1933.8619239437164, -1937.5079745723685, -1947.1013571230412, -1951.5937796255118, -1960.3394849063015, -1965.8578660246712, -1970.3502885271419, -1973.6639970261265, -1991.3502885271419, -2001.7491623676503, -2011.342544918323]
 -- BestCostElement: [-2011.34254492 -2011.34254492 -2011.34254492 -2011.34254492]
 -- BestRoute: [array([ 0, 34, 37, 42, 38, 44, 49, 53,  1])
 array([ 0, 40, 36, 35, 41, 46, 45, 50, 54, 55, 51,  2])
 array([ 0, 39, 33, 21, 10,  9, 17, 16, 20, 15,  8,  3])
 array([ 0, 30, 27, 22, 18, 14, 23, 24, 31, 28, 12, 19,  7, 11,  4])
 array([ 0, 47, 58, 60, 65, 73, 72, 64, 57, 56, 59, 63, 71, 70,  5])
 array([ 0, 48, 43, 52, 61, 66, 74, 76, 67, 75, 68, 62, 69,  6])]
 -- Custo: 
 ---------17.97060945745574
 ---------20.06449510224598
 ---------23.676619087329467
 ---------24.63169110970202
 ---------24.326900627202352
 ---------23.494048386483716
 ---- Total: 134.16436377041927
 -- Premio: 
 ---------41.0
 ---------48.0
 ---------61.0
 ---------67.0
 ---------73.0
 ---------74.0
 ---- Total: 364.0
 - Execucao 6
 -- BestCostGenaration: [-123.98559069966588, -1433.9756078750602, -1473.4945991770269, -1484.6293866183762, -1608.5793240897121, -1683.8694942731997, -1745.2991907389892, -1768.9902496423679, -1782.1569119337066, -1812.7848961010757, -1832.9568192120307, -1834.9785580454704, -1885.0079674043225, -1893.9790973221993, -1919.5491486115243, -1932.2354401125397, -1946.2354401125397, -1962.7472439607, -1993.1484300982227, -1996.5783788088975, -2003.7495562577142, -2026.0927020082217, -2037.4621385972077, -2040.8920873078823, -2044.23523305839, -2054.8920873078823, -2059.0346183580505, -2061.6357445175418, -2062.713166250247, -2064.2368706770335, -2064.343729661261, -2065.66203535602, -2068.2631615155115, -2070.3111459966935, -2076.3111459966935, -2078.654291747201, -2082.332839639397, -2095.0454219788908]
 -- BestCostElement: [-2095.04542198 -2095.04542198 -2095.04542198 -2095.04542198]
 -- BestRoute: [array([ 0, 43, 49, 37, 34, 28, 38, 42, 44,  1])
 array([ 0, 65, 73, 72, 64, 63, 59, 56, 51, 46, 41,  2])
 array([ 0, 27, 14, 18, 22, 21, 10,  9, 17, 16, 26, 20, 15,  8,  3])
 array([ 0, 30, 31, 23, 24, 11,  7, 19, 12, 29, 13,  4])
 array([ 0, 47, 40, 36, 35, 33, 25, 32, 39, 45, 50, 54, 70, 71,  5])
 array([ 0, 48, 52, 58, 57, 60, 61, 66, 74, 76, 67, 75, 68, 53, 62, 69,  6])]
 -- Custo: 
 ---------19.896819140124332
 ---------21.404918347287666
 ---------23.35645109765152
 ---------20.53663105724556
 ---------26.371630891611247
 ---------29.672193971357018
 ---- Total: 141.23864450527734
 -- Premio: 
 ---------48.0
 ---------62.0
 ---------69.0
 ---------47.0
 ---------67.0
 ---------87.0
 ---- Total: 380.0
 - Execucao 7
 -- BestCostGenaration: [-114.13954149371509, -1447.506684434374, -1451.955628862228, -1455.4632063597574, -1462.0284529573248, -1492.3439916796724, -1494.7976500476038, -1543.3077563846393, -1544.9383197956538, -1554.073098654259, -1557.5806761517883, -1569.9197725659947, -1590.1582639957826, -1605.4975587928016, -1631.9366735056733, -1638.5935277551655, -1647.3618381846597, -1662.4587403138164, -1666.2209447531352, -1666.2764491596615, -1678.0123627605021, -1693.2764491596615, -1715.7507551700971, -1717.627769256612, -1731.093900920605, -1731.2323740517277, -1732.9709150071199, -1733.7913715281957, -1735.6683856147106, -1735.703087666298, -1753.4505318578508, -1766.1897556627296, -1771.846609912222, -1774.8164681202552, -1775.4076094195893, -1792.8039404797482, -1795.6779949891325, -1795.7126970407198, -1822.6779949891325, -1822.7126970407198, -1825.9473461883563]
 -- BestCostElement: [-1825.94734619 -1825.94734619 -1825.94734619 -1825.94734619]
 -- BestRoute: [array([ 0, 48, 58, 52, 43, 49, 37, 38, 42, 44,  1])
 array([ 0, 51, 59, 63, 70, 55, 46, 41, 39,  2])
 array([ 0, 34, 28,  7, 11, 24, 23, 14, 18, 22, 21, 17,  3])
 array([ 0, 30, 27, 26, 20, 15, 16, 10,  4])
 array([ 0, 57, 56, 47, 40, 36, 35, 33, 32, 45, 54,  5])
 array([ 0, 64, 72, 73, 65, 60, 66, 74, 76, 61, 67, 75, 68, 62, 69,  6])]
 -- Custo: 
 ---------19.365058181991753
 ---------21.00389691313216
 ---------23.901689239237314
 ---------24.534093802756495
 ---------26.49173437172545
 ---------28.466690944067718
 ---- Total: 143.76316345291087
 -- Premio: 
 ---------56.0
 ---------50.0
 ---------66.0
 ---------37.0
 ---------52.0
 ---------82.0
 ---- Total: 343.0
 - Execucao 8
 -- BestCostGenaration: [-105.77609963927405, -1453.0769118224255, -1552.7645878321296, -1601.029672138313, -1633.9739440483122, -1686.6865263878053, -1696.0219285294943, -1724.077656619495, -1725.7874864360074, -1737.8246672963492, -1761.3836215096608, -1790.301602581182, -1795.0891863529782, -1815.5890202416886, -1845.1371708341603, -1856.3310398327048, -1857.8791904251761, -1866.1371708341603, -1880.4323321034858, -1888.831412998144, -1903.283055351523, -1917.7082200305092, -1924.8266741571913, -1927.5129656582067, -1950.8266741571913, -1953.5872409778667, -1959.8824022471922, -1964.5315128878656, -1971.8669150295545, -1973.5872409778667, -1975.1806235285394, -1976.7547327369098, -1983.329568057923, -1988.3978237884312]
 -- BestCostElement: [-1988.39782379 -1988.39782379 -1988.39782379 -1988.39782379]
 -- BestRoute: [array([ 0, 43, 34, 37, 42, 38, 44, 49, 53,  1])
 array([ 0, 58, 60, 65, 47, 40, 36, 35, 33, 32, 39,  2])
 array([ 0, 14, 18, 22, 21, 10,  9, 17, 16, 20, 25, 15,  8,  3])
 array([ 0, 30, 27, 23, 24, 12, 28, 29, 13, 19,  7, 11,  4])
 array([ 0, 57, 56, 51, 46, 41, 45, 50, 54, 55, 59, 63, 71, 70,  5])
 array([ 0, 48, 52, 61, 62, 68, 75, 76, 74, 73, 72, 64,  6])]
 -- Custo: 
 ---------19.823028822792917
 ---------21.65973668286322
 ---------23.07106781186548
 ---------24.46284073991415
 ---------23.02260056222933
 ---------29.611269433227072
 ---- Total: 141.65054405289214
 -- Premio: 
 ---------45.0
 ---------53.0
 ---------65.0
 ---------57.0
 ---------64.0
 ---------81.0
 ---- Total: 365.0
 - Execucao 9
 -- BestCostGenaration: [-138.77663812040748, -1223.9317124236193, -1383.6982096518752, -1605.0705252355888, -1626.8004489977702, -1670.091049264871, -1674.5230480995447, -1677.3784669253778, -1696.1271241998836, -1703.1193805910648, -1733.4253454812306, -1737.8573443159044, -1743.573982521574, -1760.1645692861093, -1776.8217264275381, -1784.4550349776391, -1811.4550349776391, -1814.3318420100045, -1821.0444243494976, -1827.3318420100043, -1828.925224560677, -1843.0866602050285, -1844.6800427557012, -1853.559809365197, -1874.559809365197, -1876.1531919158697, -1877.9654289075004, -1879.558811458173, -1880.6456144183403, -1883.619323579862, -1884.510826976991, -1884.749326989523, -1887.802302556543, -1901.802302556543, -1911.9995637896882, -1912.2380638022203, -1915.2910393692403]
 -- BestCostElement: [-1915.29103937 -1915.29103937 -1915.29103937 -1915.29103937]
 -- BestRoute: [array([ 0, 34, 37, 42, 53, 62, 44, 38,  1])
 array([ 0, 10,  9, 17, 16,  8, 15, 20, 25, 39,  2])
 array([ 0, 36, 35, 41, 46, 45, 32, 33, 26,  3])
 array([ 0, 30, 27, 22, 21, 18, 14, 24, 11,  7, 28, 12, 19, 13,  4])
 array([ 0, 40, 47, 56, 51, 50, 54, 55, 59, 63, 71, 70,  5])
 array([ 0, 48, 52, 58, 61, 67, 66, 73, 72, 64, 57, 60, 74, 76, 68,  6])]
 -- Custo: 
 ---------19.950844619618653
 ---------21.68026820810989
 ---------20.64455688890349
 ---------24.843766846610826
 ---------22.128990204491963
 ---------29.678813389955106
 ---- Total: 138.92724015768994
 -- Premio: 
 ---------47.0
 ---------50.0
 ---------38.0
 ---------74.0
 ---------56.0
 ---------88.0
 ---- Total: 353.0
 - Execucao 10
 -- BestCostGenaration: [-174.02358326201346, -1444.6408052382792, -1499.2830088759542, -1505.394465055956, -1528.882608016509, -1551.7788954453263, -1589.521122090492, -1593.0429818444857, -1593.5111574157015, -1617.4729305551602, -1620.720483736482, -1627.284251876884, -1648.4922687262865, -1652.9702019181434, -1655.0019946412438, -1665.289160056865, -1670.762561461919, -1686.1266305718882, -1696.4137959875097, -1706.7619328238554, -1708.3924962348697, -1709.363058983347, -1739.8849187373405, -1755.6454855580157, -1758.541772986833, -1775.6052446856527, -1792.8291906473396, -1793.1769335936212, -1793.336374254805, -1794.1723363978474, -1797.6799138953766, -1807.4332763839618, -1808.4410199927806, -1808.8058593859923, -1812.9483904361603, -1818.3472642766687, -1834.4029923666697, -1836.291536186668, -1849.3735551151467, -1851.262098935145, -1868.0304093646391, -1881.0304093646391, -1882.5447325639634, -1888.0598466161618, -1889.9483904361603, -1894.3472642766687, -1908.3550078854878, -1909.7774200414933, -1911.2141144539632]
 -- BestCostElement: [-1911.21411445 -1911.21411445 -1911.21411445 -1911.21411445]
 -- BestRoute: [array([ 0, 48, 52, 58, 60, 65, 73,  1])
 array([ 0, 40, 36, 35, 33, 32, 39, 45, 55, 51, 46, 41,  2])
 array([ 0, 30, 27, 23, 24, 14, 18, 22, 21, 10,  9, 16, 20, 15,  8,  3])
 array([ 0, 43, 42, 44, 38, 37, 34, 28, 12, 19,  7, 11,  4])
 array([ 0, 49, 53, 62, 69, 68, 75, 67, 61, 66,  5])
 array([ 0, 47, 57, 56, 59, 54, 70, 71, 63, 64, 72, 74,  6])]
 -- Custo: 
 ---------19.108854477353724
 ---------21.877054302287245
 ---------23.963990038857652
 ---------22.965541645124215
 ---------26.352725410108185
 ---------29.178305512778213
 ---- Total: 143.44647138650924
 -- Premio: 
 ---------36.0
 ---------62.0
 ---------80.0
 ---------65.0
 ---------45.0
 ---------67.0
 ---- Total: 355.0
 - Execucao 11
 -- BestCostGenaration: [-69.21866397627207, -1558.938871614259, -1560.569435025273, -1609.7071820437527, -1649.802756343743, -1693.1424826447242, -1721.8392531593374, -1741.8469967681563, -1776.2383792447313, -1795.5955224792622, -1818.8387683535273, -1824.4428992808848, -1830.8870050795945, -1832.9064524191303, -1855.9259413548318, -1857.9805537415566, -1878.7225733325727, -1880.3531367435871, -1881.732896185037, -1882.7034589335142, -1882.9614393424981, -1887.3603131830066, -1887.6182935919906, -1890.222172274463]
 -- BestCostElement: [-1890.22217227 -1890.22217227 -1890.22217227 -1890.22217227]
 -- BestRoute: [array([ 0, 61, 66, 74, 67, 68, 62,  1])
 array([ 0, 48, 52, 58, 60, 65, 73, 72, 64, 63, 59, 55,  2])
 array([ 0, 31, 24, 23, 14, 18, 22, 21, 10,  9, 17, 16, 20, 15,  8,  3])
 array([ 0, 43, 49, 44, 42, 38, 37, 34, 28, 12, 19,  7, 11,  4])
 array([ 0, 40, 57, 56, 51, 46, 41, 39, 45, 50, 54, 70,  5])
 array([ 0, 30, 27, 36, 35, 33, 32, 47, 75,  6])]
 -- Custo: 
 ---------18.994466510684063
 ---------20.89292222699217
 ---------22.91268706482926
 ---------23.68961350232851
 ---------24.601126159491542
 ---------28.85364146705875
 ---- Total: 139.9444569313843
 -- Premio: 
 ---------36.0
 ---------68.0
 ---------75.0
 ---------68.0
 ---------61.0
 ---------42.0
 ---- Total: 350.0
 - Execucao 12
 -- BestCostGenaration: [-282.5721583560499, -1273.244769072997, -1487.9866099689575, -1506.24059728772, -1508.8417234472117, -1535.8417234472117, -1540.5194410181728, -1544.3273550571516, -1545.8680142856897, -1571.4026059192292, -1572.4362648807905, -1574.3248087007887, -1587.779410631298, -1589.3200698598362, -1607.875244633854, -1611.1889531328388, -1624.3828221313834, -1631.307407259521, -1635.1216953093544, -1657.162246927222, -1657.2662117432901, -1691.553629403797, -1719.1017799962688, -1722.4497097784647, -1733.7767007070438, -1739.3891976567752, -1740.2616318455812, -1745.8741287953126, -1766.041313065315, -1769.0460970970034, -1776.1761005066642, -1784.8144075264972, -1786.8623920076793, -1790.8361011692014, -1791.8066639176786, -1793.5145074162192, -1800.0893427372325, -1819.8313623282488]
 -- BestCostElement: [-1819.83136233 -1819.83136233 -1819.83136233 -1819.83136233]
 -- BestRoute: [array([ 0, 52, 58, 60, 74, 67, 75, 68, 62,  1])
 array([ 0, 61, 66, 73, 72, 64, 39,  2])
 array([ 0, 14, 18, 22, 21, 10,  9, 17, 16, 20, 25, 15,  8,  3])
 array([ 0, 53, 44, 38, 42, 37, 34, 28, 12, 19,  7, 11,  4])
 array([ 0, 47, 40, 36, 35, 33, 41, 46, 45, 50, 54, 55, 51, 56, 59, 63, 71,
        5])
 array([ 0, 31, 24, 23, 27, 30, 43, 48, 57,  6])]
 -- Custo: 
 ---------19.833560993548737
 ---------21.29148311062484
 ---------23.07106781186548
 ---------24.99947179715971
 ---------25.96399003885765
 ---------28.382585665881408
 ---- Total: 143.54215941793782
 -- Premio: 
 ---------46.0
 ---------43.0
 ---------65.0
 ---------65.0
 ---------79.0
 ---------44.0
 ---- Total: 342.0
 - Execucao 13
 -- BestCostGenaration: [-170.99760428250994, -1397.0321813158002, -1464.764632531312, -1529.4946256597545, -1562.512454925553, -1605.0167377472264, -1671.8472276675461, -1694.7212821769303, -1739.9664274563665, -1771.5568504299088, -1791.66534703278, -1821.4708383226157, -1836.7172242578854, -1873.8814489507572, -1892.992905130759, -1909.0486332207597, -1918.8216824912065, -1934.8774105812072, -1937.183375471373, -1937.7170367532308, -1939.231359952555, -1939.7650212344129, -1950.8882142020475, -1966.8912189699136, -1969.7652734792982, -1973.4660542909273, -1995.809200041435, -1996.8169436502535, -1999.6909981596382, -2001.8202970288553, -2002.4335188176615, -2008.2751060135142, -2023.4335188176615, -2027.3843287290283, -2035.3471478686865, -2038.1232019069994, -2053.716584457672]
 -- BestCostElement: [-2053.71658446 -2053.71658446 -2053.71658446 -2053.71658446]
 -- BestRoute: [array([ 0, 48, 43, 49, 53, 44, 42, 37, 34, 38,  1])
 array([ 0, 30, 31, 23, 14, 18, 22, 21,  2])
 array([ 0, 47, 40, 35, 33, 32, 25, 20, 15,  8, 16, 17, 10,  9,  3])
 array([ 0, 27, 24, 12, 28, 29, 13, 19,  7, 11,  4])
 array([ 0, 36, 39, 41, 46, 45, 50, 54, 55, 51, 56, 59, 63, 71, 70,  5])
 array([ 0, 57, 64, 72, 73, 65, 74, 66, 60, 58, 52, 61, 67, 75, 68, 62, 69,
        6])]
 -- Custo: 
 ---------19.177617382033016
 ---------20.371630891611247
 ---------23.607698869111037
 ---------24.097942485827303
 ---------26.006732637524404
 ---------29.559231619474893
 ---- Total: 142.8208538855819
 -- Premio: 
 ---------54.0
 ---------35.0
 ---------72.0
 ---------49.0
 ---------70.0
 ---------95.0
 ---- Total: 375.0
 - Execucao 14
 -- BestCostGenaration: [-110.08268693249978, -1497.532389506739, -1527.3232139867691, -1554.5864445346592, -1615.0788544419265, -1683.554669954442, -1690.6508911616916, -1701.6508359175364, -1727.0336224837251, -1747.3740484737405, -1762.7115670743742, -1784.9166151794943, -1798.315489020003, -1804.5762652151238, -1832.0280713594962, -1836.7143628605113, -1845.3154890200026, -1850.0017805210182, -1854.8375558281462, -1856.7657181069528, -1858.6914427872928, -1864.1512643271308, -1866.0769890074707]
 -- BestCostElement: [-1866.07698901 -1866.07698901 -1866.07698901 -1866.07698901]
 -- BestRoute: [array([ 0, 27, 30, 31, 29, 37, 42,  1])
 array([ 0, 48, 52, 58, 60, 65, 73, 72, 64, 63, 59, 55,  2])
 array([ 0, 24, 23, 14, 18, 22, 21, 10,  9, 17, 16, 20, 15,  8,  3])
 array([ 0, 43, 49, 53, 44, 38, 34, 28, 12, 19,  7, 11,  4])
 array([ 0, 33, 26, 25, 32, 39, 45, 50, 54, 70,  5])
 array([ 0, 47, 46, 41, 35, 36, 40, 51, 56, 57, 66, 74, 76, 68,  6])]
 -- Custo: 
 ---------19.656103539420624
 ---------20.89292222699217
 ---------22.692300596499773
 ---------24.023464037750696
 ---------22.449659909380486
 ---------29.266302438088527
 ---- Total: 138.9807527481323
 -- Premio: 
 ---------31.0
 ---------68.0
 ---------72.0
 ---------59.0
 ---------43.0
 ---------73.0
 ---- Total: 346.0
