 - Execucao 0
 -- BestCostGenaration: [-58.23630809422746, -138.8233245611782, -140.12154584252522, -197.5597949555443, -246.19331794368918, -284.552561792269, -306.4580068389381, -349.09552291730404, -358.18089531297744, -393.49319115036155, -416.1500002091182, -445.92609943816683, -454.6046473303632, -465.92609943816683, -468.5154888100253, -488.5154888100253, -511.1709623439906, -512.6448376168021, -524.7915837911985, -542.4054477006339, -546.3419760018141, -586.9223133135023, -588.3961885863138, -635.7433922558668, -637.2172675286782, -650.2095239198594, -670.9144059136902, -673.4219401480631, -679.4064529304253, -680.8803282032368, -688.4023950113801, -688.5813160690157, -712.8042284290191, -738.6927722490174, -748.8042284290191, -765.2078411104801, -782.8042284290191, -784.1226757689565, -803.8042284290191, -814.7779375905411, -820.4347918400335, -866.4642290915563, -909.7490822101636, -921.19703748964, -968.8081205042024, -995.382955825216, -1015.382955825216, -1043.382955825216, -1048.9793431437547, -1068.9793431437547, -1069.3535637644288, -1072.372110994088, -1085.1845550398684, -1093.2636143912168, -1111.7415475830735, -1115.3193424812175, -1122.3115988723985]
 -- BestCostElement: [-1122.31159887 -1122.31159887 -1122.31159887 -1122.31159887]
 -- BestRoute: [[ 0. 19. 18. 23. 22. 12. 13.  8.  7. 11.  6.  1.]
 [ 0. 20. 14.  9.  5. 15. 16. 24. 21. 17. 10.  2.]
 [ 0. 28. 35. 42. 38. 29. 27. 34. 33. 41. 37.  3.]
 [ 0. 25. 26. 32. 31. 30. 36. 44. 43. 39. 40.  4.]]
 -- Custo: 
 ---------22.883627011906743
 ---------24.799036582201932
 ---------26.954741532750813
 ---------26.284695155040843
 ---- Total: 100.92210028190033
 -- Premio: 
 ---------57.0
 ---------46.0
 ---------51.0
 ---------64.0
 ---- Total: 218.0
 - Execucao 1
 -- BestCostGenaration: [-72.55078786551942, -83.35511190930282, -182.8455971858305, -217.52586860022814, -262.2634634054577, -268.78516421620765, -355.60669923436336, -409.17581162714805, -500.16845040418747, -512.7267433402119, -573.0227729409746, -599.581065876999, -634.1713884156503, -636.2565537571741, -638.0143247917119, -672.8067574240207, -683.2056312645292, -691.9496557002153, -711.7111556876832, -713.0296030276206, -734.1967872976231, -737.8802830125012, -738.4284768681291, -753.7716226186367, -792.2048815333496, -809.0700940920005, -812.2048815333496, -824.6251012047657, -835.7544001625757, -842.0350721212875, -847.0846481428455, -853.3653201015572, -873.3653201015572, -876.679028600542, -879.5922708311105, -883.1113780621232, -883.8239604016164, -894.1299252917823, -896.6519920999256, -898.8162167927976, -907.1593625433053, -908.8425076312756, -919.5598288117213, -943.002881459252, -956.1856533817831, -970.9421170926773, -989.9421170926773, -997.7709396438606, -1000.8266677338615, -1000.9933133958752, -1012.8794362467318, -1025.497931316274, -1032.9657654277344, -1034.439640700546, -1035.8763351130158, -1042.6040724475677, -1048.5331893625082, -1054.9398068118355, -1063.1522230400392, -1068.002155346609, -1069.4760306194205, -1078.5462480200351, -1082.1621150662859, -1105.0422476731749, -1106.3140776811529, -1107.7285391741902]
 -- BestCostElement: [-1107.72853917 -1107.72853917 -1107.72853917 -1107.72853917]
 -- BestRoute: [array([ 0., 19., 18., 23., 22., 13.,  8.,  7., 11., 12.,  6.,  1.])
 array([ 0., 30., 25., 24., 21., 17., 16., 15., 14.,  9.,  5., 10.,  2.])
 array([ 0, 28, 35, 29, 27, 33, 34, 38, 42, 41, 37,  3])
 array([ 0., 20., 26., 32., 31., 36., 44., 43., 39., 40.,  4.])]
 -- Custo: 
 ---------23.135562914111457
 ---------27.887523925038902
 ---------26.413685359532803
 ---------27.1310930077693
 ---- Total: 104.56786520645247
 -- Premio: 
 ---------57.0
 ---------53.0
 ---------51.0
 ---------57.0
 ---- Total: 218.0
 - Execucao 2
 -- BestCostGenaration: [-31.300312360582723, -70.75069758429875, -150.50880752401252, -264.6021640280528, -297.4745575196789, -300.72553548842643, -359.7019258526982, -439.75055919921016, -502.1910320229486, -551.3326286474846, -564.1770388511965, -599.8341598918245, -621.6964128733449, -668.6978650035063, -684.6344384954223, -693.5631227528928, -714.7900282917103, -730.9619965934013, -736.9690909059316, -749.4399297852581, -757.6745789328945, -764.7830755357656, -773.0177246834021, -785.5925600044156, -787.5664329569308, -798.1902506661503, -834.9392230131111, -851.2221432708925, -876.9786521725224, -888.4268614838933, -901.5090672482864, -916.2773776777805, -934.4610827671046, -942.1817759414431, -954.9743723647451, -962.46919360195, -962.7271740109338, -975.3020093319474, -986.9666071902586, -1026.3360437792442, -1034.787686132623, -1048.795429741442, -1051.426216835931, -1059.5607805938055, -1074.696522767615, -1078.9646670858197, -1085.2665740569403, -1088.3487798213334, -1093.2665740569403]
 -- BestCostElement: [-1093.26657406 -1093.26657406 -1093.26657406 -1093.26657406]
 -- BestRoute: [array([ 0, 13,  8,  7, 11, 19, 18, 23, 22, 12,  6,  1])
 array([ 0, 20, 24, 21, 17, 10, 15, 14,  9,  5,  2])
 array([ 0, 28, 35, 42, 38, 41, 34, 29, 27, 33, 37,  3])
 array([ 0, 25, 30, 31, 26, 32, 36, 44, 43, 39, 40,  4])]
 -- Custo: 
 ---------25.077489495096746
 ---------27.340092755419942
 ---------24.76997652927942
 ---------27.495797705968823
 ---- Total: 104.68335648576493
 -- Premio: 
 ---------57.0
 ---------44.0
 ---------51.0
 ---------64.0
 ---- Total: 216.0
 - Execucao 3
 -- BestCostGenaration: [-87.29742077506444, -137.98593855507175, -151.77823426421475, -267.0279106325971, -329.02120137556494, -394.4939129057198, -395.1767911718529, -453.6468150657049, -463.42630460177475, -468.82685852514453, -484.34892533328775, -498.8500051855419, -515.1024970223937, -545.0467689323928, -582.1319342739165, -599.2667217152656, -608.6021238569544, -626.7715890654388, -637.674146921702, -663.9672134788791, -676.3632915332503, -681.76384545662, -689.1069912071276, -701.5030692614987, -703.5560015653623, -735.401668898737, -751.9601904545789, -764.631534014685, -788.4263221185714, -806.5350257755923, -810.213860699632, -835.5198707805336, -836.3223573025033, -838.9234834619948, -842.4310609595241, -856.1778645822285, -887.9529207135176, -890.6702870846993, -899.983995583684, -901.7479158715538, -924.7886960206456, -937.2089156920615, -951.0761136811524, -970.3733474390833, -978.2538401612221, -990.4105282994251, -992.4719275096395, -1008.9313134718373, -1026.821722726291, -1027.409246663694, -1034.9007820776394, -1035.4883060150423, -1055.4883060150423, -1057.4228488857825, -1058.0103728231854, -1068.9007820776394, -1069.4883060150423, -1071.5870735786546, -1072.1745975160575, -1072.8871798555508]
 -- BestCostElement: [-1072.88717986 -1072.88717986 -1072.88717986 -1072.88717986]
 -- BestRoute: [array([ 0, 23, 22, 18, 19, 13,  8,  7, 11, 12,  6,  1])
 array([ 0, 20, 24, 21, 17, 16, 15, 14,  9,  5, 10,  2])
 array([ 0, 28, 35, 29, 27, 33, 34, 38, 42, 41, 37,  3])
 array([ 0, 25, 26, 32, 31, 30, 36, 44, 43, 39,  4])]
 -- Custo: 
 ---------23.02615113192196
 ---------24.72524626487052
 ---------26.413685359532803
 ---------25.113122279787035
 ---- Total: 99.27820503611233
 -- Premio: 
 ---------57.0
 ---------46.0
 ---------51.0
 ---------56.0
 ---- Total: 210.0
 - Execucao 4
 -- BestCostGenaration: [-66.6440011193277, -87.2856970774913, -218.27589417752193, -281.2819895753003, -407.8391622538786, -435.3256675957882, -465.13414375689723, -543.9595089641829, -565.5528915148554, -595.1353115014444, -669.470922624862, -670.6956142486875, -731.5497278037458, -770.0276177324462, -778.3227790017718, -817.6273585181796, -823.9705494594228, -833.6568409604381, -833.813529098641, -866.7050324957697, -900.0722551697634, -919.3596728302701, -926.4781269569522, -937.8770007974607, -957.283618246788, -983.0401271484179, -1018.6513523883059, -1038.651352388306, -1054.1734191964492, -1065.4637964340864, -1093.5428557854348]
 -- BestCostElement: [-1093.54285579 -1093.54285579 -1093.54285579 -1093.54285579]
 -- BestRoute: [array([ 0., 19., 18., 23., 22., 12., 13.,  8.,  7., 11.,  6.,  1.])
 array([ 0., 20., 24., 16., 15.,  9.,  5., 10., 21., 17.,  2.])
 array([ 0., 28., 35., 42., 38., 41., 34., 29., 27., 33., 37.,  3.])
 array([ 0., 25., 30., 31., 26., 32., 36., 44., 43., 39., 40.,  4.])]
 -- Custo: 
 ---------22.883627011906743
 ---------25.96488480648635
 ---------24.76997652927942
 ---------27.495797705968823
 ---- Total: 101.11428605364134
 -- Premio: 
 ---------57.0
 ---------42.0
 ---------51.0
 ---------64.0
 ---- Total: 214.0
 - Execucao 5
 -- BestCostGenaration: [1.276452895280869, -20.834497207949248, -54.14250383776914, -88.62914375525011, -115.49574866867322, -156.26879793911996, -163.17194108929203, -200.23957971284068, -207.14272286301272, -263.42656135667806, -265.69064775583735, -283.04555177105254, -298.58272546334825, -318.92277008013986, -325.32938752946717, -340.13918897550013, -354.991160968855, -369.3007412194116, -418.9253337984577, -421.3048694678398, -422.71384238874464, -429.12045983807195, -468.65811429874384, -475.06473174807115, -486.1982683912337, -496.0820733702793, -496.6360358514755, -496.93119712080113, -502.74749203147724, -516.7474920314771, -519.9599082596809, -532.7474920314771, -551.7474920314771, -562.1573765469756, -570.9861990981589, -577.8589482114788, -592.3446251007476, -604.9146763014797, -624.9146763014797, -628.1758031235086, -632.2285716363789, -651.3139440320523, -673.8955702455964, -680.5552202812262, -683.610948371227, -721.5257830297033, -760.9246568702118, -769.2198181395374, -773.5040893869992, -774.2166717264926, -775.589254728523, -782.7100469452514, -789.219631303623, -790.4520665362675, -802.0407102459874, -817.5705206629495, -832.9136664134571, -851.391599605314, -863.0484538548064, -863.9664349263276, -873.0964383359883, -891.2078945159899, -904.1805187231871, -905.6543939959988, -916.6838312475215, -920.7101220859995, -928.1351229739928, -933.7919772234852, -934.340685497014, -939.9034334034868, -944.8477053134861, -992.1428665828117, -1002.0080791414625, -1002.5417404233202, -1005.597468513321, -1008.0152402103961, -1015.2761801965105, -1026.7952874275231, -1028.6473960493183, -1041.6551396581372, -1042.4041571958337, -1053.6463861612958, -1055.060847654333, -1055.582914462476, -1061.2397687119685, -1084.3778663573557, -1086.464669317523, -1090.4011976187032, -1091.6507947072487, -1103.2145329522486, -1120.4971665810672]
 -- BestCostElement: [-1120.49716658 -1120.49716658 -1120.49716658 -1120.49716658]
 -- BestRoute: [[ 0. 19. 18. 23. 22. 13.  8.  7. 11. 12.  6.  1.]
 [ 0. 14. 20. 24. 21. 17. 16. 15.  9.  5. 10.  2.]
 [ 0. 28. 35. 29. 27. 33. 34. 38. 42. 41. 37.  3.]
 [ 0. 30. 25. 26. 32. 31. 36. 44. 43. 39. 40.  4.]]
 -- Custo: 
 ---------23.135562914111457
 ---------24.862423333252703
 ---------26.413685359532803
 ---------26.964036747836246
 ---- Total: 101.3757083547332
 -- Premio: 
 ---------57.0
 ---------46.0
 ---------51.0
 ---------64.0
 ---- Total: 218.0
 - Execucao 6
 -- BestCostGenaration: [-34.25858934335833, -35.67210307441333, -63.91201702211424, -76.71237351738746, -92.91483200298835, -141.0579354359594, -162.05694701727782, -208.94637814459333, -213.94637814459333, -253.74398418043157, -260.852435592567, -286.2608333073208, -304.1390543996489, -307.09081767358145, -319.54262381795354, -348.1947824896497, -351.14654576358237, -369.17614680609836, -389.17614680609836, -394.57502064660684, -399.57502064660684, -413.33152954823674, -418.33152954823674, -430.0150252631147, -438.17471816918373, -439.9106770493533, -459.51147506157923, -477.5892249415497, -497.9734442077292, -503.45137739958597, -522.3273935790771, -582.0927444314407, -584.9890318602578, -587.6753233612731, -638.4436337907671, -642.6753233612731, -649.4993618807679, -657.0628264115417, -661.2531182594171, -688.2453746505981, -702.6328777008667, -733.319169201882, -734.356304871488, -747.5654128232329, -764.9821294415499, -769.5420815618854, -774.3864917655974, -797.4707658193558, -802.3151760230678, -842.412823814363, -870.9132911272416, -894.1744179492703, -898.8476184351741, -934.5560843472695, -959.1307328323686, -961.8170243333839, -976.645846884567, -991.380662143493, -1006.6055175583117, -1010.0454237927975, -1016.1053514470223, -1021.5191306340231, -1023.449288719144, -1025.4231616716593, -1025.9086746813418, -1031.819075935037, -1032.9009310725228, -1035.587222573538, -1037.5610955260531, -1037.717783664256, -1039.651749439709, -1042.4317966568362, -1044.025179207509, -1059.3683249580165]
 -- BestCostElement: [-1059.36832496 -1059.36832496 -1059.36832496 -1059.36832496]
 -- BestRoute: [array([ 0, 28, 23, 22, 12, 11,  7, 13, 19, 18,  6,  1])
 array([ 0, 20, 24, 21, 17, 16, 15, 14,  9,  5, 10,  2])
 array([ 0, 30, 36, 35, 29, 27, 33, 34, 38, 41, 37,  3])
 array([ 0., 25., 31., 26., 32., 44., 43., 39., 40.,  4.])]
 -- Custo: 
 ---------27.469413449533647
 ---------24.72524626487052
 ---------27.49206072074157
 ---------24.721198325350137
 ---- Total: 104.40791876049587
 -- Premio: 
 ---------62.0
 ---------46.0
 ---------48.0
 ---------55.0
 ---- Total: 211.0
 - Execucao 7
 -- BestCostGenaration: [97.62778814235293, -52.03832831750422, -73.7393916338454, -115.66126478054994, -139.74126282945682, -168.13830668464166, -181.18654341070905, -278.80421410292394, -300.4561183820005, -316.2282581107225, -352.20217432639424, -378.6572089143734, -393.86631288567037, -398.9070130570686, -441.26464811819005, -455.67126556751737, -466.89121835039026, -486.89121835039026, -530.7466371762234, -531.3987958479196, -533.5266843933505, -534.1788430650467, -570.2345711550475, -579.1070129046166, -612.2188197115257, -636.3613507616938, -671.2202050852839, -707.9777118939376, -724.5476013198488, -744.6080682508023, -771.8350189803555, -783.8272753715366, -790.233892820864, -801.8568764140527, -808.2634938633801, -810.8646200228716, -815.0027176682588, -817.6038438277503, -832.9469895782579, -837.9810240255548, -843.2529544684237, -843.965536807917, -860.3644106484255, -861.0769929879189, -865.9249204498185, -894.4352504703286, -900.092104719821, -902.6932308793125, -921.9806485398192, -933.4234684919597, -943.2592889898235, -950.9525332467833, -968.6141715279641, -992.8293402791486, -1011.3072734710054, -1014.2035608998226, -1035.6141715279641, -1048.4266155737446, -1074.9836081169497, -1083.8798955457669, -1090.9990953345873, -1094.6776432267839]
 -- BestCostElement: [-1094.67764323 -1094.67764323 -1094.67764323 -1094.67764323]
 -- BestRoute: [array([ 0, 19, 18, 23, 22, 12,  6, 11, 13,  8,  7,  1])
 array([ 0., 20., 14.,  9.,  5., 10., 15., 24., 21., 17.,  2.])
 array([ 0, 28, 35, 42, 38, 41, 34, 29, 27, 33, 37,  3])
 array([ 0, 25, 26, 32, 31, 30, 36, 44, 43, 39, 40,  4])]
 -- Custo: 
 ---------25.650441467777792
 ---------27.62547604120598
 ---------24.76997652927942
 ---------26.284695155040843
 ---- Total: 104.33058919330404
 -- Premio: 
 ---------57.0
 ---------44.0
 ---------51.0
 ---------64.0
 ---- Total: 216.0
 - Execucao 8
 -- BestCostGenaration: [51.3397656983029, 6.839642724880335, -85.79382060353389, -96.25827259279798, -184.58125324180912, -226.26395909682194, -259.3754152768236, -322.14789512871096, -327.95952953565893, -362.3748458582642, -387.5133828240197, -411.55501491861367, -454.6365757916544, -476.9741106270446, -483.0911777221637, -520.5759824486745, -550.2385948765458, -559.0674174277291, -570.2308512677268, -581.4392094882922, -599.0596738189101, -629.6951822374951, -635.6951822374951, -652.0747179068771, -670.6951822374951, -673.0747179068771, -688.1832145097483, -699.0161186981109, -709.9397758416865, -762.6610124764957, -771.4472180255134, -801.5985386846999, -827.2476493253732, -829.6698544272292, -832.9835629262141, -842.4342525633047, -845.7919532521892, -857.9570650335863, -883.0685212135882, -904.0685212135882, -912.1553241737552, -937.1290333352772, -950.2855144193304, -970.8710529262933, -977.8055957970336, -978.3931197344365, -996.8710529262933, -1006.1847614252781, -1021.319755920777, -1022.7000825316263, -1039.7976891126336, -1051.7517114922941, -1055.688985455613, -1058.6205687492227, -1059.2080926866256]
 -- BestCostElement: [-1059.20809269 -1059.20809269 -1059.20809269 -1059.20809269]
 -- BestRoute: [array([ 0., 23., 22., 18., 13.,  8.,  7., 11., 12.,  6.,  1.])
 array([ 0, 19, 14,  9,  5, 15, 16, 24, 21, 17,  2])
 array([ 0., 28., 35., 42., 38., 41., 37., 33., 27., 29., 34.,  3.])
 array([ 0., 25., 26., 32., 31., 30., 36., 44., 43., 39., 40.,  4.])]
 -- Custo: 
 ---------22.26221910942175
 ---------27.38108603460158
 ---------26.76997652927942
 ---------26.284695155040843
 ---- Total: 102.6979768283436
 -- Premio: 
 ---------48.0
 ---------47.0
 ---------51.0
 ---------64.0
 ---- Total: 210.0
 - Execucao 9
 -- BestCostGenaration: [-41.71851332888653, -46.210935831357176, -94.95835214235846, -116.5424965964927, -144.1050691707614, -172.70145648930023, -185.06573267171783, -225.82945505429103, -253.5642321034954, -291.52349016412506, -301.1484786019838, -319.48082073165114, -341.9121112831532, -364.5015006550117, -383.65413087416925, -406.24352024602774, -410.93480283288113, -430.9270592240623, -485.2144768845691, -497.3444802942298, -537.957533238608, -548.6987231207509, -556.2207899288941, -566.8246686113664, -578.3325783314748, -595.070245901995, -611.6364044473969, -642.543702551204, -653.4995689349175, -680.7869865954244, -682.1378759547508, -703.1905992768855, -764.7066701144131, -772.6640006819392, -799.0312686352618, -818.3186862957684, -828.9225649782409, -847.2920015672264, -855.2493321347525, -891.3050602247533, -894.1702727834041, -907.6995439236375, -917.3084136919479, -924.3392815079646, -925.3247921973507, -932.051863847458, -942.3578287376238, -975.3374570534068, -980.1028079057703, -989.8711183352643, -997.9240736840491, -1001.4194557636501, -1011.4724313306704, -1033.6511453341561, -1033.8868928237075, -1047.5994751632006, -1048.312057502694, -1060.4146717319618, -1091.9131836621855, -1097.8533976531392, -1110.5954172441552, -1111.3079995836486, -1113.4722242765206, -1113.7936311935885, -1115.2675064664]
 -- BestCostElement: [-1115.26750647 -1115.26750647 -1115.26750647 -1115.26750647]
 -- BestRoute: [array([ 0, 19, 18, 23, 22, 12, 13,  8,  7, 11,  6,  1])
 array([ 0, 25, 24, 21, 17, 16, 15, 20, 14,  9,  5, 10,  2])
 array([ 0, 28, 35, 29, 27, 33, 34, 38, 42, 41, 37,  3])
 array([ 0., 30., 26., 32., 31., 36., 44., 43., 39., 40.,  4.])]
 -- Custo: 
 ---------22.883627011906743
 ---------27.272677434489484
 ---------26.413685359532803
 ---------26.113133577470958
 ---- Total: 102.68312338339999
 -- Premio: 
 ---------57.0
 ---------52.0
 ---------51.0
 ---------58.0
 ---- Total: 218.0
 - Execucao 10
 -- BestCostGenaration: [22.57010809908244, -4.464934675027507, -13.301991384392807, -49.58811478403649, -104.8642549559453, -123.37936801395227, -151.48471928656323, -169.99983234457022, -207.3566774584159, -232.74880460293787, -241.77083046822088, -251.11124324524312, -279.34862536636496, -285.486559220759, -298.75228323856174, -303.3122353588974, -308.35285171699604, -310.4380170585198, -342.7111091994059, -352.6685070268592, -354.7536723683828, -359.2298159545443, -363.91610745555954, -365.5892950197191, -398.50743988223337, -413.32076368265865, -424.94075199632346, -448.9708290557926, -452.53243219585505, -488.8387120105351, -509.1601189276031, -530.4738726173235, -535.1980926936877, -548.7124610837478, -568.6498988380597, -580.079101886596, -582.1642672281198, -582.876849567613, -603.6266127674479, -624.4243604484649, -632.1486795755911, -677.1899183549781, -696.9319379459942, -715.7675061989725, -718.3686323584641, -720.893451689588, -739.2895730071157, -747.0957040085711, -773.8013336807128, -777.3453010971166, -782.0593140896967, -793.0887513412194, -796.6327187576233, -798.3158638455936, -804.4273200255953, -821.1926708779589, -851.2517912911533, -862.9691124715991, -873.6438094103069, -874.1920032659348, -912.6252621806477, -918.1031953725046, -924.4991096358826, -928.8205617436862, -974.8499989952089, -990.427793893353, -1010.7229551626787, -1030.848013564769, -1058.848013564769, -1065.0923917516643, -1075.2194355841946, -1082.7415023923377, -1096.2565712538008, -1114.592018586225, -1116.6907861498375, -1118.473792944095, -1119.061316881498]
 -- BestCostElement: [-1119.06131688 -1119.06131688 -1119.06131688 -1119.06131688]
 -- BestRoute: [[ 0. 23. 22. 18. 19. 13.  8.  7. 11. 12.  6.  1.]
 [ 0. 20. 14.  9.  5. 15. 16. 24. 21. 17. 10.  2.]
 [ 0. 28. 35. 29. 27. 33. 34. 38. 42. 41. 37.  3.]
 [ 0. 25. 30. 31. 26. 32. 36. 44. 43. 39. 40.  4.]]
 -- Custo: 
 ---------23.02615113192196
 ---------24.799036582201932
 ---------26.413685359532803
 ---------27.495797705968823
 ---- Total: 101.73467077962552
 -- Premio: 
 ---------57.0
 ---------46.0
 ---------51.0
 ---------64.0
 ---- Total: 218.0
 - Execucao 11
 -- BestCostGenaration: [23.232061054964483, -7.190510044284672, -85.12108327898184, -89.76341442497967, -152.07074571305577, -192.98861649434883, -203.53258592692487, -224.04879617466705, -230.40827523984177, -233.31649665709057, -282.7387017589465, -309.0729395704836, -332.7142877940464, -377.94404348174584, -403.2748408585958, -424.795160934134, -455.69894177975345, -477.9857197286406, -505.5497102185261, -536.6115442987023, -547.7641312547033, -575.3310361309836, -611.701405218022, -618.726905203626, -621.7826332936268, -628.3074978154865, -630.7297029173425, -641.5804261653793, -651.7297029173424, -653.5391873859924, -662.07284866785, -670.4237380271766, -699.3859174552152, -719.3976109796918, -735.7001836352572, -770.4566925368872, -795.5681487168888, -814.5550900593619, -837.4607504559324, -846.4566925368872, -857.4607504559324, -861.6209172297592, -865.2297869980696, -867.6814293514483, -872.6814293514483, -875.2034961595916, -903.2863059409445, -922.3822101630774, -952.5045111742071, -982.1127000206102, -986.3953336494286, -996.1049564117912, -1004.8175387512846, -1007.4186649107761, -1020.1312472502693, -1036.62366975274, -1061.1016029445968, -1064.4524923039232, -1076.1465274137574, -1083.3177048625741, -1093.89218955668, -1099.89218955668, -1112.2471368350518, -1117.903991084544]
 -- BestCostElement: [-1117.90399108 -1117.90399108 -1117.90399108 -1117.90399108]
 -- BestRoute: [[ 0 19 18 23 22 12 13  8  7 11  6  1]
 [ 0 14 20 24 21 17 16 15  9  5 10  2]
 [ 0 35 28 29 27 33 34 38 42 41 37  3]
 [ 0 25 30 31 26 32 36 44 43 39 40  4]]
 -- Custo: 
 ---------22.883627011906743
 ---------24.862423333252703
 ---------26.782154177735688
 ---------27.495797705968823
 ---- Total: 102.02400222886396
 -- Premio: 
 ---------57.0
 ---------46.0
 ---------51.0
 ---------64.0
 ---- Total: 218.0
 - Execucao 12
 -- BestCostGenaration: [-42.73412337564217, -47.52351281157135, -116.25455550241168, -153.07865123831908, -226.24954769865562, -306.4408541714729, -316.59013092343594, -354.2686788156323, -357.6195681749588, -377.03698924512634, -422.0966901633564, -449.51631408399106, -453.9528495532174, -469.78483388793114, -520.1247726641725, -531.7478447112535, -557.7478447112535, -572.1544621605808, -573.5911565730506, -592.1544621605808, -608.2844008300106, -611.0017672011921, -628.5795620993362, -641.3958570100122, -664.0821485110275, -666.799514882209, -670.0341640298454, -670.7467463693388, -672.9109710622108, -684.9589555433927, -710.4887659603548, -733.3440209951948, -743.6871667457024, -763.6871667457024, -772.0222634512193, -773.9404083137335, -778.9404083137335, -785.8174224002485, -806.36557299272, -813.1983887227175, -815.7204555308608, -830.8846802237329, -836.7204555308606, -839.7761836208615, -847.2355695830593, -862.1193293713691, -866.5152436347471, -868.1983887227175, -874.3098449027191, -887.6050061720448, -924.1828010701888, -924.8953834096822, -941.176379419857, -948.5894185195161, -951.6776438730612, -954.5739313018785, -972.5182032118776, -986.8126383685601, -1010.4989298695755, -1016.0471237252034, -1049.868366458561, -1065.00315389991, -1067.3462996504177, -1068.8201749232294, -1072.7938840847514, -1073.9211349714315, -1075.3950102442427]
 -- BestCostElement: [-1075.39501024 -1075.39501024 -1075.39501024 -1075.39501024]
 -- BestRoute: [array([ 0, 19, 13,  8,  7, 11,  6, 12, 18, 23, 22,  1])
 array([ 0, 20, 24, 15, 16, 21, 17, 10,  9,  5,  2])
 array([ 0., 28., 35., 29., 27., 33., 34., 38., 42., 41., 37.,  3.])
 array([ 0., 25., 26., 32., 31., 30., 36., 44., 43., 39., 40.,  4.])]
 -- Custo: 
 ---------27.454393421909465
 ---------25.49847350245616
 ---------26.413685359532803
 ---------26.284695155040843
 ---- Total: 105.65124743893927
 -- Premio: 
 ---------57.0
 ---------42.0
 ---------51.0
 ---------64.0
 ---- Total: 214.0
 - Execucao 13
 -- BestCostGenaration: [-38.06138673523669, -55.93226067249737, -107.3228470467182, -125.36649606330758, -180.43508104194436, -190.5239341261104, -199.89651712814089, -232.86472440504042, -279.4396464863627, -335.31622983525335, -412.0994882056564, -423.05535458937004, -427.73464881244485, -450.5658916640299, -471.5489820530143, -512.0037910376732, -519.1530677896362, -521.6716173395916, -550.8099220391287, -566.6310009814931, -578.4838543312226, -617.0373661859351, -640.6826711524486, -644.6199451157675, -645.4480220048122, -648.8516346862734, -659.963090866275, -661.8516346862733, -680.0860767797601, -693.0860767797601, -713.0860767797601, -723.1107299995946, -748.1403310421106, -768.4277487026172, -771.1140402036326, -771.1451150737989, -773.8314065748142, -778.8314065748142, -801.8918735057678, -828.118824235321, -858.8051157363362, -859.1676190722003, -873.6242092482606, -879.5176980758295, -899.8248239486002, -900.4123478860031, -906.4522409465696, -920.6732878721175, -928.118824235321, -939.7475631917774, -944.5919733954893, -947.5052156260579, -956.9568579794368, -969.4087073869653, -970.6955249907901, -989.0655616364575, -990.5022560489274, -999.8159645479122, -1016.8307256529068, -1018.3046009257183, -1020.8266677338614, -1022.9908924267335, -1028.7036818203765, -1034.3605360698689, -1036.0729113552125, -1039.307560502849, -1041.9086866623402, -1050.4384970793024, -1063.1510794187957, -1066.3816296558907, -1074.442347944198, -1075.3231481553776, -1080.6398614222285, -1091.8638073839154, -1105.3261529232436, -1116.5500988849308]
 -- BestCostElement: [-1116.55009888 -1116.55009888 -1116.55009888 -1116.55009888]
 -- BestRoute: [array([ 0., 19., 18., 23., 22., 13.,  8.,  7., 11., 12.,  6.,  1.])
 array([ 0., 24., 20., 14.,  9.,  5., 15., 16., 21., 17., 10.,  2.])
 array([ 0., 30., 35., 28., 29., 27., 34., 38., 42., 41., 37.,  3.])
 array([ 0., 25., 26., 32., 31., 36., 44., 43., 39., 40.,  4.])]
 -- Custo: 
 ---------23.135562914111457
 ---------24.843766846610826
 ---------26.598450363004204
 ---------24.284695155040843
 ---- Total: 98.86247527876733
 -- Premio: 
 ---------57.0
 ---------46.0
 ---------53.0
 ---------60.0
 ---- Total: 216.0
 - Execucao 14
 -- BestCostGenaration: [-29.419449923387212, -51.888808111141486, -79.41896694972853, -103.09691839346183, -131.33683234116273, -142.29555029861922, -202.01180102982119, -204.32219932476792, -215.49292582545857, -257.4634885739357, -263.16470012318905, -274.72531586736727, -352.8233131633232, -380.25743500334767, -385.42946528681074, -414.5449598363623, -455.2575421758555, -470.28697942737836, -490.60838634444633, -498.15653693691786, -505.0335510234328, -546.6641144344471, -563.6874120095737, -602.0835333271013, -629.6316839195728, -637.9825732788993, -681.3102318117692, -689.6611211710956, -697.2279074471185, -715.7058406389751, -717.6797135914903, -755.3250381074994, -775.3250381074994, -782.8248719962099, -796.0863310408178, -823.6345248964458, -842.448067284141, -860.4776683266571, -860.9260004759979, -867.0374566559994, -903.8057670854937, -920.3835619836377, -923.9275294000415, -934.9569666515642, -936.6401117395346, -937.9977468006562, -938.1139870123461, -975.5704767535155, -978.2567682545308, -985.5020572320143, -1001.4287365562217, -1008.6740255337052, -1024.8001780784705, -1046.7663074221668, -1055.1094531726744, -1062.2583977020583, -1062.9034504236865, -1065.3256555255425, -1070.982509775035, -1071.84851318656, -1080.106493595544, -1093.0987499867251, -1105.8407695777412]
 -- BestCostElement: [-1105.84076958 -1105.84076958 -1105.84076958 -1105.84076958]
 -- BestRoute: [array([ 0., 19., 18., 23., 22., 12.,  6., 11., 13.,  8.,  7.,  1.])
 array([ 0., 25., 24., 21., 17., 16., 15., 20., 14.,  9.,  5., 10.,  2.])
 array([ 0., 28., 35., 29., 27., 33., 34., 38., 42., 41., 37.,  3.])
 array([ 0., 30., 31., 26., 32., 36., 44., 43., 39., 40.,  4.])]
 -- Custo: 
 ---------25.650441467777792
 ---------27.272677434489484
 ---------26.413685359532803
 ---------25.703003343764642
 ---- Total: 105.03980760556473
 -- Premio: 
 ---------57.0
 ---------52.0
 ---------51.0
 ---------58.0
 ---- Total: 218.0
 - Execucao 15
 -- BestCostGenaration: [-62.41127158160445, -90.45736138816014, -111.00335931481288, -162.13796272480673, -191.10095467094268, -294.3804418867162, -303.75302488874667, -335.15349115716293, -370.2940792411087, -398.1534911571629, -402.013964874861, -459.305770749413, -466.5992944000951, -501.1363110767265, -522.6304361152579, -541.8009089350378, -548.1968231984157, -566.7878502775109, -576.8435783675116, -580.7536289942996, -592.1867241180194, -597.1975277388594, -605.7442476782442, -608.364712008862, -613.7635858493705, -618.7078577593697, -632.8411498074008, -659.4159851284144, -663.6476746989204, -664.3602570384136, -671.2372711249286, -694.7360864465459, -711.4700118018357, -714.7579438802431, -733.507707080078, -739.8103597133372, -763.4733220058736, -787.8923786418159, -819.9062302936788, -857.1556203280746, -860.8685532944754, -864.9630546727258, -887.8543510157049, -890.7675932462733, -892.0860405862109, -899.0937841950297, -925.4248343162226, -944.7122519767294, -957.7199955855482, -960.4062870865635, -968.494164628312, -971.1804561293272, -971.7679800667302, -977.8794362467318, -981.9146765009995, -1000.4019337924992, -1030.9712712726348, -1031.9534285834195, -1041.167664978348, -1043.2664325419605, -1045.7662664306708, -1046.3537903680738, -1050.3555910622983, -1050.9431149997013]
 -- BestCostElement: [-1050.943115 -1050.943115 -1050.943115 -1050.943115]
 -- BestRoute: [array([ 0, 23, 22, 18, 19, 13,  8,  7, 11, 12,  6,  1])
 array([ 0., 30., 25., 24., 17., 16., 15., 14.,  9.,  5.,  2.])
 array([ 0., 28., 27., 33., 34., 29., 35., 42., 38., 41., 37.,  3.])
 array([ 0., 21., 26., 32., 31., 36., 44., 43., 39., 40.,  4.])]
 -- Custo: 
 ---------23.02615113192196
 ---------27.26630243808853
 ---------26.5180406270747
 ---------27.953727052989496
 ---- Total: 104.76422125007468
 -- Premio: 
 ---------57.0
 ---------44.0
 ---------51.0
 ---------58.0
 ---- Total: 210.0
 - Execucao 16
 -- BestCostGenaration: [-70.01315406307258, -91.26399379841556, -143.5543710360528, -154.0188230253169, -154.33145867604946, -177.39019153391646, -233.58076562753095, -249.32003269556625, -317.94797922296596, -329.4625114040192, -363.67292891573504, -372.8656954084583, -390.9536008744468, -402.3790709896051, -445.2347187766764, -448.0183147002302, -451.9164200141051, -477.02787619410674, -488.15290601481536, -504.6749728229585, -529.7864290029602, -553.9502606933, -583.8493006450981, -629.6999806299784, -631.08579581296, -656.5933084816652, -683.3889036963832, -684.2238718926795, -692.7026121953679, -693.5375803916643, -694.2501627311575, -729.0931423703757, -739.4920162108842, -770.8297634929545, -777.7067775794694, -793.6325022598094, -799.7704361142034, -806.7704361142034, -819.3626128579051, -827.0751951973984, -847.3626128579051, -861.3626128579051, -862.8364881307168, -916.1413546789679, -916.5896868283087, -936.5896868283087, -966.3657408666215, -977.3579972578026, -980.8828598520831, -1020.2522964410688, -1023.387083882418]
 -- BestCostElement: [-1023.38708388 -1023.38708388 -1023.38708388 -1023.38708388]
 -- BestRoute: [array([ 0., 25., 24., 21., 17., 16., 15., 14., 13.,  1.])
 array([ 0., 19., 18., 12.,  6., 11.,  7.,  8.,  9.,  5., 10.,  2.])
 array([ 0., 28., 35., 29., 27., 34., 33., 37., 42., 38., 41.,  3.])
 array([ 0., 30., 36., 44., 43., 39., 31., 32., 26., 40.,  4.])]
 -- Custo: 
 ---------26.22000231742804
 ---------26.94812211415272
 ---------27.552565038421506
 ---------27.432539559393227
 ---- Total: 108.1532290293955
 -- Premio: 
 ---------38.0
 ---------61.0
 ---------51.0
 ---------58.0
 ---- Total: 208.0
 - Execucao 17
 -- BestCostGenaration: [0.8562881892917602, -43.721621127564894, -52.73128088759313, -69.77599679777191, -98.53171433518749, -116.93188955737153, -120.76758558466254, -165.94141090651505, -170.71626877414008, -193.4481892847597, -199.0606862344911, -222.82426709177838, -251.0641810394793, -277.82553880162175, -293.34760560976497, -298.8332824104407, -311.8255388016218, -338.2321562509491, -352.2321562509492, -365.3140113884348, -378.0682793698736, -391.1501345073592, -420.23915138251846, -470.0388421183508, -488.1688907187472, -516.1834232925177, -535.9226470973964, -536.456308379254, -581.0341032773981, -599.1455594573997, -611.5957064174605, -651.9195788256659, -691.014843247586, -703.859253451298, -738.4662987650504, -751.3107089687624, -759.7697443040526, -792.6282111609084, -802.4082583780356, -808.8712868921399, -812.7142232682015, -833.9722036771853, -837.0279317671861, -855.139387947188, -865.7557942701675, -893.8874689479964, -899.1180449313915, -906.1180449313915, -920.3004998765396, -920.491696329797, -929.4206975646506, -931.8600645224075, -947.4502986071666, -967.5465198144159, -967.7377162676734, -971.7782093849219, -971.9694058381793, -973.4192689277359, -998.1026008516205, -1006.0085935593632, -1044.023147610208, -1047.8289463890846, -1053.0900084708824, -1064.7849348684815, -1066.7693472159528, -1081.677436172634, -1083.114130585104]
 -- BestCostElement: [-1083.11413059 -1083.11413059 -1083.11413059 -1083.11413059]
 -- BestRoute: [array([ 0., 28., 27., 22., 23., 18., 19., 13.,  8.,  7., 11., 12.,  6.,
        1.])
 array([ 0., 20., 14.,  9., 15., 24., 21., 17., 10.,  5.,  2.])
 array([ 0, 25, 30, 35, 42, 41, 38, 29, 34, 37,  3])
 array([ 0., 26., 32., 31., 36., 44., 43., 39., 40.,  4.])]
 -- Custo: 
 ---------26.19348530673794
 ---------27.718673555251023
 ---------25.6158231849971
 ---------24.19348530673794
 ---- Total: 103.72146735372401
 -- Premio: 
 ---------74.0
 ---------44.0
 ---------42.0
 ---------54.0
 ---- Total: 214.0
 - Execucao 18
 -- BestCostGenaration: [-28.784204193282115, -56.67546451958081, -93.23586714846581, -109.3624783235262, -134.7035171127577, -153.98068252561922, -179.32172131485072, -198.23384192735233, -215.82004803860573, -232.6388416403764, -243.7292717819646, -258.9672291174668, -322.16143033859043, -323.6757535379147, -360.54980804729917, -414.1429835438222, -422.54206443848034, -459.02678852286783, -459.99814221281224, -469.29636349415927, -470.8397704710469, -471.728622485676, -515.488405191094, -517.5408230770568, -523.1976773265492, -548.9818256005885, -551.1311023525516, -556.0753742625507, -571.241542010238, -593.8309313820965, -594.8379293287769, -602.2855333126058, -603.3249732786753, -609.1625473991207, -616.5684191863097, -627.5761627951285, -638.7885790233322, -673.5980634919822, -675.5684191863097, -676.2810015258028, -677.7548767986144, -678.0079093849167, -695.5634281004716, -698.4597155292888, -698.6164036674917, -723.3026951685068, -730.3104387773258, -771.3104387773258, -778.9362181566518, -781.622509657667, -814.9099273181738, -825.8541992281729, -872.4483274409841, -892.4483274409841, -913.6447425770997, -925.3232904692961, -929.6927270582817, -933.0064355572664, -955.6741798286225, -982.5873768684554, -987.5316487784545, -1008.3604713296378, -1011.4161994196386, -1027.4522861373052, -1030.2323333544325, -1030.8198572918354, -1043.901712429321, -1081.2862607502088, -1085.7786832526795, -1086.3555910622983, -1090.848013564769, -1091.4355375021719]
 -- BestCostElement: [-1091.4355375 -1091.4355375 -1091.4355375 -1091.4355375]
 -- BestRoute: [array([ 0., 23., 22., 18., 19., 13.,  8.,  7., 11., 12.,  6.,  1.])
 array([ 0., 24., 20., 14., 15., 16., 21., 17., 10.,  5.,  2.])
 array([ 0, 28, 35, 42, 38, 41, 34, 29, 27, 33, 37,  3])
 array([ 0, 25, 30, 31, 26, 32, 36, 44, 43, 39, 40,  4])]
 -- Custo: 
 ---------23.02615113192196
 ---------26.349190257286825
 ---------24.76997652927942
 ---------27.495797705968823
 ---- Total: 101.64111562445703
 -- Premio: 
 ---------57.0
 ---------42.0
 ---------51.0
 ---------64.0
 ---- Total: 214.0
 - Execucao 19
 -- BestCostGenaration: [-23.056560287903928, -46.92629318364325, -69.24770215308425, -123.6487529724314, -142.2988615201288, -156.65335016820538, -204.32829877165165, -218.68278741972821, -279.7942435997299, -285.2311450663494, -287.31631040787306, -312.71518424838155, -340.08940486905556, -363.9743469437889, -412.08886313581195, -439.46308375648596, -473.21284695632085, -492.0421678813302, -502.6388075654821, -527.6880872120425, -535.929875862945, -543.0583838792877, -543.9298758629449, -571.1292013365843, -582.2406575165859, -592.2189638738819, -622.2807161651177, -629.5579848076682, -650.5579848076682, -678.5579848076682, -696.6694409876699, -719.7251690776707, -774.131786526998, -791.1579135744828, -810.2743175771661, -838.4158939834667, -845.2292293170124, -854.7492460011567, -862.3160322771795, -870.1714511030126, -888.24471653465, -892.6915748563405, -902.3702865395301, -902.5918770296396, -918.1139438377827, -921.5431016069901, -923.8498574386234, -924.8890431436351, -938.0455242276884, -941.1579135744828, -954.1687171953231, -960.198154446846, -961.1836651362321, -961.7922826596571, -983.3826051983083, -1003.8233575298234, -1004.5026510841582, -1025.2036841406727, -1029.8949234643696, -1030.8129045358908, -1033.5179955114506, -1044.2042870124658, -1058.2042870124658, -1060.8054131719573, -1067.4419961721237, -1076.5659799926325]
 -- BestCostElement: [-1076.56597999 -1076.56597999 -1076.56597999 -1076.56597999]
 -- BestRoute: [array([ 0., 28., 29., 27., 23., 22., 12., 11.,  8.,  7.,  6.,  1.])
 array([ 0., 19., 18., 13., 14.,  9.,  5., 15., 16., 21., 17.,  2.])
 array([ 0, 25, 30, 35, 42, 38, 41, 34, 33, 37,  3])
 array([ 0, 20, 24, 26, 32, 31, 36, 44, 43, 39, 40,  4])]
 -- Custo: 
 ---------24.705481427033433
 ---------27.08709566447531
 ---------24.609250475377603
 ---------27.20667743495553
 ---- Total: 103.60850500184188
 -- Premio: 
 ---------55.0
 ---------56.0
 ---------40.0
 ---------62.0
 ---- Total: 213.0
 - Execucao 20
 -- BestCostGenaration: [-17.084651000949115, -22.56258419280592, -93.96449131888276, -145.12157650848886, -150.73407345822025, -175.7623861240628, -209.43793015399143, -227.04193376372447, -234.78325288333775, -287.18651493789133, -344.57517958985034, -346.7758394809256, -359.69593561302946, -371.24101296445576, -379.1792291329231, -395.6193410988076, -410.3173700414669, -429.1529382944451, -437.9817608456284, -447.5958384857038, -464.23079203834243, -467.17471332143407, -470.4884218204188, -476.5998780004205, -501.2861695014358, -520.8200378374431, -523.6293152519434, -525.8200378374431, -537.1364988594087, -565.1151991067687, -576.4316601287343, -587.4610973802571, -592.4610973802571, -603.1488676452655, -606.670727399259, -640.943655749152, -641.2388170184777, -644.3492752914553, -646.0324203794257, -648.0853526832892, -652.3170422537952, -659.1940563403101, -687.7164843058305, -713.74699096447, -744.0149700189595, -753.0004807083455, -768.995741955986, -792.2375501563838, -806.3530447059354, -809.0704110771169, -816.0626674682981, -825.2413814717839, -836.6108180607696, -842.5953308431319, -844.9384765936395, -845.7412153604944, -850.5953308431319, -857.0549238594792, -873.2103066016176, -880.5503059390803, -900.2923255300965, -937.9826102099258, -953.75092063942, -953.9375853058744, -956.1356711667078, -981.75092063942, -982.740071827844, -991.2025629927988, -996.0469731965106, -997.0361243849347, -1014.1779097729643, -1014.9803962949338, -1015.1593173525694, -1015.8718996920627, -1023.8718996920627, -1029.5287539415551, -1042.536497550374, -1045.413304582739, -1061.9059341393595, -1066.671284991723, -1068.7700525553355, -1089.3575764927382, -1097.8873869097004]
 -- BestCostElement: [-1097.88738691 -1097.88738691 -1097.88738691 -1097.88738691]
 -- BestRoute: [array([ 0, 23, 22, 18, 19, 13,  8,  7, 11, 12,  6,  1])
 array([ 0., 20., 14.,  9.,  5., 10., 15., 24., 21., 17.,  2.])
 array([ 0., 28., 29., 27., 33., 34., 35., 42., 38., 41., 37.,  3.])
 array([ 0., 25., 26., 32., 31., 30., 36., 44., 43., 39., 40.,  4.])]
 -- Custo: 
 ---------23.02615113192196
 ---------27.62547604120598
 ---------26.59183094440611
 ---------26.284695155040843
 ---- Total: 103.52815327257488
 -- Premio: 
 ---------57.0
 ---------44.0
 ---------51.0
 ---------64.0
 ---- Total: 216.0
 - Execucao 21
 -- BestCostGenaration: [-55.4420956179496, -93.11222002629088, -117.29745875296227, -118.797126153548, -147.03704010124892, -167.85126341085157, -179.6705630893938, -208.57699953616725, -219.83515377965904, -269.17186875288587, -277.93642875237526, -310.30586534136086, -314.15658858939787, -354.5632060387252, -376.4517498587235, -402.14578496855756, -429.8023869731646, -455.49642208299866, -474.49642208299866, -478.5272741232213, -492.65646561597526, -501.48528816715856, -535.1978705066517, -577.1715796681738, -594.0553846472194, -617.603697103105, -637.3924858360749, -646.1841275269164, -670.3729795998207, -681.4024168513436, -693.8542229957156, -703.1754661217904, -715.409908215277, -717.1250550966698, -718.4656363052779, -718.6664599873463, -723.4318108397099, -735.0068627032156, -756.7403976815053, -776.027815342012, -803.6002452538883, -808.9991190943966, -828.2865367549034, -838.8641245988979, -858.1515422594046, -860.2039601453673, -861.3683918923891, -865.565653125534, -867.98785822739, -894.2752758878968, -900.6818933372241, -908.9770546065497, -944.0759398828877, -968.5353258450854, -976.830487114411]
 -- BestCostElement: [-976.83048711 -976.83048711 -976.83048711 -976.83048711]
 -- BestRoute: [array([ 0, 28, 35, 42, 38, 34, 29, 27,  1])
 array([ 0, 14, 20, 24, 21, 17, 16, 15,  9,  5, 10,  2])
 array([ 0, 19, 18, 13, 11,  6, 12, 22, 33, 37,  3])
 array([ 0, 25, 26, 32, 31, 30, 36, 43, 39, 40,  4])]
 -- Custo: 
 ---------25.96764235107068
 ---------24.862423333252703
 ---------27.58525823478661
 ---------23.877054302287245
 ---- Total: 102.29237822139724
 -- Premio: 
 ---------39.0
 ---------46.0
 ---------56.0
 ---------57.0
 ---- Total: 198.0
 - Execucao 22
 -- BestCostGenaration: [78.74359133887336, -66.85554722296413, -69.87414430158998, -105.64761295228138, -112.39939218496752, -115.41798926359337, -171.76470870835809, -200.31941591096947, -234.95608531215925, -248.60044178321752, -313.89686018220596, -343.30479523006557, -348.12272775938504, -407.01252870904614, -408.5903236071902, -457.52759291227795, -501.2668167171567, -507.5474886758685, -541.8204170257613, -569.028618129737, -582.0228415500317, -597.0578186963787, -607.952624149417, -630.4394507032926, -646.530419047561, -664.6418752275628, -670.7648611410477, -676.6652064889103, -684.9524170952673, -698.5859400834122, -725.8116398152589, -740.9232828311749, -749.2664285816826, -784.501077729319, -796.3443895911162, -802.0317794340461, -829.9308193858442, -834.1625089563502, -843.9836877803564, -860.8900113440814, -862.2037198430662, -884.6583217735754, -901.3889705743516, -911.2331570945889, -916.2254134857701, -920.5468655935738, -927.4419961721237, -959.0083410001907, -991.008341000191, -1019.55680581932, -1043.0084481726985, -1043.6170656961235, -1067.6433565346015]
 -- BestCostElement: [-1067.64335653 -1067.64335653 -1067.64335653 -1067.64335653]
 -- BestRoute: [array([ 0., 20.,  5.,  9., 14., 13.,  8.,  7., 11., 12.,  6.,  1.])
 array([ 0., 25., 32., 26., 24., 15., 16., 21., 17.,  2.])
 array([ 0., 19., 18., 23., 22., 27., 29., 34., 38., 42., 41., 37.,  3.])
 array([ 0, 28, 35, 30, 31, 36, 44, 43, 39, 40,  4])]
 -- Custo: 
 ---------26.712065434336857
 ---------24.612283912988392
 ---------27.90168923923731
 ---------23.113122279787035
 ---- Total: 102.3391608663496
 -- Premio: 
 ---------54.0
 ---------37.0
 ---------61.0
 ---------59.0
 ---- Total: 211.0
 - Execucao 23
 -- BestCostGenaration: [-39.99959655432524, -108.94091093956696, -146.28357386932538, -148.69042406019074, -158.24019497324093, -190.26979601575692, -210.26979601575692, -224.71338932414506, -234.15360099480256, -251.79375052175482, -305.852274397893, -314.99685557205987, -352.6128844817247, -375.5164967704686, -376.011967303962, -406.2105318803027, -432.5164967704686, -438.83335168249835, -502.94480786249994, -518.2730941259908, -525.1501082125058, -527.2806693032239, -555.1017482455883, -579.5151113967106, -625.6109799241835, -632.9031816163787, -642.9511660975608, -663.1052917100365, -664.5419861225062, -740.0896392286834, -757.1453673186843, -769.6233005105412, -775.1933517998664, -778.507060298851, -789.8401069689621, -795.8812357287893, -808.6232553198054, -826.5675272298047, -831.8865960568262, -835.0213834981755, -842.9215217918882, -876.5550447800331, -893.8075533348028, -921.3557471904309, -935.4200935476907, -972.2674633285332, -987.1030315815115, -994.9759877489811, -1008.9235698630182, -1021.4574381990258, -1021.9057703483664, -1022.7972737454952, -1025.5146401166767, -1025.853001835496, -1026.9885153894884, -1030.3366089626775, -1042.0444505336388, -1051.384800498009, -1052.8586757708208, -1062.9857196033508, -1067.9857196033508, -1070.5077864114942, -1114.2527655796407]
 -- BestCostElement: [-1114.25276558 -1114.25276558 -1114.25276558 -1114.25276558]
 -- BestRoute: [[ 0 23 22 18 19 13  8  7 11 12  6  1]
 [ 0 20 24 21 17 16 15 14  9  5 10  2]
 [ 0 28 35 42 29 27 34 33 37 38 41  3]
 [ 0 25 30 31 26 32 36 44 43 39 40  4]]
 -- Custo: 
 ---------23.02615113192196
 ---------24.72524626487052
 ---------27.68961350232851
 ---------27.495797705968823
 ---- Total: 102.93680860508982
 -- Premio: 
 ---------57.0
 ---------46.0
 ---------51.0
 ---------64.0
 ---- Total: 218.0
 - Execucao 24
 -- BestCostGenaration: [39.27180247442695, 23.59229115561105, -120.15609362170568, -130.35916674357543, -145.8472479427411, -167.23974125461237, -259.2937175679748, -268.23407557899674, -290.2266825970854, -308.84988273276616, -330.4947940280077, -332.7481772412176, -402.82908046642035, -420.11171409523877, -425.2086161358024, -449.7864110339465, -458.6152335851297, -472.03165610199596, -475.3374139380122, -483.6325752073378, -521.3111230995341, -528.1881371860492, -535.0589456932951, -545.4283822822807, -550.4098350526216, -551.7772749817622, -574.0649163257435, -607.419432866491, -614.2964469530059, -622.9414996746342, -638.2923890339607, -640.7145941358167, -666.1134679763252, -668.9786805349759, -679.5197532030734, -680.0081177864988, -680.9936284758849, -698.1195739665004, -706.6271514640298, -716.2165408358883, -722.3100894978504, -725.1078371788674, -726.0783999273447, -727.8615935575166, -734.4890105554862, -741.8615935575166, -745.0861435361635, -753.7196665243083, -758.485017376672, -782.4919701326165, -800.9699033244733, -812.3687771649818, -831.9513560948142, -837.4292892866711, -837.9513560948142, -841.3658175878513, -872.959099703633, -882.4238027674076, -892.1100942684227, -902.4238027674076, -912.398192850837, -921.2006793728065, -933.0962406889807, -939.2047372918519, -941.2006793728065, -945.0436157488682, -983.3525854069003, -1005.6957311574079, -1031.0651677463934, -1045.0651677463934, -1047.6662939058851, -1049.6588025419514]
 -- BestCostElement: [-1049.65880254 -1049.65880254 -1049.65880254 -1049.65880254]
 -- BestRoute: [array([ 0, 28, 27, 22, 23, 18, 12, 11,  8,  7,  6,  1])
 array([ 0, 19, 13, 14, 20, 24, 21, 16, 15,  9,  5,  2])
 array([ 0., 35., 29., 34., 33., 38., 42., 41., 37.,  3.])
 array([ 0, 25, 26, 32, 31, 30, 36, 44, 43, 39, 40,  4])]
 -- Custo: 
 ---------25.607698869111037
 ---------27.42955328423773
 ---------24.013352056122493
 ---------26.284695155040843
 ---- Total: 103.33529936451211
 -- Premio: 
 ---------58.0
 ---------53.0
 ---------34.0
 ---------64.0
 ---- Total: 209.0
 - Execucao 25
 -- BestCostGenaration: [-31.06953575716699, -112.4118362298218, -118.11304777907517, -125.6495238315455, -134.4520103535151, -169.39281513240496, -177.52610718043616, -230.74605996330905, -239.1451408579672, -274.61347603643475, -306.26138106965726, -315.9445261576276, -318.02969149915134, -323.02969149915134, -327.89490405780214, -335.9739634091505, -339.8777636323034, -351.50518063027295, -375.1066997922967, -383.5581018089961, -396.217599178773, -417.1965055927509, -435.1407775027501, -446.57548366966887, -457.8726980133697, -468.430902495502, -499.8297763360104, -505.50652634909335, -513.5065263490933, -514.5953361701029, -522.5953361701029, -543.9336978889221, -558.6508120152182, -578.6508120152182, -599.0449470147742, -634.2121312847767, -634.9219611012891, -647.4967964223026, -647.5951939447773, -650.1172607529205, -675.516134593429, -676.9900098662405, -698.8298430924137, -708.6950556510645, -724.8815132633694, -748.4032700057153, -768.7557248893436, -783.2510914089405, -794.7104321804024, -798.7104275221714, -837.2001622418924, -858.8338720659516, -870.0771763284073, -903.3720853528475, -930.7712114382414, -939.0663727075671, -944.7232269570595, -955.1553895827262, -961.6586157060372, -975.0017614565448, -996.0017614565448, -996.0361897939058, -1000.7974375364884, -1004.2705866966568, -1006.4542917859808, -1026.4542917859808, -1068.275370728345, -1069.7492460011567, -1080.4088960367862, -1090.807769877295, -1094.1586592366211, -1094.3971592491534, -1098.164724016509, -1100.2176563203725, -1102.935022691554]
 -- BestCostElement: [-1102.93502269 -1102.93502269 -1102.93502269 -1102.93502269]
 -- BestRoute: [array([ 0., 20., 14., 19., 23., 18., 13.,  8.,  7., 11., 12.,  6.,  1.])
 array([ 0, 24, 21, 17, 16, 15,  9,  5, 10,  2])
 array([ 0, 28, 35, 29, 27, 34, 33, 37, 38, 42, 41,  3])
 array([ 0, 25, 26, 32, 31, 30, 36, 44, 43, 39, 40,  4])]
 -- Custo: 
 ---------25.67881338995511
 ---------19.76340381965992
 ---------27.039331962455623
 ---------26.284695155040843
 ---- Total: 98.76624432711151
 -- Premio: 
 ---------60.0
 ---------39.0
 ---------51.0
 ---------64.0
 ---- Total: 214.0
 - Execucao 26
 -- BestCostGenaration: [-19.584321168324863, -21.061588675736786, -51.614249397155156, -86.33403315856489, -133.49490666194464, -171.58715475150282, -206.90885793273367, -275.92661275936814, -300.91177199096694, -376.27110949955613, -384.4978964381162, -419.83859826315404, -441.3632727877602, -480.8160732200397, -493.4701316833948, -512.4144035933939, -519.7954131790194, -525.4522674285118, -526.3910723320464, -549.2618166373928, -564.1034908805466, -569.7603451300389, -570.4701749465513, -580.8690487870598, -587.7046170400381, -598.813320697059, -600.1317680369964, -654.4191856975032, -681.9412525056464, -717.1661531112007, -737.1661531112007, -744.001721364179, -767.1398622727229, -781.6802692563754, -797.448831930755, -800.852444612216, -820.3928515958685, -833.0791430968839, -835.6012099050272, -836.3137922445203, -836.8358590526634, -839.0000837455354, -847.8991236973336, -850.0633483902056, -880.7496398912208, -913.1437748907767, -941.5429974306134, -943.4830697763887, -966.5058617610073, -989.6064279191453, -1001.0053017596538, -1005.1577249246616, -1010.4569441130325, -1014.6093672780405, -1027.061216685569, -1029.3002559748297, -1037.6511453341561, -1068.6696925638153, -1077.1995029807772, -1085.5503923401038, -1086.2813157426385, -1086.8688396800412, -1092.5256939295336, -1096.0973828375022]
 -- BestCostElement: [-1096.09738284 -1096.09738284 -1096.09738284 -1096.09738284]
 -- BestRoute: [array([ 0, 23, 22, 18, 19, 13,  8,  7, 11, 12,  6,  1])
 array([ 0, 20, 14,  9,  5, 10, 15, 24, 21, 17,  2])
 array([ 0, 28, 35, 29, 27, 34, 33, 37, 38, 42, 41,  3])
 array([ 0, 25, 26, 32, 31, 30, 36, 44, 43, 39, 40,  4])]
 -- Custo: 
 ---------23.02615113192196
 ---------27.62547604120598
 ---------27.039331962455623
 ---------26.284695155040843
 ---- Total: 103.97565429062442
 -- Premio: 
 ---------57.0
 ---------44.0
 ---------51.0
 ---------64.0
 ---- Total: 216.0
 - Execucao 27
 -- BestCostGenaration: [102.17177425381848, -48.9015795203355, -166.3476728035188, -182.6736350797781, -266.2154574538455, -280.3794953108031, -311.7452931796987, -372.2018265197114, -380.39750187960465, -426.0792144016072, -465.6633020372479, -481.8080494736646, -524.1947500728534, -527.7972458528243, -570.624260008884, -608.8061858343856, -644.9063549044239, -652.2463542418866, -657.9822678427274, -698.3375092225497, -703.4887469983419, -742.510440641046, -744.6941672960374, -751.3244410321117, -758.6941672960374, -765.3244410321117, -786.2496644459247, -791.9065186954169, -831.6323465283515, -849.8581023139693, -854.7307440508264, -869.5928101964323, -874.7755821189635, -876.8073748420638, -891.2704033561681, -901.1444146023962, -917.1707054408741, -919.2558707823978, -922.8042284290188, -926.0271407890223, -932.3078127477341, -957.8778640370592, -968.2989707970005, -975.8221359470583, -985.1963113769966, -1007.5904463765526, -1024.9865676940801, -1031.030494256217, -1040.3519463640205, -1042.6756117180762, -1045.8298795558774, -1046.5424618953705, -1079.766804908461, -1089.6320174671118, -1092.318308968127, -1092.6134702374525]
 -- BestCostElement: [-1092.61347024 -1092.61347024 -1092.61347024 -1092.61347024]
 -- BestRoute: [array([ 0, 20, 14, 19, 18, 23, 13,  8,  7, 11, 12,  6,  1])
 array([ 0., 25., 24., 21., 17., 16., 15.,  9.,  5., 10.,  2.])
 array([ 0, 28, 27, 33, 34, 29, 35, 42, 38, 41, 37,  3])
 array([ 0., 30., 36., 31., 26., 32., 44., 43., 39., 40.,  4.])]
 -- Custo: 
 ---------25.81222871041952
 ---------21.6158231849971
 ---------26.5180406270747
 ---------27.400539918145533
 ---- Total: 101.34663244063685
 -- Premio: 
 ---------60.0
 ---------45.0
 ---------51.0
 ---------58.0
 ---- Total: 214.0
 - Execucao 28
 -- BestCostGenaration: [-29.225777556028156, -49.15790899305902, -67.70016552634533, -80.08462468110365, -81.40456672270928, -139.1453241808174, -214.51090990490744, -225.5194996107557, -226.2293294272681, -272.9341681579425, -281.862852415413, -291.6986729132767, -335.6502564209022, -377.35977939465147, -383.2314887443823, -453.2093790657998, -471.7309859286305, -521.6639809963092, -539.6935820388252, -550.203183395308, -562.7194170010316, -563.1677491503724, -582.4586408059104, -591.6587128292201, -607.2811839320873, -617.1335615166857, -637.4051677525962, -643.4051677525962, -650.3974241437774, -701.614066722612, -729.2865498349211, -731.2604227874363, -735.9095334281096, -757.5400516483883, -775.6515078283901, -808.5626980073805, -811.6440164644565, -815.2148134159202, -869.632531921709, -875.1104651135657, -892.6882600117098, -906.3822951215438, -910.7997161917115, -924.4937513015456, -936.1985900322198, -942.3100462122216, -965.1456144651997, -969.3773040357057, -971.7995091375617, -979.8819219561046, -987.4300725485762, -1002.9521393567193, -1011.1983829780702, -1013.0869267980686, -1018.0311987080677, -1028.6089936062117, -1036.1426548880693]
 -- BestCostElement: [-1036.14265489 -1036.14265489 -1036.14265489 -1036.14265489]
 -- BestRoute: [array([ 0., 20., 14., 19., 13.,  8.,  7., 11., 12.,  6.,  1.])
 array([ 0, 24, 21, 17, 16, 15,  9,  5, 10,  2])
 array([ 0, 18, 23, 22, 27, 28, 29, 34, 38, 41, 37,  3])
 array([ 0, 25, 30, 36, 31, 26, 32, 43, 39, 40,  4])]
 -- Custo: 
 ---------21.792463872582434
 ---------19.76340381965992
 ---------27.659048552118026
 ---------25.249420033622286
 ---- Total: 94.46433627798267
 -- Premio: 
 ---------50.0
 ---------39.0
 ---------56.0
 ---------57.0
 ---- Total: 202.0
 - Execucao 29
 -- BestCostGenaration: [-52.2410678113329, -76.8938503564319, -114.37528310010103, -133.2197288507108, -144.28070185843586, -155.80911822256928, -193.05353738936222, -234.6710421428497, -257.9948497222309, -280.62541313324533, -321.0320305825726, -325.2637201530785, -327.3127025412844, -331.54439211179033, -335.0519696093197, -352.7115763817929, -375.9649595950028, -395.37157704433014, -399.22608641703164, -448.2128409235903, -464.11188087538824, -474.56608575449434, -475.36857227646396, -490.46512570629227, -491.2676122282619, -492.9507573162323, -513.3154550642652, -532.4100980876942, -556.2039988842636, -557.0064854062331, -563.7260656924067, -574.6819320761203, -575.48441859809, -597.5215994584316, -598.0436662665749, -617.1521628694461, -617.6742296775892, -619.0359678484917, -635.7222141587713, -637.0839523296737, -648.1954085096753, -671.3524721336139, -702.038763634629, -713.1502198146306, -719.8894436195094, -724.2108957273131, -724.468876136297, -728.5850711572514, -742.1033404448822, -748.1344153150485, -772.6346885988457, -778.2117525365971, -792.6826091706765, -816.5987997469786, -830.1061249996226, -855.6346885988457, -869.1420138514898, -872.4633859815997, -894.9927370995267, -911.0484651895276, -920.1119368883473, -932.9166373253089, -953.2040549858157, -958.2040549858157, -960.7829482258745, -983.9350207639749, -993.2753707283451, -1000.7974375364884]
 -- BestCostElement: [-1000.79743754 -1000.79743754 -1000.79743754 -1000.79743754]
 -- BestRoute: [array([ 0., 24., 20., 14.,  8.,  7., 11., 13., 19., 18., 12.,  1.])
 array([ 0., 25., 26., 21., 17., 10., 15.,  9.,  5.,  2.])
 array([ 0, 23, 27, 29, 34, 33, 37, 38, 42, 41,  3])
 array([ 0, 28, 35, 30, 31, 32, 36, 44, 43, 39, 40,  4])]
 -- Custo: 
 ---------27.500667805081804
 ---------26.95542966349601
 ---------27.611937569548864
 ---------26.482605577751237
 ---- Total: 108.55064061587791
 -- Premio: 
 ---------55.0
 ---------45.0
 ---------43.0
 ---------62.0
 ---- Total: 205.0
