 - Execucao 0
 -- BestCostGenaration: [-87.1136554062608, -123.19494139669243, -159.55828800155183, -175.69621143051748, -211.7264616557585, -227.56223656627583, -289.6379624389807, -296.95572885701074, -323.24925250769286, -337.7464590418519, -351.39397725461765, -358.12864894078564, -382.36524047449757, -433.47067030525795, -440.60995514933245, -443.90955975156885, -445.8372892765789, -458.38453336629516, -461.36819803545575, -470.4568440654721, -480.9811277389837, -494.61448693613545, -513.8853189484965, -516.1321202509047, -530.8295908584957, -538.3032357179493, -550.2362083078231, -552.4830096102312, -557.7098531672766, -558.7657883114272, -572.773531920246]
 -- BestCostElement: [-572.77353192 -572.77353192 -572.77353192 -572.77353192]
 -- BestRoute: [array([ 0, 24, 21, 26, 31, 25,  0]) array([ 0, 20, 14, 13, 11,  0])
 array([ 0, 28, 35, 42, 38, 34, 29, 27,  0])
 array([ 0,  8,  7,  6, 12, 23, 18, 19,  0])]
 -- Custo: 
 ---------19.835206471249187
 ---------19.88793690637022
 ---------20.912500649294635
 ---------23.670972993024456
 ---- Total: 84.3066170199385
 -- Premio: 
 ---------31.0
 ---------20.0
 ---------39.0
 ---------40.0
 ---- Total: 130.0
 - Execucao 1
 -- BestCostGenaration: [-210.46443630563672, -217.4294523125832, -279.5763958039511, -298.9023526506299, -315.1213185363932, -334.5608652604572, -348.05996613590617, -379.0119816547242, -426.83043616270766, -430.766964463888, -454.44551235608435, -464.9644779419183, -477.82294479877413, -489.2218186392826, -493.6129488709723, -508.95609462147985, -526.900366531479, -528.4937490821517, -528.8366081151031]
 -- BestCostElement: [-528.83660812 -528.83660812 -528.83660812 -528.83660812]
 -- BestRoute: [array([ 0, 27, 28, 30, 31, 25,  0])
 array([ 0, 13,  8,  7, 11, 12, 18,  0]) array([ 0, 19, 14,  9,  5,  0])
 array([ 0, 24, 15, 16, 17, 21, 26,  0])]
 -- Custo: 
 ---------19.906616070420334
 ---------19.487806144337682
 ---------21.901689239237307
 ---------23.494736517228908
 ---- Total: 84.79084797122422
 -- Premio: 
 ---------36.0
 ---------34.0
 ---------26.0
 ---------28.0
 ---- Total: 124.0
 - Execucao 2
 -- BestCostGenaration: [-150.96904409876637, -190.41539074445606, -262.22889073798194, -290.16005548198996, -307.0223486035024, -324.53889277570875, -341.786666024924, -349.44465248545214, -350.9853117139902, -382.0704770555139, -413.81438278934945, -415.8846001899641, -428.17201785047087, -462.9140374414869, -464.96173324192023, -475.3658868490154, -481.02549362148864, -483.0731894219219, -490.7880919508714, -506.9569944009675, -508.5659982310424, -520.6695767404607, -525.7429329707061, -529.8387925191709, -539.7843306933365, -543.0536818925603]
 -- BestCostElement: [-543.05368189 -543.05368189 -543.05368189 -543.05368189]
 -- BestRoute: [array([ 0, 29, 34, 27, 23, 19,  0]) array([ 0, 14, 13, 18, 28,  0])
 array([ 0, 30, 36, 43, 39, 32, 31, 25,  0])
 array([ 0,  8,  7, 11,  6, 12,  0])]
 -- Custo: 
 ---------18.89292222699217
 ---------19.54867942297327
 ---------20.482605577751233
 ---------22.312372299143238
 ---- Total: 81.2365795268599
 -- Premio: 
 ---------29.0
 ---------26.0
 ---------42.0
 ---------27.0
 ---- Total: 124.0
 - Execucao 3
 -- BestCostGenaration: [-154.08932116951868, -173.84243885235438, -192.49678538461532, -243.16984280010524, -309.29178918913664, -317.4080294008267, -332.8354818805174, -340.2856288405782, -369.98733665236267, -388.7603859228094, -391.2695486972671, -433.51719035189456, -434.60256274756796, -466.92380780122187, -468.0091801968953, -475.8270925079795, -505.15075660319593, -544.2821085467882, -547.6877280890916, -567.6595125166604, -579.4906905394212, -597.4106332810491, -607.5155527332511, -657.313300414268, -661.5449899847739, -666.6270089132527, -667.8029703937578, -670.8586984837586]
 -- BestCostElement: [-670.85869848 -670.85869848 -670.85869848 -670.85869848]
 -- BestRoute: [array([ 0, 18, 23, 22, 27, 28,  0])
 array([ 0, 30, 36, 43, 39, 31, 25,  0])
 array([ 0, 29, 34, 33, 37, 41, 38, 35,  0])
 array([ 0, 19, 13,  8,  7, 11,  6, 12,  0])]
 -- Custo: 
 ---------18.714776642118867
 ---------19.088156853215224
 ---------21.79315200332763
 ---------22.939239880398613
 ---- Total: 82.53532537906034
 -- Premio: 
 ---------31.0
 ---------39.0
 ---------30.0
 ---------43.0
 ---- Total: 143.0
 - Execucao 4
 -- BestCostGenaration: [-144.71736154812407, -163.75158544791182, -196.6235726200278, -257.1401663461728, -268.2214848032488, -307.3573993711884, -315.40003037514884, -342.96308371779367, -354.1315105712087, -408.90791162243954, -445.2510573729472, -454.9561050853504, -455.7792125991525, -469.91250464718377, -490.9691637428773, -518.1280733870412, -521.2393058835684, -524.2950339735692, -529.1411320445682, -529.9642395583704, -532.2523645410953, -535.1888928422755, -566.8196799367646, -569.9309124332916, -588.860695032677]
 -- BestCostElement: [-588.86069503 -588.86069503 -588.86069503 -588.86069503]
 -- BestRoute: [array([ 0, 18, 23, 22, 27, 28,  0])
 array([ 0, 25, 31, 39, 43, 36, 30,  0])
 array([ 0, 35, 38, 34, 29, 19,  0])
 array([ 0, 12,  6, 11,  7,  8, 13,  0])]
 -- Custo: 
 ---------18.714776642118867
 ---------19.088156853215224
 ---------21.704341658372037
 ---------22.527551088124632
 ---- Total: 82.03482624183076
 -- Premio: 
 ---------31.0
 ---------39.0
 ---------27.0
 ---------34.0
 ---- Total: 131.0
 - Execucao 5
 -- BestCostGenaration: [-154.87926456260692, -166.53119940596088, -242.93017100681934, -347.30370888785035, -403.05907598153703, -427.3373125975229, -449.8310721008046, -480.0719554827117, -484.4630857144013, -501.6937702446344, -528.884235737499, -533.7646699512852, -556.3282982730522, -561.0145897740674, -569.1491535319419, -572.2839409732911, -588.8911731229581, -604.3233357486249, -618.7829002035614, -625.9993190989217, -639.9993190989217, -643.134106540271, -661.0783784502701, -680.3657961107768]
 -- BestCostElement: [-680.36579611 -680.36579611 -680.36579611 -680.36579611]
 -- BestRoute: [array([ 0, 27, 34, 41, 38, 29, 28,  0])
 array([ 0, 14, 15, 16, 21, 24, 25,  0])
 array([ 0, 26, 32, 39, 31, 30,  0])
 array([ 0, 13,  8,  7, 11,  6, 12, 18, 19,  0])]
 -- Custo: 
 ---------19.863873471753582
 ---------19.488069936175524
 ---------21.518238340293244
 ---------22.78836922408345
 ---- Total: 83.6585509723058
 -- Premio: 
 ---------36.0
 ---------27.0
 ---------32.0
 ---------50.0
 ---- Total: 145.0
 - Execucao 6
 -- BestCostGenaration: [-191.04773050195593, -207.0516290101026, -300.8253242166778, -353.90154707771137, -373.7899888884805, -442.9118195260364, -469.9598040072184, -487.3704146353599, -489.7926197372159, -504.6214422883992, -512.8511436133541, -515.4522697728456, -518.9565557493393, -521.5576819088308, -524.5135482925443, -535.3601684308004, -540.9171609740055, -549.090380273403, -550.0257027676124, -550.8109949024638, -551.2655968329731, -552.0680833549427, -564.1047256072957, -572.3555010154495, -587.8775678235927, -591.2450529434689, -608.1823269067877, -610.1748355428542, -611.9476777591512, -612.9182405076284, -631.4960354057724]
 -- BestCostElement: [-631.49603541 -631.49603541 -631.49603541 -631.49603541]
 -- BestRoute: [array([ 0, 27, 29, 34, 41, 38, 28,  0])
 array([ 0, 25, 24, 20, 19, 18,  0])
 array([ 0, 30, 36, 39, 40, 32, 31,  0])
 array([ 0, 13,  8,  7, 11,  6, 12,  0])]
 -- Custo: 
 ---------19.928368573999563
 ---------19.56062329783655
 ---------21.609448188596147
 ---------22.527551088124632
 ---- Total: 83.62599114855689
 -- Premio: 
 ---------36.0
 ---------30.0
 ---------38.0
 ---------34.0
 ---- Total: 138.0
 - Execucao 7
 -- BestCostGenaration: [-219.57028275136963, -253.19161028265495, -310.45319269396305, -314.1851132045827, -365.459953721463, -365.8983638938908, -398.89588198302795, -400.460779998466, -414.41794879117117, -415.9828468066092, -418.0827251422213, -428.7802687316258, -429.8390078769446, -447.77800002035696, -469.7860775006602, -471.3509755160983, -473.3213312104257, -474.43941741213536, -488.3507684619485, -494.20109781992136, -519.3520534842821, -522.1304496816824, -538.5704975613468, -560.7193416558399, -563.7750697458407, -569.2336648551643, -573.9136433118545, -582.5171259371151, -583.7610130926969, -624.1506489252599, -639.4937946757676, -667.4511252432937, -685.3953971532928, -695.2427669341353, -699.0081177864988, -709.6866656786951]
 -- BestCostElement: [-709.68666568 -709.68666568 -709.68666568 -709.68666568]
 -- BestRoute: [array([ 0, 28, 38, 41, 34, 29, 27,  0])
 array([ 0, 13,  8,  7, 11, 12, 18,  0])
 array([ 0, 30, 36, 43, 39, 32, 31, 25,  0])
 array([ 0, 24, 15,  5,  9, 14, 19,  0])]
 -- Custo: 
 ---------19.92836857399956
 ---------19.487806144337682
 ---------20.482605577751233
 ---------23.429553284237727
 ---- Total: 83.3283335803262
 -- Premio: 
 ---------36.0
 ---------34.0
 ---------42.0
 ---------37.0
 ---- Total: 149.0
 - Execucao 8
 -- BestCostGenaration: [-152.6441147214398, -181.11923304412625, -182.65418140631294, -230.99144132923357, -275.78707396436766, -289.2630664245239, -319.757953205965, -330.36685744694626, -356.6756993306656, -383.51948959368303, -396.0177900024149, -401.87850515834054, -407.92421583204913, -426.05819059673024, -426.12055063601827, -428.3788177625584, -433.573894495653, -452.9752050810973, -455.6870953558793, -460.17951785835, -461.89193640685005, -475.89193640685]
 -- BestCostElement: [-475.89193641 -475.89193641 -475.89193641 -475.89193641]
 -- BestRoute: [array([ 0, 13, 19, 29, 28,  0]) array([ 0, 23, 22, 12, 11,  0])
 array([ 0, 38, 34, 27, 18,  0])
 array([ 0, 14,  9,  5, 15, 16, 21, 24, 25,  0])]
 -- Custo: 
 ---------18.978209527389502
 ---------19.771905705582633
 ---------21.546190042020555
 ---------23.730710623294808
 ---- Total: 84.0270158982875
 -- Premio: 
 ---------28.0
 ---------21.0
 ---------27.0
 ---------40.0
 ---- Total: 116.0
 - Execucao 9
 -- BestCostGenaration: [-157.73866146763595, -206.2628106310575, -288.05805244044575, -290.47553545677215, -345.83410647875866, -354.46882677098733, -386.52700422026646, -405.5494956720363, -406.37477395983274, -406.737697201835, -419.1830186601811, -424.58357258355085, -436.575828974732, -439.9267183340585, -457.8709902440576, -462.7154004477696, -477.188052210237, -482.03246241394896, -483.3928932612077, -502.03246241394896, -508.8562113470967, -529.4561316996173, -553.690573793104, -556.5375560994787, -566.3849258803211, -566.538611178237]
 -- BestCostElement: [-566.53861118 -566.53861118 -566.53861118 -566.53861118]
 -- BestRoute: [array([ 0, 19, 18, 12, 23, 28,  0]) array([ 0, 24, 15,  5,  9, 14,  0])
 array([ 0, 25, 26, 32, 39, 31, 30,  0])
 array([ 0, 13,  8,  7, 11, 27,  0])]
 -- Custo: 
 ---------19.061772596780045
 ---------19.81379615571165
 ---------21.609448188596147
 ---------23.630330264352903
 ---- Total: 84.11534720544074
 -- Premio: 
 ---------35.0
 ---------28.0
 ---------38.0
 ---------28.0
 ---- Total: 129.0
 - Execucao 10
 -- BestCostGenaration: [-173.23641190841448, -205.1324048284455, -219.8292572900846, -247.40168237184938, -293.1184838689236, -297.2327720313575, -361.0180430343107, -388.26670198351974, -406.0589303559104, -430.90190999512845, -436.1203540721931, -437.5355612273687, -456.2009221293497, -463.6685046646646, -477.29825219396355, -482.3480504638849, -498.21919284261526, -502.441599125847, -513.1201470180433, -513.8327293575367, -533.4480220934054, -534.1606044328985, -549.5130334706803, -553.735439753912, -569.0785855044197, -570.0863291132387, -570.3071286618808, -571.3148722706997, -589.3444733132158]
 -- BestCostElement: [-589.34447331 -589.34447331 -589.34447331 -589.34447331]
 -- BestRoute: [array([ 0, 35, 38, 34, 27, 29, 28,  0]) array([ 0, 19, 12, 22, 23,  0])
 array([ 0, 13,  7,  6, 11, 18,  0])
 array([ 0, 25, 26, 32, 40, 39, 31,  0])]
 -- Custo: 
 ---------18.443433543200516
 ---------18.395634429886158
 ---------21.46536551001326
 ---------23.609448188596147
 ---- Total: 81.91388167169607
 -- Premio: 
 ---------35.0
 ---------24.0
 ---------30.0
 ---------42.0
 ---- Total: 131.0
 - Execucao 11
 -- BestCostGenaration: [-126.28550352751515, -177.665537225744, -204.3100885922521, -243.27981388463775, -298.8845732863581, -319.5968132448177, -372.86608780333796, -382.037123606976, -397.01203857546886, -423.08624764036057, -433.1764541631873, -450.63439823283204, -471.5757753945249, -473.2863138267945, -479.7897296522785, -480.575175337843, -501.83752378501, -505.4531217036189, -521.1249414455168, -540.6800272424364, -546.0789010829449, -547.5109112523398, -548.74784574057, -575.1582925777184, -576.4049867076186, -603.1582925777184, -603.5585257759108, -645.1936863826992, -645.943052312339, -651.812861486617, -661.1265699856017]
 -- BestCostElement: [-661.12656999 -661.12656999 -661.12656999 -661.12656999]
 -- BestRoute: [array([ 0, 14,  9,  5, 15, 24,  0]) array([ 0, 25, 26, 31, 30, 28,  0])
 array([ 0, 13, 11,  6, 12, 18, 19,  0])
 array([ 0, 27, 29, 34, 33, 37, 41, 38,  0])]
 -- Custo: 
 ---------19.81379615571165
 ---------19.719361685996223
 ---------20.610223639210144
 ---------23.074976022681557
 ---- Total: 83.21835750359958
 -- Premio: 
 ---------28.0
 ---------34.0
 ---------44.0
 ---------36.0
 ---- Total: 142.0
 - Execucao 12
 -- BestCostGenaration: [-164.4801902808753, -174.2369638855326, -217.26975567829837, -304.5908513426707, -307.3182716035131, -346.8027427967378, -371.9634343447012, -386.51158493717276, -391.5840977672632, -432.8864937535251, -438.563243766608, -444.3221902667045, -463.6746999466097, -488.7236175945844, -495.8506634432871, -501.22955940104947, -506.1738313110486, -513.5088404502052, -519.9779316913283, -520.136050394025, -521.2495372837955, -521.2495372837956]
 -- BestCostElement: [-521.24953728 -521.24953728 -521.24953728 -521.24953728]
 -- BestRoute: [array([ 0, 23, 12, 11, 18,  0]) array([ 0, 25, 26, 31, 30, 28,  0])
 array([ 0, 29, 38, 41, 37, 34, 27,  0])
 array([ 0, 13,  8,  7,  6, 19,  0])]
 -- Custo: 
 ---------18.123933689844357
 ---------19.719361685996223
 ---------21.863873471753582
 ---------21.730446831456966
 ---- Total: 81.43761567905113
 -- Premio: 
 ---------24.0
 ---------34.0
 ---------34.0
 ---------29.0
 ---- Total: 121.0
 - Execucao 13
 -- BestCostGenaration: [-119.26922576420938, -152.75409753103168, -184.88328293311338, -217.2356814484375, -245.2356814484375, -283.8344882174115, -295.9212550965187, -327.16945285144055, -364.85574435245576, -377.26674245506507, -382.2356079180704, -394.97863611724483, -408.03705791059065, -432.2994757626949, -442.5699117178443, -453.14770661598834, -491.8795603702047, -528.4689497420632, -557.0292524893064, -563.909430286931, -571.0292524893064, -572.4019805637143, -586.0108690506404, -592.9504453828433, -613.4022515272154, -619.607092578186, -639.8945102386929]
 -- BestCostElement: [-639.89451024 -639.89451024 -639.89451024 -639.89451024]
 -- BestRoute: [array([ 0, 19, 12, 11,  7,  8, 13,  0])
 array([ 0, 28, 29, 34, 27, 18,  0])
 array([ 0, 30, 31, 39, 32, 26, 25,  0])
 array([ 0, 14,  9,  5, 10, 15, 24,  0])]
 -- Custo: 
 ---------19.507570982174766
 ---------18.577728178211856
 ---------21.609448188596147
 ---------23.58162509134402
 ---- Total: 83.2763724403268
 -- Premio: 
 ---------36.0
 ---------32.0
 ---------38.0
 ---------33.0
 ---- Total: 139.0
 - Execucao 14
 -- BestCostGenaration: [-173.00659745293268, -218.17712845251285, -239.5578513205821, -301.52206924281535, -322.73809424811157, -347.0543277616501, -392.9247234562613, -437.44493659482265, -440.71428779404636, -465.59320772636596, -489.4938542427974, -509.8483903330402, -513.1620988320251, -539.6118971813505, -542.9256056803354, -577.8176909486094, -586.6984911597889, -590.7542192497898, -614.1568792226963, -626.0973650002974, -627.1051086091162, -645.1347096516322, -658.6383950739782, -665.7459997203443, -668.4112372902753, -670.064448987861, -683.6753236894347, -685.7604890309583, -687.9296615465119, -689.9221701825784, -690.6347525220717, -694.4854757701087, -702.0336263625801, -710.3767721130878, -713.3549146793906, -726.3471710705717, -727.6654113563593, -728.48420495813, -732.5369734710005, -746.5447170798193, -747.220909500438, -752.0716327484749, -757.8994573926345]
 -- BestCostElement: [-757.89945739 -757.89945739 -757.89945739 -757.89945739]
 -- BestRoute: [array([ 0, 19, 18, 23, 12, 11, 13,  0])
 array([ 0, 28, 29, 38, 41, 34, 27,  0])
 array([ 0, 30, 36, 43, 39, 32, 31, 25,  0])
 array([ 0, 14,  9,  5, 15, 16, 17, 21, 24,  0])]
 -- Custo: 
 ---------19.300365344378946
 ---------19.86387347175358
 ---------20.482605577751233
 ---------23.87829125795763
 ---- Total: 83.52513565184138
 -- Premio: 
 ---------40.0
 ---------36.0
 ---------42.0
 ---------38.0
 ---- Total: 156.0
