 - Execucao 0
 -- BestCostGenaration: [-125.55309336270312, -155.70464245999466, -223.4181554002767, -235.66839642715246, -278.0806177703315, -324.6603399620593, -326.25661974330444, -331.54010557736353, -366.33249583404773, -386.30941400247457, -406.91544279391195, -422.5914281603811, -432.5816991211222, -459.4566407190319, -480.7832440845504, -482.37633795447437, -489.4881447613836, -489.99532836884885, -503.79684630663905, -504.384370244042, -523.796846306639, -524.384370244042, -530.2913218834849, -532.670857552867, -533.2583814902699, -544.248652451011, -544.836176388414]
 -- BestCostElement: [-544.83617639 -544.83617639 -544.83617639 -544.83617639]
 -- BestRoute: [array([ 0, 28, 29, 34, 27,  0]) array([ 0, 23, 22, 18, 19,  0])
 array([ 0, 30, 31, 39, 32, 26, 25,  0])
 array([ 0, 13,  8,  7, 11,  6, 12,  0])]
 -- Custo: 
 ---------13.863873471753578
 ---------15.790083154422167
 ---------21.609448188596147
 ---------22.527551088124632
 ---- Total: 73.79095590289651
 -- Premio: 
 ---------25.0
 ---------23.0
 ---------38.0
 ---------34.0
 ---- Total: 120.0
 - Execucao 1
 -- BestCostGenaration: [-94.08221835459702, -160.38085973226848, -188.7015208986048, -188.70152089860483, -260.09094404940697, -281.43034027550834, -325.8748833417175, -345.89368281626196, -382.6256033268816, -403.6828437702743, -406.10032678660076, -410.7169380738518, -412.08710574802404, -438.6742686413779, -442.4619193318766, -463.2706559599168, -465.6881389762432, -487.0905458507335, -494.4570228625886, -497.20289398724015, -498.0053805092098, -503.6697115456838, -512.9834200446685, -522.0391481346694, -525.9573528896651, -529.0685853861922, -538.382293885177, -543.2330171332139, -549.0608417773734]
 -- BestCostElement: [-549.06084178 -549.06084178 -549.06084178 -549.06084178]
 -- BestRoute: [array([ 0, 20, 19, 18,  0]) array([ 0, 13, 12, 23, 28,  0])
 array([ 0, 30, 36, 43, 39, 32, 31, 25,  0])
 array([ 0, 27, 29, 34, 33, 37, 41, 38,  0])]
 -- Custo: 
 ---------14.60555127546399
 ---------19.821656679759872
 ---------20.482605577751233
 ---------23.074976022681557
 ---- Total: 77.98478955565665
 -- Premio: 
 ---------19.0
 ---------26.0
 ---------42.0
 ---------36.0
 ---- Total: 123.0
 - Execucao 2
 -- BestCostGenaration: [-105.96829873583093, -176.64801226886317, -219.09822475552204, -227.57097028949676, -289.1979394995645, -297.7316007814221, -328.4065667715263, -361.1669550108695, -369.08905250978853, -400.40499428374204, -403.31823651431057, -465.79890559982323, -467.5248053409148, -477.24936906317237, -494.89585740272946, -542.1832750632362, -562.6350812076082, -563.311273628227, -564.5769976460298, -597.1737717850255, -599.2589371265492, -634.8523196772219, -636.9374850187455, -644.3117056394194, -648.8817569287446]
 -- BestCostElement: [-648.88175693 -648.88175693 -648.88175693 -648.88175693]
 -- BestRoute: [array([ 0, 19, 18, 13,  0]) array([ 0, 27, 34, 41, 38, 29, 28,  0])
 array([ 0, 14,  9,  5, 15, 24, 25,  0])
 array([ 0, 31, 32, 40, 39, 43, 36, 30,  0])]
 -- Custo: 
 ---------13.309660559464376
 ---------19.863873471753582
 ---------21.666215521048827
 ---------22.689811215547053
 ---- Total: 77.52956076781383
 -- Premio: 
 ---------23.0
 ---------36.0
 ---------34.0
 ---------44.0
 ---- Total: 137.0
 - Execucao 3
 -- BestCostGenaration: [-124.83514535413475, -124.83514535413477, -196.09024248780685, -210.25799897687972, -256.56307467059236, -263.47135437673353, -310.26417246733786, -316.6191903632055, -326.85547712948545, -396.44185286914006, -464.9778697111684, -491.38831654831677, -512.470785985345, -513.0762004772398, -546.2667612879186, -556.0893044140955, -575.6353249048746, -577.6057238623586, -592.5005374635255, -599.4008828113879, -620.5005374635255, -623.6353249048746, -649.5743993436258, -651.9966044454818, -653.2536928979607, -656.4032218948091, -656.7402616551415, -658.8254269966651, -660.340495858128, -663.1874781645026, -669.9000605039959, -673.0348479453451, -673.8536415471157, -677.906410059986, -687.8423159476115, -691.9141536688049, -692.5903460894237]
 -- BestCostElement: [-692.59034609 -692.59034609 -692.59034609 -692.59034609]
 -- BestRoute: [array([ 0, 27, 34, 29, 28,  0]) array([ 0, 24, 15,  5,  9, 14,  0])
 array([ 0, 30, 36, 39, 40, 31, 25,  0])
 array([ 0, 19, 18, 23, 12,  6, 11,  7, 13,  0])]
 -- Custo: 
 ---------13.863873471753578
 ---------19.81379615571165
 ---------21.402242550800327
 ---------23.772501299378526
 ---- Total: 78.85241347764409
 -- Premio: 
 ---------25.0
 ---------28.0
 ---------41.0
 ---------50.0
 ---- Total: 144.0
 - Execucao 4
 -- BestCostGenaration: [-121.03523732847425, -159.43432015071159, -221.84740743213968, -274.66925601590424, -295.2603902675072, -295.7770444058984, -346.2949076209175, -354.5063898634789, -359.8981876108659, -398.6378517303044, -418.61151570109075, -440.5924897559242, -443.869765072878, -455.42499325996175, -470.1809928350336, -486.16143098043256, -525.6942224515997, -543.8056786316013, -563.5105173622757, -581.2908512969591, -588.2908512969591, -591.4256387383082, -593.7339825555866, -614.223493591833, -618.3461288784105, -627.4284984337969, -631.2792216818339, -646.801288489977, -654.3494390824485, -658.114789934812, -660.8801407871757, -663.8582833534786, -670.6456986936889, -676.8505397446597, -682.4283346428037]
 -- BestCostElement: [-682.42833464 -682.42833464 -682.42833464 -682.42833464]
 -- BestRoute: [array([ 0, 25, 31, 36, 30,  0]) array([ 0, 28, 38, 41, 34, 29, 27,  0])
 array([ 0, 13, 11,  6, 12, 18, 19,  0])
 array([ 0, 14,  9,  5, 15, 16, 17, 21, 24,  0])]
 -- Custo: 
 ---------13.476032868131739
 ---------19.92836857399956
 ---------20.610223639210144
 ---------23.87829125795763
 ---- Total: 77.89291633929908
 -- Premio: 
 ---------24.0
 ---------36.0
 ---------44.0
 ---------38.0
 ---- Total: 142.0
 - Execucao 5
 -- BestCostGenaration: [-138.35758957068708, -159.64636211896973, -203.20770584303216, -225.77241765775088, -266.3342440317205, -285.7520431419565, -305.6256648089513, -324.4586811775021, -341.40377813841474, -351.46144011607925, -406.93964711848906, -409.9953752084899, -429.62736927259124, -431.9213069429797, -450.8567386536409, -466.5441267451752, -478.81406922116696, -481.38855391527295, -488.755030927128, -506.70209862326453, -523.0512995173767, -525.6524256768682, -527.3405185875201, -527.5068842173484, -530.5626123073492]
 -- BestCostElement: [-530.56261231 -530.56261231 -530.56261231 -530.56261231]
 -- BestRoute: [array([ 0, 24, 31, 25,  0]) array([ 0, 19, 18, 23, 22, 27, 28,  0])
 array([ 0, 30, 36, 39, 40,  0]) array([ 0, 13,  8,  7, 11,  6, 12,  0])]
 -- Custo: 
 ---------14.87048159266775
 ---------18.95741732923815
 ---------21.00389691313216
 ---------22.527551088124632
 ---- Total: 77.35934692316269
 -- Premio: 
 ---------20.0
 ---------40.0
 ---------26.0
 ---------34.0
 ---- Total: 120.0
 - Execucao 6
 -- BestCostGenaration: [-74.97654011432476, -155.57666910825515, -189.47977180981505, -222.05366949404439, -250.9173641976542, -270.5555916847521, -334.52609261628834, -369.16276201747814, -389.538575154653, -408.8889425353156, -445.3158681649957, -468.9991548981448, -496.5180752932431, -529.8249857487178, -529.9246927425704, -551.041404644078, -579.459410400502, -582.8650299428054, -593.2171590781669, -596.6227786204704, -598.6160329186754, -602.0216524609789, -617.3647982114865, -625.5063313546306, -627.0214002160934, -629.6225263755849, -660.346479505318]
 -- BestCostElement: [-660.34647951 -660.34647951 -660.34647951 -660.34647951]
 -- BestRoute: [array([ 0, 27, 34, 29, 28,  0]) array([ 0, 30, 36, 43, 39, 31, 25,  0])
 array([ 0, 13,  7, 11,  6, 12, 18,  0])
 array([ 0, 24, 15,  5,  9, 14, 19,  0])]
 -- Custo: 
 ---------13.863873471753578
 ---------19.088156853215224
 ---------21.781796514463956
 ---------23.429553284237727
 ---- Total: 78.16338012367049
 -- Premio: 
 ---------25.0
 ---------39.0
 ---------38.0
 ---------37.0
 ---- Total: 139.0
 - Execucao 7
 -- BestCostGenaration: [-94.06085236847333, -177.08620987765272, -191.9275426659077, -216.5629737937881, -259.5670437845509, -293.9291774452866, -314.0672750906738, -383.9095199920674, -390.54716629999933, -395.6167296823126, -396.4062800194542, -398.4635933863834, -417.904371026294, -422.8364000718885, -437.710136917888, -449.4417368062171, -456.01657212723063, -459.12780462375775, -461.21296996528145, -478.86234742779214, -486.3244261452831, -486.6118438057899, -511.7232999857915, -521.0370084847764, -521.4022344989248, -524.7531238582513, -528.6896521594317, -531.7453802494326, -547.0885259999402, -547.2466447026368]
 -- BestCostElement: [-547.2466447 -547.2466447 -547.2466447 -547.2466447]
 -- BestRoute: [array([ 0, 23, 18, 19,  0]) array([ 0, 28, 35, 30, 36, 31, 25,  0])
 array([ 0, 13,  7, 11,  6, 12,  0])
 array([ 0, 29, 38, 41, 37, 33, 34, 27,  0])]
 -- Custo: 
 ---------12.042019056626884
 ---------18.097254355082107
 ---------21.763619065624418
 ---------23.03544634700739
 ---- Total: 74.9383388243408
 -- Premio: 
 ---------19.0
 ---------35.0
 ---------31.0
 ---------36.0
 ---- Total: 121.0
 - Execucao 8
 -- BestCostGenaration: [-138.17187596572376, -201.0201068190173, -239.09922835609285, -272.1421048427165, -286.4953496736206, -319.45543540722434, -340.4532209905973, -369.00757917851, -374.65280491442525, -386.62473330508993, -426.68795275902426, -456.96361150095106, -458.9561201370176, -474.6802322099942, -494.66901040554103, -503.3330243765347, -525.8102316392071, -528.9450190805562, -547.6610758917668, -569.294785715826, -576.3396237839632, -595.8734921199705, -604.2166378704782, -611.3955589281138, -613.9700436222197, -616.1392161377734, -617.6434854474369, -632.1494426243876, -636.2212803455809]
 -- BestCostElement: [-636.22128035 -636.22128035 -636.22128035 -636.22128035]
 -- BestRoute: [array([ 0, 27, 34, 29, 28,  0]) array([ 0, 20, 24, 21, 26, 25,  0])
 array([ 0, 30, 36, 39, 40, 32, 31,  0])
 array([ 0, 19, 18, 23, 12,  6, 11, 13,  0])]
 -- Custo: 
 ---------13.863873471753578
 ---------19.363070516249607
 ---------21.609448188596147
 ---------22.358287737005426
 ---- Total: 77.19467991360476
 -- Premio: 
 ---------25.0
 ---------25.0
 ---------38.0
 ---------47.0
 ---- Total: 135.0
 - Execucao 9
 -- BestCostGenaration: [-109.63477470764161, -166.0430745828009, -257.5021601156466, -268.71119016858336, -283.8962847733293, -332.80604648185505, -374.17981659397964, -388.7254044195552, -426.53695551673496, -480.64978249354294, -492.50824935039884, -500.7615893004522, -506.2833054816879, -508.4475301745599, -528.5593369814692, -547.7351116260598, -553.2828661613196, -558.8606610594637, -561.0248857523358, -585.969157662335, -611.3680315028433, -638.1100510938594, -656.0543230038586, -656.8568095258282, -658.8493181618948, -660.980002493463, -662.9725111295295, -663.6850934690227, -665.9433605955628, -677.3422344360713, -690.7117781975647, -696.9166192485354, -710.9166192485354, -720.2303277475203]
 -- BestCostElement: [-720.23032775 -720.23032775 -720.23032775 -720.23032775]
 -- BestRoute: [array([ 0, 30, 36, 31, 25,  0])
 array([ 0, 13,  8,  7, 11, 12, 18, 19,  0])
 array([ 0, 14,  9,  5, 15, 16, 21, 24,  0])
 array([ 0, 28, 29, 27, 34, 33, 37, 41, 38, 35,  0])]
 -- Custo: 
 ---------13.476032868131739
 ---------19.730446831456966
 ---------21.87829125795763
 ---------23.85764710557361
 ---- Total: 78.94241806311994
 -- Premio: 
 ---------24.0
 ---------43.0
 ---------34.0
 ---------47.0
 ---- Total: 148.0
 - Execucao 10
 -- BestCostGenaration: [-175.00896427715855, -218.3808721781541, -246.27878914462013, -265.59474959013414, -301.7983263143184, -325.1649384843806, -329.49598860557353, -332.53476189382303, -361.3035300194081, -364.34230330765763, -438.4868844818246, -442.4497488122185, -449.885758322333, -464.2687777191772, -469.4133588933441, -487.3149613708693, -487.5016260373237, -505.34456241338535, -519.3445624133853, -523.5120973102954, -537.5198409191142, -552.8629866696219, -563.6533775622768, -565.9553277079608, -581.597649472276, -608.0329132316589, -614.798581157732, -630.9950926596974, -633.4317870721673, -653.4317870721673, -669.8609901207036, -671.3760589821665, -674.3542015484693, -705.6906015971819, -709.0962211394854, -718.016639809473, -722.0884775306665]
 -- BestCostElement: [-722.08847753 -722.08847753 -722.08847753 -722.08847753]
 -- BestRoute: [array([ 0, 27, 34, 29, 28,  0]) array([ 0, 25, 31, 39, 43, 36, 30,  0])
 array([ 0, 19, 13,  8,  7, 11, 12, 23, 18,  0])
 array([ 0, 14,  9,  5, 15, 16, 17, 21, 24,  0])]
 -- Custo: 
 ---------13.863873471753578
 ---------19.088156853215224
 ---------21.64755903440695
 ---------23.87829125795763
 ---- Total: 78.47788061733338
 -- Premio: 
 ---------25.0
 ---------39.0
 ---------46.0
 ---------38.0
 ---- Total: 148.0
 - Execucao 11
 -- BestCostGenaration: [-194.05692776250822, -202.2356740192363, -231.36454891521453, -280.4542951997844, -319.7351363625183, -330.87945987877083, -345.44163801249806, -368.5659205838082, -409.01382573620606, -409.0761857754941, -444.3221470921411, -464.09787941819803, -516.8689123108545, -524.2353893227096, -543.5996995962748, -560.0922358589868, -569.6340993722249, -599.9507674483401, -603.3727940574572, -605.9739202169487, -609.2789931506096, -624.3727940574572, -625.8878629189201, -641.310068020776, -665.1644357482987, -666.6795046097616, -671.0861220590889, -672.4215242007776, -686.107293723129, -687.2310086694276, -690.3657961107768]
 -- BestCostElement: [-690.36579611 -690.36579611 -690.36579611 -690.36579611]
 -- BestRoute: [array([ 0, 27, 34, 29, 28,  0])
 array([ 0, 13,  8,  7, 11, 12, 18, 19,  0])
 array([ 0, 30, 36, 43, 39, 32, 31, 25,  0])
 array([ 0, 24, 15, 10,  5,  9, 14,  0])]
 -- Custo: 
 ---------13.863873471753578
 ---------19.730446831456966
 ---------20.482605577751233
 ---------23.581625091344023
 ---- Total: 77.6585509723058
 -- Premio: 
 ---------25.0
 ---------43.0
 ---------42.0
 ---------33.0
 ---- Total: 143.0
 - Execucao 12
 -- BestCostGenaration: [-67.63702824287145, -153.40635730345073, -170.87353779436327, -204.1649997879262, -242.1881073657991, -266.2465879787808, -300.7777834552138, -332.0514524017825, -379.08433223269736, -415.759029171405, -437.84962310398635, -454.4039229497898, -459.6540181047761, -480.62023590236464, -482.709746194777, -489.4675584396026, -502.5096891754947, -535.6768734454972, -550.1207721900571, -562.3524617605631, -600.6505826070191, -602.7998593589822, -612.6472291398246, -634.5155881115203, -638.0461029803331, -644.3629578923627, -649.9407527905067]
 -- BestCostElement: [-649.94075279 -649.94075279 -649.94075279 -649.94075279]
 -- BestRoute: [array([ 0, 25, 31, 36, 30,  0]) array([ 0, 24, 15,  5,  9,  0])
 array([ 0, 28, 29, 38, 41, 37, 34, 27,  0])
 array([ 0, 19, 18, 23, 12,  6, 11, 13,  0])]
 -- Custo: 
 ---------13.476032868131739
 ---------19.502122623236584
 ---------21.92836857399956
 ---------22.358287737005426
 ---- Total: 77.26481180237332
 -- Premio: 
 ---------24.0
 ---------24.0
 ---------42.0
 ---------47.0
 ---- Total: 137.0
 - Execucao 13
 -- BestCostGenaration: [-108.32702325509635, -144.39170812238703, -157.6990670653816, -209.28500940636278, -245.23504812555754, -297.6232077300615, -304.20334631899937, -309.27904079008664, -354.4736655631739, -365.0832398719281, -383.2084294994079, -409.0037822471876, -439.42447420097267, -448.45618878275866, -455.57079137580524, -464.38435106156527, -478.3126241309069, -509.96914323764975, -520.1263706525814, -528.0820133528204, -549.5970822142832, -550.503533552321, -556.1942152835536, -566.8797158431016, -577.2306052024281, -582.3685390568221, -601.8579429205606, -628.5597216392135, -641.5519780303947, -642.2281704510135, -643.5403658019275, -643.674929559802, -647.6122035231208, -653.2404114625576, -667.5133398124506, -670.918959354754]
 -- BestCostElement: [-670.91895935 -670.91895935 -670.91895935 -670.91895935]
 -- BestRoute: [array([ 0, 27, 34, 29, 28,  0]) array([ 0, 25, 31, 39, 43, 36,  0])
 array([ 0, 19, 18, 12,  6, 11, 13,  0])
 array([ 0, 24, 21, 17, 10,  5, 15, 20,  0])]
 -- Custo: 
 ---------13.863873471753578
 ---------19.077489495096746
 ---------20.610223639210147
 ---------23.718673555251023
 ---- Total: 77.27026016131148
 -- Premio: 
 ---------25.0
 ---------35.0
 ---------44.0
 ---------36.0
 ---- Total: 140.0
 - Execucao 14
 -- BestCostGenaration: [-159.68830280343713, -161.31430501270694, -181.59959224305177, -212.25324559791397, -232.1155243534385, -263.9918675251913, -268.16588595088103, -315.13276095671586, -357.22866009523966, -403.10658083950966, -405.6405927482749, -420.2011887673067, -422.73520067607194, -433.90347204852316, -474.31008949785047, -500.0567062846406, -505.6345011827846, -507.89276830932477, -520.8850247005059]
 -- BestCostElement: [-520.8850247 -520.8850247 -520.8850247 -520.8850247]
 -- BestRoute: [array([ 0, 25, 31, 36, 30,  0]) array([ 0, 13, 11, 23, 28,  0])
 array([ 0, 19, 18, 12, 22, 27,  0])
 array([ 0, 24, 21, 17, 16, 15,  5,  9,  0])]
 -- Custo: 
 ---------13.476032868131739
 ---------19.895446997091284
 ---------21.090646234167938
 ---------23.566617725482566
 ---- Total: 78.02874382487352
 -- Premio: 
 ---------24.0
 ---------24.0
 ---------37.0
 ---------34.0
 ---- Total: 119.0
