 - Execucao 0
 -- BestCostGenaration: [-111.3217897344783, -168.13505432107792, -299.46977129571496, -343.1650102926743, -404.6832682441755, -450.2460943481407, -498.1407441583143, -539.5373357665898, -565.7017675136116, -599.3738466479565, -654.2256205404155, -660.026027288851, -696.9655151671618, -700.0769713471634, -744.2502809640418, -776.3776351668259, -784.0450801930685, -827.673399855953, -836.0076013242538, -877.0076013242538, -912.1855082169079, -914.4080418355436, -961.1158401433484, -962.166181182063, -965.7754901789781, -990.8098752531826, -1007.1947999056031, -1040.7230722930153, -1044.4171074028495, -1057.3697277844244, -1063.2966503288706, -1073.1302946050996, -1074.760858016114, -1086.8155671350585, -1091.75861056217, -1098.0775407228566, -1101.476414563365, -1112.6454232879255, -1113.6664924647016, -1119.6454232879255, -1125.2309617948883, -1127.014859876911, -1129.592654775055, -1131.898619665221, -1136.9591317869101, -1138.5525143375828, -1141.9513881780913, -1142.246549447417, -1145.0071162680922, -1145.302277537418]
 -- BestCostElement: [-1145.30227754 -1145.30227754 -1145.30227754 -1145.30227754]
 -- BestRoute: [array([ 0, 19, 14, 22, 15, 16,  4,  9,  8,  3,  7, 12,  6,  5, 11, 21, 18,
       17, 20, 13, 10,  2])
 array([ 0, 27, 31, 25, 28, 36, 40, 41, 43, 34, 35, 33, 26, 24, 29, 38, 32,
       39, 44, 37])]
 -- Custo: 
 ---------49.13051809595039
 ---------49.543912519695134
 ---- Total: 98.67443061564552
 -- Premio: 
 ---------110.0
 ---------110.0
 ---- Total: 220.0
 - Execucao 1
 -- BestCostGenaration: [-134.61652405592145, -172.76914334769336, -232.29926215221047, -281.1964557437842, -411.5137043504876, -428.37891690913847, -468.325532126299, -522.3552424187432, -547.2712111591414, -594.9882425043179, -633.7004233228438, -665.1217252093869, -696.2582782113619, -699.765792924283, -727.6793849713031, -758.374518423052, -794.9005758050226, -829.8318083538734, -830.8759419701597, -851.7096929415939, -864.9108677052218, -915.3724223916756, -922.0634979243792, -946.1199245709356, -966.4864015827908, -977.546022416715, -998.9937720261704, -1005.0785636779592, -1021.8110001036392, -1027.5235824431325, -1042.475260766828, -1048.4139658196477, -1055.242788370831, -1055.2865078788182, -1062.8798904294908, -1065.6085380420252, -1072.1589298858353, -1077.550060117525, -1079.8637686165098, -1084.550060117525, -1084.557803726344, -1101.494332027524, -1104.550060117525, -1110.6320790460038, -1116.6757985539907, -1120.4931270663506]
 -- BestCostElement: [-1120.49312707 -1120.49312707 -1120.49312707 -1120.49312707]
 -- BestRoute: [array([ 0, 22, 19, 14, 15, 16,  4,  9,  8,  3,  7, 12,  6, 21, 18, 17, 13,
       10,  5, 11,  2])
 array([ 0, 27, 25, 28, 31, 36, 40, 41, 43, 34, 35, 33, 26, 24, 29, 38, 39,
       44, 32, 37])]
 -- Custo: 
 ---------49.95436433415046
 ---------49.672353899261914
 ---- Total: 99.62671823341238
 -- Premio: 
 ---------107.0
 ---------110.0
 ---- Total: 217.0
 - Execucao 2
 -- BestCostGenaration: [-127.90619341918267, -195.64269557372913, -203.4398547010403, -271.0544408651482, -315.4239060384666, -344.5033936147714, -401.0225422765177, -468.54554082731636, -486.9147604434315, -515.7165086067488, -571.0922031409996, -607.1955889103446, -649.6123438834148, -671.0756535215382, -737.6478560509138, -763.8405890377255, -788.85803792547, -791.9496969948614, -835.0691046070042, -875.4650188703822, -915.0428137685262, -928.124832697005, -953.4639205284674, -971.2085109049198, -983.4267396681256, -1019.2379481564425, -1030.6073847454281, -1034.5016109594558, -1044.894802405935, -1051.3607261699808, -1060.2579119611387, -1067.5908342200248, -1071.184226383834, -1073.7853525433252, -1082.2075576451812, -1085.441999738668, -1088.0431258981594]
 -- BestCostElement: [-1088.0431259 -1088.0431259 -1088.0431259 -1088.0431259]
 -- BestRoute: [array([ 0, 19,  7,  3,  8,  9,  4, 16, 15, 22, 14, 12,  6, 11, 10, 13, 17,
       18,  5,  2])
 array([ 0, 27, 41, 40, 36, 28, 25, 31, 34, 43, 33, 26, 24, 30, 32, 44, 39,
       38, 37])]
 -- Custo: 
 ---------49.16156819767939
 ---------49.82765032778073
 ---- Total: 98.98921852546012
 -- Premio: 
 ---------105.0
 ---------107.0
 ---- Total: 212.0
 - Execucao 3
 -- BestCostGenaration: [-156.09126040431337, -196.26305279747558, -223.53208183463133, -308.5056253504822, -370.8931743546884, -453.83052023858374, -518.5281720539588, -544.6408732402585, -586.9890216137344, -618.7885314962914, -644.6350508629823, -685.4706191159605, -711.0561576229235, -765.5525384553457, -801.031796968051, -817.7276733883169, -833.0785627476434, -856.1597077840903, -877.4372961506797, -888.271163964092, -891.6037891569016, -900.776670635751, -944.2679729069134, -951.0639674294094, -963.8308198641485, -981.5243405560818, -1004.565579335469, -1022.5371395580404, -1024.565579335469, -1037.2518708364842, -1045.5950165869917, -1059.3348872390573, -1060.92826978973, -1062.7405067813606, -1066.0542152803455, -1072.479379959332, -1080.1164820179915, -1082.4596277684993]
 -- BestCostElement: [-1082.45962777 -1082.45962777 -1082.45962777 -1082.45962777]
 -- BestRoute: [array([ 0, 19, 14, 22, 15, 16,  4,  9,  8,  3,  7, 12,  6, 13, 20, 17, 18,
       11,  5, 10,  2])
 array([ 0, 31, 36, 41, 43, 40, 28, 25, 27, 44, 32, 26, 24, 29, 38, 39, 37])]
 -- Custo: 
 ---------48.981432563999604
 ---------49.65366049387559
 ---- Total: 98.6350930578752
 -- Premio: 
 ---------108.0
 ---------103.0
 ---- Total: 211.0
 - Execucao 4
 -- BestCostGenaration: [-137.1244954435149, -201.58885712529494, -244.56259388224234, -297.13517371161095, -341.3732894802592, -435.31632317360356, -493.1805871625521, -541.6417358693095, -570.2263091924289, -606.5694549429364, -635.8460317890781, -700.1657002769447, -726.2876330813331, -752.1907875985022, -777.0675946308675, -812.0701430406234, -832.3037944987982, -859.3092770870421, -871.0321150637506, -875.6302559872329, -900.3752608142581, -925.4023283513034, -943.0779066763348, -965.0127965130742, -980.4672769330605, -986.4540632624901, -1004.0390873515523, -1015.8175959543619, -1033.886643968309, -1046.5357546089826, -1071.050868661181, -1074.78473586205, -1096.117400372022, -1100.8299827115154, -1117.27355733771, -1121.324553720007, -1124.2103093223648, -1136.3793134063326, -1140.264832451192, -1147.072143554993, -1151.5522501116989, -1154.6655261056658, -1156.7661786648273, -1158.3595612155, -1158.6175416244837]
 -- BestCostElement: [-1158.61754162 -1158.61754162 -1158.61754162 -1158.61754162]
 -- BestRoute: [array([ 0, 19, 14, 22, 15, 16,  4,  9,  8,  3,  7, 12,  6,  5, 11, 21, 18,
       17, 20, 13, 10,  2])
 array([ 0, 27, 25, 28, 31, 36, 41, 40, 43, 34, 35, 44, 42, 38, 39, 32, 30,
       24, 26, 29, 37])]
 -- Custo: 
 ---------49.13051809595039
 ---------49.71509649792867
 ---- Total: 98.84561459387906
 -- Premio: 
 ---------110.0
 ---------112.0
 ---- Total: 222.0
 - Execucao 5
 -- BestCostGenaration: [-148.74881934325583, -206.59656652642173, -252.6506317605823, -295.85378394617175, -390.94987580778115, -414.65061613652176, -448.29831913200974, -480.20469824723835, -546.0885284863637, -565.8305480773797, -628.5381446720071, -677.1097467344804, -703.4739240599749, -731.0771294512208, -768.2147770679426, -794.7214031197682, -809.3617309980857, -815.7944369866696, -850.6333809752957, -862.1585936467269, -869.1767326448145, -891.7649552951882, -933.038316302551, -935.4757447790357, -951.2198107700237, -970.2569916303654, -993.9536779708924, -1016.0309553150348, -1028.2832824688435, -1039.6821563093517, -1062.448865247792, -1068.5629565205313, -1077.7997546071183, -1085.2987705322785, -1087.5552129117125, -1100.1624450613795, -1102.4684099515453, -1113.8378465405308, -1125.3041608327749, -1133.7263659346308, -1134.7467541812703, -1135.041915450596, -1139.7700854426178]
 -- BestCostElement: [-1139.77008544 -1139.77008544 -1139.77008544 -1139.77008544]
 -- BestRoute: [array([ 0, 19, 14, 22, 15, 16,  4,  9,  8,  3,  7, 12,  6,  5, 11, 18, 17,
       20, 10, 13,  2])
 array([ 0, 25, 28, 40, 41, 43, 36, 31, 34, 27, 33, 44, 39, 32, 26, 30, 29,
       24, 38, 37])]
 -- Custo: 
 ---------48.687442193873345
 ---------49.62003644547221
 ---- Total: 98.30747863934556
 -- Premio: 
 ---------108.0
 ---------111.0
 ---- Total: 219.0
 - Execucao 6
 -- BestCostGenaration: [-167.27993265799853, -213.85113767597306, -289.8623136503671, -305.85392572653865, -344.8425014355338, -407.69119970967597, -441.32713384925205, -517.6093627837342, -522.5973994100945, -600.568242787027, -643.9575243926564, -681.9494881860612, -695.5548179023301, -734.7813729956017, -744.5565287776028, -780.1085644344419, -812.0108069297421, -852.8768528114151, -858.2633574316048, -878.6264948502067, -893.2700498267286, -922.0625190477906, -945.008271304348, -954.8193851621384, -960.1369812033649, -994.0263112356448, -998.0769093962356, -1015.5403526505538, -1028.4991144980916, -1033.9392264910623, -1055.9509206424634, -1061.723124573085, -1064.3889220335627, -1074.3084992890547, -1082.367969394766, -1082.4156216533693, -1089.9610197228599, -1101.049144641514, -1105.7293301523541, -1109.5180940264959, -1112.536641256155, -1114.8797870066628, -1120.9235065146497, -1121.614395211439, -1124.9575409619465, -1127.658114719426, -1131.0012604699336, -1134.658114719426, -1139.3072253600994, -1143.0012604699336, -1144.5946430206063]
 -- BestCostElement: [-1144.59464302 -1144.59464302 -1144.59464302 -1144.59464302]
 -- BestRoute: [array([ 0, 19, 14, 22, 15, 16,  4,  9,  8,  3,  7, 12,  6,  5, 11, 21, 18,
       17, 20, 13, 10,  2])
 array([ 0, 27, 25, 28, 36, 40, 41, 43, 31, 34, 35, 33, 44, 39, 32, 38, 29,
       24, 26, 37])]
 -- Custo: 
 ---------49.13051809595039
 ---------49.720821148898054
 ---- Total: 98.85133924484845
 -- Premio: 
 ---------110.0
 ---------110.0
 ---- Total: 220.0
 - Execucao 7
 -- BestCostGenaration: [-152.48470515902525, -203.9951937633283, -234.896680257322, -308.3153715779133, -332.62947665865954, -372.3879455115289, -443.36518712533086, -460.60396713781773, -522.3191305751815, -543.068151493009, -574.189674744383, -617.5604966854045, -629.4556144801102, -678.0320236901835, -701.9762956001825, -770.1964231032484, -793.8377901351031, -832.7544981445164, -840.084318327067, -888.498679385213, -906.7244280737632, -920.2203837732314, -936.1064089909682, -952.418686867072, -974.2815944514763, -992.7824262472107, -1020.0698439077174, -1024.5451664327347, -1031.9350564663682, -1032.8093026808608, -1054.02745099881, -1057.2543565376277, -1071.083179088811, -1074.3968875877958, -1081.7694705898261, -1091.0676918711733, -1099.410837621681, -1100.783935041612, -1107.7977028801756, -1112.0293924506814, -1123.398829039667, -1130.206140143468, -1130.2355773949907, -1135.6050139839765, -1137.1546770266623, -1143.1983965346492]
 -- BestCostElement: [-1143.19839653 -1137.15467703 -1137.15467703 -1137.15467703]
 -- BestRoute: [[ 0 19 22 14 15 16  4  9  8  3  7 12  6 11  5 10 20 17 18 13  2]
 [ 0 27 31 25 28 36 40 41 43 34 35 44 42 38 29 24 26 30 32 39 37]]
 -- Custo: 
 ---------49.745364586499825
 ---------49.455036279837884
 ---- Total: 99.2004008663377
 -- Premio: 
 ---------108.0
 ---------112.0
 ---- Total: 220.0
 - Execucao 8
 -- BestCostGenaration: [-160.31674354975303, -186.58862942495045, -237.76700558310932, -288.45237563609624, -334.0537578725251, -396.95596395502037, -454.79202129541443, -487.9367702633489, -538.9444560043562, -580.8892907855186, -590.3642991872027, -643.5608395891857, -666.0829063973289, -706.2478579734518, -766.6417839882179, -770.3113296722714, -797.0103783203554, -830.5899067631126, -859.3766160657194, -871.1046032523154, -901.7777326946546, -916.0162327071864, -928.3313450001398, -947.1682617870496, -974.1605181782306, -980.9893407294139, -988.1937617726533, -1003.1383754227071, -1016.1306318138882, -1031.4767371415264, -1033.819882892034, -1045.286197184278, -1049.1707722513604, -1052.2038512634113, -1057.5929773532164, -1066.035960384113, -1067.9361231037242, -1079.2547530675083, -1080.9283794949051, -1083.9724886852932, -1097.617630573051, -1104.36620924751, -1107.4893777892462, -1112.788414349366, -1115.9115828911022]
 -- BestCostElement: [-1115.91158289 -1115.91158289 -1115.91158289 -1115.91158289]
 -- BestRoute: [array([ 0, 19, 14, 22, 15, 16,  4,  9,  8,  3,  7, 21, 18, 17, 13, 10, 11,
        6, 12,  5,  2])
 array([ 0, 25, 28, 36, 40, 41, 43, 34, 31, 27, 33, 44, 39, 32, 38, 29, 24,
       26, 37])]
 -- Custo: 
 ---------49.87200948412619
 ---------49.15009479309826
 ---- Total: 99.02210427722446
 -- Premio: 
 ---------107.0
 ---------109.0
 ---- Total: 216.0
 - Execucao 9
 -- BestCostGenaration: [-151.20657635021018, -191.51079281471183, -234.7805184256228, -346.8966745137619, -357.2249002160314, -435.1784136818966, -470.48467886010394, -513.8826934031649, -575.170244248476, -593.6019407422395, -643.8193548891495, -681.1480113290434, -692.0420169318468, -716.2394852191413, -732.4277495826308, -753.0788628811282, -796.0326630473756, -836.1429325466872, -845.4284777216601, -862.3073642937089, -883.3841701909356, -898.1544271885772, -911.3398128911747, -931.6519421944633, -934.4456790846547, -940.2563352948364, -960.349503068141, -980.3184281979746, -995.0641318076061, -1012.0816270137939, -1029.4695942333196, -1039.743802863849, -1050.3641941059336, -1054.3936313574563, -1059.258397857554, -1074.4621422530204, -1080.1696853957692, -1083.2090877318665, -1087.0132524226224, -1089.4171339782938, -1095.407356172286, -1096.0040995192273, -1101.6503544812822, -1104.7060825712829, -1107.266652265157, -1108.5008706751694, -1110.7885120191509]
 -- BestCostElement: [-1110.78851202 -1108.50087068 -1108.44536627 -1107.46052126]
 -- BestRoute: [[ 0 19 14 22 15  9  4  8  3  7 12  6 10 13 20 17 18 11  5  2]
 [ 0 27 43 41 36 40 28 25 31 34 35 33 26 24 30 32 44 39 38 37]]
 -- Custo: 
 ---------48.00168781936335
 ---------48.801184175848974
 ---- Total: 96.80287199521231
 -- Premio: 
 ---------106.0
 ---------108.0
 ---- Total: 214.0
 - Execucao 10
 -- BestCostGenaration: [-116.86078174982315, -189.76065322169867, -229.8306269324235, -313.4131241459788, -340.2548284202806, -381.445120268156, -455.1114831960177, -501.6670546811946, -522.5322672398454, -545.0285016043497, -589.7719810635947, -637.8213474410073, -653.5059956603632, -702.6971669133693, -711.0189929347142, -742.1215926155879, -779.678230460584, -792.0275707855521, -833.3521693064006, -842.3102044143704, -863.2146564383681, -896.7106542212234, -915.5122082451401, -915.7457545064624, -946.5756799439597, -980.6919201556499, -997.3981555782699, -1002.1442367455654, -1023.5362183023959, -1046.9895017253773, -1072.761629353494, -1086.5715332869295, -1098.8091033891324, -1108.0610307371867, -1109.6017699434183, -1113.8965989901649, -1115.765203783416, -1119.4592388932501, -1121.5940263345992, -1127.881443995106, -1130.2245897456137, -1130.9294284762882]
 -- BestCostElement: [-1130.92942848 -1130.92942848 -1130.92942848 -1130.92942848]
 -- BestRoute: [array([ 0, 22, 15, 16,  4,  9,  8,  3,  7, 14, 19, 12,  6, 11, 18, 17,  5,
       10, 13,  2])
 array([ 0, 27, 25, 28, 40, 36, 41, 43, 31, 34, 35, 33, 44, 39, 38, 32, 30,
       26, 24, 29, 37])]
 -- Custo: 
 ---------47.70446258478352
 ---------49.31318029614445
 ---- Total: 97.01764288092798
 -- Premio: 
 ---------105.0
 ---------112.0
 ---- Total: 217.0
 - Execucao 11
 -- BestCostGenaration: [-198.50276176697093, -199.04811670884922, -282.11365539238636, -358.78881955805707, -371.369724468996, -416.6633743258594, -485.08574130027165, -533.4338781366174, -587.3296106309676, -600.0344673241365, -627.5796729098533, -658.5133345260208, -703.8222025215924, -745.0936744630459, -758.9702245454769, -800.6828068849701, -802.6623009063857, -843.2034821135876, -854.0334541109446, -871.6220533234185, -876.0883676156625, -891.6838437154752, -918.1211841733216, -924.0461038650415, -950.1648089563533, -964.9843350748532, -981.6699810447453, -985.5429372122151, -1002.8050907446495, -1020.1555125236699, -1025.749685927217, -1037.6862142283971, -1047.897532114686, -1064.973631888904, -1072.2533059405919, -1093.9657634192959, -1098.9580198104768, -1107.5963268303103, -1109.3089091698034, -1115.248214419863, -1120.6706021499701, -1126.5688310306587, -1129.2934219521658, -1132.692295792674, -1135.3371414601527, -1136.8868045028385, -1141.3371414601527, -1142.9305240108254]
 -- BestCostElement: [-1142.93052401 -1142.93052401 -1142.93052401 -1142.93052401]
 -- BestRoute: [array([ 0, 19, 14, 22, 15, 16,  4,  9,  8,  3,  7, 12,  6, 11, 18, 17, 20,
       13, 10,  5,  2])
 array([ 0, 25, 28, 31, 36, 40, 41, 43, 34, 27, 33, 44, 26, 24, 29, 30, 32,
       39, 38, 37])]
 -- Custo: 
 ---------47.71630453357731
 ---------49.80106446371636
 ---- Total: 97.51736899729366
 -- Premio: 
 ---------108.0
 ---------111.0
 ---- Total: 219.0
 - Execucao 12
 -- BestCostGenaration: [-138.31417276431674, -194.58019442706143, -209.08113144036665, -313.19706912932463, -344.39140725481786, -389.426796629593, -451.50136810268805, -503.0989311045205, -511.8763645415812, -543.979525005426, -599.3894917612922, -684.9691434956503, -691.8047117486286, -718.1320432891106, -772.8917246934386, -805.5857598032728, -819.2899536823666, -850.6648074283542, -877.0342440173397, -888.3756151622563, -903.3550152501653, -920.1155820708407, -931.5818963630845, -947.5048834117081, -974.2920396897116, -975.9675031439883, -992.4034958697133, -994.4233606215953, -1015.7617467663131, -1023.3967484298579, -1038.1955463418835, -1054.538692092391, -1063.7271612237691, -1076.7810848488464, -1078.9081286813766, -1091.0440161357988, -1097.6021637912108, -1109.0684780834547, -1112.1242061734556, -1116.5944201823918, -1119.7175887241283, -1125.7613082321152]
 -- BestCostElement: [-1125.76130823 -1125.76130823 -1125.76130823 -1125.76130823]
 -- BestRoute: [array([ 0, 19, 14, 22, 15, 16,  4,  9,  8,  3,  7, 12,  6, 11,  5, 10, 20,
       17, 18, 13,  2])
 array([ 0, 25, 28, 36, 40, 41, 43, 34, 31, 27, 33, 44, 39, 32, 38, 29, 24,
       26, 37])]
 -- Custo: 
 ---------49.15957814887292
 ---------49.15009479309826
 ---- Total: 98.30967294197117
 -- Premio: 
 ---------108.0
 ---------109.0
 ---- Total: 217.0
 - Execucao 13
 -- BestCostGenaration: [-147.2104711205196, -186.60195907769082, -269.6528686079569, -289.46250156288306, -338.2030384156561, -404.4903617236627, -474.887324830356, -502.05450910035853, -559.5081181716379, -569.4120874201242, -625.3569874056782, -644.1131139782497, -671.5431406287995, -695.1502180596847, -739.0239093610156, -768.4406002274945, -792.4713779904683, -827.921908653826, -849.3742252437414, -859.6155703466751, -864.1426717016079, -913.5272187167245, -944.3125320391915, -955.4069853262204, -964.3328913859496, -981.0909914866418, -1001.8231875266365, -1030.4263936283307, -1030.489074474276, -1036.7060676800186, -1042.9323583660444, -1049.0331113600969, -1054.7690249609375, -1059.6566721661998, -1060.3337112639947, -1066.4639832700009, -1067.1410223677958, -1070.0506201188784, -1073.3643286178633, -1078.0583637276973, -1080.0769109573566, -1083.1326390473573]
 -- BestCostElement: [-1083.13263905 -1083.13263905 -1083.13263905 -1083.13263905]
 -- BestRoute: [array([ 0, 22, 19, 14, 15,  9,  4,  8,  3,  7, 12,  6, 10, 13, 20, 17, 18,
       11,  5,  2])
 array([ 0, 27, 25, 28, 31, 40, 36, 41, 43, 34, 35, 44, 38, 29, 24, 26, 39,
       37])]
 -- Custo: 
 ---------48.57359815535869
 ---------49.893242082801976
 ---- Total: 98.46684023816067
 -- Premio: 
 ---------106.0
 ---------105.0
 ---- Total: 211.0
 - Execucao 14
 -- BestCostGenaration: [-174.17033068304738, -201.49315666412258, -234.82571370084258, -299.40166054588445, -361.53910627818163, -412.9060802442075, -448.10338768361805, -490.1675805073322, -522.4982482644688, -548.9223944764811, -639.9670059949748, -641.2425387777618, -682.7434875948161, -704.195129948195, -748.1121408779802, -771.4723170369759, -780.3875107366539, -809.7422719011606, -835.5527681854123, -845.882257357208, -911.744812729399, -936.21572842508, -949.21572842508, -966.7726213791916, -978.7708965137273, -981.2662434838287, -1002.7186903225069, -1033.6794049398081, -1045.8428387798062, -1056.9281037104236, -1082.1962727621667, -1086.595146602675, -1097.2067441604277, -1100.9073179179072, -1106.288539405432, -1108.5761807494134, -1114.5761807494134, -1114.6199002574003]
 -- BestCostElement: [-1114.61990026 -1114.61990026 -1114.61990026 -1114.61990026]
 -- BestRoute: [array([ 0, 19, 14, 22, 15,  9,  4,  8,  3,  7, 12,  6, 18, 17, 20, 10, 13,
       11,  5,  2])
 array([ 0, 25, 28, 31, 36, 40, 43, 41, 34, 27, 26, 24, 30, 32, 44, 39, 38,
       29, 37])]
 -- Custo: 
 ---------48.040859853914064
 ---------49.55416508173582
 ---- Total: 97.59502493564989
 -- Premio: 
 ---------106.0
 ---------109.0
 ---- Total: 215.0
 - Execucao 15
 -- BestCostGenaration: [-136.45908756045404, -206.37465135472877, -379.0867188195597, -391.7202418077046, -447.864878530141, -468.4216696507674, -539.2290902153336, -580.1972796039256, -621.5276117284122, -672.9240079918922, -681.2115940839848, -708.6733275422268, -730.9597053681118, -751.6693205851229, -752.5703930869053, -777.4852370401816, -815.6621630337677, -858.0923932007511, -871.1001368095699, -881.4990106500784, -905.206631567291, -941.0843193097534, -951.2630333132394, -957.3727487858619, -990.9678720439136, -1002.7036860556607, -1011.020640556784, -1019.7966945950969, -1032.7674395388958, -1035.1758162447727, -1041.9831273485738, -1050.4088112113432, -1057.546558229823, -1057.9256798794986, -1080.430418327734, -1092.5418745077359, -1096.6939903089926, -1099.5418745077359, -1103.5013014127937, -1106.5418745077359, -1113.5418745077359]
 -- BestCostElement: [-1113.54187451 -1106.54187451 -1106.54187451 -1106.54187451]
 -- BestRoute: [[ 0 19 14 22 15  9  4  8  3  7 12  6 11 18 17 20 10  5 13  2]
 [ 0 27 25 28 31 36 40 41 43 34 35 33 44 42 38 29 24 26 39 37]]
 -- Custo: 
 ---------48.143710224168
 ---------49.720821148898054
 ---- Total: 97.86453137306606
 -- Premio: 
 ---------106.0
 ---------109.0
 ---- Total: 215.0
 - Execucao 16
 -- BestCostGenaration: [-135.49051803200948, -179.08808959299878, -275.83523683541677, -317.4118587000546, -364.51520886985315, -426.77763457307526, -459.1052594013129, -510.9089871143192, -556.4897168439365, -579.5649249654589, -606.8368602645278, -619.571729285156, -680.28191667837, -696.9965606749822, -744.102537863009, -757.9310935923551, -772.8565431142583, -804.4090267842118, -845.2146273934989, -865.5097886628245, -897.0875835609686, -897.8001659004617, -903.6357341534401, -944.8373378762433, -965.6661604274265, -974.7141449086084, -976.4460005904039, -992.0278534075933, -993.6584168186076, -994.7141449086084, -1008.4561644996246, -1022.0015625691152, -1025.057290659116, -1027.4004364096236, -1028.6502405523188, -1035.7435821601314]
 -- BestCostElement: [-1035.74358216 -1035.74358216 -1035.74358216 -1035.74358216]
 -- BestRoute: [array([ 0, 21, 13, 11, 17, 18, 12,  3,  8,  9, 15, 14, 19,  6,  5, 10,  2])
 array([ 0, 27, 34, 31, 25, 28, 36, 40, 41, 43, 44, 39, 42, 38, 29, 24, 30,
       26, 32, 37])]
 -- Custo: 
 ---------49.88981465850054
 ---------49.92428980146662
 ---- Total: 99.81410445996715
 -- Premio: 
 ---------94.0
 ---------111.0
 ---- Total: 205.0
 - Execucao 17
 -- BestCostGenaration: [-132.32739310814355, -185.87212450365953, -241.83575754440778, -296.26756366461706, -344.78927887697944, -414.7626831426779, -489.74356839888634, -530.1000742435322, -544.5438950648513, -583.3366489715488, -644.3783254670702, -694.6030617830697, -734.7406959654178, -747.1476196490833, -796.2919485783648, -825.0767510502388, -857.292582621728, -871.7259937053592, -930.8456261516496, -958.6524228375498, -974.4207332670439, -998.6016939249387, -1006.8154286606705, -1013.9082512099895, -1038.5526766878704, -1045.525738046221, -1048.655784396296, -1056.2120295472364, -1063.112023945449, -1069.225106122019, -1070.373519478888, -1087.6743316259553, -1088.5031541771386, -1098.3606231269705, -1103.6874516613475, -1108.5419610340489, -1118.5682518725268, -1124.6119713805138, -1125.3755629763277, -1131.4192824843149]
 -- BestCostElement: [-1131.41928248 -1131.41928248 -1131.41928248 -1131.41928248]
 -- BestRoute: [array([ 0, 19, 14, 22, 15, 16,  4,  9,  8,  3,  7, 12,  6, 11,  5, 10, 20,
       18, 17, 13,  2])
 array([ 0, 27, 25, 28, 36, 40, 41, 43, 31, 34, 35, 44, 39, 32, 38, 29, 30,
       26, 24, 37])]
 -- Custo: 
 ---------49.263933416414815
 ---------49.381245962506476
 ---- Total: 98.64517937892128
 -- Premio: 
 ---------108.0
 ---------110.0
 ---- Total: 218.0
 - Execucao 18
 -- BestCostGenaration: [-120.73892511006756, -202.9551056675712, -271.6897245016114, -307.9078404314105, -347.0409190071093, -371.7273704906861, -438.33982997081114, -500.1655520919044, -527.7354878443795, -561.2774284928308, -606.0472715955349, -626.1602403044096, -648.4825259002575, -661.9646093540631, -699.5624017173951, -708.0058378463912, -724.3593754379149, -754.1060466313922, -766.9431118097099, -800.5891929798377, -820.811329136227, -854.2729936988335, -879.895848287987, -907.1832659484937, -912.2488175083909, -921.2976028958666, -941.6318597569214, -947.2976028958666, -955.5800128412104, -962.9103028116429, -997.5074357923202, -1013.014534441319, -1016.4134082818275, -1029.5678430911983, -1037.4502385152616, -1050.194686495921, -1061.5961802043587, -1066.4613927630094, -1075.2746276616642, -1085.3838288049792, -1093.3411593725052, -1096.366179937661, -1107.2677824151863, -1111.3468513796709, -1118.832251745373, -1121.2461988205096, -1124.6450726610178, -1126.6161498273957, -1130.0150236679042, -1130.31018493723]
 -- BestCostElement: [-1130.31018494 -1130.31018494 -1130.31018494 -1130.31018494]
 -- BestRoute: [array([ 0, 19, 14, 22, 15, 16,  4,  9,  8,  3,  7, 12,  6,  5, 11, 21, 18,
       17, 20, 13, 10,  2])
 array([ 0, 25, 28, 31, 27, 34, 36, 40, 41, 43, 35, 33, 26, 24, 30, 32, 39,
       44, 38, 37])]
 -- Custo: 
 ---------49.13051809595039
 ---------49.79193566974214
 ---- Total: 98.92245376569252
 -- Premio: 
 ---------110.0
 ---------108.0
 ---- Total: 218.0
 - Execucao 19
 -- BestCostGenaration: [-133.4201348892077, -190.72295746677008, -231.6896499629961, -315.4100967983956, -367.0910869480052, -396.1657363558692, -448.21699145995274, -481.0921566693404, -500.2351141764964, -571.9142543221241, -585.3649019395376, -634.7991123235478, -670.6827713215094, -689.946958511017, -729.6900954832151, -749.4848851728545, -777.1965156362656, -822.8013894579766, -843.8951230830457, -865.1825407435525, -887.4931431995741, -902.0192679267625, -913.5755029067228, -919.0210685736613, -937.2060663177372, -964.652069442857, -973.5859753620294, -980.4203798723511, -1002.0930287032322, -1012.4925743933765, -1020.3622066231205, -1030.891448233885, -1032.215889448288, -1049.026597427282, -1058.7949078567763, -1083.069283458875, -1085.7075904787082, -1087.4681572993836, -1091.4914885607309, -1094.1297955805642, -1094.5706296725102, -1097.742597974201, -1099.4400253186354]
 -- BestCostElement: [-1099.44002532 -1099.44002532 -1099.44002532 -1099.44002532]
 -- BestRoute: [array([ 0, 15,  9,  4,  8,  3,  7, 14, 22, 19, 12,  6, 11, 18, 17,  5, 10,
       13,  2])
 array([ 0, 27, 25, 28, 31, 36, 40, 41, 43, 34, 35, 33, 44, 39, 32, 38, 29,
       24, 26, 37])]
 -- Custo: 
 ---------48.93310454394328
 ---------48.95688912639784
 ---- Total: 97.88999367034111
 -- Premio: 
 ---------103.0
 ---------110.0
 ---- Total: 213.0
 - Execucao 20
 -- BestCostGenaration: [-144.8967871914822, -201.17567259681945, -228.0883896248667, -311.5258406372627, -386.6764405228259, -414.56712652710246, -489.6097200626507, -499.0239577775063, -567.242260805556, -615.5186596584274, -645.8391122376081, -674.0046807158515, -711.6167114209653, -724.6836318482488, -758.0122175010329, -788.3987657696903, -803.4708126103565, -831.9346535430026, -846.1328323910933, -878.0149700240138, -901.3658593833403, -919.2188211524999, -948.6262600927259, -963.4780121236115, -977.0399854158758, -989.1348663731039, -999.4175000019222, -1006.0391945630016, -1016.5949265718383, -1029.5445438344527, -1044.5949265718382, -1046.900891462004, -1052.8954331937791, -1063.2812180728533, -1067.680091913362, -1072.3175836544228, -1074.3554933925134, -1075.8964768944816, -1081.7397887562788, -1085.4338238661126, -1092.5560836669547, -1098.1309189879685, -1103.2423751679698, -1103.500355576954, -1107.8992294174623]
 -- BestCostElement: [-1107.89922942 -1107.89922942 -1107.89922942 -1107.89922942]
 -- BestRoute: [array([ 0, 22, 14,  7,  3,  8,  4,  9, 16, 15, 19, 12,  6,  5, 11, 18, 17,
       20, 13, 10,  2])
 array([ 0, 25, 31, 28, 36, 40, 41, 43, 34, 27, 33, 44, 42, 38, 39, 32, 26,
       24, 37])]
 -- Custo: 
 ---------49.717456999782556
 ---------49.55773564585187
 ---- Total: 99.27519264563443
 -- Premio: 
 ---------108.0
 ---------107.0
 ---- Total: 215.0
 - Execucao 21
 -- BestCostGenaration: [-139.3096564275578, -178.00506146110595, -243.2742916211672, -298.2224914934228, -359.01661082312046, -405.5560860330454, -464.8399836750587, -497.08572538401916, -581.0157401366253, -620.065910553815, -645.7300718426396, -662.0227509523955, -724.2743147999236, -766.2326624619941, -779.9046073505788, -792.3188382677522, -827.1812914239445, -836.4485941733819, -847.7596090811751, -866.6062655091293, -877.831312315916, -903.9675397726699, -930.1289995222156, -941.3651699486793, -954.7781101628891, -962.5266888373482, -972.7667672653201, -985.0585750674512, -996.5278733627242, -1004.413679551006, -1021.4334115236034, -1021.4421687444717, -1031.8577853497156, -1037.4891396136043, -1048.1754311146196, -1058.7564316290118, -1071.8533093322703, -1076.4427231300272, -1094.938474673794, -1106.3079112627795, -1108.5755767324536, -1112.3516307707664, -1119.945013321439, -1122.2509782116051]
 -- BestCostElement: [-1122.25097821 -1122.25097821 -1122.25097821 -1122.25097821]
 -- BestRoute: [array([ 0, 19, 22, 14, 15, 16,  4,  9,  8,  3,  7, 12,  6,  5, 11, 18, 17,
       20, 10, 13,  2])
 array([ 0, 25, 28, 40, 41, 43, 36, 31, 34, 27, 33, 44, 39, 32, 38, 29, 24,
       26, 37])]
 -- Custo: 
 ---------49.27322863150025
 ---------49.914026815598476
 ---- Total: 99.18725544709872
 -- Premio: 
 ---------108.0
 ---------109.0
 ---- Total: 217.0
 - Execucao 22
 -- BestCostGenaration: [-157.34640045948834, -167.45205082954524, -236.6597690251142, -294.5804340288553, -358.38640502848614, -383.9747878913792, -439.1400537072111, -505.8998058224463, -519.4616686352308, -584.3031904818384, -626.6778640264754, -658.7462101407871, -681.3599745551635, -697.6573643164329, -727.7938406545386, -740.0617779185936, -796.7863513548839, -808.4013951845106, -821.4929488921832, -830.8896048478932, -884.014441821291, -887.0735095045452, -898.2848273908342, -918.068725472857, -932.8432643724743, -961.3391330874572, -971.1870172862002, -980.4792356661075, -985.2845242781141, -994.3003146084719, -1011.068625037966, -1029.8659490784262, -1048.3784407930275, -1054.4221603010146, -1060.3242682911077, -1065.0636838010946, -1075.6382622189917, -1078.8307726400903, -1091.406572648486, -1100.17488307798, -1106.9821941817809, -1109.3253399322884, -1112.9821941817809, -1115.3253399322884, -1117.6684856827962, -1119.261868233469]
 -- BestCostElement: [-1119.26186823 -1119.26186823 -1119.26186823 -1119.26186823]
 -- BestRoute: [array([ 0, 19, 14, 22, 15, 16,  4,  9,  8,  3,  7, 12,  6, 11,  5, 13, 20,
       17, 18, 10,  2])
 array([ 0, 27, 25, 28, 31, 36, 40, 41, 43, 34, 35, 44, 32, 38, 29, 24, 26,
       39, 37])]
 -- Custo: 
 ---------48.39564612637271
 ---------49.78888681526007
 ---- Total: 98.18453294163278
 -- Premio: 
 ---------108.0
 ---------108.0
 ---- Total: 216.0
 - Execucao 23
 -- BestCostGenaration: [-119.70335124100656, -155.46775749901963, -226.31988825230303, -266.0623204408338, -341.52372824464845, -411.5353218874832, -464.70221598973876, -600.8890133828372, -617.6248273945844, -630.7245950762061, -673.273126279912, -706.9899720450496, -732.4084469346406, -764.2591701826775, -778.857626928906, -806.6787058712704, -819.5479063507123, -847.5238322890095, -887.9259778362818, -908.6385601757751, -910.5722353937941, -934.4208197933569, -944.2660369993237, -963.9445682038079, -973.462992585334, -992.2058178884527, -1007.0302695655964, -1016.9396203811264, -1022.0550757633597, -1040.1115886828172, -1052.089851776957, -1057.7105662554088, -1064.682858841894, -1083.8220224354106, -1090.7943150218957, -1095.48835013173, -1098.508837967463, -1107.182385241564, -1112.2566605612237, -1118.0922288142021]
 -- BestCostElement: [-1118.09222881 -1117.26340626 -1115.32391838 -1114.2771484 ]
 -- BestRoute: [[ 0 19  7  3  8  4  9 15 22 14 12  6 11 18 17 20 13 10  5  2]
 [ 0 27 25 28 31 36 40 41 43 34 35 33 26 24 29 38 32 44 39 37]]
 -- Custo: 
 ---------48.691626545305446
 ---------49.78531625114404
 ---- Total: 98.47694279644949
 -- Premio: 
 ---------106.0
 ---------110.0
 ---- Total: 216.0
 - Execucao 24
 -- BestCostGenaration: [-129.33800518126452, -206.31417129318646, -247.3280208921807, -281.32264986469227, -352.48108028908746, -435.77348498744504, -476.41421050468057, -494.59611396058574, -544.5683396280103, -604.2941653556356, -652.6188309035558, -667.5833615147078, -732.6766254506838, -750.1545586425407, -791.9732126011568, -818.9640233258849, -832.2126481025507, -854.933524147078, -871.0548064749153, -894.8735204618779, -941.9393571160995, -954.6123885615592, -968.38107337777, -993.9714511144284, -1006.6049741025734, -1008.0751084876042, -1032.642255397806, -1039.996104334263, -1050.0705664898373, -1073.458550308482, -1083.0031016122034, -1107.928639456629, -1116.071352702119, -1118.7250605385664, -1124.839663131613, -1128.5928185660482, -1131.8242844530796, -1135.0514136753718, -1140.5925948825736, -1144.8319195227941, -1148.3581694184118, -1156.7013151689196, -1158.2946977195922, -1164.2946977195922]
 -- BestCostElement: [-1164.29469772 -1164.29469772 -1164.29469772 -1164.29469772]
 -- BestRoute: [array([ 0, 19, 14, 22, 15, 16,  4,  9,  8,  3,  7, 12,  6, 13, 20, 17, 18,
       11,  5, 10,  2])
 array([ 0, 27, 31, 25, 28, 36, 40, 41, 43, 34, 35, 33, 44, 42, 39, 32, 30,
       26, 24, 29, 38, 37])]
 -- Custo: 
 ---------48.981432563999604
 ---------48.44489300610235
 ---- Total: 97.42632557010195
 -- Premio: 
 ---------108.0
 ---------114.0
 ---- Total: 222.0
 - Execucao 25
 -- BestCostGenaration: [-139.8149208518039, -184.7834851671046, -255.2780423579394, -333.30892425055526, -383.3832151177128, -417.2863222441121, -452.5005310694983, -495.1486768953175, -550.9414405909474, -578.9183768279299, -642.3931859666206, -665.7440753259472, -703.5579914503849, -722.5657739513042, -736.081307670846, -781.3065412031087, -796.6496869536163, -829.4508173662491, -860.4322701365901, -872.6852163213732, -890.7969226938874, -921.1220173531019, -928.302246737295, -948.1142737442831, -967.1126792640022, -975.9353526866474, -980.1670422571533, -1003.4767331514255, -1011.9401122924373, -1017.9401122924374, -1030.8121352931144, -1042.3821865824395, -1047.9880967736194, -1052.2197863441252, -1055.7486635942946, -1058.8121352931144, -1068.0436011801457, -1071.8119116096395, -1076.7564072031137, -1080.5802220391338, -1086.273275871269, -1093.572478430315, -1099.6161979383019, -1104.918194075552]
 -- BestCostElement: [-1104.91819408 -1104.91819408 -1104.91819408 -1104.91819408]
 -- BestRoute: [array([ 0, 22, 19, 14, 15, 16,  9,  4,  8,  3,  7, 12,  6, 11, 18, 17, 20,
       13,  5, 10,  2])
 array([ 0, 25, 28, 31, 36, 41, 40, 43, 34, 27, 44, 42, 38, 29, 24, 26, 39,
       37])]
 -- Custo: 
 ---------48.58220523969892
 ---------49.68824624141307
 ---- Total: 98.27045148111199
 -- Premio: 
 ---------108.0
 ---------106.0
 ---- Total: 214.0
 - Execucao 26
 -- BestCostGenaration: [-154.82866848974436, -165.24085282632637, -231.4385318803838, -346.8700809903813, -433.46026670156164, -484.2143799657807, -528.7871914421365, -570.0945158023496, -606.9817164364817, -631.7413911915592, -672.1051029691562, -734.590175752872, -753.5493100281176, -763.9793652253402, -791.860058949972, -835.2297504460129, -838.4234989167207, -868.9579500977022, -917.9122942377705, -922.0429804969178, -937.7756158051845, -950.5851002738345, -969.2182591279363, -981.8670055382134, -998.0237504177721, -1020.352135063285, -1031.053913781938, -1040.7057769455923, -1055.089370622613, -1070.0358623005127, -1084.0518822732306, -1102.5220718562687, -1109.452802513711, -1115.9169678670044, -1129.9935168611146, -1132.7181077826217, -1133.7695708994277, -1140.7695708994277, -1145.7618272906088, -1146.7695708994277, -1148.3629534501003, -1153.0120640907737]
 -- BestCostElement: [-1153.01206409 -1152.01206409 -1152.01206409 -1152.01206409]
 -- BestRoute: [[ 0 19 14 22 15 16  4  9  8  3  7 12  6 11 18 17 20 13  5 10  2]
 [ 0 27 25 28 31 36 40 41 43 34 35 33 44 39 26 24 29 30 32 38 37]]
 -- Custo: 
 ---------47.61194926603541
 ---------49.135034711271146
 ---- Total: 96.74698397730656
 -- Premio: 
 ---------108.0
 ---------112.0
 ---- Total: 220.0
 - Execucao 27
 -- BestCostGenaration: [-130.76509635916307, -167.98704314377326, -230.14341537864152, -306.22302512040164, -353.5902298965287, -357.7705515677287, -389.9098922407805, -418.3262090043045, -496.18787490130995, -533.1302259770268, -533.1955140853742, -568.9507322670815, -628.2088031256917, -665.8664353356253, -703.5212231342091, -726.547643514217, -755.2407783727517, -782.2330347639329, -797.7282195088217, -826.4723616161962, -856.3687735983343, -875.7463864536087, -885.0791420228355, -897.1400143012238, -930.5958043055813, -932.8667957633165, -939.9907946857847, -947.9589205713891, -970.4042470783859, -978.1419024506022, -979.0132268947235, -995.7561471239012, -997.0368190826131, -1002.9073607680218, -1006.4128819749698, -1012.1453156854843, -1023.3847488648089, -1035.214116511062, -1044.4947884697738, -1050.1541226020686, -1050.26261920494, -1054.9081516208958, -1056.1888235796077, -1059.5876974201162, -1062.235810153766, -1075.635681901298, -1077.2290644519708, -1078.2368080607898, -1081.0051184902838, -1083.0646327049492, -1084.072376313768, -1086.840686743262, -1088.4345837118356, -1092.2106377501484, -1093.0394603013317]
 -- BestCostElement: [-1093.0394603  -1093.0394603  -1092.21063775 -1092.21063775]
 -- BestRoute: [[ 0 19  7  3  8  4  9 15 22 14 12  6 18 17 20 13 11  5 10  2]
 [ 0 27 34 31 25 28 36 40 41 43 35 33 44 39 32 30 38 29 26 37]]
 -- Custo: 
 ---------49.749548937931934
 ---------49.74058598673515
 ---- Total: 99.49013492466707
 -- Premio: 
 ---------106.0
 ---------107.0
 ---- Total: 213.0
 - Execucao 28
 -- BestCostGenaration: [-187.5488095134372, -215.75468939036358, -250.68419959915343, -274.45562808953173, -350.44364424823016, -388.55427480366495, -406.95223977243404, -466.8696115925869, -530.3679981317639, -564.1104889432928, -586.9717119903977, -615.653534489348, -685.6640454655941, -696.3588308981645, -744.1387943216768, -759.1053912275244, -814.9255710254367, -843.9796725890913, -859.8034874251116, -866.1590272868833, -899.2528079931338, -918.4771510062242, -938.4797733882322, -945.4694073974053, -956.580863577407, -985.2982299485886, -990.2983233355948, -1001.0665403780827, -1020.2478169072958, -1033.260566493217, -1061.9624456467611, -1074.9307549411164, -1081.6750279862545, -1090.4872649778852, -1094.0739018267627, -1102.842212256257, -1108.536247366091, -1109.4619720464311, -1114.5799668740779]
 -- BestCostElement: [-1114.57996687 -1114.57996687 -1114.57996687 -1114.57996687]
 -- BestRoute: [array([ 0, 19, 14, 22, 15,  9,  4,  8,  3,  7, 12,  6, 10, 13, 20, 17, 18,
       11,  5,  2])
 array([ 0, 25, 28, 31, 43, 40, 41, 36, 34, 27, 26, 24, 29, 30, 32, 44, 39,
       38, 37])]
 -- Custo: 
 ---------48.00168781936335
 ---------49.60332046211717
 ---- Total: 97.60500828148051
 -- Premio: 
 ---------106.0
 ---------109.0
 ---- Total: 215.0
 - Execucao 29
 -- BestCostGenaration: [-139.53802702622306, -187.5425242907645, -306.4771879290701, -324.4025614995048, -352.9843565787561, -443.76682835628185, -510.0540469876864, -561.1454598702232, -590.3101655147668, -650.9081091694748, -665.6056738299274, -686.0821611749669, -723.9264732898152, -740.1344018344302, -759.4639140121965, -778.6382790831162, -795.2349124420025, -834.6902600334206, -845.376551534436, -866.0891338739291, -896.505350870455, -922.8554824157542, -934.8733721406384, -962.6944510830028, -965.3831555922818, -975.6657892211002, -989.7371049636296, -1027.8845574785971, -1032.4097751259906, -1045.0117436250462, -1052.6286083607583, -1061.0508134626143, -1064.2653936600932, -1077.2484685858235, -1097.1905008916883, -1103.6761776923643, -1108.6568151839324, -1120.0262517729182, -1121.1424919846083, -1123.485637735116, -1132.4105930396563, -1134.171929236131, -1142.6450783962994, -1142.940239665625, -1145.2462045557909, -1149.0968845406715, -1150.6902670913441]
 -- BestCostElement: [-1150.69026709 -1149.09688454 -1146.83958711 -1146.83958711]
 -- BestRoute: [[ 0 22  7  3  8  9  4 16 15 14 19 12  6  5 11 18 17 20 13 10  2]
 [ 0 25 28 40 41 43 36 31 34 27 33 44 42 38 39 32 30 26 24 29 37]]
 -- Custo: 
 ---------49.571047264319105
 ---------49.506385962844874
 ---- Total: 99.07743322716398
 -- Premio: 
 ---------108.0
 ---------113.0
 ---- Total: 221.0
