 - Execucao 0
 -- BestCostGenaration: [-51.89327901336739, -91.89327901336739, -119.52680200151227, -160.24597799867612, -181.69877030320316, -184.31458521619976, -210.84206685528702, -258.83432324646816, -285.6761626652162, -305.0763838171571, -326.3896542826125, -373.4400683287997, -377.5171152677379, -403.75345134182913, -420.7586989458046, -423.09026427504, -464.0701238535092, -504.9684085748185, -532.6333206755389, -569.3930134650648, -605.4666269414449, -607.3085542713609, -618.1216350812213, -653.8876309893755, -690.0699068231716, -712.7514142924983, -746.0353728207286, -748.9667555697862, -758.0845953280516, -789.4934448109001, -800.5120897826504, -819.6808082267669, -826.6333632398758, -849.9522516562777, -861.6220607797317, -878.1594888128616, -908.0440394540458, -923.530132501832, -926.8127661306505, -941.5709551227017, -944.746537642138, -958.8878124707626, -966.3609616309311, -969.7598354714396, -982.7118509902575, -986.8155635614404, -995.4761017674606, -1001.8155635614404, -1013.2144374019489, -1025.1509657031293, -1029.404179916463, -1046.8123825717823, -1056.0054875392505, -1071.2112564122908, -1071.9912792035195, -1072.2181847423371, -1075.2972440936855, -1082.677570704535, -1085.5427832631856, -1088.677570704535, -1094.677570704535, -1099.0764445450434, -1099.249346013527, -1102.1170176399855, -1102.555310903693, -1103.281102273164, -1105.4229825301513, -1105.5958839986351, -1106.3216753681058, -1107.9150579187785]
 -- BestCostElement: [-1107.91505792 -1107.91505792 -1106.32167537 -1106.32167537]
 -- BestRoute: [[ 0 26 24 30 29 37 38 42 32 39 44 33 35 27 25 31 34 41 43 40 36 28 23 22
  15 16  4  9  8  3  7 14 19 12 21 18 17 13 20 10  2  5  6 11  0]]
 -- Custo: 
 ---------116.77123552030535
 ---- Total: 116.77123552030535
 -- Premio: 
 ---------225.0
 ---- Total: 225.0
 - Execucao 1
 -- BestCostGenaration: [-51.89327901336739, -83.88005332705198, -131.94667143891655, -154.13864886380992, -178.2423982934829, -220.08094398567886, -225.44134369677903, -236.1929508596569, -298.14793066864706, -321.19495564915644, -361.93616928533913, -380.08165593218973, -423.7854619688823, -436.71414622635285, -460.4148865550934, -473.65954243982316, -485.8928197469502, -525.8126091531385, -529.1029863907756, -535.0257873743342, -551.3525425767816, -575.593657935144, -600.3657321713683, -621.3657321713683, -630.6682480979475, -663.9556657584543, -682.7363903472096, -704.2375868273347, -716.1354426804571, -737.8292992975523, -757.4803700791764, -776.548670601997, -788.5098565118215, -798.504741831927, -804.3721863605438, -821.7745922274711, -843.8414237317572, -852.1845694822648, -860.7066362904079, -867.1331514357364, -884.2386774914917, -907.5954969750645, -922.5693699275797, -924.1100291561177, -936.5763434483617, -943.7052980475294, -951.6572583144587, -967.3729870669969, -987.5936181840532, -992.699386997482, -1003.3619286135473, -1006.699386997482, -1015.0794751403853, -1023.0325498817147, -1025.0250622880462, -1031.2925766906706, -1036.5629009595343, -1038.8345223307979, -1042.3962892618533, -1048.4400087698405, -1052.6716983403462, -1053.101647051021, -1058.7507576916946, -1061.0939034422022, -1062.650709149493, -1065.653855562538, -1065.8327766201735, -1066.1868944231073, -1068.69442865748, -1068.7095836525389, -1071.750156747481, -1119.8210398325405, -1125.750156747481, -1126.750156747481]
 -- BestCostElement: [-1126.75015675 -1125.75015675 -1125.1567742  -1124.1567742 ]
 -- BestRoute: [[ 0 25 31 34 45 43 40 41 36 28 27 35 33 44 42 37 38 39 32 30 29 24 26 19
  14 22 15 16  4  9  8  3  7 12 21 18 17 20 13 10  2 11  6  5  0]]
 -- Custo: 
 ---------126.06246081312976
 ---- Total: 126.06246081312976
 -- Premio: 
 ---------233.0
 ---- Total: 233.0
 - Execucao 2
 -- BestCostGenaration: [-51.89327901336739, -91.89327901336739, -117.88005332705198, -153.5063303416784, -182.8892890770674, -200.1539961463913, -239.88801663889754, -246.45997588824343, -279.7166605618386, -308.6998524710077, -323.44620341940305, -332.29673054067604, -366.783525955722, -381.96474251168854, -416.8949821357237, -440.4348976169705, -512.048933810149, -518.048933810149, -536.2724931979106, -578.3028351246082, -602.945233040551, -617.1033326401248, -636.0259846685572, -677.4787697358552, -690.481933124488, -740.1080405884068, -777.0713966171179, -799.7019600281324, -830.5914429490301, -853.3335960575778, -858.1135097571733, -873.3335960575778, -875.2120521934548, -909.1767744018432, -932.2541708973513, -942.8473012294501, -964.0067749830584, -971.1718363882801, -974.599905315157, -993.4847081749152, -1002.6821664087904, -1014.6821664087904, -1016.540436264916, -1030.4834764422358, -1036.0001529153838, -1046.264239314543, -1053.0932335178636, -1060.0112145893847, -1062.908309558788, -1071.033583345721, -1077.9105519768036, -1081.5035018700064, -1083.3815131279168, -1085.4726980585924, -1091.4726980585924, -1093.736270039851, -1093.9510499993412, -1099.8949031604484, -1102.158475141707, -1108.158475141707, -1109.8343910387591, -1112.89011912876, -1116.2889929692685, -1118.89011912876, -1119.163047478653, -1122.0249065701091, -1122.297834920002]
 -- BestCostElement: [-1122.29783492 -1122.02490657 -1122.02490657 -1121.39138358]
 -- BestRoute: [[ 0 26 42 38 37 29 24 30 32 39 44 33 35 34 43 40 41 36 28 25 31 27 22 19
  14 15 16  4  9  8  3  7 21 18 17 20 13 10  2  5 11  6 12  0]]
 -- Custo: 
 ---------111.42554126999946
 ---- Total: 111.42554126999946
 -- Premio: 
 ---------224.0
 ---- Total: 224.0
 - Execucao 3
 -- BestCostGenaration: [-51.89327901336739, -83.95441504773542, -131.94667143891655, -156.5957820795901, -178.09687506775552, -200.90271994414465, -231.6061564924909, -238.15044097437507, -280.8127410043495, -291.6645643844332, -332.59324864190376, -374.3834597682515, -416.0551462210692, -436.2666133272194, -440.7042568617427, -511.70985684634513, -517.2645230191861, -546.8770411163476, -573.8116823723276, -594.2945573566514, -616.7743057973084, -656.9044158699846, -700.3823490618414, -726.2935196909659, -731.7254857268492, -765.1579497632853, -780.2815867231117, -789.5269410990437, -807.9815479682204, -817.883941387213, -825.9884250350713, -847.2992343005043, -865.0826622876473, -878.3224178472772, -904.0448127014836, -907.7388478113178, -912.271116092704, -932.4405401289473, -947.1254243385437, -957.2085444221607, -959.2455384465881, -987.0717714727751, -1000.7843538122684, -1006.9503339141058, -1007.1773796832316, -1019.031530600412, -1022.1352431715948, -1022.6795944315741, -1036.2003408669832, -1041.5992147074917, -1045.256068956984, -1049.9423604579993, -1053.8850186290229, -1057.0784937375033, -1062.1437040396142, -1066.0286618950468, -1070.486849790122, -1073.6100183318583, -1076.486849790122, -1081.953164082366, -1088.5279994033795, -1089.0500662115228, -1092.0906393064647, -1093.5279994033795, -1094.9380090873071, -1149.9380090873071, -1151.5685724983216, -1153.2888984466335, -1154.919461857648, -1158.0480532937202]
 -- BestCostElement: [-1158.04805329 -1158.04805329 -1156.41748988 -1156.41748988]
 -- BestRoute: [[ 0 26 30 24 29 37 38 42 39 32 44 33 35 27 31 34 45 43 41 40 36 28 25 22
  23 16 15  4  9  3  7  8 14 19 12  1  5  2 10 17 18 21 20 13 11  6  0]]
 -- Custo: 
 ---------121.73798667656996
 ---- Total: 121.73798667656996
 -- Premio: 
 ---------235.0
 ---- Total: 235.0
 - Execucao 4
 -- BestCostGenaration: [-51.89327901336739, -91.89327901336739, -120.11693618183872, -158.19262184269363, -177.67417382664792, -217.50207502694516, -242.2880162270977, -247.27737142470704, -298.6346457418706, -305.4048527408787, -315.2022900064811, -326.3238952044391, -358.9856586671124, -376.408584445265, -404.4141006695495, -457.7532926736459, -476.70660817023065, -522.7661547313418, -548.876753188076, -594.2391365828205, -601.4195224850099, -609.0596334685312, -627.4817933796514, -655.6462271428454, -694.6677066015777, -724.7059483230673, -745.5907288457599, -748.4043141366103, -779.5819919364262, -814.6465229920556, -827.2203247113854, -860.6602258387419, -861.9966402546365, -870.1011249225648, -883.9608676341791, -891.4729561881368, -900.7960073194396, -925.1511373473575, -932.5447651949726, -948.3118212642627, -957.8439970596082, -965.9386653315482, -975.038997048516, -987.038997048516, -998.0684343000389, -1009.8073074780101, -1021.7516323790059, -1026.54473825366, -1037.68161689445, -1044.6893605032687, -1047.9953253934348, -1050.3264617161312, -1055.2707336261303, -1069.2475027996738, -1072.7223759795093, -1082.8810257878188, -1083.3714866201826, -1087.690786691442, -1092.6350586014412, -1095.66186385782, -1098.0050096083276, -1144.0681490845682, -1146.355898967654, -1155.4423697052423, -1156.4829428001844, -1158.1286612062574, -1161.1692343011996, -1164.770360460691, -1165.6589042806895, -1166.6589042806895]
 -- BestCostElement: [-1166.65890428 -1165.65890428 -1165.65890428 -1164.77036046]
 -- BestRoute: [[ 0 28 25 31 27 34 36 41 40 43 45 35 33 32 39 44 42 38 37 29 30 26 24 20
  13 10  2  5 11 17 18 21 12  6  1  7  3  8 14 22 15 16  9  4 19  0]]
 -- Custo: 
 ---------117.83527392982764
 ---- Total: 117.83527392982764
 -- Premio: 
 ---------234.0
 ---- Total: 234.0
 - Execucao 5
 -- BestCostGenaration: [-51.89327901336739, -81.24416837269388, -124.95441504773542, -145.32840518338497, -205.7610296148769, -242.3215217298393, -276.13280633136526, -280.70477409341424, -298.5379729979635, -320.4230297259748, -357.6005677505255, -366.48197571664895, -385.70420806461584, -397.60655324095177, -401.0333775042298, -440.34459827013166, -443.77226253609706, -469.2029943982738, -479.8112562650998, -527.0279270384399, -575.5572444204201, -590.7799283239854, -638.4514953679861, -642.0375911854733, -683.2469385170953, -696.6458123576037, -715.4249892435255, -740.1903090521137, -788.7667561056753, -812.027882927704, -846.8567054788873, -866.027882927704, -895.2654916524709, -903.1207918780466, -914.9126406230379, -926.6924807860153, -949.918275767448, -954.5806064393254, -960.6045672684631, -987.9378129013658, -990.276056829863, -1010.4869614008611, -1014.2047410873336, -1020.68288133334, -1028.8857209576163, -1039.3809752080167, -1044.3811822621665, -1045.0558152850203, -1047.9334771747067, -1053.6050780933479, -1058.2324950913173, -1067.1481229835092, -1077.316215994406, -1079.1365040838964, -1082.5353779244049, -1086.1645247603822, -1088.5942524274506, -1089.6576129472978, -1091.6348255223927, -1093.0721856193074, -1096.1127587142496, -1119.321117023408, -1144.183641799309, -1145.183641799309, -1146.0721856193072, -1147.0721856193072]
 -- BestCostElement: [-1147.07218562 -1146.79925727 -1146.07218562 -1146.07218562]
 -- BestRoute: [[ 0 34 43 41 36 28 25 31 40 27 35 45 33 44 26 30 32 39 42 38 37 29 24 20
  13 10  2  5 17 18 21 11  6 12  7  3  4  9  8 15 16 23 22 14 19  0]]
 -- Custo: 
 ---------122.73195359517317
 ---- Total: 122.73195359517317
 -- Premio: 
 ---------234.0
 ---- Total: 234.0
 - Execucao 6
 -- BestCostGenaration: [-51.89327901336739, -81.11070929587422, -118.82164161820796, -149.34969056985895, -185.45647742838975, -198.51726952293419, -225.6100624162086, -242.7240157924772, -285.6936686433077, -302.27523634881555, -316.5021418876331, -349.3583244515308, -379.6621662763969, -403.1246948542268, -453.0957740293588, -506.49464786986726, -535.9981674483513, -570.2276933137294, -594.1006494811991, -611.7153138947517, -636.5017669553654, -644.973331350534, -677.6570209881793, -709.1207930336122, -713.8616169959848, -738.836401353743, -757.302831214259, -800.8468558909901, -801.3689226991333, -821.6756784421734, -845.8973623192892, -863.95309040929, -866.5914169786188, -889.4052749256505, -909.3077301986212, -910.1995410847906, -916.1381370065965, -934.7960628836458, -937.8489951875092, -946.947337516149, -967.061411415713, -974.0908486672358, -988.2580329372385, -1001.8207696042452, -1020.6262285476353, -1023.5147723676336, -1037.3693654886106, -1048.055656989626, -1049.0711442072636, -1058.6704176024102, -1060.9763824925762, -1067.6704176024102, -1070.3644527122444, -1073.0076725084439, -1073.3829999419036, -1120.4353357973039, -1125.7713776506123, -1128.1222670099387, -1135.9136012117397, -1136.8942631292064, -1142.7012498123602, -1148.5263219335388, -1150.5743064147207]
 -- BestCostElement: [-1150.57430641 -1149.98092386 -1149.65632534 -1148.98092386]
 -- BestRoute: [[ 0 27 31 40 41 43 34 36 28 25 45 35 33 32 39 44 42 38 37 29 30 26 24 20
  18 21 12  6 11 17 13 10  2  5  1  7 14 22 23 15 16  4  9  8  3 19  0]]
 -- Custo: 
 ---------123.60642339631981
 ---- Total: 123.60642339631981
 -- Premio: 
 ---------235.0
 ---- Total: 235.0
 - Execucao 7
 -- BestCostGenaration: [-51.89327901336739, -81.24416837269388, -117.79550311330232, -154.78078923168198, -192.57245081824257, -219.08894954634258, -248.45211754609647, -262.55733704170086, -294.1471226702836, -329.1417777599981, -340.2877009295067, -352.1310127913038, -366.1405443460083, -403.1035717122666, -447.86892256463017, -457.29645083117066, -462.96476715995146, -476.88773738863057, -530.5742969309574, -543.4107196329239, -555.4468595782192, -601.9368077514152, -606.8795446528374, -622.3968084353653, -643.5927112990923, -678.269886444046, -685.1054546970242, -701.7888644819586, -717.5571749114526, -737.5571749114526, -752.1335018097453, -766.9815939283006, -783.3852518004975, -812.3653950108674, -833.2160749957477, -843.238351178337, -865.1190837004615, -889.9725594714794, -902.7820439401294, -919.7708380469473, -944.541979308894, -947.083445660501, -950.7284882343345, -966.1708213150914, -971.9138267239307, -989.1136700163553, -992.7225397846656, -995.1040841358536, -1005.1655294243355, -1010.822383673828, -1017.4143111587591, -1021.2003628630789, -1031.261808151561, -1037.261808151561, -1042.72382146831, -1051.7306923385343, -1057.7306923385343, -1063.7306923385343, -1064.741250137819, -1067.5785765372775, -1073.7786768197163, -1075.899696422502, -1084.6265610184594, -1085.9697067689672, -1090.6265610184594, -1093.6954981384379, -1094.5630893196399, -1095.2888806891106]
 -- BestCostElement: [-1095.28888069 -1095.28888069 -1094.56308932 -1094.56308932]
 -- BestRoute: [[ 0 27 26 30 24 29 37 38 42 32 39 44 33 35 34 43 40 41 36 31 25 28 23 22
  19 14 15 16  4  9  8  3  7 12 21 18 17 20 13 10  2  5  6 11  0]]
 -- Custo: 
 ---------119.92777982772235
 ---- Total: 119.92777982772235
 -- Premio: 
 ---------225.0
 ---- Total: 225.0
 - Execucao 8
 -- BestCostGenaration: [-51.89327901336739, -83.88005332705198, -117.32312552407792, -157.1882382010869, -192.3014197874195, -206.9139752547965, -237.62829946834583, -258.3428804505752, -299.1772849608968, -311.58236587206477, -325.1275320285778, -340.10598823433463, -342.9968912744532, -361.53789990790983, -396.96517601371346, -418.17442196094527, -452.8363609837408, -481.42827092764577, -548.4177403409886, -603.4988865308728, -613.6103427108746, -650.4988865308728, -670.7940478001985, -688.1503021457929, -716.1503021457929, -728.9911927494745, -747.5709754353925, -783.4743862487408, -803.6267035253933, -817.4821298575596, -833.1975696755453, -859.4506022618477, -893.7971603150313, -901.0916382544863, -919.7365258690577, -931.4413645997322, -964.1010146353619, -965.6464127048525, -981.7021407948534, -988.0347471504049, -989.258592677201, -996.0659037810019, -1009.7874699273702, -1021.8238599348379, -1025.9759714468985, -1028.7673807503345, -1032.1654637379686, -1033.5010497409578, -1037.994286289152, -1062.0265713484614, -1066.305958682593, -1073.9630996496417, -1074.073527835822, -1077.772272974837, -1085.4294139418857, -1090.078524582559, -1093.2957248424514, -1095.4450015944144, -1099.9264520444588, -1101.5570154554732, -1104.5975885504154, -1153.6684716354748, -1154.6684716354748, -1159.0639272685576, -1160.048772273499, -1161.2132040205206, -1162.198049025462]
 -- BestCostElement: [-1162.19804903 -1161.21320402 -1160.56748561 -1160.04877227]
 -- BestRoute: [[ 0 12  1  6 11  5 10  2 13 20 17 18 21 24 26 39 44 42 38 37 29 30 32 33
  35 27 34 36 40 41 43 45 31 28 25 23 22 15 16  4  9  8 14  7  3 19  0]]
 -- Custo: 
 ---------120.7004877436345
 ---- Total: 120.7004877436345
 -- Premio: 
 ---------235.0
 ---- Total: 235.0
 - Execucao 9
 -- BestCostGenaration: [-51.89327901336739, -81.24416837269388, -103.7802545909135, -135.9371497079167, -161.64540580075635, -205.41568763723032, -251.17912843142196, -302.3325327517722, -325.40173847798064, -349.8408238114931, -377.2926299558651, -388.8704248540092, -419.43530189253914, -431.5177421729304, -447.57347026293127, -465.9255712360437, -513.6866224549287, -533.1489304739891, -572.7624896574378, -590.2263595943198, -592.2713844983713, -611.2820876843207, -654.4405600134448, -692.921412554563, -746.2939261466045, -763.4799063778194, -779.9658282186476, -796.8428273980032, -812.1695920987872, -824.4123343150038, -830.7400512676331, -863.3254520879975, -868.9768177653576, -892.2256460382423, -909.3799713858065, -919.7086602893758, -948.9710276786449, -949.1051475157035, -952.485153125344, -956.4392518062091, -975.2259429772375, -978.9046573575586, -1009.5887356123217, -1010.3090615606338, -1012.8884280241875, -1021.0800970814926, -1024.3020093408852, -1046.5298707003722, -1055.8464969924833, -1066.04119312816, -1072.693689802156, -1079.848504231961, -1081.646251912978, -1087.5181027083677, -1090.2396344636506, -1092.4623746183668, -1099.877941483484, -1105.2043942093828, -1107.5475399598904, -1110.5881130548328, -1112.9271339886188, -1113.7229004961819, -1115.6596553548593, -1115.7538697012662, -1140.3041136017516, -1144.560788614671, -1146.3304044402296, -1147.5915312622583, -1153.3570891687716, -1157.2889586066929, -1157.3115185185136, -1160.1775024266913, -1161.3564234843268, -1162.1142572853685, -1164.491210925676, -1166.4279657843533, -1166.8302318594622, -1169.5627532257024, -1174.961627066211, -1177.5999340860442]
 -- BestCostElement: [-1177.59993409 -1174.96162707 -1174.55936099 -1174.544206  ]
 -- BestRoute: [[ 0 26 30 24 29 37 38 42 44 39 32 33 35 27 31 34 45 43 41 40 36 28 25 22
  14  7  3  8  9  4 16 15 19 21 18  5  2 10 13 20 17 11  6 12  0]]
 -- Custo: 
 ---------113.35001647848895
 ---- Total: 113.35001647848895
 -- Premio: 
 ---------233.0
 ---- Total: 233.0
 - Execucao 10
 -- BestCostGenaration: [-51.89327901336739, -85.5238424243818, -109.97254541886542, -157.56133693111914, -169.39357842407395, -206.84459339507345, -235.5942747285346, -256.5880285551833, -267.4292382317569, -288.459361177534, -308.6265454475365, -344.8876722695653, -380.9811583481184, -400.1067628063771, -459.18929836012944, -459.9390615599644, -498.96442138909464, -517.2557773604685, -529.9153815729771, -565.1675366721861, -586.3268521984005, -603.7079278403207, -644.6660820765558, -660.0567290883644, -684.985327013794, -712.675548189464, -733.2942274823647, -745.7891758858327, -775.0225900496494, -790.373479408976, -800.5469317881401, -822.0950823806116, -839.6257840853389, -860.6815121753397, -886.0803860158481, -893.3414786981702, -898.5134991045861, -919.771428994598, -922.5161769250827, -927.3722780787598, -959.9876848482313, -960.7695873744943, -968.1877371524749, -984.2434652424757, -993.9163691057017, -998.8278339872952, -1015.8783414795907, -1028.1100310500967, -1029.570646751417, -1036.325670331553, -1039.7408111283971, -1053.5981591608306, -1058.29068194574, -1060.5981591608306, -1063.4148823526562, -1068.6606329526264, -1069.1569019436722, -1081.6059123019068, -1087.6059123019068, -1088.6059123019068, -1092.550184211906, -1095.1513103713976, -1096.1513103713976, -1099.550184211906, -1100.550184211906, -1102.1513103713976, -1103.1513103713976, -1129.7662861298834, -1148.7848333595425, -1154.2627665513992, -1155.2627665513992, -1160.4532820827492, -1161.4532820827492, -1162.4532820827492, -1163.0466646334219, -1164.0466646334219]
 -- BestCostElement: [-1164.04666463 -1163.04666463 -1163.04666463 -1163.04666463]
 -- BestRoute: [[ 0 27 31 25 28 40 43 41 36 34 45 35 33 44 39 30 29 37 38 42 32 26 24 20
  10  2  5 13 17 18 21 11  6 12  7 14 22 15 16  4  9  8  3 19  0]]
 -- Custo: 
 ---------116.73833384164452
 ---- Total: 116.73833384164452
 -- Premio: 
 ---------233.0
 ---- Total: 233.0
 - Execucao 11
 -- BestCostGenaration: [-51.89327901336739, -91.89327901336739, -117.09449773066676, -175.70723825959175, -181.6792945427115, -227.76936494067712, -253.4264202344836, -254.32478120207827, -278.86251651176144, -332.26414147872026, -356.86799995585454, -363.3654354678528, -386.93601639183913, -398.6676722585301, -428.2850631318745, -465.74585913386426, -487.5496591537562, -494.60139406494284, -565.0943742484708, -594.7060398029184, -613.3838078106664, -641.8902261570399, -687.6947565103465, -688.593180510334, -714.6870129015276, -730.961111542988, -734.6975219312926, -778.1443562301794, -783.2220773594036, -788.3045102938564, -802.2208798007695, -838.4362210780573, -859.3973834632892, -869.1150774010416, -874.417982279186, -897.5895923854728, -910.44581799099, -931.0519172446515, -936.6344961744838, -941.3950629951592, -952.5938798163852, -960.0977963576793, -971.1431049560883, -978.1353613472695, -1001.7568526156401, -1002.1742736858077, -1004.6812569660652, -1009.3081415296049, -1014.68530886287, -1015.2073756710132, -1025.7993188788332, -1033.5022396633076, -1034.2185225934222, -1037.527726168293, -1038.6799980669416, -1040.945107151074, -1048.2125610068842, -1052.451994186209, -1056.7268842062088, -1061.261354347319, -1063.805943557557, -1064.2528018792475, -1070.6192788911026, -1071.6192788911026, -1074.092428051271, -1081.4472861635134, -1084.0743134790819, -1084.403152547227, -1086.7462982977345, -1089.5674016659973, -1094.0337159582414, -1094.328877227567]
 -- BestCostElement: [-1094.32887723 -1094.31372223 -1094.03371596 -1094.01856096]
 -- BestRoute: [[ 0 33 39 32 30 29 37 38 42 44 35 27 31 34 43 41 40 36 28 25 22 15 16  4
   9  3  8 14 19 21 18 13 10  2  5  6 12 11 17 20 24 26  0]]
 -- Custo: 
 ---------116.66778069310824
 ---- Total: 116.66778069310824
 -- Premio: 
 ---------223.0
 ---- Total: 223.0
 - Execucao 12
 -- BestCostGenaration: [-51.89327901336739, -85.29137002838499, -118.6890648067154, -136.59505773202036, -171.50461234474042, -183.18436711795601, -215.316216093891, -254.55152459753805, -285.3505564088988, -301.07862111822, -325.44766112866023, -345.169575259458, -349.05166442767126, -363.8744139901324, -442.3361175472964, -452.3894803711013, -513.4022320212664, -523.379571368936, -540.3348304630322, -562.3766113329189, -615.0279546689485, -643.4408310138278, -677.373482846079, -689.216794707876, -709.2765467900824, -714.2972782366674, -730.043455609379, -750.4152440636199, -781.3548632637172, -802.2032530799389, -828.9375139601771, -838.9051322334828, -875.4916373786523, -883.1509942801954, -887.0952661901945, -897.5465579166656, -911.684655562053, -920.8190770812668, -940.6613243007055, -940.9837237657902, -955.8394744058406, -969.9942219504585, -982.5799021026002, -987.8563111409858, -1013.8333305065458, -1016.6985430651966, -1022.714734734685, -1030.640459415025, -1031.0578804851925, -1043.8498067466471, -1044.5686610142523, -1049.1348189980163, -1051.3816203004244, -1059.8091903885484, -1061.445566334565, -1067.0102526376224, -1067.3604009930414, -1073.2637140095862, -1076.9205682590784, -1084.2870452709335, -1086.3317047454261, -1089.851731573991, -1094.9733367719489, -1096.766566232467, -1100.538023075006, -1102.5085858234834, -1103.5144766679573, -1105.564313913484, -1109.4587485779564, -1114.517623081002, -1115.2302054204954, -1116.443347761342, -1162.3609997716235, -1165.2495435916217, -1167.341661600497, -1170.2302054204954, -1174.8839996579663, -1176.1822209393133, -1177.1899645481321, -1179.495929438298, -1182.5516575282988, -1183.5516575282988, -1184.599642009481]
 -- BestCostElement: [-1184.59964201 -1184.59964201 -1184.59964201 -1184.59964201]
 -- BestRoute: [[ 0 26 24 30 29 37 38 42 32 39 44 33 35 31 25 28 36 41 40 43 45 34 27 22
  19 14 15 16  4  9  8  3  7  1 12  6  5 11  2 10 13 20 17 18 21  0]]
 -- Custo: 
 ---------113.35008949762977
 ---- Total: 113.35008949762977
 -- Premio: 
 ---------234.0
 ---- Total: 234.0
 - Execucao 13
 -- BestCostGenaration: [-51.89327901336739, -79.06534719670015, -117.9389278300977, -157.52715671349162, -205.37901255732226, -228.48239467099944, -245.7891830616917, -261.1259176525779, -280.49962374005196, -320.1254152499313, -340.3152047010403, -387.1345841550414, -411.5604512594924, -442.81610189751643, -448.3757570356079, -502.5627560631245, -507.3788071947899, -521.0975286125495, -538.9801668254595, -540.1797977089141, -555.3114046737865, -560.2492230440691, -599.5045155010299, -605.5863706385156, -643.4008180001059, -647.2513341939932, -669.4441373515634, -702.7533206014651, -715.8410744573562, -731.9270205910251, -756.2967276098268, -777.1996375545041, -799.0184607987429, -830.1862462010193, -840.8975432183798, -854.8395894554001, -884.342825019771, -905.8782408851891, -931.036845027646, -934.2434490994627, -946.446706236024, -970.6595423158483, -987.5480044619488, -993.9343167989978, -1007.1054942478145, -1009.822860618996, -1023.7438012676478, -1025.8391982317185, -1036.5254897327336, -1038.5989571763869, -1044.697949659187, -1051.146445599521, -1056.175882851044, -1057.6902060503683, -1064.1387019907022, -1065.7692654017167, -1068.5375758312107, -1071.2471985935736, -1075.646072434082, -1079.124005625939, -1081.1797337159396, -1082.2201263719858, -1087.240245837629, -1088.6115888262543, -1136.6193324350734, -1140.328955197436, -1141.328955197436, -1141.6798445567624, -1142.6798445567624, -1143.232834451389, -1143.273227107435, -1144.273227107435]
 -- BestCostElement: [-1144.27322711 -1144.27322711 -1143.27322711 -1143.27322711]
 -- BestRoute: [[ 0 24 26 32 39 44 42 38 37 29 30 33 35 27 25 28 36 40 41 45 43 34 31 23
  14  7  3  8  9  4 16 15 22 19 12  6 11 21 17 20 13 10  2  5 18  0]]
 -- Custo: 
 ---------123.43169322314121
 ---- Total: 123.43169322314121
 -- Premio: 
 ---------234.0
 ---- Total: 234.0
 - Execucao 14
 -- BestCostGenaration: [-51.89327901336739, -85.99502969688129, -121.23642476387501, -165.92271626489025, -191.94084140702853, -223.0987864631752, -252.1333341855254, -265.5931136536359, -313.94666951907095, -317.3177940639368, -355.7243907398564, -380.53742398777905, -405.3083053426598, -457.5024909187839, -482.81563044712414, -486.3133570595448, -509.3005811351567, -522.9349642109934, -543.7736357391495, -560.3270511642784, -609.1402720173915, -618.7364503542016, -639.3341760443043, -661.9218877353052, -675.6271501073396, -698.1689835970972, -718.1689835970972, -727.1162991698006, -754.9373781121651, -768.8497754145635, -778.7478662462081, -808.874271429215, -810.148017387582, -842.6089225420533, -857.89634020256, -859.6646506320542, -873.3742733944168, -884.3029576518875, -894.0808528324703, -918.028654138189, -930.2677802834556, -937.1161836659817, -957.6862349553069, -973.0371243146335, -979.5883438036866, -995.6440718936874, -1001.7259270311731, -1005.1248008716816, -1010.9588207698441, -1013.6812527540292, -1016.1481321330291, -1018.4912778835368, -1024.3608410233974, -1027.7241716222077, -1028.9628886011924, -1032.6247122768552, -1041.177569384552, -1042.9379063579395, -1046.028370149052, -1046.4287645313266, -1050.6774807897257, -1054.3546530026597, -1056.1970749608206, -1059.8325861945164, -1063.5266213043506]
 -- BestCostElement: [-1063.5266213  -1063.5266213  -1063.23146004 -1063.23146004]
 -- BestRoute: [[ 0 27 28 25 33 26 30 24 29 37 38 42 32 39 44 35 34 43 40 41 36 31 19 14
  22 15 16  4  9  8  3  7  1  6 11 21 18 17 13 20 10  2  5 12  0]]
 -- Custo: 
 ---------127.86834467391236
 ---- Total: 127.86834467391236
 -- Premio: 
 ---------225.0
 ---- Total: 225.0
 - Execucao 15
 -- BestCostGenaration: [-51.89327901336739, -74.61795285247302, -113.06661811186459, -155.4602702906712, -183.33524046996257, -210.59511447529957, -248.22973580535924, -272.12725221464575, -309.46599429223187, -328.31368482485374, -385.30203441839035, -388.2809760879861, -389.14637865384225, -410.1891772847364, -498.03084646032886, -533.225277124371, -566.1683506461425, -601.4385582527074, -611.1994441358415, -625.6809855010086, -632.2133189290842, -643.1589186928654, -645.4509241505599, -687.0241253562211, -702.8738506972342, -709.7615685841341, -710.4240975386444, -736.4904221953358, -739.538885454049, -777.7965606024366, -778.946755471509, -806.3341985641559, -825.1303251254819, -828.1032491901633, -852.6991343877137, -865.6751366505425, -876.498879741137, -884.1088714858819, -887.9612685436218, -930.3137706627638, -939.664102341033, -950.0707197903603, -958.0947809380523, -965.4385664001795, -977.1434051308538, -988.7212000289978, -992.9488964206896, -1001.2440576900153, -1010.4429325368462, -1013.7255661656646, -1022.2440576900153, -1028.0953297470382, -1039.2493589533751, -1050.9433940632093, -1053.9839671581515, -1069.5134453525345, -1072.5540184474767, -1076.6846228013512, -1080.8536315259116, -1081.7451349230405, -1083.8942046208538, -1088.9236418723767, -1090.9236418723767, -1091.8151452695054, -1092.0880736193983, -1092.6101404275414, -1096.1700925478772, -1097.0880736193983, -1137.1407416973777, -1145.1407416973777, -1147.6101404275414, -1150.0880736193983, -1152.0880736193983, -1156.3707072482168, -1157.1995297994001, -1157.449766599565, -1157.5660068112552, -1161.677462991257, -1161.893564909234]
 -- BestCostElement: [-1161.89356491 -1161.89356491 -1161.89356491 -1161.67746299]
 -- BestRoute: [[ 0 24 26 44 32 30 29 37 38 42 39 33 35 27 34 45 43 41 40 31 36 28 25 22
  23 16 15 19 14  9  4  8  3  7  1  6 12 11  5  2 10 13 20 17 21 18  0]]
 -- Custo: 
 ---------120.77660877269146
 ---- Total: 120.77660877269146
 -- Premio: 
 ---------235.0
 ---- Total: 235.0
 - Execucao 16
 -- BestCostGenaration: [-51.89327901336739, -81.11070929587422, -117.32312552407792, -143.98214874048955, -184.47475094382244, -190.193815392879, -237.65155151290182, -276.01140338919777, -278.419196257951, -332.1905319781074, -376.49131795531383, -384.4005792378285, -394.4332697462698, -414.2552507653517, -473.4774036583344, -517.3241264994341, -534.6067601282525, -559.0690382409105, -602.1819685313128, -640.0898505224377, -675.0898505224377, -685.4167394376445, -711.2027139491065, -740.5458596996141, -757.0358317142507, -779.1614946682746, -785.649572270797, -817.7323372136366, -831.6937705875935, -868.036916338101, -880.3897673675341, -893.7780395473369, -925.1769133878454, -935.4353962885455, -940.7196675360074, -956.4431398973643, -988.8717346837532, -1000.7609112879379, -1009.5897338391212, -1013.8371272136719, -1030.579470340807, -1035.1083475909763, -1037.7918865690106, -1042.0418158801351, -1044.089800361317, -1049.0419163150261, -1060.1533724950277, -1068.3403514038914, -1076.2660760842314, -1078.2865639199645, -1078.703984990132, -1084.8254260039798, -1089.3033591958367, -1137.3111028046555, -1139.2166014264053, -1143.7586072612955, -1148.8302100356682, -1151.7169745918445, -1160.0911952125184, -1160.5977748030239, -1168.5977748030239]
 -- BestCostElement: [-1168.5977748  -1164.19594139 -1163.73256224 -1162.94092055]
 -- BestRoute: [[ 0 25 28 34 45 43 41 40 36 31 27 35 33 44 39 32 42 38 37 29 30 26 24 20
  10  2  5 13 17 18 21 11  6  1 12  7 14 15  8  3  4  9 16 23 22 19  0]]
 -- Custo: 
 ---------119.10055629924402
 ---- Total: 119.10055629924402
 -- Premio: 
 ---------235.0
 ---- Total: 235.0
 - Execucao 17
 -- BestCostGenaration: [-51.89327901336739, -85.99502969688129, -125.81389800938909, -161.2965007446694, -179.94667143891655, -192.02912551389528, -215.4376633768934, -243.97716352100588, -256.7500428832194, -307.4804380620296, -330.4219738257545, -349.19050618917936, -386.1126651171886, -392.0879228482831, -411.1324689162803, -440.7817462802638, -463.2777631419067, -500.6104127606147, -531.1400045312189, -554.4476563209429, -570.2349978491785, -583.8215118788636, -587.4144368341481, -617.0233066024584, -632.5443421680953, -640.6209921903555, -662.3710497906864, -693.1940315211846, -703.4616815171887, -748.4999890377445, -748.7533917016428, -756.7036221108199, -776.4159845435606, -783.7080598252612, -811.0935274330074, -819.792561907381, -844.8130472136872, -857.1129625004016, -874.9196545331763, -884.1098987210585, -904.0037355181257, -916.3220241333574, -921.3010477660673, -947.8209609519133, -969.0492986409777, -976.7987280324808, -982.7987280324808, -990.5011480485061, -998.8442937990137, -1007.6359354898555, -1010.3965023105306, -1019.2178765446464, -1020.5807218177551, -1029.7770277586883, -1032.0942231101383, -1035.8886956334322, -1051.3623592115016, -1064.8814664425142, -1073.6497768720083, -1075.2349013959613, -1082.8757492440332, -1085.2188949945407, -1086.5063126550474, -1125.2748301386914, -1125.5260623732852, -1135.4388477774137, -1138.4143991391338, -1141.5063126550476, -1141.5620407450483, -1144.4143991391338, -1146.5063126550476, -1150.2746230845414, -1150.2746230845416, -1153.16316690454, -1153.7565494552127, -1154.585372006396]
 -- BestCostElement: [-1154.58537201 -1153.99198946 -1153.75654946 -1153.1631669 ]
 -- BestRoute: [[ 0 27 25 28 31 36 40 41 43 45 34 35 33 44 39 32 42 38 37 29 24 30 26 19
  14 22 23 15 16  4  9  8  3  7 21 18  5  2 10 13 20 17 11  6 12  0]]
 -- Custo: 
 ---------120.85365699840102
 ---- Total: 120.85365699840102
 -- Premio: 
 ---------234.0
 ---- Total: 234.0
 - Execucao 18
 -- BestCostGenaration: [-51.89327901336739, -83.88005332705198, -124.94667143891655, -158.0867541218479, -186.36301765940075, -211.79105010363634, -248.41583495754952, -266.44261221136924, -289.88351894324217, -309.0190997074742, -332.0315024542313, -354.90575665713436, -393.06993615927075, -420.97057249851696, -481.77521826788245, -508.4878006073757, -513.7752182678823, -527.5657765080736, -546.0329084179509, -597.7929223790103, -608.4169756767371, -638.1468442423943, -658.5258205470498, -659.8689662975573, -671.5630014073915, -697.7210524043901, -714.602352706539, -734.4633457734849, -753.0578878038411, -784.9436458901073, -789.920915824041, -808.3875485233457, -833.1224731017228, -862.5936374307203, -865.7630827212977, -898.7553391124789, -913.5865971033454, -929.2749192967269, -944.6258086560533, -957.9762836895181, -962.3751575300266, -973.9069721171711, -986.3105280238074, -1000.8722941833705, -1003.0357220394801, -1006.3260992771174, -1011.2393040857191, -1024.5374919346082, -1025.9561516159697, -1036.8472126117424, -1039.9580399694228, -1044.5600020053853, -1049.108339433771, -1052.3832294537708, -1057.0301915884233, -1064.5702686253176, -1069.2897835025203, -1078.4616654031877, -1083.1154596406586, -1091.4431181735285, -1102.129409674544, -1105.1092248262412, -1109.0845716064068, -1113.7862639240363, -1115.8265911974229, -1118.845138427082, -1119.5051390896192, -1122.106265249111, -1125.7785203152175, -1143.4380156421867, -1153.5430244904048, -1166.2381133315648, -1172.9160215121415, -1179.9082779033226, -1185.8373948182632]
 -- BestCostElement: [-1185.83739482 -1185.54223355 -1183.948851   -1183.65368973]
 -- BestRoute: [[ 0 19 14 22 23 16 15  9  4  8  3  7  1  6 12 11 21 18 17 13 10  2  5 20
  24 29 37 38 42 44 39 32 30 26 33 35 34 45 43 40 41 36 28 25 31 27  0]]
 -- Custo: 
 ---------114.79065129543422
 ---- Total: 114.79065129543422
 -- Premio: 
 ---------235.0
 ---- Total: 235.0
 - Execucao 19
 -- BestCostGenaration: [-35.88779693587085, -80.55194288884204, -111.6032389708527, -125.56236276006726, -154.83985092358984, -216.52265582334633, -254.86885168127012, -290.6722288442534, -333.27610752672575, -336.12913605459374, -351.3545588645118, -387.5430663427136, -414.2800557075844, -439.4385126422754, -445.2759055557701, -461.8052871819928, -479.86884315298863, -493.6458578313973, -496.06771072531177, -522.812659080925, -542.2999061212788, -570.9329558624053, -584.2840347743927, -601.0377911530418, -618.6210176158457, -633.320327325813, -635.8299021973534, -654.9281203318105, -660.6407026713038, -671.4873680002954, -681.2240725426034, -689.3783938811696, -700.7957614505722, -710.3623994164221, -718.6896203192786, -734.7272388096337, -741.2683175918226, -741.4283184540207, -745.5646993166525, -748.2606059179025, -751.7888521494033, -753.5757761744308, -755.9506604932437, -793.4724912209529, -797.2282206428068, -823.3926523898286, -834.3890658303033, -847.4002490219741, -869.5124059785937, -883.401895444299, -902.3495343337522, -919.3973045468028, -930.6753305169669, -935.0176073098767, -938.4847947673816, -953.6781250787959, -959.2255409916168, -963.5251415442494, -976.0105395979097, -985.0208683722318, -994.0974611373879, -1000.0482729230503, -1016.9121858114491, -1024.195666619079, -1041.5790820928335, -1045.4460900375962, -1050.9513144679563, -1056.31215226806, -1064.7343573699159, -1069.168471464692, -1080.4692618703205, -1088.812407620828, -1093.8712821238737, -1102.2934872257297, -1104.3311568999961, -1109.7217758600434, -1135.7430756126835, -1145.1566458179555, -1151.9419356970661, -1152.2651424208266, -1158.052726192623, -1160.7549375687458, -1161.8332320400452, -1165.4040482094192, -1169.7778361726232, -1174.411791818238, -1175.474931294479]
 -- BestCostElement: [-1175.47493129 -1175.47493129 -1174.41179182 -1173.40404821]
 -- BestRoute: [[ 0 26 30 32 44 39 42 38 37 29 24 33 45 35 27 34 31 36 41 43 40 28 25 23
  22 19 14 15 16  4  9  8  3  7  1  6 11  5  2 10 13 20 17 18 21 12  0]]
 -- Custo: 
 ---------117.38126717638029
 ---- Total: 117.38126717638029
 -- Premio: 
 ---------235.0
 ---- Total: 235.0
 - Execucao 20
 -- BestCostGenaration: [-51.89327901336739, -80.55194288884204, -120.05760358788127, -151.65533987943255, -176.30445052010606, -212.44917388023703, -260.3905594242076, -275.51863772270906, -298.30503051867146, -345.94832216936766, -383.97775752446097, -396.43665880285766, -426.82082754515045, -471.5189981745889, -519.2324612695645, -531.0080195578988, -544.6476046539806, -580.9907504044883, -593.5993356021858, -605.3162883645423, -642.4565601219379, -658.8453591913678, -672.434991000559, -684.1935093799173, -704.4260415847693, -738.096908478083, -743.6500086787913, -748.3774442760462, -767.6595774865395, -804.636246225192, -809.7298039726539, -830.6566799533216, -831.8113340872083, -839.7360506018018, -868.7885045954664, -887.1933727971866, -891.333389535728, -898.6322559054736, -915.7437120854752, -917.1352755543992, -929.8478578938925, -932.1910036444001, -942.4266863937203, -953.5490044285366, -969.7141040542269, -978.9447600230492, -986.1052342859166, -997.6350447028786, -1009.993778105915, -1022.3149845500683, -1024.2659902799678, -1039.3297141973615, -1044.9385086462094, -1052.0574515319136, -1057.875777951297, -1058.352612801239, -1064.8680343424783, -1067.666321300224, -1068.9872341312987, -1072.352612801239, -1123.9872341312987, -1124.2823954006244, -1130.6197775586393, -1131.2746517918056, -1134.1631956118038, -1134.3448691924202, -1136.203768706746, -1137.203768706746, -1137.3854422873624, -1137.8343321177604, -1138.0160056983768, -1139.0160056983768, -1140.6124482610708, -1141.4307746804545, -1149.1655899393804, -1150.1655899393804, -1151.1655899393804]
 -- BestCostElement: [-1151.16558994 -1150.16558994 -1150.16558994 -1150.16558994]
 -- BestRoute: [[ 0 24 29 26 30 37 38 42 44 39 32 33 35 27 25 28 36 40 41 43 45 34 31 22
  21 18 17 20 13 10  2  5 11  6 12  7  3  8  9  4 16 15 14 19  0]]
 -- Custo: 
 ---------119.9586025151549
 ---- Total: 119.9586025151549
 -- Premio: 
 ---------233.0
 ---- Total: 233.0
 - Execucao 21
 -- BestCostGenaration: [-51.89327901336739, -83.95441504773542, -120.97582197288318, -158.75290961287982, -186.48498614908, -202.8555885823789, -245.05603534542905, -261.4236779840352, -299.89719335915913, -328.8946130414655, -333.3380505539758, -361.48410826133727, -396.6651608450471, -438.75579781253396, -453.4504953359212, -465.87834908653497, -493.3922882089151, -523.4775421440265, -536.2106599347458, -552.1694526913435, -566.4272432989345, -596.008782381013, -612.8785673797654, -625.7932578866448, -673.6390352495466, -678.9570230284081, -732.4436462868733, -765.7749905095168, -773.7699805243669, -791.6194544182036, -811.368549457733, -823.7549110423249, -837.7708804691964, -849.6141923309935, -851.082951014117, -867.4531688428407, -888.338782459492, -902.158007573515, -920.7376563000005, -941.2333718888357, -947.7036218527036, -960.9888885345945, -970.5765176393434, -986.3448280688374, -991.7065210490041, -1000.1543125374873, -1007.636260385233, -1009.0984829241296, -1015.5727066558509, -1020.5412857993697, -1029.632658623888, -1031.2699702092923, -1037.7245721398017, -1039.6131159597999, -1043.4186072496357, -1050.4186072496357, -1051.7168285309826, -1055.0677178903093, -1057.4108636408168, -1063.4108636408168, -1065.299407460815, -1066.4665917308175, -1068.355135550816, -1120.9329304489602, -1128.5155093787926, -1130.1088919294652, -1133.2067487024892, -1135.051363487756]
 -- BestCostElement: [-1135.05136349 -1134.80013125 -1133.45798094 -1133.3682184 ]
 -- BestRoute: [[ 0 31 45 43 40 41 36 28 25 27 34 35 33 32 39 44 42 38 37 29 24 30 26 22
  19 14 15 16  4  9  8  3  7  1 11 13 20 10  2  5  6 12 21 18 17  0]]
 -- Custo: 
 ---------125.73715912806102
 ---- Total: 125.73715912806102
 -- Premio: 
 ---------234.0
 ---- Total: 234.0
 - Execucao 22
 -- BestCostGenaration: [-51.89327901336739, -81.11070929587422, -120.16683127593915, -159.9643976818783, -188.24013294304893, -231.58327869355657, -239.22570577898486, -280.1953032866297, -290.9772262772203, -319.4255470437759, -371.68226079779265, -421.5320197235225, -470.73603017357016, -488.8924505707813, -510.2170943503289, -556.1652672212484, -581.4715832235647, -599.4852194490768, -625.0136186658438, -658.7078126376226, -664.5687374424028, -677.2813197818961, -696.6544451252956, -744.5705373187521, -756.5951905385866, -768.6878228486221, -773.2620871347459, -792.4604030972373, -804.1526923698891, -820.6500468441698, -850.4529884034871, -859.1200010251724, -865.7476696878806, -889.1277293882995, -902.3024739490611, -920.0977681057398, -930.2518937182153, -949.2029938190162, -953.2728828204756, -973.9064058086204, -997.1397175345157, -1002.3172677953451, -1006.7716183672712, -1008.3650009179439, -1032.328177459998, -1036.3153928075753, -1043.1442153587586, -1046.120884097411, -1052.7142666480836, -1062.6475153722868, -1067.4432037427073, -1071.0846571755856, -1075.1852233337236, -1077.4606647461733, -1084.4971764237428, -1091.772999610535, -1096.7660468545905, -1099.5940785528996, -1107.4523383556057, -1156.3918262339166, -1157.3918262339166, -1164.679819690189, -1166.5256940777135, -1167.5256940777135, -1168.5256940777135]
 -- BestCostElement: [-1168.52569408 -1167.67137154 -1167.52569408 -1167.52569408]
 -- BestRoute: [[ 0 27 34 36 40 41 43 45 31 28 25 35 33 26 30 32 44 39 42 38 37 29 24 21
  18 17 20 13 10  2  5 11  6 12  7 14 22 15 16  4  9  8  3 19  0]]
 -- Custo: 
 ---------115.61857648057162
 ---- Total: 115.61857648057162
 -- Premio: 
 ---------233.0
 ---- Total: 233.0
 - Execucao 23
 -- BestCostGenaration: [-35.71255998384996, -75.75290961287982, -122.68457096433761, -170.6329629399318, -195.08704083940412, -215.88052750760045, -255.7630271093758, -307.7847207520798, -335.2181364840261, -339.46645218146455, -363.82560807367946, -396.0790145776629, -399.1446880244015, -450.3984651276754, -494.1589094951832, -516.0530082329772, -553.1004432830716, -576.306210111341, -587.1460650013674, -622.812778533844, -666.4005776470572, -683.1491696697999, -710.1414260609811, -717.406650862757, -752.0180435689506, -786.2095932022718, -811.9036283121059, -827.776442165657, -842.903296089527, -854.0468277352002, -869.1173511784045, -890.9086042887137, -895.0837688265074, -896.4237361386238, -908.012453083978, -918.5839874689386, -922.9193803426423, -926.2190706857573, -952.5936401065171, -963.9925139470256, -971.7753136871335, -979.7310550126231, -994.7762437076678, -995.812198327196, -1006.5922031120464, -1026.3720432750238, -1031.432555396713, -1036.134109065295, -1041.255714263253, -1043.605263596227, -1052.4248117878942, -1056.6565013584, -1065.3036987444348, -1069.1852399595218, -1075.1852399595218, -1079.871531460537, -1083.565566570371, -1086.6212946603719, -1088.0951699331833, -1091.1357430281255, -1096.0800149381246, -1101.0800149381246, -1149.0877585469434, -1153.6578098362686, -1160.6500662274498, -1162.4637337835743, -1163.4989740378421, -1165.0923565885148, -1169.4912304290233]
 -- BestCostElement: [-1169.49123043 -1169.19606916 -1168.50638542 -1168.21122415]
 -- BestRoute: [[ 0 26 44 32 30 24 29 37 38 42 39 33 35 27 31 34 45 43 41 40 36 28 25 23
  22 15 16  4  9  8  3  7 14 19  1  6 11 21 18 17 20 13 10  2  5 12  0]]
 -- Custo: 
 ---------118.87719239274418
 ---- Total: 118.87719239274418
 -- Premio: 
 ---------235.0
 ---- Total: 235.0
 - Execucao 24
 -- BestCostGenaration: [-51.89327901336739, -74.23642476387501, -111.82508535269127, -144.03141992191115, -184.45376414382355, -222.00296511415812, -234.85589630901893, -282.59298397248205, -309.8992498196127, -324.36345813878654, -357.8869757418017, -368.29359319112905, -391.5078147426808, -397.1070699510613, -489.95609196950863, -522.3549658100171, -548.2390790133329, -571.0365179988116, -603.3585934838882, -615.5901826195034, -643.8916364531016, -681.0555238536176, -694.1081868251484, -697.1587313485325, -713.4731380201767, -740.1857203596701, -782.9903358615261, -806.7249828790434, -827.9125388332632, -837.3645235292854, -849.3645235292854, -869.2675322339992, -877.6106779845068, -883.6582835980779, -902.1769278155643, -921.3538173644924, -927.3674433469143, -941.2359996119442, -952.8523395160175, -963.0191066698883, -974.0705622032798, -994.5969809388906, -994.7805680964377, -996.5474932983439, -1008.8760534931155, -1026.5350566815587, -1030.8078940077298, -1035.2742082999737, -1038.017682881382, -1043.5469540216154, -1043.706726905378, -1052.9469815756015, -1057.612588609698, -1058.8118742725578, -1065.4132958678456, -1066.6303000009734, -1073.13246810268, -1076.4336675520624, -1077.8960130913906, -1079.928842577514, -1081.5823045924058, -1085.928842577514, -1091.6228776873481, -1092.9811784329145, -1093.9811784329145, -1095.5823045924058, -1098.6228776873481, -1099.6228776873481, -1142.5671495973472, -1145.6077226922894, -1146.0595720998178, -1149.3760331217834, -1150.9514378821195, -1152.1560803389104, -1154.7282632304584, -1156.2645878691674, -1157.943694273301, -1162.2568442603485, -1162.9548301167201, -1163.9548301167201, -1163.969985111779, -1165.5931371365534, -1165.608292131612, -1166.5931371365534, -1166.608292131612]
 -- BestCostElement: [-1166.60829213 -1166.59313714 -1165.91030628 -1165.89515128]
 -- BestRoute: [[ 0 33 39 42 38 37 29 24 26 30 32 44 45 35 27 31 34 43 40 41 36 28 25 22
  15 16  4  9  8  3  7 14 19 12  6 11 21 17 20 13 10  2  5 18  0]]
 -- Custo: 
 ---------116.09792696709698
 ---- Total: 116.09792696709698
 -- Premio: 
 ---------233.0
 ---- Total: 233.0
 - Execucao 25
 -- BestCostGenaration: [-35.71255998384996, -76.88005332705198, -117.68675429521693, -153.96439768187832, -197.40849294720778, -221.69112657602614, -259.9850458486362, -277.74627188427837, -309.8075306366009, -324.04207800518464, -348.9046486076052, -389.91387295042784, -419.2570187009354, -444.1412102575194, -480.2032042060437, -489.01879300962764, -514.7105159523937, -540.7243426054393, -582.041197517469, -615.0673875906352, -624.5506707162804, -685.6503977207688, -699.4381426872392, -743.5013851866553, -757.3348427174783, -769.8637165852178, -792.7107379764157, -802.1543797476386, -802.6019562552967, -813.3370290167336, -830.7567492463129, -841.6179525869518, -863.7271710678831, -906.2632867462603, -917.5577627898152, -934.2001277286937, -945.9751838599827, -949.245043313294, -964.2703451293083, -976.8961245086343, -977.3281206774584, -979.4817055404833, -993.9960287398077, -1010.5036062373371, -1016.283682995665, -1023.2759393868462, -1037.2937130202467, -1043.2937130202467, -1052.9447168065112, -1054.4627368467663, -1064.285969411428, -1067.6770996431176, -1073.6770996431176, -1087.6770996431176, -1088.6770996431176, -1090.7328277331185, -1095.0465362321033, -1098.9908081421024, -1102.0465362321033, -1135.4806590133394, -1138.3101082133617, -1151.1174193171628, -1152.1174193171628, -1155.157992412105, -1156.0772432272856, -1157.6706257779583]
 -- BestCostElement: [-1157.67062578 -1156.97319843 -1156.75137496 -1156.07724323]
 -- BestRoute: [[ 0 27 25 28 31 40 43 41 36 34 45 35 33 32 39 44 42 38 37 29 30 24 26 22
  15 16  4  9  8  3  7 14 19 21 18 17 20 13 10  2  5 11  6 12  0]]
 -- Custo: 
 ---------118.33234355551045
 ---- Total: 118.33234355551045
 -- Premio: 
 ---------233.0
 ---- Total: 233.0
 - Execucao 26
 -- BestCostGenaration: [-40.533208188590095, -94.64466436859178, -124.95441504773542, -132.3533304424476, -178.29277676655468, -207.9645510642852, -246.13942544234155, -250.0176213373082, -298.5801202995958, -323.7331327342049, -338.929346803082, -398.81797073373696, -423.1006043625554, -472.3928060547505, -503.1050809052031, -514.6355569234736, -518.1865552315758, -519.2158889600945, -562.579813587781, -572.3891852269765, -599.9194978918176, -605.6491869956526, -631.4902576061112, -638.7866023261857, -668.0024196735501, -682.7446461229304, -685.3971222740781, -719.2670885748705, -747.2670885748705, -752.2748321836893, -775.2334688801359, -785.9272962915575, -803.304212820062, -817.7588147505713, -846.6159350010748, -873.0745301103983, -901.1457711226622, -903.2787487400808, -910.0025659697892, -929.9913310795739, -942.0898359785117, -964.7721691495752, -978.2310368990769, -983.2899114021226, -989.925072008911, -993.3609398738467, -1010.1330364280053, -1013.7187617708826, -1022.1409668727385, -1028.7963041567136, -1030.9800092460375, -1039.1541907939807, -1043.558594997056, -1055.25263010689, -1060.6143230870566, -1065.6731975901025, -1067.024086949429, -1069.0599412106908, -1071.6731975901025, -1072.5020201412858, -1079.236296123483, -1079.4805086939034, -1081.5989222704425, -1084.345721252554, -1088.412257603988, -1088.651522351727, -1092.76792635441, -1095.4062333742434, -1100.1344033662654, -1103.1749764612075, -1105.776102620699, -1143.619414482496, -1153.768691234459, -1156.720374530698, -1160.7609476256403]
 -- BestCostElement: [-1160.76094763 -1160.76094763 -1158.41780188 -1158.23888082]
 -- BestRoute: [[ 0 24 26 32 39 44 42 38 37 29 30 33 35 27 31 36 40 41 43 45 34 28 25 23
  22 19 14 15 16  4  9  8  3  7  1  6  5  2 10 11 21 18 17 20 13 12  0]]
 -- Custo: 
 ---------121.05976309358994
 ---- Total: 121.05976309358994
 -- Premio: 
 ---------235.0
 ---- Total: 235.0
 - Execucao 27
 -- BestCostGenaration: [-51.89327901336739, -76.94667143891655, -113.06661811186459, -158.19598180990576, -193.45516460635287, -203.74333201748476, -233.3436209432253, -263.4348090524252, -264.2200102412961, -302.1128470041235, -311.82775027921116, -338.2856994233955, -351.9706356930514, -365.6861498001756, -420.1130656403765, -448.02617752475624, -482.26188759054037, -570.7862544790335, -591.2077746785342, -601.110420142571, -623.9583765359088, -627.5780903744451, -655.0992284837546, -658.2069098548606, -690.1106941452315, -697.5625002896036, -714.1039495076668, -731.2622669391923, -762.483362631489, -788.27152714717, -797.705469036659, -822.3349545375313, -828.150487601355, -838.1363229090401, -853.8968897297153, -859.1363229090401, -884.0518503663409, -890.9490231876281, -904.9176939156524, -906.1193065230159, -915.9186581000711, -922.3463062031727, -926.30768028653, -953.9926254219531, -960.8370356256651, -979.6246193974613, -983.7527862480041, -988.8855866206043, -995.2289589286089, -997.4653685874973, -1005.7505252274293, -1026.1446848748503, -1028.4649320214803, -1035.4726756302994, -1045.0907963413665, -1055.6297576585662, -1056.9304239738535, -1062.917175319073, -1067.3160491595813, -1069.2714569129998, -1076.3783158972276, -1083.263713304181, -1084.7214616477352, -1092.3520250587496, -1093.04258153296, -1112.3037083549884, -1114.6096732451545, -1115.6394427192563, -1117.6502463400966, -1117.9454076094223, -1118.218543013465, -1135.9446275091514, -1157.5789305975673, -1167.0011356994232, -1168.0011356994232, -1168.016290694482, -1177.3222555846478, -1178.3222555846478, -1179.613065479755, -1179.6282204748136, -1180.6282204748136]
 -- BestCostElement: [-1180.62822047 -1180.61306548 -1179.62822047 -1179.62822047]
 -- BestRoute: [[ 0 24 29 37 38 42 44 39 32 30 26 33 45 35 27 34 31 36 41 43 40 28 25 22
  19 14 15 16  4  9  8  3  7 12  6 11  5  2 10 13 20 21 18 17  0]]
 -- Custo: 
 ---------112.59294488129657
 ---- Total: 112.59294488129657
 -- Premio: 
 ---------233.0
 ---- Total: 233.0
 - Execucao 28
 -- BestCostGenaration: [-51.89327901336739, -73.66908374669987, -116.74516600406096, -148.91162916900794, -181.48935141812288, -213.177034190165, -229.07384832303086, -275.78234494455705, -305.70376626705877, -314.2572061155802, -325.6586200352361, -343.5367543093585, -395.53393864088093, -489.3843970194988, -499.2720661810569, -523.1898883093345, -552.2371237594457, -567.8484371005172, -603.3618602798201, -607.5373810269031, -621.4733164598218, -640.1247496578474, -657.3049869159534, -662.5728486353712, -698.0111916101797, -723.6621560091462, -751.6127935427127, -761.1596392602371, -790.2125793763175, -792.3665254954634, -804.0446884970194, -812.123218106273, -826.9433878929038, -849.1296308206512, -867.9129521312907, -881.9382607676843, -891.4827256703823, -892.8533439474663, -914.049716947686, -921.8723439447552, -935.5546936665555, -948.1975435677227, -953.943556337553, -973.4644153320255, -987.5199197385516, -990.9249879321269, -992.9294379662326, -1001.7241661776377, -1007.97719876394, -1009.6761816964556, -1024.6032323157306, -1029.951047290557, -1033.294307848434, -1037.719357720051, -1043.8278543229221, -1044.562245112489, -1051.2788206307964, -1055.7451349230405, -1055.794757022866, -1065.375698334055, -1069.20462076688, -1069.2930784613623, -1071.484194936926, -1075.510485775404, -1078.2930784613623, -1080.1816222813607, -1082.5247680318682, -1084.3660944732865, -1130.3509394782277, -1131.3509394782277, -1131.8027888857562, -1132.3586830870465, -1132.3738380821053]
 -- BestCostElement: [-1132.37383808 -1132.37383808 -1132.35868309 -1132.35868309]
 -- BestRoute: [[ 0 29 37 38 44 33 35 27 34 31 36 41 45 43 40 28 25 22 19 14 15  9  4 16
   8  3  7 12  6 11  5  2 10 13 20 17 18 21 24 30 32 42 39 26  0]]
 -- Custo: 
 ---------124.65654047947368
 ---- Total: 124.65654047947368
 -- Premio: 
 ---------233.0
 ---- Total: 233.0
 - Execucao 29
 -- BestCostGenaration: [-51.89327901336739, -86.05009729254314, -119.36232977160202, -160.73252429865664, -172.22251928620733, -217.83995045228397, -226.87593914371502, -260.02785897211174, -282.5609367209038, -306.479924173729, -333.5816748572429, -356.75071273215434, -398.97423009476034, -422.9290413997157, -445.2721871502233, -467.6153329007309, -494.6419083098217, -520.7024051477207, -572.1642901577826, -574.9029116159622, -620.4034869559173, -645.9001753743551, -667.5169654980633, -692.6364747163248, -727.312106624968, -753.3726034628669, -771.644438926663, -778.4173112647416, -800.1291123644967, -822.4574161087323, -823.9762410768135, -839.3734274166563, -846.7795341712228, -862.4164564074206, -873.9180947610548, -878.7833073197055, -899.6121298708888, -910.4476882051463, -933.3207979893841, -940.3347668001516, -941.404637161583, -958.4462229801532, -969.2589989242201, -980.5074743087157, -981.4267456411624, -1007.1139485228883, -1014.523625984237, -1018.3674955270915, -1024.9714174727203, -1032.0525874259401, -1039.0525874259401, -1043.4602384769512, -1047.1542735867852, -1054.099917304238, -1058.79564061864, -1065.9249894254167, -1067.8033842274588, -1071.9102432116865, -1072.9249894254167, -1075.511369371178, -1078.4896757284741, -1078.9102432116865, -1079.415400408814, -1083.5485502315198, -1088.540806622701, -1122.2939232897304, -1126.8316240863048, -1145.4742749118598, -1147.0079361937173, -1148.0676574625325, -1148.60131874439]
 -- BestCostElement: [-1148.60131874 -1148.06765746 -1147.60131874 -1147.06765746]
 -- BestRoute: [[ 0 27 28 40 41 36 31 25 43 45 34 35 33 26 30 32 39 44 42 38 37 29 24 20
  17 21 18 13 10  2  5 11  6  1  7  3  8  9  4 16 15 22 14 19 12  0]]
 -- Custo: 
 ---------122.34967031390246
 ---- Total: 122.34967031390246
 -- Premio: 
 ---------234.0
 ---- Total: 234.0
