 - Execucao 0
 -- BestCostGenaration: [-134.11145618000168, -221.24674477695118, -290.8676316370636, -397.40001169222825, -430.18359279686797, -474.52103011641719, -536.74515939465095, -556.53675867816446, -592.25209820657869, -706.27531031879846, -713.87366003383238, -717.32301241870073, -762.2565930364093, -822.73229685284059, -874.41065880890494, -962.16190843060099, -969.7517729716609, -988.02846076588855, -1078.3700059403482, -1119.0442010614724, -1129.0258061820521, -1137.7484669838504, -1191.1574740001915, -1218.9206962320541, -1256.0842681750407, -1272.8158437972479, -1291.0308986227669, -1293.6905486583964, -1329.4511251940885, -1344.2551021122561, -1360.90817917911, -1384.6880316939787, -1397.7271813618058, -1420.6570798939474, -1427.4233167340406, -1431.3559889678968, -1446.9875401529202, -1460.1382250474535, -1465.2274272596787, -1466.6074019200341, -1473.1664838527388, -1474.7350580429425, -1476.3346274330047, -1485.7865536503559, -1488.6642087385076, -1492.8387725348034, -1500.4353828828059, -1503.7501012698133, -1505.3296420278666, -1512.4998644696482, -1514.9214339816051, -1522.8431969674771, -1524.4365795181498, -1529.7192131469683, -1532.8540005883174, -1535.2970080451123, -1537.9054909929657, -1538.352736135113, -1539.8452470914758, -1541.4021944439455, -1548.4797799676435]
 -- BestCostElement: [-1548.47977997 -1548.03253483 -1547.05461529 -1546.79663488]
 -- BestRoute: [array([ 0,  7,  4,  5,  6,  8, 11, 17, 16, 13, 15, 14, 18, 21,  1, 19, 12,
       24, 23, 25, 26, 28, 29,  2, 32, 31, 27, 30, 37, 42, 40, 41, 39, 38,
       36, 35,  3, 34, 33, 22, 20, 10,  9,  0])]
 -- Premio: 
 ---------110.491866294
 -- Custo: 
 ---------199.0
 - Execucao 1
 -- BestCostGenaration: [-134.11145618000168, -220.12952264128469, -291.11192044533368, -369.79432115416444, -422.99739349059212, -458.02174524661189, -491.8076278610061, -541.05186332414257, -601.68382973601467, -655.28585839328514, -665.1365816413221, -735.06644583104844, -765.453660868116, -842.32023506675, -860.81217012978232, -929.84243015863012, -940.497513527602, -942.72315967285499, -1012.0989932096655, -1048.355687664656, -1055.9681846143874, -1080.1501116456441, -1088.0896131554714, -1148.5862080372103, -1193.7262121164456, -1219.0362011521199, -1221.1290253356856, -1223.3951043676279, -1235.8398298673087, -1286.80550033535, -1301.6870093830078, -1301.8354804469809, -1337.3836711607253, -1345.1519815902193, -1353.748368908758, -1398.1065696505714, -1413.2374261089215, -1419.3977191902147, -1453.9034856370063, -1459.3873338062958, -1488.1948543513847, -1489.4153832778472, -1499.749872711641, -1504.5302518962585, -1505.0707630213112, -1520.703279829014, -1530.952725576785, -1538.6729825664243, -1551.2198844135778, -1556.1641563235771, -1556.3633785805514, -1557.0756014096228, -1557.1550202713927, -1562.099292181392, -1562.7324556591152]
 -- BestCostElement: [-1562.73245566 -1562.73245566 -1562.65339631 -1562.65339631]
 -- BestRoute: [array([ 0,  6,  5,  4,  7,  9, 10, 11,  8, 17, 16, 13, 15, 14, 18, 21, 33,
       34, 37,  3, 42, 40, 41, 39, 38, 36, 35, 22,  1, 20, 19, 24, 23, 25,
       26, 28, 29,  2, 32, 31, 30, 27, 12,  0])]
 -- Premio: 
 ---------106.816886085
 -- Custo: 
 ---------199.0
