 - Execucao 0
 -- BestCostGenaration: [-134.11145618000168, -217.46965713695454, -291.59722645627664, -393.8867487190962, -418.86304323177535, -469.62133254267405, -500.38466047828354, -590.7292379775148, -604.21300873711493, -670.40711517043428, -713.18138718646605, -750.68851254361084, -817.45661680648709, -821.80807571260016, -852.65091630071515, -868.19674071843383, -890.80700269390195, -912.8283965004955, -916.35317030703948, -935.04108277223509, -971.86180998251348, -987.9385847812157, -1006.0168026937656, -1027.6390701478108, -1047.4479571693259, -1057.4848078541961, -1059.7090649407487, -1062.1744834454573, -1071.7647454938062, -1084.5544639440675, -1091.5375357696182, -1107.269020110065, -1112.2079416496358, -1112.4510593177702, -1122.7467895109289, -1128.2419622611476, -1142.8848871563159, -1145.1785043981131, -1156.8570522903094, -1157.8647958991282, -1158.3347986462518, -1160.308671598767, -1163.839100663316, -1165.0954434536566, -1169.2379745038245]
 -- BestCostElement: [-1169.2379745  -1168.52539216 -1168.44633281 -1167.06880199]
 -- BestRoute: [array([ 0,  8,  6,  3,  4,  5,  7,  9, 10, 15, 12, 14, 13, 17, 20, 21, 19,
        1, 16, 18, 23, 22, 24,  2, 26, 29, 30, 31, 28, 25, 27, 11,  0])]
 -- Premio: 
 ---------85.190506374
 -- Custo: 
 ---------151.0
 - Execucao 1
 -- BestCostGenaration: [-134.11145618000168, -225.61001700841854, -295.81890887763751, -384.64044359100359, -413.53695822359526, -471.68464198089168, -529.39380582041099, -554.35552993614556, -602.29077631084169, -683.22202324782916, -703.64128256650611, -746.81864711132937, -794.71552922822355, -839.43462320178628, -855.13014998807853, -909.65525984463989, -937.1534942358353, -986.01760829227396, -991.03308831517552, -993.4089435653367, -1048.4192474506615, -1057.8252631621995, -1082.6319973250074, -1106.9364409698724, -1115.8900746218578, -1126.54374412795, -1130.6055279594825, -1143.1765946451226, -1151.569435708625, -1158.0309979860479, -1169.4495144477539, -1186.1670446099286]
 -- BestCostElement: [-1186.16704461 -1186.08798526 -1185.45446227 -1185.37540292]
 -- BestRoute: [array([ 0,  3,  4,  5,  7, 16, 15, 12, 13, 14,  1, 17, 20, 21, 19, 18, 10,
        9, 11, 23, 26, 29, 30, 31,  2, 28, 27, 25, 24, 22,  8,  6,  0])]
 -- Premio: 
 ---------80.9582388475
 -- Custo: 
 ---------151.0
 - Execucao 2
 -- BestCostGenaration: [-134.11145618000168, -229.24674477695118, -303.24357240102364, -383.82803129094088, -444.36968425080386, -475.62195327167831, -521.73323545444646, -569.89558237434721, -609.16130746482918, -667.33499166393358, -720.27311300756935, -734.052569920736, -788.25626933479043, -851.00276635094133, -908.2134125152852, -932.08256069174786, -945.56922850689739, -1004.8972327868073, -1008.7194392156605, -1008.8338323175718, -1031.9026043858262, -1061.8824529436133, -1080.1534317688861, -1093.865223606902, -1102.2727867622398, -1122.5558377743691, -1123.9107203125097, -1146.9782282394176, -1153.2369131888454, -1161.3005883226983, -1167.009420232187, -1172.703455342021, -1177.2229595358438, -1182.2254788870077, -1188.0776326995385, -1188.9641882739857, -1191.1333607895394, -1195.7034120788644]
 -- BestCostElement: [-1195.70341208 -1192.64768399 -1192.64768399 -1192.35252272]
 -- BestRoute: [array([ 0,  8,  6,  3,  4,  5,  7,  9, 10, 16, 15, 12, 14, 13,  1, 17, 20,
       21, 19, 18, 23,  2, 26, 29, 30, 31, 28, 27, 25, 24, 22, 11,  0])]
 -- Premio: 
 ---------78.5741469803
 -- Custo: 
 ---------151.0
 - Execucao 3
 -- BestCostGenaration: [-134.11145618000168, -210.22291236000336, -307.5875891801744, -401.94120988876728, -454.82961139484695, -495.45564301905836, -523.86357324759365, -566.38262466096648, -626.77217511367985, -631.89715792018103, -702.95863500057249, -718.40918705199761, -741.8952081087682, -771.86295248409135, -817.82498467514972, -827.2655098674943, -865.3950857388993, -886.48232257626046, -906.07727098713008, -922.33241777026274, -943.98264590177632, -958.42008548815545, -987.46233649546298, -992.84119257010775, -1014.8411925701078, -1018.0886200497516, -1032.7221430378966, -1043.7706252425551, -1069.0040840597178, -1073.7031815030007, -1091.059282411625, -1106.0785631537196, -1111.7876452552248, -1143.5055586626502, -1153.6516247991804, -1168.1413547156644, -1170.6285877506987, -1176.9329964065059, -1179.9887244965068, -1180.0677838478553, -1182.749291317182, -1185.171496419038, -1187.477461309204]
 -- BestCostElement: [-1187.47746131 -1187.39840196 -1186.76487897 -1185.17149642]
 -- BestRoute: [array([ 0,  8,  6,  3,  4,  5,  7, 16, 15, 12, 13, 14,  1, 17, 20, 21, 19,
       18, 10,  9, 11, 22, 24, 25, 27, 28,  2, 31, 30, 29, 26, 23,  0])]
 -- Premio: 
 ---------80.6306346727
 -- Custo: 
 ---------151.0
 - Execucao 4
 -- BestCostGenaration: [-134.11145618000168, -200.08877047789213, -286.18192355960338, -372.70370790854872, -440.61502717780064, -477.59768555559253, -498.08172501850862, -585.39853601271886, -608.30793108597231, -662.59018013428431, -692.99620807358906, -714.13434898213291, -764.84412955158587, -801.76141877832879, -827.69588462172965, -841.15879990951032, -910.65540231896421, -927.71134276302053, -986.54272303462574, -1003.6592892364092, -1022.3261971625252, -1033.1155925577448, -1066.2402505784426, -1067.3445001318385, -1075.026084249801, -1082.5922141537769, -1088.8392229547596, -1116.2127347217388, -1122.0442277036952, -1137.9119454184822, -1148.1605683502762, -1158.1707487040308, -1172.8643265676985, -1180.6112939813961, -1185.592746751737, -1188.9820401303527, -1189.0610994817011, -1190.1627980410622, -1192.0005873600119, -1192.0796467113603, -1193.1813452707213, -1194.774727821394, -1195.0698890907197, -1198.1256171807204, -1198.2046765320688]
 -- BestCostElement: [-1198.20467653 -1198.12561718 -1195.1861293  -1195.10706995]
 -- BestRoute: [array([ 0,  6,  3,  4,  5,  7,  9, 10, 16, 15, 12, 13, 14,  1, 17, 20, 21,
       19, 18, 23, 26, 29, 30, 31,  2, 28, 27, 25, 24, 22, 11,  8,  0])]
 -- Premio: 
 ---------77.948830867
 -- Custo: 
 ---------151.0
 - Execucao 5
 -- BestCostGenaration: [-134.11145618000168, -230.22291236000336, -315.27780198760212, -399.22571414024645, -431.3226983229232, -490.42933813472354, -509.90070043175734, -567.16822899157182, -584.83533123397456, -644.47084963564816, -691.68007908095171, -718.41420132276482, -779.24976957574313, -810.82433603027994, -836.72930408275499, -881.86787912943691, -895.53263972580862, -904.05083498410113, -917.15493293325994, -928.27495497844393, -964.4744574629276, -970.05236577567155, -970.73323128695586, -1000.748411958877, -1036.4469897000411, -1042.5834037911918, -1049.9741856843261, -1050.5692225528649, -1083.5787225845158, -1084.8888122914032, -1116.8619788967894, -1123.0418415828917, -1134.6079895089845, -1141.8301916855107, -1149.3537945783878, -1157.1853265146849, -1174.3089716431368, -1186.2933839906084, -1189.3491120806091, -1189.4281714319575]
 -- BestCostElement: [-1189.42817143 -1189.34911208 -1186.29338399 -1186.29338399]
 -- BestRoute: [array([ 0,  6,  3,  4,  5,  7, 16, 15, 12, 13, 14,  1, 17, 20, 21, 19, 18,
       10,  9, 11, 23,  2, 26, 29, 30, 31, 28, 27, 25, 24, 22,  8,  0])]
 -- Premio: 
 ---------80.142957142
 -- Custo: 
 ---------151.0
 - Execucao 6
 -- BestCostGenaration: [-134.11145618000168, -239.24959708854544, -295.40259692893943, -369.92848267576966, -424.76063117664609, -470.41791837938797, -518.41216384699987, -563.51073354282084, -621.1512339798785, -642.28937488842212, -645.18078693168832, -719.96457866862397, -728.37574461366648, -778.07163344197488, -782.39185958705775, -803.64824756813391, -876.60609228605199, -893.30987928933394, -898.90075796829683, -944.32866493265556, -954.69532141257991, -962.07979831425905, -994.33690086189472, -1005.7109533863952, -1009.628004564536, -1027.5985344105654, -1036.5257823768943, -1047.7173712472163, -1085.1536963568594, -1096.6408193716277, -1098.0161596979631, -1115.7379449439759, -1122.434839063468, -1125.9737230961446, -1130.5711697817114, -1138.2257074182321, -1153.2547816443312, -1169.1640601739703, -1171.7179237540849, -1172.5013235508745, -1175.8150320498594, -1177.1920484566708, -1181.5804261653795, -1183.0171205778493, -1186.0728486678502, -1186.569329089366, -1186.8644903586917]
 -- BestCostElement: [-1186.86449036 -1186.56932909 -1186.07284867 -1185.7776874 ]
 -- BestRoute: [array([ 0,  4,  3,  6,  8,  5,  7, 10, 16, 15, 12, 14, 13, 17,  1, 20, 21,
       19, 18, 23, 26, 29, 30, 31,  2, 28, 27, 25, 24, 22, 11,  9,  0])]
 -- Premio: 
 ---------80.7838774103
 -- Custo: 
 ---------151.0
 - Execucao 7
 -- BestCostGenaration: [-134.11145618000168, -206.15932046376776, -333.11003806346417, -360.44394233813722, -420.97181240593704, -458.75499510872334, -501.81718730004508, -577.84162338095825, -597.78890005882363, -632.87752817694991, -672.55147823953371, -713.02197541265639, -734.42336605199102, -809.27683712813746, -859.1881493186238, -859.63329218992817, -876.78309965367418, -899.44594129672078, -965.60591015908881, -966.57651850052844, -1005.9519628577316, -1006.4741697023508, -1022.2026098235096, -1037.9258146247573, -1058.8018308042483, -1101.2869179076415, -1102.8356622294602, -1102.9381420284162, -1108.6249252977509, -1121.7014668494119, -1129.3988189961524, -1139.9044670051708, -1149.5467895684246, -1149.6627385490315, -1157.550681424816, -1170.5246980753786, -1174.6092633602202, -1176.0026312672353, -1182.4303423025849, -1185.5555658913952, -1190.2046765320688]
 -- BestCostElement: [-1190.20467653 -1190.12561718 -1187.45367356 -1187.37461421]
 -- BestRoute: [array([ 0,  8,  6,  3,  4,  5,  7,  9, 10, 16, 15, 12, 13, 14,  1, 17, 20,
       21, 19, 18, 23, 22, 24, 25, 27, 28, 31, 30, 29, 26,  2, 11,  0])]
 -- Premio: 
 ---------79.948830867
 -- Custo: 
 ---------151.0
 - Execucao 8
 -- BestCostGenaration: [-134.11145618000168, -202.38111325288548, -328.12125046203209, -431.39380582041105, -454.19680676028133, -470.49680767058845, -576.94937006927057, -611.78489737772315, -645.53590661109797, -675.99096018275668, -704.79063876787291, -711.940684933395, -773.35137602951568, -779.91571288578814, -831.59052414579082, -848.15058444181409, -857.9927889232091, -887.84968166528574, -892.78362344396805, -936.4542179826891, -956.48173162955811, -969.0831494267029, -979.38112083779561, -1016.9952767642912, -1048.8461652153487, -1057.3326636497122, -1076.6443369248288, -1090.2654437280316, -1106.736008796805, -1108.4070201343322, -1127.2596827886878, -1133.7522236280097, -1141.2178248772479, -1149.8994961375679, -1156.7876804686844, -1162.0348412599744, -1165.2464696901438, -1168.0857398628548, -1174.6536554848399, -1177.716303273869, -1178.0798207085936, -1181.7690717867395, -1184.407378806573, -1184.4864381579212, -1184.7876190163988, -1187.5049853875803]
 -- BestCostElement: [-1187.50498539 -1187.42592604 -1187.13076477 -1186.79240305]
 -- BestRoute: [array([ 0,  8,  6,  3,  4,  5,  7, 10, 18, 16, 15, 12, 13, 14,  1, 17, 20,
       21, 19, 26, 29, 30, 31,  2, 28, 27, 25, 24, 22, 23, 11,  9,  0])]
 -- Premio: 
 ---------80.6237536531
 -- Custo: 
 ---------151.0
 - Execucao 9
 -- BestCostGenaration: [-134.11145618000168, -255.86281887735171, -334.8716700066135, -411.42345012608359, -423.01257082203239, -455.88459385405224, -513.97997656506777, -615.49423072740365, -662.43222105780956, -730.50728389523158, -790.50728389523158, -792.055434487703, -814.08744183694944, -860.21412624415177, -879.9549657328223, -887.25783040287479, -929.72441525814156, -930.64256853494976, -946.94002380844518, -950.45069271111345, -968.31835819162814, -983.8638491702452, -997.6383151313978, -1000.273759028642, -1015.8483926969164, -1022.656674838963, -1022.6933663037114, -1024.5571000003349, -1056.9815479133892, -1058.0423098320957, -1082.5266748759173, -1104.9410909964258, -1121.0035485302644, -1134.0573108642882, -1143.1365871885071, -1150.9879293346012, -1155.530293824454, -1162.3587259986373, -1169.2348858807409, -1172.078591632602, -1172.89808039628, -1176.4820380691804, -1177.8145052334426, -1180.8330524631019, -1181.4665754512466, -1183.2496010012294, -1185.4393256797052, -1185.476506540047, -1188.4950537697061, -1188.5741131210543]
 -- BestCostElement: [-1188.57411312 -1188.49505377 -1187.86153078 -1186.26814823]
 -- BestRoute: [array([ 0,  7,  5,  4,  3,  6,  8, 11,  9, 10, 16, 15, 12, 13, 14,  1, 17,
       20, 21, 19, 18, 23, 26, 29, 30, 31,  2, 28, 27, 25, 24, 22,  0])]
 -- Premio: 
 ---------80.3564717197
 -- Custo: 
 ---------151.0
 - Execucao 10
 -- BestCostGenaration: [-134.11145618000168, -207.75981993654773, -285.17309230833422, -354.4352223679586, -395.78626192107367, -446.5645073486013, -519.14686664463045, -546.55571128097995, -589.15791497689384, -630.77156808769155, -677.38542760255859, -702.63111313236959, -763.6685262772985, -789.54349645658999, -794.85749050056575, -849.11719294093496, -867.13693045611103, -890.84434588326917, -891.02709262150984, -932.98027569270539, -946.83993081283961, -974.061576717153, -1016.388591842651, -1040.0901600190737, -1044.5123651209296, -1055.9486680007601, -1061.8956585858164, -1080.7851411402189, -1090.2978079070467, -1092.7860782326966, -1098.4271527324845, -1109.2872823389239, -1119.0543482318708, -1135.8415561306808, -1136.1094121101487, -1147.6412920572488, -1159.0029643773464, -1165.0467937147071, -1169.4748546147216, -1178.5616575748888]
 -- BestCostElement: [-1178.56165757 -1178.48259822 -1175.95055231 -1175.87149296]
 -- BestRoute: [array([ 0,  8,  6,  3,  4,  5, 18, 19, 21, 20, 17,  1, 14, 13, 12, 15, 16,
       10,  9, 11, 22, 24, 25, 27, 28,  2, 31, 30, 29, 26, 23,  7,  0])]
 -- Premio: 
 ---------82.8595856063
 -- Custo: 
 ---------151.0
 - Execucao 11
 -- BestCostGenaration: [-134.11145618000168, -203.46309314292029, -288.19225475524308, -362.08637860123844, -436.11779812596154, -491.85415684893678, -521.44973669913838, -561.58232165355435, -600.84086815788964, -639.64594441242843, -672.71976797715013, -748.78132234535212, -792.45566979379203, -813.53105144601273, -832.67608724687216, -909.94910444398442, -928.99342526907435, -979.67398520667507, -1004.6539675388865, -1015.8950450766133, -1032.1781198705482, -1058.3594333314418, -1067.2675318510906, -1069.7825848154596, -1075.8524352731595, -1115.1852214052906, -1125.852988041253, -1132.130461245205, -1137.6357612528482, -1143.2953680253213, -1153.5055507890374, -1163.0088856779785, -1167.0688131134111, -1173.8821484469568, -1175.3073131259432, -1180.2515850359423, -1184.3188861225831, -1184.3839140557614, -1187.374614212584]
 -- BestCostElement: [-1187.37461421 -1184.38391406 -1184.35606698 -1184.31888612]
 -- BestRoute: [array([ 0,  8,  6,  3,  4,  5,  7,  9, 10, 16, 15, 12, 14, 13,  1, 17, 20,
       21, 19, 18, 23, 22, 24, 25, 27, 28,  2, 31, 30, 29, 26, 11,  0])]
 -- Premio: 
 ---------80.6563464469
 -- Custo: 
 ---------151.0
 - Execucao 12
 -- BestCostGenaration: [-134.11145618000168, -201.31981448916014, -323.99081543268943, -399.86368327381564, -429.48584343080006, -473.55586278347084, -525.41859018822572, -553.846513258046, -618.42161905815988, -663.14745115929782, -707.28753368537195, -729.42236480659903, -769.32602035849959, -809.34242465052159, -852.1664887896676, -866.7472432649422, -893.95297608726048, -950.65368126317355, -964.07884594216, -974.35781451953517, -990.31100709739644, -990.8543742684983, -1001.4093915483047, -1021.6259238629259, -1023.905497479723, -1051.714706454788, -1064.9381101067454, -1072.0042794434441, -1076.9408976781085, -1086.9342019772605, -1095.9495902890214, -1123.4667079008063, -1126.6070456779644, -1136.1948778928283, -1144.0381897546254, -1145.924777523338, -1158.4831183829124, -1159.1466863574965, -1165.8398371388571, -1169.0744862864935, -1170.1938563018746, -1176.9056643978477, -1186.4470692885241, -1187.8479571408543, -1188.1059375498382, -1190.4998378013945, -1190.7578182103784]
 -- BestCostElement: [-1190.75781821 -1190.4998378  -1189.7500746  -1189.49209419]
 -- BestRoute: [array([ 0,  7,  5,  4,  3,  6,  8,  9, 10, 16, 15,  1, 14, 12, 13, 17, 20,
       21, 19, 18, 23, 24, 25, 27, 28, 31, 30, 29, 26,  2, 22, 11,  0])]
 -- Premio: 
 ---------79.8105454474
 -- Custo: 
 ---------151.0
 - Execucao 13
 -- BestCostGenaration: [-134.11145618000168, -215.35163696291858, -321.01275385916085, -360.9982312565549, -437.52411468778325, -488.9276721250892, -546.90138128661124, -563.14580519774688, -594.91969808137276, -663.25457767115245, -697.8949403773247, -806.60319947362541, -825.2397335170881, -829.91058605092917, -864.07457547148465, -873.67411554410171, -910.05962338841164, -930.83619593019262, -944.94606531347574, -974.21228971344044, -982.92498448042306, -990.7345572066456, -1001.5969778020459, -1020.6228292559388, -1025.9606862933942, -1041.8561513946449, -1052.7609848416585, -1068.8501286214887, -1082.080423291834, -1088.6971284067565, -1098.1319504432809, -1106.3404018645624, -1109.4335341571216, -1118.3938661906045, -1130.0775322646475, -1135.1151852359028, -1137.4319949571968, -1139.3937043271908, -1141.446572721703, -1144.0797290370701, -1148.4388930222353, -1149.6575239352142, -1151.2993215491977, -1158.9773383357813, -1159.1611433067471, -1165.9890751234143, -1167.2353187447652, -1168.7496419440895, -1169.0448032134152, -1169.3831649322344, -1173.3987525847631, -1174.7713355867936, -1176.454480674764, -1179.5102087647647]
 -- BestCostElement: [-1179.51020876 -1176.51950861 -1176.45448067 -1176.45448067]
 -- BestRoute: [array([ 0,  8,  6,  3,  4,  5,  7,  9, 10, 16, 15, 12, 14, 13,  1, 17, 20,
       21, 19, 18, 11, 22, 24, 25, 27, 28,  2, 31, 30, 29, 26, 23,  0])]
 -- Premio: 
 ---------82.6224478088
 -- Custo: 
 ---------151.0
 - Execucao 14
 -- BestCostGenaration: [-134.11145618000168, -224.55179899199644, -290.8250555910227, -357.12171915651999, -449.23625623599236, -498.46815197311611, -500.2422101627447, -558.49943507709736, -603.53887349808156, -663.7974971160445, -718.34564042339241, -750.30715352070877, -775.10406699265639, -819.91270723911498, -821.2303849669222, -875.19657517222231, -927.35721048400387, -931.77367850342625, -935.82026130362897, -996.15114258209837, -996.27592699522575, -1004.2737385555292, -1022.019567205008, -1052.2838688151678, -1066.2376458498488, -1070.0509008604151, -1084.9412801994963, -1099.2372804148717, -1123.2600088044264, -1124.8313286499895, -1153.8862272645522, -1169.9830861305522, -1174.0093769690304, -1176.0026312672355, -1179.150270400555, -1180.8334154885254, -1181.1285767578511, -1186.4275888920722, -1187.9419120913965, -1188.2370733607222, -1191.2928014507229]
 -- BestCostElement: [-1191.29280145 -1188.30210129 -1188.23707336 -1188.23707336]
 -- BestRoute: [array([ 0,  8,  6,  3,  4,  5,  7,  9, 10, 16, 15, 12, 14, 13,  1, 17, 20,
       21, 19, 18, 23, 22, 24,  2, 26, 29, 30, 31, 28, 27, 25, 11,  0])]
 -- Premio: 
 ---------79.6767996373
 -- Custo: 
 ---------151.0
 - Execucao 15
 -- BestCostGenaration: [-134.11145618000168, -222.19655761217408, -333.02430022577107, -348.00052157359448, -432.35350458868356, -467.22210418706413, -527.44844625838493, -601.66347869554193, -635.99387141698628, -719.76808938513523, -720.58471804378678, -765.22023501294279, -799.11531556074078, -816.25658046930516, -888.22431005452313, -907.42305822112428, -908.92214761106356, -923.33523118389598, -949.0629703056851, -981.05220251357264, -1006.2647426468911, -1007.7487899961632, -1028.3986215230357, -1048.984818471225, -1054.7350684654994, -1080.5801686138986, -1088.4730369700326, -1088.4907536379865, -1101.4290031423598, -1112.0871420058752, -1118.4331960108213, -1123.5023713954583, -1135.0265352983374, -1139.0109476458088, -1147.5107167056951, -1153.1025859603562, -1160.5368004900236, -1162.8191872449345, -1164.4906702138919, -1167.2095903934196, -1175.0997241925845, -1175.1381282118737, -1176.5632928908601, -1176.8720278008927, -1178.1566754415328]
 -- BestCostElement: [-1178.15667544 -1178.11827142 -1176.8720278  -1176.64235224]
 -- BestRoute: [array([ 0,  7,  5,  4,  3,  6,  8,  9, 10, 18, 19, 21,  1, 20, 17, 13, 14,
       12, 15, 16, 23, 22, 24, 25, 27, 28,  2, 31, 30, 29, 26, 11,  0])]
 -- Premio: 
 ---------82.9608311396
 -- Custo: 
 ---------151.0
 - Execucao 16
 -- BestCostGenaration: [-134.11145618000168, -225.61001700841854, -345.51737177955977, -374.54044854770672, -403.32186256832006, -467.09522303049584, -527.8689409089618, -567.41442348580665, -637.83660882053948, -695.18205918758122, -743.40994100322575, -801.54666109351263, -802.92064208342094, -812.42689148400086, -837.81548671993664, -902.51372117520282, -909.88173636340184, -914.57202230134385, -921.63622290900616, -936.56270355302524, -975.66423271280564, -997.77002975146934, -1015.6900050998859, -1053.7427533158141, -1084.2842189844473, -1090.1997812266968, -1096.1289706479151, -1122.6964602104517, -1127.4952498964699, -1136.6400360719178, -1143.9241650940544, -1144.7707355301116, -1157.7207628033786, -1160.4978071802186, -1163.756243947837, -1165.0911316716251, -1170.2927590750983, -1177.1717472573321, -1182.1363203666697, -1186.1890888795401, -1186.2681482308885, -1187.7824714302128, -1188.0776326995385, -1191.2124201408876]
 -- BestCostElement: [-1191.21242014 -1191.13336079 -1189.04324763 -1188.96418827]
 -- BestRoute: [array([ 0,  8,  6,  3,  4,  5,  7,  9, 10, 16, 15, 12, 13, 14,  1, 17, 20,
       21, 19, 18, 23, 24, 25, 27, 28, 31, 30, 29, 26,  2, 22, 11,  0])]
 -- Premio: 
 ---------79.6968949648
 -- Custo: 
 ---------151.0
 - Execucao 17
 -- BestCostGenaration: [-134.11145618000168, -198.41119159779618, -280.87225343016854, -355.01290652501365, -407.8221983424524, -469.3753791963976, -513.97103538887791, -560.03922138972393, -663.80377792782497, -675.53253504281895, -700.85095606180198, -707.14494135615041, -774.82472257644667, -833.3659037836486, -844.03183003740969, -863.95033347785966, -874.47423611723616, -966.94645184112426, -967.31180557945083, -975.04729802684892, -984.66540274340969, -999.64242679995118, -1027.7977992484853, -1054.5864382577183, -1058.541213461873, -1073.0055458746897, -1080.1093076948098, -1104.5714290375552, -1107.9974881010721, -1120.9648887453886, -1128.3116987540407, -1140.5371824527292, -1140.6682004571262, -1148.5459406562841, -1150.0409348516337, -1154.0025345033139, -1157.1321210212377, -1163.4318580291738, -1171.6142535585268, -1173.4597795541076, -1174.1005138065302, -1177.1813452707213, -1181.999277800041, -1185.565129743934, -1187.6035503725773, -1188.3161327120706]
 -- BestCostElement: [-1188.31613271 -1188.23707336 -1187.60355037 -1186.67199566]
 -- BestRoute: [array([ 0,  5,  4,  3,  6,  8,  7, 16, 15, 12, 13, 14,  1, 17, 20, 21, 19,
       18, 23, 22, 24, 25, 27, 28, 31, 30, 29, 26,  2, 11, 10,  9,  0])]
 -- Premio: 
 ---------80.420966822
 -- Custo: 
 ---------151.0
 - Execucao 18
 -- BestCostGenaration: [-134.11145618000168, -235.74201959101609, -297.04203486731768, -427.67438932523061, -495.60255160403722, -515.26297790520584, -561.58428619450251, -644.9906980010569, -693.60391978986331, -760.59105315012675, -827.13605951050567, -867.49196884294088, -909.8491444517756, -917.35311543000137, -934.70861567881138, -962.7707670749403, -976.78821616726964, -1000.1478226223346, -1025.2701880429634, -1036.3424585179532, -1049.1892508454537, -1057.2731394053199, -1061.7189209929411, -1071.9921180763167, -1081.8203172371482, -1091.2065797925702, -1097.5263991387174, -1117.6599866723282, -1125.8244216916157, -1138.3316366174204, -1145.9560940382594, -1157.8733921350045, -1164.8933708166892, -1171.6035503725773, -1182.6173999715716, -1189.8676367717367, -1192.9233648617374, -1193.0024242130858]
 -- BestCostElement: [-1193.00242421 -1192.92336486 -1192.28984187 -1190.69645932]
 -- BestRoute: [array([ 0,  6,  3,  4,  5,  7,  9, 10, 16, 15, 12, 13, 14,  1, 17, 20, 21,
       19, 18, 23, 22, 24,  2, 26, 29, 30, 31, 28, 27, 25, 11,  8,  0])]
 -- Premio: 
 ---------79.2493939467
 -- Custo: 
 ---------151.0
 - Execucao 19
 -- BestCostGenaration: [-134.11145618000168, -208.85671113831879, -330.50223341762791, -387.40606524071893, -416.42914200886588, -451.61779094024752, -552.08082700825082, -591.81735344373158, -629.00805611051646, -669.68110178591269, -717.22268427049676, -726.82773016314775, -777.41418774829117, -832.88369897806069, -841.52825105817533, -902.83750606621959, -945.14974049399279, -958.99695179971525, -977.14216635371292, -978.34939755145467, -1001.2747004123515, -1048.5301162908936, -1050.1274008741832, -1055.7684664595577, -1070.8594429886512, -1104.9775538975102, -1113.2497642389735, -1115.4976079110884, -1145.9677327538955, -1160.7267433402121, -1163.3278694997034, -1166.3835975897043, -1177.4393256797052, -1184.1930820583543, -1190.3835975897043, -1192.6105031285219, -1196.0404518391967, -1196.7530341786901, -1196.8320935300383]
 -- BestCostElement: [-1196.83209353 -1196.75303418 -1196.04045184 -1195.96139249]
 -- BestRoute: [array([ 0,  5,  4,  3,  6,  8,  9, 10,  7, 16, 15, 12, 13, 14,  1, 17, 20,
       21, 19, 18, 23, 26, 29, 30, 31,  2, 28, 27, 25, 24, 22, 11,  0])]
 -- Premio: 
 ---------78.2919766175
 -- Custo: 
 ---------151.0
 - Execucao 20
 -- BestCostGenaration: [-134.11145618000168, -229.97731429789042, -304.38466047828354, -347.4539066073574, -474.71835915052384, -498.35263904721512, -583.63262149621823, -615.66442816300969, -628.18592290784375, -655.44148658625363, -726.55226911742898, -763.23323940053456, -799.19107708528304, -810.17862854095995, -841.33339925965106, -858.04643798771713, -897.03151793947893, -942.899701002646, -994.38220270296097, -1001.0179107918013, -1021.3251822344221, -1046.2814132025289, -1050.0005263547916, -1054.4855541608015, -1057.9697559240965, -1067.4021812530011, -1072.1616503962905, -1096.625518368352, -1107.4145792293282, -1118.0406531928941, -1130.801357440522, -1135.592020727687, -1146.7307008243665, -1151.4742768492608, -1157.6585963753339, -1162.397469553305, -1164.5970117249321, -1166.6237222197446, -1170.1505297964197, -1172.0275438829349, -1173.7757257284179]
 -- BestCostElement: [-1173.77572573 -1173.69666638 -1172.02754388 -1171.94848453]
 -- BestRoute: [array([ 0,  4,  3,  6,  8, 11,  9, 10,  5,  7, 16, 15, 12, 13, 14,  1, 17,
       20, 21, 19, 18, 23, 24, 25, 27, 28, 31, 30, 29, 26,  2, 22,  0])]
 -- Premio: 
 ---------84.0560685679
 -- Custo: 
 ---------151.0
 - Execucao 21
 -- BestCostGenaration: [-134.11145618000168, -229.24674477695118, -280.9455384113013, -437.1283872603197, -452.14354225537841, -503.03486343564589, -519.50057714391437, -573.67529037485087, -618.19601648918126, -649.68676233804877, -671.28409448423076, -706.72914299542344, -789.73203041649072, -809.16989742745204, -856.45910148577491, -863.58764838881643, -869.5265310281784, -928.39774779395634, -940.45218665725702, -962.92343159766199, -966.13333720336573, -971.2534116506265, -972.96640621681411, -1006.9664062168141, -1033.5267537223606, -1046.6752100714173, -1056.8522808455857, -1059.0488407413839, -1071.3368006808489, -1083.1568704844567, -1107.1632909376071, -1115.4314919852238, -1123.4253807878481, -1134.4918120637983, -1141.4288893734847, -1144.2895681593661, -1164.1632121493617, -1170.107277005211, -1174.8461501831821, -1176.9428452581892, -1180.7218588736328, -1181.6817184361605, -1183.312281847175, -1186.3680099371759, -1186.4470692885241, -1189.6190375902149, -1190.2153797180181, -1194.2681482308885]
 -- BestCostElement: [-1194.26814823 -1194.18908888 -1193.55556589 -1191.96218334]
 -- BestRoute: [array([ 0,  8,  6,  3,  4,  5,  7, 10, 16, 15, 12, 13, 14,  1, 17, 20, 21,
       19, 18, 23, 24, 25, 27, 28, 31, 30, 29, 26,  2, 22, 11,  9,  0])]
 -- Premio: 
 ---------78.9329629423
 -- Custo: 
 ---------151.0
 - Execucao 22
 -- BestCostGenaration: [-134.11145618000168, -235.74201959101609, -316.25295965804605, -387.07786743112035, -421.48214751496317, -447.40464638611581, -514.08023022936698, -533.79842918722125, -585.42136787093614, -657.95058683083323, -668.31298437144642, -708.43590540266064, -789.93991603063489, -804.72129723919488, -829.14057846389051, -839.27128528064623, -858.90251918845183, -866.1156569682696, -895.23847215838646, -924.19126084382424, -945.39353093173895, -980.39652083001215, -985.29135430391648, -992.53000060344004, -1031.2233817356951, -1037.3874841862018, -1050.2213828690374, -1064.2102586856281, -1074.9571216451707, -1081.3311872722384, -1088.705319527613, -1093.3217706013388, -1098.0073796928573, -1104.4464065319833, -1105.3479100473396, -1126.4476471878165, -1129.7556957851284, -1134.9849747720923, -1142.9849747720923, -1152.8753573356341, -1153.6106263771055, -1157.4059385125247, -1159.2231233268369, -1164.4950537697059, -1173.9496989633719, -1176.8941346643642, -1181.3865571668348, -1183.7297029173424, -1184.8058026915603, -1190.1256171807204, -1190.2153797180181, -1190.2944390693665, -1194.8644903586917, -1194.9435497100399]
 -- BestCostElement: [-1194.94354971 -1194.86449036 -1194.23096737 -1194.15190802]
 -- BestRoute: [array([ 0,  5,  4,  3,  6,  8,  9, 10, 16, 15, 12, 13, 14,  1, 17, 20, 21,
       19, 18, 23, 26, 29, 30, 31,  2, 28, 27, 25, 24, 22, 11,  7,  0])]
 -- Premio: 
 ---------78.7641125725
 -- Custo: 
 ---------151.0
 - Execucao 23
 -- BestCostGenaration: [-134.11145618000168, -220.35524137982236, -309.34154079805569, -376.03943770017105, -415.02441663499746, -515.41640891624661, -559.85834657780856, -686.60993879159378, -715.14354614652268, -737.1509426414982, -739.1245254542323, -763.28087459077005, -820.93169016417971, -846.34649850922892, -876.43287966786306, -943.70331717559134, -960.9914365236616, -977.72037569406916, -993.76401463146908, -1002.7536597320056, -1017.7553580280505, -1022.4893559652428, -1027.1026108256797, -1037.2914215519036, -1039.8523704513332, -1046.1851920758083, -1051.4353889309261, -1055.6225471299263, -1066.4964027593478, -1074.2174266591055, -1087.6900039237894, -1098.5510176161695, -1105.1416462771683, -1106.659455897136, -1120.8374223109042, -1125.8519763617492, -1128.3368623095507, -1133.5826048638944, -1133.7987067818717, -1140.8070518925886, -1141.4182163800292, -1142.8007116265417, -1148.8070518925886, -1154.9697203511021, -1155.5660624789052]
 -- BestCostElement: [-1155.56606248 -1155.48700313 -1154.96972035 -1154.890661  ]
 -- BestRoute: [array([ 0,  5,  4,  3,  6,  8,  7, 16, 15, 12, 13, 14,  1, 17, 20, 21, 19,
       18, 10,  9, 11, 23, 22, 24, 25, 27, 28,  2, 31, 29, 26, 30,  0])]
 -- Premio: 
 ---------88.6084843803
 -- Custo: 
 ---------151.0
 - Execucao 24
 -- BestCostGenaration: [-134.11145618000168, -219.24959708854544, -276.11506131637009, -346.70751431939578, -427.82260714065694, -479.99124423726022, -531.26373318561741, -609.25876614190997, -645.26584920831215, -686.49394741263075, -730.89806350001356, -767.35740427147562, -794.74505435062702, -804.75062434640449, -852.10301449383905, -885.27154831497444, -898.66710154206726, -958.79487714207767, -966.49161946824893, -972.46212963699736, -992.33709981628886, -993.94431623455762, -1018.2839284819553, -1025.4564081841854, -1029.3599250751556, -1037.0227872126804, -1043.7771217095417, -1075.6136854819558, -1088.0117076881636, -1092.6248038071051, -1110.1666667570373, -1116.5732842063646, -1123.6263139112762, -1130.8234162011777, -1144.8863005867449, -1147.8624688160746, -1154.3007620797821, -1154.5642475347274, -1158.5515303369564, -1162.0246794971249, -1166.5625186473399, -1167.6448882027264, -1169.6182467373408, -1169.9134080066665, -1173.5066058677958, -1175.0209290671201, -1175.3160903364458, -1178.3718184264467, -1178.4508777777951, -1181.1228213945833, -1181.2018807459315, -1182.2096243547503]
 -- BestCostElement: [-1182.20962435 -1182.130565   -1181.20188075 -1181.12282139]
 -- BestRoute: [array([ 0,  5,  4,  3,  6,  8,  9, 10,  7, 15, 12, 13, 14,  1, 17, 20, 21,
       19, 16, 18, 23, 24, 25, 27, 28, 31, 30, 29, 26,  2, 22, 11,  0])]
 -- Premio: 
 ---------81.9475939113
 -- Custo: 
 ---------151.0
 - Execucao 25
 -- BestCostGenaration: [-134.11145618000168, -219.24959708854544, -334.99049620006144, -387.60247669063079, -414.69849095682184, -452.09604707571725, -498.61116987129628, -548.72670712068089, -572.36110930469215, -636.45126885274794, -671.33725703670495, -702.22254462441549, -717.68688780762193, -765.91776920099539, -803.23786162242925, -822.84619129573287, -844.47164705779596, -879.28986218042087, -909.6268015058622, -917.03708294910484, -918.35263681573974, -944.1063447451545, -950.36241869997764, -965.90713182717559, -1001.0065676722654, -1018.5088952216138, -1049.1685452572435, -1057.807429939111, -1062.8342045239528, -1074.9379828517513, -1090.6111565014521, -1115.3549144947974, -1131.9312731490813, -1141.1099871525671, -1144.2447745939164, -1154.3183692220591, -1157.4896963453734, -1168.7230555975698, -1170.0211352337381, -1178.5742769120475, -1181.0963437201908, -1188.0367640965544, -1191.1715515379037]
 -- BestCostElement: [-1191.17155154 -1191.09249219 -1190.4589692  -1188.86558665]
 -- BestRoute: [array([ 0,  8,  6,  3,  4,  5, 16, 15, 12, 13, 14,  1, 17, 20, 21, 19, 18,
       23, 25, 27, 28, 31, 30, 29, 26,  2, 24, 22, 11,  9, 10,  7,  0])]
 -- Premio: 
 ---------79.7071121155
 -- Custo: 
 ---------151.0
 - Execucao 26
 -- BestCostGenaration: [-134.11145618000168, -211.05197643800719, -315.91359947509176, -381.88923116316869, -412.06080047849252, -491.38080180356701, -546.12275548143043, -582.64767460116798, -609.67749141678939, -666.58091522034033, -677.45041081291299, -745.54910046375312, -765.76875192332159, -801.24416875951488, -875.22506390633043, -878.25458377383165, -878.92465972809055, -935.10262675865943, -944.5805599505162, -962.71809286619009, -963.00768718189761, -971.08618056793716, -979.91226377850285, -980.87386763504378, -996.16632072831476, -1022.6087640394862, -1041.0214329434675, -1056.2641741049727, -1058.9423708080617, -1075.55975297601, -1098.3289101712735, -1104.8923067883065, -1114.375925640355, -1122.8836509112452, -1127.2657696083377, -1135.1438772281674, -1142.234033566936, -1145.2499328724118, -1151.0142501230916, -1153.4562986468231, -1157.2510726903249, -1164.8393222442703, -1167.9162252698784, -1180.1072595083251, -1181.3103026801825, -1188.3025590713637, -1188.6604011866348, -1189.5783822581559, -1192.7131696995052, -1193.5048113903467]
 -- BestCostElement: [-1193.50481139 -1193.42575204 -1192.79222905 -1192.7131697 ]
 -- BestRoute: [array([ 0,  8,  6,  3,  4,  5,  7, 10, 18, 19, 21, 20, 17,  1, 14, 13, 12,
       15, 16, 23, 26, 29, 30, 31,  2, 28, 27, 25, 24, 22, 11,  9,  0])]
 -- Premio: 
 ---------79.1237971524
 -- Custo: 
 ---------151.0
 - Execucao 27
 -- BestCostGenaration: [-134.11145618000168, -215.35163696291858, -303.11545520643415, -379.51672272824175, -456.84861480507004, -495.44549835597303, -547.29244570624678, -589.6857356916903, -648.93659041045566, -680.38918404441051, -702.51159523849606, -738.29857467724605, -742.64563432057503, -810.56242240741449, -827.17849650781511, -830.30174929264899, -887.12830457365749, -897.5691608473403, -908.68056657715374, -916.87837303420804, -945.67747979634646, -988.71765897400951, -1012.1154477447596, -1014.5689811176444, -1020.5328348576522, -1044.207722965933, -1051.9161914280112, -1061.3753225652017, -1070.4145133565328, -1080.1621627725426, -1093.1468701108545, -1099.8589968249923, -1109.5489387831958, -1123.2321353933778, -1126.9442703723143, -1131.1486397680524, -1141.0911316716251, -1148.378549332132, -1153.5908687964143, -1159.7064315484765, -1171.6850885326801, -1178.0173442613238, -1180.4957994318447, -1185.3503088045461, -1186.9543945411681, -1187.0334538925165]
 -- BestCostElement: [-1187.03345389 -1187.03345389 -1187.03345389 -1186.95439454]
 -- BestRoute: [array([ 0,  7,  5,  4,  3,  6,  8, 10, 16, 15, 12, 13, 14,  1, 17, 20, 21,
       19, 18, 23, 25, 27, 28, 31, 30, 29, 26,  2, 24, 22, 11,  9,  0])]
 -- Premio: 
 ---------80.7416365269
 -- Custo: 
 ---------151.0
 - Execucao 28
 -- BestCostGenaration: [-134.11145618000168, -221.85347577101777, -287.96710969009138, -421.63374897696565, -459.01109469839059, -506.68838264381185, -534.4914178995873, -561.06173726357656, -616.34898875640238, -674.46043013585142, -724.84735763871072, -728.58864313857362, -732.03838890994791, -805.55660123750317, -807.59373690710913, -839.67602176895252, -871.70912555242376, -875.08387469642935, -904.1050019753468, -916.5985559408573, -958.2589146310072, -991.64058491017238, -1000.5943709316247, -1009.81295035228, -1039.0136427364087, -1058.4146626464621, -1083.0114603263078, -1099.413165650574, -1100.7497637892127, -1114.9314611301625, -1116.3634544367117, -1121.6216450268594, -1135.6829240436114, -1149.0520641639907, -1149.7902366046994, -1154.488308955443, -1157.7217609269253, -1165.7217609269253, -1167.4561182934076, -1168.6752802234062, -1172.0261695827326, -1172.105228934081]
 -- BestCostElement: [-1172.10522893 -1172.02616958 -1171.39264659 -1169.79926404]
 -- BestRoute: [array([ 0,  8,  6,  3,  4,  5,  7, 15, 12, 13, 14,  1, 17, 20, 21, 19, 18,
       16, 10,  9, 11, 22, 24, 25, 27, 28, 31,  2, 26, 29, 30, 23,  0])]
 -- Premio: 
 ---------84.4736927665
 -- Custo: 
 ---------151.0
 - Execucao 29
 -- BestCostGenaration: [-134.11145618000168, -212.11145618000168, -318.57181347377878, -391.02458208775573, -441.29007733960515, -465.67628626283965, -519.95640062908728, -557.97214482773131, -613.72784030863022, -638.67540141211794, -703.39103682309701, -724.72741820171473, -766.60839400652458, -805.54395526510973, -872.69140183548029, -876.97310721460758, -885.1018693383146, -922.31780413068441, -934.35750984646768, -972.58161535141767, -977.3083347025613, -982.4772593490693, -989.99103589355263, -993.83731048284312, -1010.3580721522153, -1019.0713607798151, -1026.519497642706, -1032.4148860256842, -1039.9486661084202, -1061.1998099165689, -1073.2722781779307, -1073.4547126657337, -1078.091231772059, -1096.4302774104503, -1114.0479656242571, -1119.1437997496046, -1131.4462234102866, -1145.7907370254293, -1154.5690648634818, -1159.5693731147649, -1163.2120313928517, -1171.2709440170258, -1179.1491986340845, -1184.1780350666832, -1189.4130348412273, -1192.7639242005537, -1192.8429835519021, -1193.3867440027493, -1195.2139763752461, -1198.2046765320688]
 -- BestCostElement: [-1198.20467653 -1198.12561718 -1197.41303484 -1197.33397549]
 -- BestRoute: [array([ 0,  6,  3,  4,  5,  7,  9, 10, 16, 15, 12, 13, 14,  1, 17, 20, 21,
       19, 18, 23, 26, 29, 30, 31,  2, 28, 27, 25, 24, 22, 11,  8,  0])]
 -- Premio: 
 ---------77.948830867
 -- Custo: 
 ---------151.0
