 - Execucao 0
 -- BestCostGenaration: [-74.14563227247723, -111.0926999686137, -155.00925240322024, -186.47107391151144, -215.02489192955213, -253.4444324461259, -287.64269167488794, -321.9156200247808, -375.98332040642396, -379.68654940197473, -417.76199682674485, -426.5318309405576, -440.5522299093884, -505.20339655118164, -528.1806171453497, -550.9844998023533, -554.7996508228807, -581.6688982460864, -584.745892219675, -594.6285572445115, -646.7452650652658, -664.5183595264483, -691.9841171343475, -705.6404350382554, -720.5879958168198, -740.7593015001746, -749.4708996608324, -760.1681602008405, -782.3321528670624, -790.5445690952661, -813.7141537943539, -827.3092592357284, -836.8506641264048, -845.3775149662365, -855.3092592357285, -861.223886840055, -879.1566290165708, -886.6227606805635, -890.2495379669135, -900.0002895776964, -905.4812275374193, -916.7869853734355, -926.0081788121419, -930.1263806939385, -931.9122816563555, -935.9757533551751, -941.2746238442178, -948.5592889817437, -949.4461951830986, -949.447832801742, -954.5592889817437, -955.447832801742]
 -- BestCostElement: [-955.4478328 -955.4478328 -955.4478328 -955.4478328]
 -- BestRoute: [[ 0 25 20 24 32 40 39 43 36 30 31 26 21  9  5 10 17 16 15 14 28 29 33 37
  41 38 34 27 23 22 12  6 11  7  8 13 18 19  0]]
 -- Custo: 
 ---------104.13804179956449
 ---- Total: 104.13804179956449
 -- Premio: 
 ---------196.0
 ---- Total: 196.0
 - Execucao 1
 -- BestCostGenaration: [-74.14563227247723, -112.09269996861372, -143.8441666378971, -185.1456322724772, -227.17266886168682, -254.1343966404445, -276.6820110339367, -311.2351141027456, -348.0034245322397, -379.1227144339661, -394.2649512981992, -414.97661927586097, -434.4660104082472, -449.27804022349517, -485.05262226359963, -491.0448786547808, -531.3649159738846, -550.200484226863, -563.3123877976936, -578.1774498670864, -594.7624098304939, -608.6701648672148, -626.8722554122575, -639.3369953264856, -656.0609917193752, -666.2251885195765, -674.9523879439962, -694.5157093299715, -709.4306407523693, -732.7106439245949, -752.2218207108745, -762.2700383638733, -777.6541905775664, -779.3187763407961, -796.1321237694233, -816.500855817965, -817.4963887636595, -822.0342934163482, -835.6648568273624, -854.7730028033261, -855.6700299192715, -863.2641434303371, -877.2641434303371, -885.8838767119692, -897.9953328919707, -902.2828040532426, -904.3530647170137, -907.0433173731528, -914.1335273012796, -920.1257836924608, -920.8950272887475, -926.8872836799287, -927.6419947024451]
 -- BestCostElement: [-927.6419947 -927.6419947 -927.6419947 -927.6419947]
 -- BestRoute: [[ 0 14 15  9  5 10 17 21 26 32 31 30 35 38 37 41 42 43 40 39 36 25 24 20
  28 27 29 34 22 23 18 12  6 11  7  8 13 19  0]]
 -- Custo: 
 ---------109.3395013243887
 ---- Total: 109.3395013243887
 -- Premio: 
 ---------195.0
 ---- Total: 195.0
 - Execucao 2
 -- BestCostGenaration: [-74.14563227247723, -120.1750695240001, -162.14563227247723, -202.3753787881678, -219.2790343400683, -249.67243632636254, -290.8922561288746, -309.64912407170607, -342.8146444247316, -382.60350799695254, -411.8876981534696, -416.9027048207171, -460.6071168178352, -478.29448943730483, -505.358720344688, -543.8366535365448, -560.7445355276695, -575.909608381381, -598.1847475811176, -624.0718607480289, -655.1682062835077, -657.2796624635095, -663.4786244432464, -684.1152307164878, -703.5094118747999, -715.6800452421519, -743.0145727254004, -780.5489290438234, -796.909702447478, -817.8404190701283, -837.1278367306352, -842.567768929717, -849.3843620922567, -861.1657377487779, -873.6555879946819, -877.6599186225042, -889.0317549413877, -890.3299762227348, -902.0240113325689, -902.2170893896462, -905.5164338350395, -917.3671570830764, -917.4035470019509, -924.091269156053, -933.6646738239797, -938.4329842534737, -940.3215280734721, -941.8291055710015, -955.745448935286, -957.644488887084, -960.1260646308474, -970.0106334823649, -991.9765990350681, -1002.5884283805091, -1008.6145554279939, -1017.9549053923641]
 -- BestCostElement: [-1017.95490539 -1017.95490539 -1017.95490539 -1017.95490539]
 -- BestRoute: [[ 0 28 35 30 31 36 44 43 40 39 32 26 21 17 16 15 10  5  9 14 20 24 25 27
  33 37 41 38 34 29 23 22 12  6 11  7  8 13 18 19  0]]
 -- Custo: 
 ---------102.51127365190897
 ---- Total: 102.51127365190897
 -- Premio: 
 ---------204.0
 ---- Total: 204.0
 - Execucao 3
 -- BestCostGenaration: [-71.02943725152286, -114.17506952400008, -142.7528644221441, -183.72347236135695, -212.2329413980091, -240.77009574746202, -273.34121630056177, -289.0008491823944, -306.59054174120325, -322.98331441428206, -345.53071725696816, -390.46682459707705, -413.786475295244, -422.68546991102886, -466.11061198198195, -482.395586042076, -514.055681456598, -520.6499408211787, -571.4625050725431, -596.9022681525828, -620.5950047733073, -634.3611212334822, -663.4739618777701, -669.6978438415128, -688.1103505716515, -714.1656584425951, -725.3555529418238, -744.3283186053569, -788.5485230274544, -798.9839026578151, -821.5451762978769, -829.789855470095, -831.9276024885746, -854.4761469711102, -857.3264763290831, -869.49744672375, -887.612463336503, -892.8998809970099, -895.9633526958294, -902.2507703563363, -909.9866407826136, -916.1378403486842, -920.2803713988523, -922.3932582319408, -923.772793901323, -934.2803713988523, -940.8807067054696, -941.5932890449628, -947.1681243659764, -947.8807067054695, -949.7797466572677, -952.8818050473844, -954.4288572979411, -954.7808449991824]
 -- BestCostElement: [-954.780845 -954.780845 -954.780845 -954.780845]
 -- BestRoute: [[ 0 25 26 32 40 39 43 31 36 30 35 28 29 27 34 38 41 37 33 22 12  6 11  7
   8 18 19 20  9  5 10 16 24 21 17 15 14 13  0]]
 -- Custo: 
 ---------104.3047887502044
 ---- Total: 104.3047887502044
 -- Premio: 
 ---------196.0
 ---- Total: 196.0
 - Execucao 4
 -- BestCostGenaration: [-71.02943725152286, -112.2902134466441, -155.00925240322024, -186.58817050210706, -230.56639547511813, -273.9886005769741, -288.51679573989907, -330.8430893137638, -353.0865804121339, -403.81039988733426, -418.7953956821335, -432.7617393196622, -477.142596858938, -484.8766425134633, -504.9714194101213, -518.3016980923627, -545.2244519964236, -564.8298430038205, -589.7411378409705, -621.9907575812477, -630.9443238101913, -651.2029102298449, -672.0006579108617, -672.6358710626591, -692.7924608012017, -717.4931014013303, -733.3435337134596, -745.1236648123447, -764.6805734737918, -776.5646673358765, -789.0376692581847, -805.5393725532267, -815.753418228958, -829.0319284411671, -833.604141476995, -851.6974830848076, -858.352906681213, -871.6261673422781, -873.2427807194073, -906.3653911471567, -911.6891987265379, -915.6790996461415, -924.3282102868151, -930.2011664542847, -941.0857170954689, -948.6790996461416, -949.4288628459765, -954.0029072255228, -961.3457414116763, -962.681143553365, -966.6695489910575, -968.0049511327462, -970.6060772922378, -978.2559787857855, -980.8571049452771, -983.3791717534202, -1013.0528006541203, -1027.5167549809069, -1031.7484445514128]
 -- BestCostElement: [-1031.74844455 -1031.74844455 -1031.74844455 -1031.74844455]
 -- BestRoute: [[ 0 24 15 16 21 17 10  5  9 14 20 25 26 32 31 36 40 39 43 44 30 28 35 42
  38 41 37 33 34 29 27 23 22 12  6 11  7  8 13 18 19  0]]
 -- Custo: 
 ---------102.56288886214682
 ---- Total: 102.56288886214682
 -- Premio: 
 ---------206.0
 ---- Total: 206.0
 - Execucao 5
 -- BestCostGenaration: [-71.02943725152286, -107.91868154292396, -148.821824693096, -182.6794892737633, -215.8981912584495, -259.35888634073854, -267.7362458650633, -307.37360143919284, -342.2495775074227, -385.98014923761264, -427.4255924886928, -428.2286637428233, -452.3154667915836, -471.44513497297703, -490.62421583808265, -527.1057385994695, -553.3896816990284, -563.4486885528196, -594.6956181655639, -623.4537012043254, -664.6073293305069, -686.5343133185828, -715.3609321557713, -751.4283151042846, -774.7479658024515, -779.9783016422773, -799.2657193027841, -812.1944035602546, -820.2593741981384, -832.2502320851463, -846.0455594657615, -850.0233265463288, -863.6568495344736, -868.7053732923844, -882.343141035489, -896.343141035489, -896.7007760966103, -907.1229811984664, -913.2612830728312, -915.0027478079621, -925.1581231662062, -925.6215023072181, -931.3990224148683, -937.6864400753752, -939.2690189166144, -943.921276058926, -950.5564366657144, -951.9587027408232, -953.7749677014867, -956.0018732403043, -956.3821998511535, -995.3713098292899]
 -- BestCostElement: [-995.37130983 -995.37130983 -995.37130983 -995.37130983]
 -- BestRoute: [[ 0 27 33 37 38 41 34 35 30 25 36 44 43 40 39 31 32 26 24 21 17 16 15 10
   5  9 20 14 11 12  6  7  8 13 19 18 23 22 29 28  0]]
 -- Custo: 
 ---------108.15717254267754
 ---- Total: 108.15717254267754
 -- Premio: 
 ---------204.0
 ---- Total: 204.0
 - Execucao 6
 -- BestCostGenaration: [-74.14563227247723, -107.20889498956807, -141.26004802960938, -181.45534768124088, -237.83033134558465, -274.18122070491114, -310.39317913369945, -332.66922600396634, -349.79857481074316, -406.5063860198827, -435.1326111776545, -461.24999088782715, -465.95417951944773, -484.2691052868859, -505.90012873760645, -517.4064340725798, -547.9176218784785, -554.2111322166704, -572.4573536009299, -582.9955782929688, -612.6119004965783, -614.6001815638303, -623.1693992100056, -652.5646465565471, -670.0272158502955, -671.0765208548444, -685.2688810068723, -718.2304945390797, -727.2422343994588, -736.0110976622605, -753.5861781585521, -760.4445731194653, -776.3632657985488, -804.9794750571565, -820.0123038970023, -838.8478721499805, -861.8958566311626, -874.9110116262212, -876.4976032843633, -885.966739716222, -899.1456607738576, -905.2804482152069, -910.6000989133738, -920.6581309527404, -924.3007829234623, -931.782870835905, -932.4574710616652, -940.0485948537078, -948.6115065511738, -950.9771494469983, -958.1353526231392, -960.238276269027, -971.3994430027465, -971.7912757220112, -979.619352611056, -983.69762110953, -987.0066319778499, -1022.1443789963296, -1026.473574712952, -1034.936953853964, -1036.235175135311, -1039.5860644946374]
 -- BestCostElement: [-1039.58606449 -1039.58606449 -1039.58606449 -1039.58606449]
 -- BestRoute: [[ 0 25 24 20 14  9  5 10 15 16 17 21 26 31 32 40 39 43 44 36 30 35 42 38
  41 37 33 34 29 22 12  6 11  7  8 13 19 18 23 27 28  0]]
 -- Custo: 
 ---------100.60348387634063
 ---- Total: 100.60348387634063
 -- Premio: 
 ---------206.0
 ---- Total: 206.0
 - Execucao 7
 -- BestCostGenaration: [-74.14563227247723, -112.09269996861372, -154.94811879444683, -191.86136102501533, -234.48718559507705, -247.91235027406347, -277.89028413394874, -304.1601080167867, -350.17500196706516, -380.15766034485705, -391.2807534308499, -416.8899717290042, -447.5906987880903, -479.05394139757317, -489.7245565898401, -499.0274239651544, -553.3152836880456, -554.0869049435664, -611.4281639555307, -642.4063783605177, -651.9314737913838, -656.5739571227041, -678.1127835372648, -706.654841901328, -723.4715326296474, -731.7883487216204, -766.0351040215799, -769.7085006560612, -783.878986252347, -794.7945632868287, -802.4634165734591, -814.3707035073836, -825.9190960411177, -848.1446524354465, -848.760726535847, -861.0733366929169, -875.0888239105545, -875.4983375809102, -886.3230927247058, -887.6584948663947, -891.3211243417963, -898.2184469867302, -911.8386875452804, -917.8386875452804, -921.331110047751, -927.181833295788, -932.6386729016228, -943.4789799955538, -945.5347080855546, -946.3441925542045, -951.8221257460614, -956.8983416717954, -974.8778538360623, -995.3441925542045, -996.1358342450461, -1006.2016615040366, -1006.5387012643688, -1008.18165827539, -1018.5248040258975]
 -- BestCostElement: [-1018.52480403 -1018.52480403 -1018.52480403 -1018.52480403]
 -- BestRoute: [[ 0 35 28 38 34 29 27 33 37 41 42 44 36 30 31 43 39 40 32 26 25 24 16 21
  17 10  5  9 15 20 14 18 23 22 12  6 11  7  8 13 19  0]]
 -- Custo: 
 ---------105.86879899352562
 ---- Total: 105.86879899352562
 -- Premio: 
 ---------206.0
 ---- Total: 206.0
 - Execucao 8
 -- BestCostGenaration: [-71.02943725152286, -107.91868154292396, -150.23079761400092, -192.93868437569802, -206.97087415020164, -228.03279893349156, -259.00089556793955, -292.7919107169414, -324.63417408939125, -355.21167692749043, -415.1307239471412, -457.73464589277, -465.25621920176695, -485.7341728600509, -513.2616917023986, -576.0721308149159, -609.7818469642849, -639.3411037999216, -646.1327363236114, -683.5404421961327, -689.5404421961327, -700.5443664244444, -733.5529531799164, -754.136486753616, -777.3976135756449, -790.0467242163184, -805.3976135756449, -812.4712209689937, -815.9656965458396, -830.1177956286829, -837.1764634000951, -844.998012746728, -860.7269057467104, -866.7269057467104, -873.3017410677239, -883.3867647640689, -891.0748355289063, -893.3047006448544, -907.1257795872189, -913.1257795872189, -920.2608192734534, -928.6039650239611, -930.8308705627786, -931.3911281192861, -937.6785457797929, -946.0776718651867, -957.0621086219041, -960.0063805319032, -965.4129979812305, -995.2332860707209, -997.993852891396, -1014.3927719226401]
 -- BestCostElement: [-1014.39277192 -1014.39277192 -1014.39277192 -1014.39277192]
 -- BestRoute: [[ 0 20 14  5  9 10 15 16 17 21 24 26 32 31 36 39 40 43 44 25 30 28 35 42
  38 41 37 33 34 29 27 13  8  7 11  6 12 22 23 18 19  0]]
 -- Custo: 
 ---------106.90180701933997
 ---- Total: 106.90180701933997
 -- Premio: 
 ---------206.0
 ---- Total: 206.0
 - Execucao 9
 -- BestCostGenaration: [-74.14563227247723, -107.20889498956807, -154.94811879444683, -183.897445596311, -215.23079761400092, -256.75127199423633, -259.5246807751047, -301.5933603218094, -327.8683599823431, -378.94143689867883, -395.0137073736687, -417.7580057611807, -431.2302723397332, -453.47441618188526, -495.89662128374124, -527.4599268712714, -543.7098778893362, -558.7347114838365, -572.8749357325889, -603.2979522425426, -625.3078717264734, -649.8985516643022, -706.2251937625736, -707.6288064440346, -744.2181958158931, -760.6340079843235, -785.5576363271317, -787.8884614912818, -808.0701783350546, -815.4366120837533, -826.668507820877, -827.5480682637549, -846.7622524210597, -855.1159293517494, -868.4883255178654, -873.3048072644558, -884.3526314851679, -892.0619036206231, -908.9697856117477, -917.4607774611316, -917.5067570976436, -927.1393253533279, -930.6647023655091, -937.3154930004507, -943.1701745784394, -946.8331264038131, -950.1545785116168, -957.0635762060176, -957.9822617293896, -966.3772847050025, -973.2803825758457, -973.3802442821329, -978.8581774739897, -983.1573319221295, -1002.4905847588586, -1008.7963434824067, -1015.6939527811177, -1029.2558707823978, -1031.2624750578061, -1035.662488231725, -1037.6780758842538, -1041.140421423582, -1044.084693333581, -1047.5470388729093, -1050.4913107829084, -1054.6742897595896]
 -- BestCostElement: [-1054.67428976 -1054.67428976 -1054.67428976 -1054.67428976]
 -- BestRoute: [[ 0 28 42 38 41 37 33 34 27 29 35 30 25 31 36 44 43 39 40 32 26 21 17 10
   5  9 15 16 24 20 14 13  8  7 11  6 12 22 23 18 19  0]]
 -- Custo: 
 ---------96.83142756010264
 ---- Total: 96.83142756010264
 -- Premio: 
 ---------206.0
 ---- Total: 206.0
 - Execucao 10
 -- BestCostGenaration: [-74.14563227247723, -111.0926999686137, -148.15298926035916, -183.160732869178, -214.67049486675774, -237.99014556492472, -266.66952486013827, -300.79838522134855, -325.1876057842738, -354.4803079394493, -398.4225971716301, -400.9517086379197, -433.38997070143125, -475.50578821013517, -487.8783712121657, -555.1212113594501, -584.4134698847272, -624.6665024710296, -657.7238814921642, -661.4217876851292, -716.9763503726876, -731.0747478951625, -747.8531371868178, -776.1058670697623, -781.4648248148316, -790.4439774299985, -809.3982479855031, -829.3610671251614, -836.7922981435263, -840.8390003170182, -857.8087163883191, -867.1927390518401, -883.1477568894225, -890.8417961031555, -897.9977365263511, -911.8188154687156, -918.3409357776237, -922.2061483362746, -932.1620147199882, -938.1542711111694, -941.4757232189729, -947.4679796101541, -950.523707700155, -956.729106432183, -961.0583021488055, -993.4199951289722, -997.4339451628573, -1003.483466827792, -1005.905671929648, -1008.9614000196487]
 -- BestCostElement: [-1008.96140002 -1008.96140002 -1008.96140002 -1008.96140002]
 -- BestRoute: [[ 0 26 32 40 43 44 36 39 25 31 30 35 42 38 41 37 33 34 27 29 28 24 16 21
  17 10  5  9 15 20 14 13  8  7 11  6 12 22 23 18 19  0]]
 -- Custo: 
 ---------108.25964999508781
 ---- Total: 108.25964999508781
 -- Premio: 
 ---------206.0
 ---- Total: 206.0
 - Execucao 11
 -- BestCostGenaration: [-74.14563227247723, -111.0926999686137, -148.821824693096, -177.39235445241727, -224.04307786878823, -245.727639954948, -269.29582329795767, -329.2101704311719, -329.5750098243835, -350.94465346751883, -376.5048093838851, -395.869160554585, -427.2236492026616, -467.4563983447565, -498.7306069752856, -539.1708333476888, -539.5959199688273, -564.5697071881973, -580.7642158983615, -610.0765585653501, -638.6738939419461, -641.0247833012727, -676.5847035816356, -694.7339587613993, -725.2404633220833, -729.8252072102043, -765.8144323565906, -776.9430483080112, -796.1653217159171, -806.089617727729, -821.1528657430742, -831.4328455404125, -837.3013942443131, -854.3737600027691, -874.6267925890716, -882.940546278792, -898.2281876227734, -910.2577886652894, -917.2577886652894, -918.2050653431547, -928.3881427018578, -940.2388659498947, -952.2233787322571, -955.0885912909079, -960.5665244827646, -961.9126298104028, -966.6779806627663]
 -- BestCostElement: [-966.67798066 -966.67798066 -966.67798066 -966.67798066]
 -- BestRoute: [[ 0 16 15  9  5 10 17 21 26 32 40 39 43 36 31 30 25 24 20 28 29 34 38 41
  37 33 27 23 22 12 11  6  7  8 13 14 18 19  0]]
 -- Custo: 
 ---------101.33050483430841
 ---- Total: 101.33050483430841
 -- Premio: 
 ---------196.0
 ---- Total: 196.0
 - Execucao 12
 -- BestCostGenaration: [-74.14563227247723, -112.2902134466441, -154.94811879444683, -185.7262229567586, -223.93378213962475, -260.7020925691188, -278.7985046611535, -295.06719318622413, -348.6153347996873, -388.9439287088397, -430.5790893156281, -432.31555659290814, -457.3063842038726, -477.10899767487086, -512.4057918654612, -545.5682790580479, -551.0648427680815, -562.6797352380495, -592.3899820016842, -602.6352910202168, -625.9398315530242, -638.3964888329533, -660.5583280852909, -698.2127308087752, -722.2273734087676, -740.2568106602903, -742.6791795531394, -768.2590208512555, -781.0010404422717, -790.9481081384081, -792.7643383088531, -815.8587426525137, -818.0494652380135, -831.2096320118401, -844.9936938848559, -856.3925677253644, -862.0946153990873, -871.7434570846909, -875.158087097907, -884.0978803237965, -893.404494510251, -900.0667070716081, -904.7529985726233, -912.914427479358, -921.2575732298656, -925.4892628003715, -925.7750428422348, -933.8324085508791, -938.4024598402043, -940.3301893652143, -942.2292293170124, -951.3532131375213]
 -- BestCostElement: [-951.35321314 -951.35321314 -951.35321314 -951.35321314]
 -- BestRoute: [[ 0 25 26 32 39 43 40 31 36 30 35 28 27 33 37 41 38 34 29 23 22  6 12 18
  13 14 20 24 21 16 15 17 10  5  9  8  7 11 19  0]]
 -- Custo: 
 ---------106.91169671561968
 ---- Total: 106.91169671561968
 -- Premio: 
 ---------197.0
 ---- Total: 197.0
 - Execucao 13
 -- BestCostGenaration: [-74.14563227247723, -107.91868154292396, -142.04307786878823, -174.0725151203111, -226.39237704942838, -235.5301242674279, -299.09197180310184, -302.2111715919224, -343.1919135789365, -402.50947303141, -444.1527803738361, -461.3053329259791, -500.18384182285206, -527.2658607513308, -553.6384437533613, -602.7155148591587, -620.7449521106815, -623.8641518995021, -640.1825992394395, -649.9651119477041, -662.8937962051746, -675.3639857882126, -693.4007736460221, -705.8844644268999, -725.8961557256232, -730.6601212042286, -744.8187353615492, -773.1810340993743, -775.0711631963011, -792.0197689836327, -803.0711631963011, -815.440734360858, -833.2914576088949, -839.8597748251336, -854.5501624549157, -861.6153682268219, -875.334905249839, -880.2220184167504, -886.5582114999065, -898.4453246668179, -901.2796357901334, -912.2664036091824, -918.8938206071518, -926.7210055396915, -927.1681306832193, -933.3484225376611, -939.8965731301327, -941.7956130819306, -949.343763674402]
 -- BestCostElement: [-949.34376367 -949.34376367 -949.34376367 -949.34376367]
 -- BestRoute: [[ 0 25 31 26 32 40 39 43 36 30 35 28 29 38 41 37 33 34 27 22 23 19  9  5
  20 24 16 21 17 10 15 14 12  6 11  8  7 13 18  0]]
 -- Custo: 
 ---------107.41405908139949
 ---- Total: 107.41405908139949
 -- Premio: 
 ---------197.0
 ---- Total: 197.0
 - Execucao 14
 -- BestCostGenaration: [-74.14563227247723, -112.2902134466441, -155.00925240322024, -176.59304159873466, -236.92688284783387, -273.6951932773279, -284.20303305213724, -307.2231928446016, -340.54059514965365, -366.92609992182383, -380.2074773825386, -406.8252743057557, -451.3080853586169, -469.97922186457345, -500.75903117210265, -559.0114714867426, -589.8182552671383, -600.9903617313562, -625.7518783179432, -634.1099720093598, -654.7248295317393, -663.006293910848, -682.7031288758603, -689.5094669314653, -707.6351453945902, -719.1770695576429, -730.0070689063423, -735.2992254078018, -744.5973914449937, -762.6892008817374, -768.3091869120606, -776.2276764934555, -788.9634095122665, -808.1064538247015, -819.6035015042102, -833.50532766521, -835.9830371735922, -853.50532766521, -863.8041161159565, -877.625195058321, -882.6547961008371, -884.6183394255593, -892.7756519126297, -896.417679534484, -901.9278882417232, -908.9688552267294, -927.6644375737355, -937.1160799271144, -945.459225677622, -947.9516481800927, -949.4281959981913, -957.2653566790774, -958.7419044971762, -959.6304483171745, -961.797632587177, -963.0711002137987, -966.1268283037995, -967.0153721237978, -1003.1674446618981]
 -- BestCostElement: [-1003.16744466 -1003.16744466 -1003.16744466 -1003.16744466]
 -- BestRoute: [[ 0 20  5 10 17 21 16 24 26 32 31 44 43 39 40 36 30 35 42 38 41 37 33 34
  29 28 27 23 22 12  6 11  7  8 13 18 19 14  9 15 25  0]]
 -- Custo: 
 ---------109.70813883452547
 ---- Total: 109.70813883452547
 -- Premio: 
 ---------206.0
 ---- Total: 206.0
 - Execucao 15
 -- BestCostGenaration: [-74.14563227247723, -120.1750695240001, -149.3919211731569, -189.11774900609146, -212.59401934210797, -249.02859057434665, -272.92268230355955, -308.38027777253006, -331.57443643977524, -371.14639660233115, -390.39660820991423, -427.6376180064803, -454.7437007255504, -497.8156205736328, -529.6466128376758, -547.3525281501772, -581.5752677535447, -584.2823107495625, -591.9447043425303, -617.5221714124668, -626.4802102061897, -649.6981863937369, -674.2260190955973, -687.0710405511281, -687.3409213534344, -694.1547033530678, -716.0366251831425, -742.4804289277649, -759.854756813975, -774.7698318091307, -804.8956902524453, -813.8462485652044, -816.6390152395259, -839.8946923454214, -850.5422349446279, -865.8876398008633, -872.8953834096822, -875.6724710496787, -886.7164623520466, -899.4702187306957, -913.2912976730602, -915.406747031876, -926.4439278922177, -929.7504967993434, -934.4043462809697, -941.9635939494544, -945.0380561050288, -951.03031249621, -961.6995075502953, -970.0271660831652, -974.0906377819848, -978.5499785534469, -979.4897638673788, -991.7091055636845, -996.2984816732426, -1022.0208710078539, -1029.8536867378514, -1031.6639168686397, -1032.9993190103287]
 -- BestCostElement: [-1032.99931901 -1032.99931901 -1032.99931901 -1032.99931901]
 -- BestRoute: [[ 0 29 28 27 34 33 37 41 38 42 44 36 43 39 40 32 26 30 31 25 24 16 21 17
  10  5  9 15 20 14 13  8  7  6 11 12 22 23 18 19  0]]
 -- Custo: 
 ---------100.50017024741784
 ---- Total: 100.50017024741784
 -- Premio: 
 ---------205.0
 ---- Total: 205.0
 - Execucao 16
 -- BestCostGenaration: [-74.14563227247723, -120.1750695240001, -148.821824693096, -187.63666940118975, -221.9757767821475, -244.78399278641342, -314.77425262867627, -319.36974799071015, -357.618843926889, -402.470410050042, -412.80177663729194, -434.3977081183727, -468.26702173393574, -476.7745992314651, -507.57289636600495, -553.6983916982441, -560.4469354461238, -604.8066538911758, -642.26225779775, -680.6955167124628, -688.217583520606, -726.2436673049343, -728.7776945841852, -746.3700878703789, -780.4265459353173, -784.2649663003701, -802.3238408034158, -815.0658603944319, -818.563443321769, -827.6406957154454, -846.1791976474766, -856.0063825800164, -862.3032886404935, -875.0453082315096, -879.2304350723692, -885.312290209855, -890.4073766974118, -901.7319752182602, -914.1762497772779, -923.3051497871161, -926.9465168189706, -947.7678028154849, -949.4780982400459, -954.0552204759916, -961.8336299858821, -964.2558350877381, -971.1473384848669, -974.7887055167216, -975.9906503466641, -977.7329774267207, -979.4982278441934, -983.139594876048, -1017.867664433179, -1022.5090314650337, -1023.397575285032, -1024.9312365668898, -1027.040099167154]
 -- BestCostElement: [-1027.04009917 -1027.04009917 -1027.04009917 -1027.04009917]
 -- BestRoute: [[ 0 25 31 26 32 39 40 43 44 36 30 28 35 42 38 41 37 33 34 29 27 23 22 12
   6 11  7  8 20 24 21 16 17 10  5  9 15 14 13 18 19  0]]
 -- Custo: 
 ---------103.73997520821149
 ---- Total: 103.73997520821149
 -- Premio: 
 ---------206.0
 ---- Total: 206.0
 - Execucao 17
 -- BestCostGenaration: [-74.14563227247723, -107.91868154292396, -134.93897847714862, -191.00384688444768, -201.54609489330988, -238.20081136049137, -280.32708772538786, -293.9651574317404, -334.7375345625362, -363.67866005949054, -371.00644192953723, -393.24305478508734, -411.8955076396063, -430.1082385034716, -471.71438805894473, -484.58828634181714, -498.3440571626364, -536.007185288446, -558.1106381922459, -596.8504013738784, -624.6147681891296, -675.9251383451647, -693.8267408226899, -714.3611453717235, -739.1994999224967, -773.7643630179537, -774.0703279081196, -792.0145998181188, -797.8886106054601, -817.4000508678619, -823.2980242998112, -830.2534499986717, -842.0788543424293, -851.7574022346257, -858.1683500578897, -860.9639961670116, -892.6681838580073, -900.3730225886816, -909.5401944601681, -922.2822140511842, -933.88813664088, -941.4412783191896, -943.0933485369935, -943.5479504675029, -953.940718317836, -963.2838640683437, -964.1724078883419, -972.6347534276701, -975.4345059533571, -978.7462096076717, -980.6739391326819, -1001.7110748022878, -1002.5438905322853, -1004.5715033292504, -1013.4003258804337, -1014.2331416104312]
 -- BestCostElement: [-1014.23314161 -1014.23314161 -1014.23314161 -1014.23314161]
 -- BestRoute: [[ 0 25 30 36 43 40 44 39 31 32 26 21 17 10  5  9 15 16 24 20 14  8  7 13
  18 19 11  6 12 22 23 29 38 41 37 33 34 27 28  0]]
 -- Custo: 
 ---------101.69171459739222
 ---- Total: 101.69171459739222
 -- Premio: 
 ---------203.0
 ---- Total: 203.0
 - Execucao 18
 -- BestCostGenaration: [-74.14563227247723, -114.1750695240001, -148.7157287525381, -178.42181430095127, -214.23815460188285, -256.9859709908394, -284.14205907236044, -310.0341085355406, -357.58705571565827, -385.4602151615495, -430.5580002386465, -470.1535810886114, -489.04786500993936, -506.86726804167245, -532.4983351709656, -562.1747346457341, -579.5479319314095, -589.8957895417111, -614.5368471569459, -629.4566637341086, -644.2845278672636, -679.2991992917421, -686.3850892684343, -699.381218220221, -702.50533198425, -708.2655403918263, -730.9353682253436, -748.7084626865261, -777.3123413689984, -781.3549906492522, -798.2643137494538, -803.8770574573953, -816.6542212694789, -835.8675273127258, -843.1598022160227, -861.2664011532341, -871.6263926054061, -874.8563664094517, -883.7378487854078, -886.8731939078142, -895.2157819772646, -905.1233941824396, -906.3430320330649, -908.27546672054, -911.8865862606422, -923.9324214049234, -925.4570769450543, -928.3312952454319, -936.2897242434658, -937.57809654784, -941.0462331450958, -945.6034327424507]
 -- BestCostElement: [-945.60343274 -945.60343274 -945.60343274 -945.60343274]
 -- BestRoute: [[ 0  9  5 10 15 27 38 41 37 33 34 29 28 25 30 36 43 39 40 32 31 26 21 17
  16 24 20 14 13  8  7 11  6 12 22 23 18 19  0]]
 -- Custo: 
 ---------106.59914181438735
 ---- Total: 106.59914181438735
 -- Premio: 
 ---------196.0
 ---- Total: 196.0
 - Execucao 19
 -- BestCostGenaration: [-71.02943725152286, -112.2902134466441, -153.59528919541603, -187.52242584934476, -244.00594219918221, -264.57235093660074, -268.7983540717239, -320.67540890489954, -356.5503790841909, -368.3764884295562, -399.48427403807045, -424.8241878217634, -459.65702600947856, -506.39397007516675, -515.8591301192478, -536.4170142101677, -547.3001326427795, -581.5284703901694, -611.9730067934803, -674.0512133769998, -683.125882586724, -702.2241137464647, -706.473976159913, -723.3253391195697, -755.2241137464648, -765.2538312141548, -791.4298426322198, -801.8474877166534, -817.7850139248576, -846.1954174988493, -860.720336419067, -873.7667415523587, -886.0037533322629, -893.9031667009444, -902.9739417826164, -909.54525782927, -942.7009143819614, -954.5880275488728, -958.8197171193788, -959.5074392734809, -967.1628628698863, -971.3945524403923, -973.2935923921902, -973.3222819654023, -975.2213219172004, -1013.3033408456791, -1015.2928447138795, -1017.1918846656774, -1019.6512706278752, -1022.2523967873667]
 -- BestCostElement: [-1022.25239679 -1022.25239679 -1022.25239679 -1022.25239679]
 -- BestRoute: [[ 0 25 31 32 26 40 39 43 44 36 30 35 28 27 33 37 41 38 34 29 23 22  6 12
  11  7  8 13 14  9  5 10 17 21 16 15 24 20 18 19  0]]
 -- Custo: 
 ---------101.43690080315832
 ---- Total: 101.43690080315832
 -- Premio: 
 ---------204.0
 ---- Total: 204.0
 - Execucao 20
 -- BestCostGenaration: [-71.02943725152286, -120.1750695240001, -150.157727901792, -191.17308409356008, -203.2206985336045, -258.81272056934705, -261.02538734280824, -309.4125596485095, -324.38164856933633, -351.7570273575041, -361.47085693864096, -395.14902924267665, -401.72215039936043, -434.83844819801357, -476.79820732565054, -493.428670301774, -505.64623975985774, -507.50920632026987, -561.7331055916015, -591.2361239035586, -597.1634049065124, -618.0474123433227, -642.15994995305, -669.6689243004702, -686.620274761768, -696.9800590704624, -723.0013199309026, -733.7351329371857, -745.4553991178102, -783.826453107204, -784.874437588386, -797.8135490735185, -810.2733114288944, -819.546779055516, -832.4932190210317, -843.8255199404113, -845.4360775760086, -850.112937600918, -864.070268168444, -875.0145400784432, -889.5391449294451, -896.6112327445608, -907.2975242455761, -920.0395438365922, -931.956422402292, -932.1510000165938, -942.9456187814517, -946.2144028112759, -954.0367124728555, -957.4849921634207, -959.7832134447677, -959.9669185340917, -961.3174324076826, -1005.0897023659707, -1008.6719306688955]
 -- BestCostElement: [-1008.67193067 -1008.67193067 -1008.67193067 -1008.67193067]
 -- BestRoute: [[ 0 28 35 42 44 43 39 40 36 30 25 31 32 26 24 16 21 17 10  5  9 15 20 14
  23 27 29 38 41 37 34 33 22 12  6 11  7  8 13 18 19  0]]
 -- Custo: 
 ---------108.33201733277613
 ---- Total: 108.33201733277613
 -- Premio: 
 ---------206.0
 ---- Total: 206.0
 - Execucao 21
 -- BestCostGenaration: [-74.14563227247723, -112.09269996861372, -150.23079761400092, -183.5591054431594, -223.28493327609397, -246.72982971011547, -273.87916137054697, -295.5058163966898, -311.4528840928263, -369.5779538413737, -396.57276708929925, -420.0491953158691, -439.8284805443796, -502.7648992321409, -513.410640606679, -546.8064597898241, -555.4555704304976, -580.0114646317879, -600.8092123128049, -619.3816465686249, -648.8092123128049, -674.2161803890397, -716.5801402106378, -729.3221598016539, -736.4129559406352, -751.294923397867, -773.8412670326666, -795.4718291276173, -823.5874653223476, -841.504458504083, -846.3245395394235, -855.2205944204284, -864.4761729333391, -877.2902971921797, -886.1278794569796, -892.416548115193, -898.4699720563082, -903.1455603713741, -923.1183796292598, -938.3282318590143, -940.0201665560032, -944.7954618649217, -958.2956412622591, -959.3322374363445, -971.1315775452692, -977.418995205776, -980.445286044254, -986.7327037047608, -987.1810358541015, -989.1776003563446, -992.1108184534869, -992.3750686436392, -999.6522233441633, -1014.546028837309, -1030.2300182423073, -1030.9426005818007, -1038.3090775936557, -1039.0216599331488]
 -- BestCostElement: [-1039.02165993 -1039.02165993 -1039.02165993 -1039.02165993]
 -- BestRoute: [[ 0 35 42 38 41 37 33 34 27 29 28 25 31 32 26 40 39 43 44 36 30 24 21 17
  10  5  9 15 16 20 14 13  8  7 11  6 12 22 23 18 19  0]]
 -- Custo: 
 ---------100.74458501671276
 ---- Total: 100.74458501671276
 -- Premio: 
 ---------206.0
 ---- Total: 206.0
 - Execucao 22
 -- BestCostGenaration: [-74.14563227247723, -120.1750695240001, -162.1456322724772, -177.20991695252653, -199.58147799159855, -243.50667440582293, -277.573141878068, -325.2488624460632, -336.19979721136235, -359.3458679203766, -390.59369175629416, -414.3566822852985, -446.57387278437494, -483.21083645224815, -500.5756758454598, -516.9404979265396, -544.7741997539543, -592.3510256702767, -603.33225545091, -622.33225545091, -625.7473408566259, -648.0861998026498, -670.4524744731812, -673.711201041175, -691.0392930298121, -705.4134725034949, -718.1878975075995, -725.8540946516182, -734.545089446867, -752.1217788481372, -770.9888821815605, -791.7390830114089, -793.0136196591806, -816.6406854889342, -837.0924916333063, -850.3827050799503, -853.4130789377446, -857.8516548946868, -875.2819523046899, -878.2861968408577, -889.2146288534427, -901.9985269354654, -909.7871086142857, -917.311388668681, -921.4461761100301, -924.759884609015, -934.0735931079996, -939.9724253077914, -940.7383326114896, -951.2645818092508, -954.5782903082356, -960.5211335813201, -962.5521632607506, -964.8503292979426]
 -- BestCostElement: [-964.8503293 -964.8503293 -964.8503293 -964.8503293]
 -- BestRoute: [[ 0 24 25 31 26 32 39 40 43 36 30 35 42 38 41 37 33 34 29 28 20  9  5 10
  17 21 16 15 14 13 18 19  8  7 11  6 12 22 27  0]]
 -- Custo: 
 ---------105.28741767551436
 ---- Total: 105.28741767551436
 -- Premio: 
 ---------198.0
 ---- Total: 198.0
 - Execucao 23
 -- BestCostGenaration: [-74.14563227247723, -114.1750695240001, -148.8907982765382, -203.11774900609146, -221.56241363102518, -246.14033883962668, -285.0984266116743, -315.63943405116845, -330.02384971722165, -371.0418214371607, -413.6457433827896, -416.5900152927888, -448.0615210159728, -459.9868390092984, -494.2323022472688, -520.0559031367502, -538.9186092019411, -570.8862812509831, -597.4509675540403, -602.4509675540403, -621.3621531083083, -636.9909879746604, -678.3414232607606, -694.1820946840961, -703.2430257382858, -724.5861282256369, -729.1322587810955, -743.8735458861438, -755.5806222921435, -759.1584171902875, -791.7908157316217, -796.4254374202775, -823.0252578251084, -830.5068618201389, -844.0140454276041, -845.9495956016461, -855.9057356606473, -869.188206302478, -887.3888209142244, -898.8667541060812, -913.646812250594, -914.5353560705923, -924.3331037516093, -930.2314627814999, -933.9870631642023, -940.9870631642023, -943.3302089147098, -947.5352137566737, -951.7669033271796, -955.298720604984, -956.0090890294853, -957.7030789485837, -988.9934561862209, -991.0786215277446]
 -- BestCostElement: [-991.07862153 -991.07862153 -991.07862153 -991.07862153]
 -- BestRoute: [[ 0 32 26 40 39 44 43 36 31 25 16  9  5 10 17 21 24 30 35 28 29 34 38 41
  37 33 27 22 23 18 19 13 11 12  6  7  8 14 15 20  0]]
 -- Custo: 
 ---------109.23034461806384
 ---- Total: 109.23034461806384
 -- Premio: 
 ---------204.0
 ---- Total: 204.0
 - Execucao 24
 -- BestCostGenaration: [-74.14563227247723, -114.1750695240001, -145.7355062440327, -191.86136102501533, -210.37642988647815, -223.70586878939835, -271.7257705814173, -296.0311449552976, -333.0218451121201, -352.90521077079757, -370.4907492777605, -395.86867522629655, -441.87205311548433, -464.46679895422653, -481.57825513422824, -510.7309728184058, -557.581234221133, -586.1851561667618, -598.5889778299518, -599.98805872461, -631.2333496296728, -656.2223865827302, -666.2223865827302, -692.9349689222236, -739.3526867091532, -740.8665054912883, -760.7951897487587, -775.5374051645197, -800.1821094056113, -816.6267544810498, -831.7196634313923, -832.0489595829058, -849.8220540440882, -850.8359036430824, -866.9335102240898, -867.612991283079, -886.7585823452685, -896.6580161871306, -899.9717246861153, -910.6580161871306, -922.5451293540419, -926.1415166725808, -927.122924252186, -935.9223095518464, -936.4366327511707, -943.9098271020749, -945.8088670538727, -949.8723387526925, -951.4951585548881, -953.3570176463443, -957.420489345164, -957.6066147348898, -959.5056546866878]
 -- BestCostElement: [-959.50565469 -959.50565469 -959.50565469 -959.50565469]
 -- BestRoute: [[ 0 25 24 26 32 31 39 40 43 36 30 35 28 29 34 38 41 37 33 27 19 14  9  5
  10 17 21 16 15  8  7 11  6 12 22 23 18 13 20  0]]
 -- Custo: 
 ---------104.87358632832806
 ---- Total: 104.87358632832806
 -- Premio: 
 ---------197.0
 ---- Total: 197.0
 - Execucao 25
 -- BestCostGenaration: [-74.14563227247723, -104.12829065026911, -148.34594153664494, -174.07865199454034, -209.15812849752385, -249.01608974885227, -280.80629883042207, -301.78689899729653, -326.69414034494076, -367.17041287323286, -399.9086492691207, -412.40322101324085, -454.84414396861735, -472.9020725792801, -541.2533078604374, -541.3912470418024, -601.3349301337463, -619.0293591336444, -629.9359694149257, -660.9462907759299, -697.1693272180955, -721.212151274411, -752.3932938380076, -790.0718417302039, -795.9113027271055, -799.5459240571652, -821.62334578987, -834.1825934583549, -849.0761931044225, -849.3470252053768, -862.9974412421147, -877.284551413581, -884.6726216332492, -898.9087565895345, -899.0931027154381, -912.4663254290882, -927.2997451760455, -933.2997451760455, -947.9193531562252, -954.4675037486966, -954.9193531562252, -961.8766837237513, -968.4248343162227, -972.153795249712, -986.111125817238, -990.7075131357768, -997.5403288657742, -1002.1103801550994]
 -- BestCostElement: [-1002.11038016 -1002.11038016 -1002.11038016 -1002.11038016]
 -- BestRoute: [[ 0 30 36 43 39 40 32 31 25 26 24 20 15 16 21 17 10  5  9 14 13  8  7  6
  12 11 18 19 23 22 33 37 41 38 34 29 27 28  0]]
 -- Custo: 
 ---------92.47240496122514
 ---- Total: 92.47240496122514
 -- Premio: 
 ---------196.0
 ---- Total: 196.0
 - Execucao 26
 -- BestCostGenaration: [-74.14563227247723, -120.1750695240001, -155.00925240322024, -186.47107391151144, -213.09010758904247, -254.76085938954614, -287.19136709733516, -329.60695127972895, -366.73870865906923, -377.504059600026, -404.33962785300423, -426.5855200897809, -468.3821084333915, -508.35251260713386, -509.82626565905764, -534.7976780732436, -540.431837464379, -561.7041726744379, -591.6765763324697, -593.1655837147953, -618.5121445854479, -626.4540998058101, -627.6777380789366, -642.0085558591924, -667.2939880892592, -674.1281309291635, -682.8596113298083, -693.8833634146097, -704.2449556683782, -726.8520200842331, -755.963863730969, -762.0087882001296, -781.3627375714775, -789.4451503900204, -810.9933009824919, -826.1529938885609, -829.1728331266945, -839.2309097072589, -842.9960967686293, -854.3906026133279, -859.334874523327, -868.2942581652284, -869.8832321699482, -874.1577960856158, -883.8405627374743, -886.7600392023135, -886.8962908274752, -898.7470140755122, -905.2951646679836, -907.2655203623111]
 -- BestCostElement: [-907.26552036 -907.26552036 -907.26552036 -907.26552036]
 -- BestRoute: [[ 0 30 36 43 31 24 21 17 26 39 40 32 25 28 41 37 38 34 29 27 22 23 19 18
  12  6 11  7  8 13 14 20 15  9  5 10  0]]
 -- Custo: 
 ---------109.18361990942222
 ---- Total: 109.18361990942222
 -- Premio: 
 ---------192.0
 ---- Total: 192.0
 - Execucao 27
 -- BestCostGenaration: [-74.14563227247723, -114.17506952400008, -147.48718559507705, -196.4097186716365, -222.046433263562, -248.9401552339138, -280.212876529657, -308.9054657565214, -318.3420916823968, -352.07297221430747, -378.20229427851933, -409.16176677719307, -434.542405939527, -462.06447274767027, -516.6176211506024, -524.0721791359804, -549.6845836303606, -594.4885388354627, -594.6489727014322, -621.751303276135, -646.0061496705899, -687.8505514005572, -697.3333856214158, -733.2198361872818, -748.1210080157759, -771.0395498411003, -777.5059318223994, -804.3415000753776, -825.6859175357285, -829.740373915886, -840.8456104417977, -860.493764297142, -870.2989406624636, -877.1723121893383, -884.6128408451125, -890.5302642355764, -896.7801935467008, -905.8801556878789, -906.1027624007477, -923.2514362809178, -923.9885726273435, -924.1399801009161, -926.0493929436636, -935.1994574757548, -942.5394568132175, -948.1990635856907, -957.5127720846754, -961.1205689231481, -965.8966413657895, -968.8409132757886, -971.9819320010322, -974.2475307251159, -1002.3459282475908, -1009.8252438628292, -1016.484893898459]
 -- BestCostElement: [-1016.4848939 -1016.4848939 -1016.4848939 -1016.4848939]
 -- BestRoute: [[ 0 14  9  5 10 17 21 16 15 20 24 26 40 39 43 44 31 32 36 30 25 28 35 42
  38 41 37 33 34 29 27 22 23 19 13  8  7  6 11 12 18  0]]
 -- Custo: 
 ---------106.37877652538525
 ---- Total: 106.37877652538525
 -- Premio: 
 ---------206.0
 ---- Total: 206.0
 - Execucao 28
 -- BestCostGenaration: [-74.14563227247723, -120.1750695240001, -153.59528919541603, -190.5643453511193, -239.28158069643126, -250.12213722013655, -285.4967817819847, -294.5957820795901, -356.3577493893231, -368.0901903470041, -386.7767852140753, -387.5929165266183, -457.8912815546857, -482.0723097185458, -491.76191142359903, -517.5410265143245, -555.9884741792005, -588.0301889678071, -617.9334311832429, -644.5524648607739, -662.0125624048109, -666.5062673893342, -683.8954348391976, -698.0745316689171, -717.2605112413285, -728.6488093088733, -736.9139488592118, -762.0988140436086, -768.7634993407182, -782.4644541121448, -791.437218383972, -801.3099285310651, -827.5152017580119, -841.1188519169935, -850.7909411392382, -855.1265955258124, -862.7538054696322, -873.9881223946896, -883.536272987161, -885.5659172928337, -896.3573519295255, -897.2458957495239, -909.6783281089693, -917.1154811517342, -922.8948240082993, -923.9233452998055, -937.3897263935726, -940.4010971838123, -944.3897263935726, -950.7225492916159, -952.0656950421236, -953.3091861404937, -957.7225492916159, -966.22233991717, -967.770533772798, -968.6590775927963, -974.3159318422886]
 -- BestCostElement: [-974.31593184 -974.31593184 -974.31593184 -974.31593184]
 -- BestRoute: [[ 0 30 31 36 39 43 40 32 26 25 28 29 33 37 41 38 34 27 23 22 12  6 11  7
   8 14 20 24 15 16 21 17 10  5  9 13 18 19  0]]
 -- Custo: 
 ---------99.42101703942784
 ---- Total: 99.42101703942784
 -- Premio: 
 ---------196.0
 ---- Total: 196.0
 - Execucao 29
 -- BestCostGenaration: [-74.14563227247723, -120.1750695240001, -154.82182469309603, -187.28948528113227, -201.16073266965816, -252.29300923278143, -292.3650526092667, -339.6156015105978, -363.11833984934395, -378.8391123392168, -414.65478730420267, -422.5261622898927, -450.1270714765137, -466.9324072418092, -477.32629653593165, -527.8970594437325, -561.8320315105542, -573.8231011190938, -588.0891215426027, -608.1192711257152, -628.8330686864194, -639.1189881695661, -654.952051932748, -690.9808191400732, -709.5586140382172, -712.1375072782761, -734.7609510593777, -746.4353065383295, -773.498277170142, -785.506020778961, -786.130490598316, -798.6446190514757, -819.5212024003664, -852.0414308580719, -856.157381283895, -863.5868289275627, -874.5533185117985, -880.0822388998347, -904.9838413773599, -914.2975498763446, -919.757350792639, -934.9958018484675, -939.8829150153789, -940.9880582396487, -960.4091813877461, -966.4014377789273, -990.3646539699888, -1007.5831113595436, -1016.923461323914, -1020.9869330227336]
 -- BestCostElement: [-1020.98693302 -1020.98693302 -1020.98693302 -1020.98693302]
 -- BestRoute: [[ 0 16 15  9  5 10 17 21 24 26 32 40 39 43 44 36 35 28 29 27 34 33 37 41
  38 42 30 31 25 20 14 18 23 22 12  6 11  7  8 13 19  0]]
 -- Custo: 
 ---------105.25326674431658
 ---- Total: 105.25326674431658
 -- Premio: 
 ---------206.0
 ---- Total: 206.0
