 - Execucao 0
 -- BestCostGenaration: [-429.17206999206434, -473.41682462170451, -541.59833441132764, -588.52718245979133, -653.70624709018477, -694.99737204282928, -735.37450897747726, -771.72221380263045, -772.74102719962013, -775.5486072360186, -787.8142658448503, -805.46433318226002, -808.99958390495249, -819.10582538254391, -827.50969030889053, -829.61708856984694, -837.10582538254391, -840.07974159821572, -846.73638879355838, -850.05009729254311]
 -- BestCostElement: [-850.05009729 -850.05009729 -850.05009729 -850.05009729]
 -- BestRoute: [array([ 0,  4,  3,  2,  5,  7, 10,  8,  9,  6,  0]), array([ 1, 17, 16, 14, 13, 11, 12, 15, 18, 19, 20,  1])]
 -- Premio: 
 ---------20.5366310572
 ---------21.9508446196
 -- Custo: 
 ---------49.0
 ---------53.0
 - Execucao 1
 -- BestCostGenaration: [-514.84431086806148, -572.99204735028343, -588.43535846377358, -664.23274730310891, -684.49753815411884, -733.66306619018656, -752.26619921052043, -765.20037204012317, -774.35436739233114, -796.1572699501794, -808.89218564399619, -812.81870117721041, -814.534343528725, -822.83625049984562, -838.91530985119402, -840.16155347254482, -841.97103794119482, -850.05009729254311]
 -- BestCostElement: [-850.05009729 -850.05009729 -850.05009729 -850.05009729]
 -- BestRoute: [array([ 0,  4,  3,  2,  5,  7, 10,  8,  9,  6,  0]), array([ 1, 20, 19, 18, 15, 12, 11, 13, 14, 16, 17,  1])]
 -- Premio: 
 ---------20.5366310572
 ---------21.9508446196
 -- Custo: 
 ---------49.0
 ---------53.0
 - Execucao 2
 -- BestCostGenaration: [-453.38707988114106, -525.82244211113925, -592.15022594546144, -651.75406778037359, -698.48778970062995, -728.36794818401745, -738.48778970062995, -749.1344146094583, -771.0900739390222, -773.99716498867951, -781.65426943018861, -806.20682664103379, -808.28514033024362, -808.67138609535391, -815.10033689900501, -826.35535773085826, -828.41404539798964, -834.88901901271595, -839.57531051373121, -842.88901901271595, -845.94474710271686]
 -- BestCostElement: [-845.9447471 -845.9447471 -845.9447471 -845.9447471]
 -- BestRoute: [array([ 0,  6,  4,  3,  2,  5,  7, 10,  9,  8,  0]), array([ 1, 12, 11, 13, 14, 16, 17, 20, 19, 18, 15,  1])]
 -- Premio: 
 ---------21.365058182
 ---------22.1487550423
 -- Custo: 
 ---------49.0
 ---------53.0
 - Execucao 3
 -- BestCostGenaration: [-451.47107391151144, -505.93239656634677, -617.97977945703747, -682.08011708395134, -705.95248878395648, -742.32691838635935, -767.19124104137393, -773.01605886479842, -797.717615960579, -826.5046992230524, -838.95249071153569, -842.05009729254311, -842.08727815288489, -846.73638879355838, -850.05009729254311]
 -- BestCostElement: [-850.05009729 -850.05009729 -850.05009729 -850.05009729]
 -- BestRoute: [array([ 0,  4,  3,  2,  5,  7, 10,  8,  9,  6,  0]), array([ 1, 17, 16, 14, 13, 11, 12, 15, 18, 19, 20,  1])]
 -- Premio: 
 ---------20.5366310572
 ---------21.9508446196
 -- Custo: 
 ---------49.0
 ---------53.0
 - Execucao 4
 -- BestCostGenaration: [-467.96303757983389, -593.37450897747726, -631.00215607451764, -696.80375323630142, -724.46111002552288, -735.0217177736231, -754.22400871517016, -774.78152031686864, -786.29185033737883, -795.23291042536209, -807.9939365450723, -812.67701622407174, -821.32192730052134, -823.70695154203554, -826.96807836406424, -833.37469581339167, -840.63563579950608, -844.68840431237641]
 -- BestCostElement: [-844.68840431 -844.68840431 -844.68840431 -844.68840431]
 -- BestRoute: [array([ 0,  4,  3,  2,  5,  7, 10,  8,  9,  6,  0]), array([ 1, 15, 12, 11, 13, 14, 16, 17, 20, 19, 18,  1])]
 -- Premio: 
 ---------20.5366310572
 ---------23.2912678647
 -- Custo: 
 ---------49.0
 ---------53.0
 - Execucao 5
 -- BestCostGenaration: [-486.90469378115603, -495.93774982477635, -596.27628797899297, -668.33422998398578, -721.27800073838455, -742.69296274074463, -765.30764504405715, -775.28460788416032, -790.0234558271577, -801.62240370714812, -810.87748927923258, -817.99751561558719, -826.55197925238372, -830.78366882288969, -832.20883350187614, -838.12366816035239, -840.46681391086008]
 -- BestCostElement: [-840.46681391 -840.46681391 -840.46681391 -840.46681391]
 -- BestRoute: [array([ 0,  4,  3,  2,  5,  7, 10,  8,  9,  6,  0]), array([ 1, 12, 11, 13, 14, 16, 17, 20, 15, 18, 19,  1])]
 -- Premio: 
 ---------20.5366310572
 ---------24.346665465
 -- Custo: 
 ---------49.0
 ---------53.0
 - Execucao 6
 -- BestCostGenaration: [-551.39823412888882, -626.02201037139935, -633.24518521615562, -689.1577026076493, -737.6623205280481, -774.29249004899839, -792.32888005646601, -802.9671870762993, -804.49310474933804, -815.12646394648971, -825.33751495305, -832.16155347254471, -842.05009729254311, -843.68066070355746]
 -- BestCostElement: [-843.6806607 -843.6806607 -843.6806607 -843.6806607]
 -- BestRoute: [array([ 0,  5,  2,  3,  4,  6,  9,  8, 10,  7,  0]), array([ 1, 17, 16, 14, 13, 11, 12, 15, 18, 19, 20,  1])]
 -- Premio: 
 ---------22.1289902045
 ---------21.9508446196
 -- Custo: 
 ---------49.0
 ---------53.0
 - Execucao 7
 -- BestCostGenaration: [-459.1335972728325, -614.82635353725607, -629.459876525401, -662.10586864570041, -732.60791439653428, -742.14777237168096, -761.8444248462888, -774.7970627786616, -785.1197182446947, -803.38670439540545, -806.40378243800694, -821.94474710271675, -832.07974159821572, -832.46681391086008, -840.46681391086008, -841.43737665933713]
 -- BestCostElement: [-841.43737666 -841.43737666 -841.43737666 -841.43737666]
 -- BestRoute: [array([ 0,  4,  3,  2,  5,  7, 10,  8,  9,  6,  0]), array([ 1, 12, 11, 13, 14, 16, 17, 20, 18, 19, 15,  1])]
 -- Premio: 
 ---------20.5366310572
 ---------24.1040247779
 -- Custo: 
 ---------49.0
 ---------53.0
 - Execucao 8
 -- BestCostGenaration: [-453.19958109865587, -575.64669437824523, -580.32640396845864, -655.83449588388862, -678.66632192163638, -714.02016264331928, -737.09944567814216, -772.4230741846377, -785.89641199462721, -795.78052240984471, -809.37326524889784, -826.88901901271595, -829.69614792119523, -834.3824394222105, -836.31418369170251, -840.36695220457273, -846.73638879355838, -850.05009729254311]
 -- BestCostElement: [-850.05009729 -850.05009729 -850.05009729 -850.05009729]
 -- BestRoute: [array([ 0,  4,  3,  2,  5,  7, 10,  8,  9,  6,  0]), array([ 1, 17, 16, 14, 13, 11, 12, 15, 18, 19, 20,  1])]
 -- Premio: 
 ---------20.5366310572
 ---------21.9508446196
 -- Custo: 
 ---------49.0
 ---------53.0
 - Execucao 9
 -- BestCostGenaration: [-496.01740697408002, -551.52246686011267, -655.88248036507071, -679.77361291705665, -730.79357075544772, -745.00047519271766, -752.61630593174687, -768.92309672316935, -792.90361632671738, -797.37943465434432, -807.28809990737409, -808.62493261355667, -813.05324370558799, -813.09958083634933, -823.82176118923178, -828.76603309923098, -831.28953047186792, -833.62114648889224, -845.40098665186963, -850.05009729254311]
 -- BestCostElement: [-850.05009729 -850.05009729 -850.05009729 -850.05009729]
 -- BestRoute: [array([ 0,  4,  3,  2,  5,  7, 10,  8,  9,  6,  0]), array([ 1, 17, 16, 14, 13, 11, 12, 15, 18, 19, 20,  1])]
 -- Premio: 
 ---------20.5366310572
 ---------21.9508446196
 -- Custo: 
 ---------49.0
 ---------53.0
 - Execucao 10
 -- BestCostGenaration: [-519.24454883097292, -557.76221930068755, -604.520787384904, -660.87188444465755, -722.15816123794434, -766.0128776647955, -772.03264442435091, -801.59057277432612, -806.40729969619474, -808.28789285322443, -809.08003569966627, -817.47455751967891, -817.54222878272253, -818.52550157799135, -823.03011949839015, -833.10033689900501, -837.15310541187523, -838.57827009086168, -840.46681391086008]
 -- BestCostElement: [-840.46681391 -840.46681391 -840.46681391 -840.46681391]
 -- BestRoute: [array([ 0,  4,  3,  2,  5,  7, 10,  8,  9,  6,  0]), array([ 1, 12, 11, 13, 14, 16, 17, 20, 15, 18, 19,  1])]
 -- Premio: 
 ---------20.5366310572
 ---------24.346665465
 -- Custo: 
 ---------49.0
 ---------53.0
 - Execucao 11
 -- BestCostGenaration: [-455.47307469810278, -544.97526517935785, -554.92125365332026, -645.08069431450394, -725.27729628653378, -739.25756431393643, -750.94813741747157, -776.16934034452015, -789.36246162805764, -799.69765671559662, -812.696354975345, -814.66176284699088, -820.27230520069588, -824.3250737135661, -825.348359784178, -830.16084902069417, -832.46681391086008, -833.43737665933713, -836.68840431237641]
 -- BestCostElement: [-836.68840431 -836.68840431 -836.68840431 -836.68840431]
 -- BestRoute: [array([ 0,  8,  9,  6,  4,  3,  2,  5,  7, 10,  0]), array([ 1, 15, 12, 11, 13, 14, 16, 17, 20, 19, 18,  1])]
 -- Premio: 
 ---------22.5366310572
 ---------23.2912678647
 -- Custo: 
 ---------49.0
 ---------53.0
 - Execucao 12
 -- BestCostGenaration: [-516.71720717925064, -528.40273667807742, -602.6584411017418, -697.43217392960037, -725.61071018267148, -745.98232299828942, -772.80321395957264, -793.83939691289049, -800.91866331838855, -818.80995966136766, -832.58305412255004, -836.76603309923098, -841.43737665933713, -844.68840431237641]
 -- BestCostElement: [-844.68840431 -841.43737666 -841.43737666 -841.43737666]
 -- BestRoute: [array([ 0,  4,  3,  2,  5,  7, 10,  8,  9,  6,  0]), array([ 1, 15, 12, 11, 13, 14, 16, 17, 20, 19, 18,  1])]
 -- Premio: 
 ---------20.5366310572
 ---------23.2912678647
 -- Custo: 
 ---------49.0
 ---------53.0
 - Execucao 13
 -- BestCostGenaration: [-503.11059615193193, -572.64057750086977, -642.23375719113142, -684.71326458636054, -704.16022753360994, -732.31735032298252, -755.53577216563963, -758.00616674995854, -774.56322309919051, -795.53049266382936, -809.55161001018496, -818.25466947703706, -850.05009729254311]
 -- BestCostElement: [-850.05009729 -850.05009729 -850.05009729 -850.05009729]
 -- BestRoute: [array([ 0,  4,  3,  2,  5,  7, 10,  8,  9,  6,  0]), array([ 1, 17, 16, 14, 13, 11, 12, 15, 18, 19, 20,  1])]
 -- Premio: 
 ---------20.5366310572
 ---------21.9508446196
 -- Custo: 
 ---------49.0
 ---------53.0
 - Execucao 14
 -- BestCostGenaration: [-428.77445968282598, -492.36365185587198, -552.82180445238828, -606.84546793631489, -650.0490422137849, -699.48861417282285, -736.26309606063205, -766.78152031686864, -805.90877120354867, -807.61696340141771, -810.16934034452015, -821.39823412888882, -832.19598180990579, -838.12366816035251, -840.07974159821572, -845.94474710271686, -849.2584556017016, -850.05009729254311]
 -- BestCostElement: [-850.05009729 -850.05009729 -850.05009729 -850.05009729]
 -- BestRoute: [array([ 0,  4,  3,  2,  5,  7, 10,  8,  9,  6,  0]), array([ 1, 17, 16, 14, 13, 11, 12, 15, 18, 19, 20,  1])]
 -- Premio: 
 ---------20.5366310572
 ---------21.9508446196
 -- Custo: 
 ---------49.0
 ---------53.0
 - Execucao 15
 -- BestCostGenaration: [-433.10402929987828, -496.47141110663398, -587.62513966770643, -616.87606697444789, -677.23241508052979, -706.66805792230207, -743.32238326538595, -765.66548715932822, -770.35275699540955, -789.03807016135875, -794.05126413258824, -799.07274365153535, -815.82176118923178, -820.05345075973776, -821.02401350821492, -822.70168674197112, -836.76603309923098, -840.07974159821572, -841.43737665933713]
 -- BestCostElement: [-841.43737666 -841.43737666 -841.43737666 -841.43737666]
 -- BestRoute: [array([ 0,  6,  9,  8, 10,  7,  5,  2,  3,  4,  0]), array([ 1, 12, 11, 13, 14, 16, 17, 20, 18, 19, 15,  1])]
 -- Premio: 
 ---------20.5366310572
 ---------24.1040247779
 -- Custo: 
 ---------49.0
 ---------53.0
 - Execucao 16
 -- BestCostGenaration: [-472.45795539770387, -503.35999818978888, -600.47141110663404, -638.55080782258949, -699.99258595827223, -723.29474517427821, -726.13361537223932, -756.63340398162097, -807.4489711330516, -811.68401417075211, -815.51643601068554, -818.78348198697529, -830.19119777821743, -830.91530985119402, -836.76603309923098, -836.86732537001194, -840.07974159821572, -841.43737665933713]
 -- BestCostElement: [-841.43737666 -841.43737666 -841.43737666 -841.43737666]
 -- BestRoute: [array([ 0,  4,  3,  2,  5,  7, 10,  8,  9,  6,  0]), array([ 1, 12, 11, 13, 14, 16, 17, 20, 18, 19, 15,  1])]
 -- Premio: 
 ---------20.5366310572
 ---------24.1040247779
 -- Custo: 
 ---------49.0
 ---------53.0
 - Execucao 17
 -- BestCostGenaration: [-464.25943861746111, -520.20746635265346, -620.0498235783167, -679.2027707748573, -736.92584924615016, -778.15578484697664, -788.68380711660234, -804.6430471857459, -817.77783462709499, -819.7590351525505, -822.90102759472984, -836.76603309923098, -841.43737665933713, -842.64041983119444, -845.40098665186963, -846.73638879355838, -850.05009729254311]
 -- BestCostElement: [-850.05009729 -850.05009729 -850.05009729 -850.05009729]
 -- BestRoute: [array([ 0,  4,  3,  2,  5,  7, 10,  8,  9,  6,  0]), array([ 1, 17, 16, 14, 13, 11, 12, 15, 18, 19, 20,  1])]
 -- Premio: 
 ---------20.5366310572
 ---------21.9508446196
 -- Custo: 
 ---------49.0
 ---------53.0
 - Execucao 18
 -- BestCostGenaration: [-498.45229670757533, -540.11127243324665, -567.96222063832647, -647.1633780156958, -682.26750460658491, -710.03724162012486, -748.13251011108605, -748.22968005417567, -777.18823820108696, -793.30281290146263, -808.18713985917202, -817.97103794119482, -825.81159728001114, -829.91826942832449, -841.79211688355917, -844.84784497356009, -848.16155347254494]
 -- BestCostElement: [-848.16155347 -848.16155347 -848.16155347 -848.16155347]
 -- BestRoute: [array([ 0,  3,  2,  5,  7, 10,  8,  9,  6,  4,  0]), array([ 1, 20, 19, 18, 15, 12, 11, 13, 14, 16, 17,  1])]
 -- Premio: 
 ---------21.0087670122
 ---------21.9508446196
 -- Custo: 
 ---------49.0
 ---------53.0
 - Execucao 19
 -- BestCostGenaration: [-519.91931059850481, -553.54751088085186, -580.53399290181744, -631.73659584770803, -703.08727622530569, -730.4978887810264, -751.48540235080691, -770.98010350850063, -789.66507305102891, -796.73638879355838, -800.83535921208056, -812.14321329703535, -824.4490143962081, -829.02676603119562, -832.16155347254471, -838.73638879355838, -842.05009729254311, -842.26619921052043, -842.97878155001365, -849.2584556017016]
 -- BestCostElement: [-849.2584556 -849.2584556 -849.2584556 -849.2584556]
 -- BestRoute: [array([ 0,  4,  3,  2,  5,  7, 10,  8,  9,  6,  0]), array([ 1, 12, 11, 13, 14, 16, 17, 20, 19, 18, 15,  1])]
 -- Premio: 
 ---------20.5366310572
 ---------22.1487550423
 -- Custo: 
 ---------49.0
 ---------53.0
 - Execucao 20
 -- BestCostGenaration: [-515.00890177631265, -569.71347164051031, -604.15795225621559, -653.56291478662547, -709.2350924627624, -748.19119777821732, -772.86538038761751, -807.69877527574681, -807.99766614427995, -816.10897179558879, -824.79232393770894, -832.16155347254471, -839.3267113322097, -842.05009729254311, -850.05009729254311]
 -- BestCostElement: [-850.05009729 -850.05009729 -850.05009729 -850.05009729]
 -- BestRoute: [array([ 0,  4,  3,  2,  5,  7, 10,  8,  9,  6,  0]), array([ 1, 17, 16, 14, 13, 11, 12, 15, 18, 19, 20,  1])]
 -- Premio: 
 ---------20.5366310572
 ---------21.9508446196
 -- Custo: 
 ---------49.0
 ---------53.0
 - Execucao 21
 -- BestCostGenaration: [-470.87769148563268, -530.27093805147319, -613.40132401647679, -642.49594379863186, -682.8779904348329, -752.36346018135896, -753.74270183788349, -773.01257082203244, -782.6065472473116, -791.23659816800443, -804.12433384479732, -805.18823820108696, -816.11197463587587, -821.5604273130532, -830.19119777821743, -839.36991178170319, -840.07974159821572, -841.00047519271766, -845.94474710271686, -849.2584556017016, -850.05009729254311]
 -- BestCostElement: [-850.05009729 -850.05009729 -850.05009729 -850.05009729]
 -- BestRoute: [array([ 0,  4,  3,  2,  5,  7, 10,  8,  9,  6,  0]), array([ 1, 17, 16, 14, 13, 11, 12, 15, 18, 19, 20,  1])]
 -- Premio: 
 ---------20.5366310572
 ---------21.9508446196
 -- Custo: 
 ---------49.0
 ---------53.0
 - Execucao 22
 -- BestCostGenaration: [-492.67476176753189, -509.86793140221147, -588.68530125108123, -622.88552698950207, -705.08748520703466, -725.31917477754052, -749.84499008810917, -781.82971185220026, -798.1343713463018, -806.15125100730484, -817.70355930743517, -820.49310474933804, -830.12366816035239, -834.07089964748207, -838.2134306976501, -849.2584556017016]
 -- BestCostElement: [-849.2584556 -849.2584556 -849.2584556 -849.2584556]
 -- BestRoute: [array([ 0,  4,  3,  2,  5,  7, 10,  8,  9,  6,  0]), array([ 1, 12, 11, 13, 14, 16, 17, 20, 19, 18, 15,  1])]
 -- Premio: 
 ---------20.5366310572
 ---------22.1487550423
 -- Custo: 
 ---------49.0
 ---------53.0
 - Execucao 23
 -- BestCostGenaration: [-511.34291968941017, -544.12719677023256, -565.64869454562609, -629.51066164046995, -669.51019146449084, -736.8613224685721, -753.4361225302406, -761.29362960120102, -788.77407080950047, -799.22266653844781, -808.42288734872329, -821.22063502974027, -825.83939691289049, -829.78662840002016, -840.46681391086008, -841.37469581339167, -841.43737665933713]
 -- BestCostElement: [-841.43737666 -841.43737666 -841.43737666 -841.43737666]
 -- BestRoute: [array([ 0,  4,  3,  2,  5,  7, 10,  8,  9,  6,  0]), array([ 1, 12, 11, 13, 14, 16, 17, 20, 18, 19, 15,  1])]
 -- Premio: 
 ---------20.5366310572
 ---------24.1040247779
 -- Custo: 
 ---------49.0
 ---------53.0
 - Execucao 24
 -- BestCostGenaration: [-473.15755836615148, -554.15875847184179, -607.18796448686044, -654.62387753479845, -700.29232625800523, -748.735703891203, -789.21047112051951, -791.68587540596786, -814.96743865244468, -820.6065924380473, -821.40098665186963, -828.88227331092105, -830.5128367219354, -841.82929774390095, -842.68362028068805, -845.1430062428858]
 -- BestCostElement: [-845.14300624 -845.14300624 -845.14300624 -845.14300624]
 -- BestRoute: [array([ 0,  3,  2,  5,  7, 10,  8,  9,  6,  4,  0]), array([ 1, 13, 11, 12, 15, 18, 19, 20, 17, 16, 14,  1])]
 -- Premio: 
 ---------21.0087670122
 ---------22.705481427
 -- Custo: 
 ---------49.0
 ---------53.0
 - Execucao 25
 -- BestCostGenaration: [-455.10663662313806, -536.91277562182893, -603.47820007158555, -690.59027867287546, -715.04639695634035, -739.33167584260332, -754.96128747153364, -764.11213842686902, -776.62587399512358, -796.49435156707682, -808.38148477834307, -823.00521403367043, -823.84399410866445, -830.12366816035251, -841.37469581339167, -841.43737665933713, -841.89197858984653, -849.2584556017016]
 -- BestCostElement: [-849.2584556 -849.2584556 -849.2584556 -849.2584556]
 -- BestRoute: [array([ 0,  4,  3,  2,  5,  7, 10,  8,  9,  6,  0]), array([ 1, 12, 11, 13, 14, 16, 17, 20, 19, 18, 15,  1])]
 -- Premio: 
 ---------20.5366310572
 ---------22.1487550423
 -- Custo: 
 ---------49.0
 ---------53.0
 - Execucao 26
 -- BestCostGenaration: [-461.82039404000909, -552.60323897085266, -622.8038536711922, -655.14273252865928, -738.44243248540624, -748.13961208070612, -761.52693021490597, -773.81149684512025, -782.89896613600968, -793.01117837866695, -811.09725037844146, -817.59549536203383, -822.02380645406515, -828.86237754733042, -830.28178686304909, -833.71030500923007, -836.76603309923098, -840.07974159821572]
 -- BestCostElement: [-840.0797416 -840.0797416 -840.0797416 -840.0797416]
 -- BestRoute: [array([ 0,  4,  3,  2,  5,  7, 10,  8,  9,  6,  0]), array([ 1, 12, 11, 13, 14, 16, 17, 15, 18, 19, 20,  1])]
 -- Premio: 
 ---------20.5366310572
 ---------24.4434335432
 -- Custo: 
 ---------49.0
 ---------53.0
 - Execucao 27
 -- BestCostGenaration: [-524.05944039887709, -566.29249013759159, -638.44185332727454, -650.35415764970026, -704.18678923226457, -747.44116086415602, -764.93040832079578, -795.23332453366152, -799.27868166029202, -800.76267963203634, -806.13861610126139, -810.75522947839067, -822.91866331838855, -829.05324370558799, -830.57827009086168, -845.31122411457193, -845.40098665186963, -850.05009729254311]
 -- BestCostElement: [-850.05009729 -850.05009729 -850.05009729 -850.05009729]
 -- BestRoute: [array([ 0,  4,  3,  2,  5,  7, 10,  8,  9,  6,  0]), array([ 1, 17, 16, 14, 13, 11, 12, 15, 18, 19, 20,  1])]
 -- Premio: 
 ---------20.5366310572
 ---------21.9508446196
 -- Custo: 
 ---------49.0
 ---------53.0
 - Execucao 28
 -- BestCostGenaration: [-536.9716457160539, -562.76878562221179, -646.65023311350751, -665.18873228707992, -717.53648230296881, -752.26141517883207, -764.76162455327812, -793.62240370714812, -794.66049607349021, -812.87802855596124, -815.19894138703626, -820.72959790102777, -830.91530985119402, -835.21728156254562, -844.84784497356009, -850.05009729254311]
 -- BestCostElement: [-850.05009729 -850.05009729 -850.05009729 -850.05009729]
 -- BestRoute: [array([ 0,  4,  3,  2,  5,  7, 10,  8,  9,  6,  0]), array([ 1, 17, 16, 14, 13, 11, 12, 15, 18, 19, 20,  1])]
 -- Premio: 
 ---------20.5366310572
 ---------21.9508446196
 -- Custo: 
 ---------49.0
 ---------53.0
 - Execucao 29
 -- BestCostGenaration: [-459.35345813555227, -553.502941272925, -634.70167011264618, -660.55788184422227, -692.94938756164743, -731.95743660663811, -766.98981321705605, -792.13915537799016, -806.91866331838855, -808.94574500974068, -819.41108582085917, -822.0446088090041, -825.97103794119482, -832.28789285322443, -832.54587326220837, -833.43737665933713, -836.68840431237641]
 -- BestCostElement: [-836.68840431 -836.68840431 -836.68840431 -836.68840431]
 -- BestRoute: [array([ 0,  7,  5,  2,  3,  4,  6,  9,  8, 10,  0]), array([ 1, 15, 12, 11, 13, 14, 16, 17, 20, 19, 18,  1])]
 -- Premio: 
 ---------22.5366310572
 ---------23.2912678647
 -- Custo: 
 ---------49.0
 ---------53.0
