 - Execucao 0
 -- BestCostGenaration: [-474.61403861124506, -508.02405677137142, -571.96483151612847, -649.55361687102732, -676.7624958852814, -738.25191695405624, -777.13199364031652, -783.93232608146843, -787.91626256748214, -797.89337038693441, -807.49410265636186, -810.80995966136766, -817.13211622102199, -823.01517155748115, -830.02849005086262, -833.71030500923007, -839.62789219068713, -842.64041983119444, -846.73638879355838, -850.05009729254311]
 -- BestCostElement: [-850.05009729 -850.05009729 -850.05009729 -850.05009729]
 -- BestRoute: [array([ 0,  4,  3,  2,  5,  7, 10,  8,  9,  6,  0]), array([ 1, 17, 16, 14, 13, 11, 12, 15, 18, 19, 20,  1])]
 -- Premio: 
 ---------20.5366310572
 ---------21.9508446196
 -- Custo: 
 ---------49.0
 ---------53.0
 - Execucao 1
 -- BestCostGenaration: [-496.62597558018484, -520.66648571262954, -547.35502858102529, -628.7305496831118, -663.70212429803428, -718.20647601412622, -777.58396562855046, -796.98691904889665, -797.61565800535311, -808.00403571406196, -811.05641033686823, -815.10917884973856, -818.74028153748168, -819.71641099940553, -832.58305412255004, -837.15310541187523, -838.12366816035251, -840.46681391086008, -841.43737665933713, -842.64041983119444, -850.05009729254311]
 -- BestCostElement: [-850.05009729 -850.05009729 -850.05009729 -850.05009729]
 -- BestRoute: [array([ 0,  4,  3,  2,  5,  7, 10,  8,  9,  6,  0]), array([ 1, 17, 16, 14, 13, 11, 12, 15, 18, 19, 20,  1])]
 -- Premio: 
 ---------20.5366310572
 ---------21.9508446196
 -- Custo: 
 ---------49.0
 ---------53.0
 - Execucao 2
 -- BestCostGenaration: [-474.07698907523491, -567.66196990114054, -580.56714949313425, -663.08643012827633, -722.66839862555264, -746.09028099317197, -762.21748861669539, -798.51064142223458, -807.6583273492339, -822.86333219119774, -839.36991178170319, -839.90082054058007, -842.08727815288489, -846.73638879355838, -850.05009729254311]
 -- BestCostElement: [-850.05009729 -850.05009729 -850.05009729 -850.05009729]
 -- BestRoute: [array([ 0,  4,  3,  2,  5,  7, 10,  8,  9,  6,  0]), array([ 1, 17, 16, 14, 13, 11, 12, 15, 18, 19, 20,  1])]
 -- Premio: 
 ---------20.5366310572
 ---------21.9508446196
 -- Custo: 
 ---------49.0
 ---------53.0
 - Execucao 3
 -- BestCostGenaration: [-485.52117485163819, -493.93984607371499, -564.02564714641039, -658.49909438847737, -683.50683799729632, -718.92626335444947, -775.08463289544034, -793.33582016267201, -798.21732482570224, -806.02022738355026, -818.09063162007942, -825.62114648889224, -828.77321902699259, -831.19894138703626, -836.86732537001194, -839.54883283933896, -840.07974159821572, -841.43737665933713]
 -- BestCostElement: [-841.43737666 -841.43737666 -841.43737666 -841.43737666]
 -- BestRoute: [array([ 0,  4,  3,  2,  5,  7, 10,  8,  9,  6,  0]), array([ 1, 12, 11, 13, 14, 16, 17, 20, 18, 19, 15,  1])]
 -- Premio: 
 ---------20.5366310572
 ---------24.1040247779
 -- Custo: 
 ---------49.0
 ---------53.0
 - Execucao 4
 -- BestCostGenaration: [-471.23851465510887, -517.27872685102773, -573.6264316761808, -616.73939163384534, -694.70003939155026, -727.63567906266258, -745.84203243855791, -766.97128620563228, -786.26619921052043, -797.93321736923349, -817.24282275843734, -818.97878155001365, -842.05009729254311, -847.03155006288398]
 -- BestCostElement: [-847.03155006 -847.03155006 -847.03155006 -847.03155006]
 -- BestRoute: [array([ 0,  4,  3,  2,  5,  7, 10,  8,  9,  6,  0]), array([ 1, 13, 11, 12, 15, 18, 19, 20, 17, 16, 14,  1])]
 -- Premio: 
 ---------20.5366310572
 ---------22.705481427
 -- Custo: 
 ---------49.0
 ---------53.0
 - Execucao 5
 -- BestCostGenaration: [-459.40739280831792, -490.72127501701664, -564.49553138186968, -633.30832596596451, -714.94956807055848, -733.09837522889825, -762.52484530394918, -765.20983140889996, -779.62772839969398, -789.03150487214839, -796.56198097355525, -804.37975172805386, -814.52823753854955, -819.7590351525505, -822.20272751170069, -824.62493261355667, -828.57216410068634, -832.62493261355667, -835.66637844709339, -837.31122411457193, -838.47565586159374]
 -- BestCostElement: [-838.47565586 -838.47565586 -838.47565586 -838.47565586]
 -- BestRoute: [array([ 0,  6,  4,  3,  2,  5,  7, 10,  9,  8,  0]), array([ 1, 15, 19, 18, 12, 11, 13, 14, 16, 17, 20,  1])]
 -- Premio: 
 ---------21.365058182
 ---------24.0160278526
 -- Custo: 
 ---------49.0
 ---------53.0
 - Execucao 6
 -- BestCostGenaration: [-503.73296866628709, -540.63563579950608, -589.65388716912435, -641.71486010342778, -685.55051372113894, -721.55736537345274, -763.96354259681334, -794.98213501720829, -808.91467013957435, -817.21657711069497, -823.96023432035452, -832.96128747153364, -835.50969030889053, -837.40098665186963, -845.40098665186963, -846.73638879355838, -850.05009729254311]
 -- BestCostElement: [-850.05009729 -850.05009729 -850.05009729 -850.05009729]
 -- BestRoute: [array([ 0,  4,  3,  2,  5,  7, 10,  8,  9,  6,  0]), array([ 1, 17, 16, 14, 13, 11, 12, 15, 18, 19, 20,  1])]
 -- Premio: 
 ---------20.5366310572
 ---------21.9508446196
 -- Custo: 
 ---------49.0
 ---------53.0
 - Execucao 7
 -- BestCostGenaration: [-474.86090996321684, -561.59444028327562, -618.14652826695578, -685.61920726335143, -689.93179506444858, -763.09226923872291, -774.1235677254615, -784.86053447748122, -819.78126807198328, -831.92305346001285, -842.05009729254311, -843.68066070355746, -850.05009729254311]
 -- BestCostElement: [-850.05009729 -850.05009729 -850.05009729 -850.05009729]
 -- BestRoute: [array([ 0,  4,  3,  2,  5,  7, 10,  8,  9,  6,  0]), array([ 1, 17, 16, 14, 13, 11, 12, 15, 18, 19, 20,  1])]
 -- Premio: 
 ---------20.5366310572
 ---------21.9508446196
 -- Custo: 
 ---------49.0
 ---------53.0
 - Execucao 8
 -- BestCostGenaration: [-491.81310453109808, -526.13340630191738, -604.75887203029743, -685.26100781550485, -703.29288393906256, -703.58504865529608, -751.92938120608358, -772.63542681777722, -785.90450495678556, -814.45601029001978, -824.68291582883728, -836.78826601866365, -838.83625049984562, -842.88901901271595, -845.20568708883127, -849.2584556017016]
 -- BestCostElement: [-849.2584556 -849.2584556 -849.2584556 -849.2584556]
 -- BestRoute: [array([ 0,  4,  3,  2,  5,  7, 10,  8,  9,  6,  0]), array([ 1, 12, 11, 13, 14, 16, 17, 20, 19, 18, 15,  1])]
 -- Premio: 
 ---------20.5366310572
 ---------22.1487550423
 -- Custo: 
 ---------49.0
 ---------53.0
 - Execucao 9
 -- BestCostGenaration: [-462.7031006771399, -533.34327031631778, -569.65902817508959, -627.20771859753881, -657.60619863657632, -718.04210786216868, -740.12166129951004, -752.51337599866406, -783.25354898930777, -794.82544687900531, -808.98017334710164, -809.18274971754772, -823.9508530928922, -830.78366882288969, -832.46681391086008, -833.11671540440773, -834.09737732187432, -837.15310541187523, -841.37469581339167]
 -- BestCostElement: [-841.37469581 -841.37469581 -841.37469581 -841.37469581]
 -- BestRoute: [array([ 0,  6,  4,  3,  2,  5,  7, 10,  9,  8,  0]), array([ 1, 15, 12, 11, 13, 14, 16, 17, 20, 19, 18,  1])]
 -- Premio: 
 ---------21.365058182
 ---------23.2912678647
 -- Custo: 
 ---------49.0
 ---------53.0
 - Execucao 10
 -- BestCostGenaration: [-487.42046704832154, -546.18103386899679, -629.16985283484178, -654.19169893381763, -720.28849687018419, -728.14441890448643, -749.31917477754041, -759.80912826608392, -792.11416993557668, -806.48635904754303, -808.23316267024745, -811.80760410119683, -828.76603309923098, -831.66507305102891, -832.36695220457273, -838.47840838457444, -838.73638879355838, -842.05009729254311, -846.73638879355838, -850.05009729254311]
 -- BestCostElement: [-850.05009729 -850.05009729 -850.05009729 -850.05009729]
 -- BestRoute: [array([ 0,  4,  3,  2,  5,  7, 10,  8,  9,  6,  0]), array([ 1, 17, 16, 14, 13, 11, 12, 15, 18, 19, 20,  1])]
 -- Premio: 
 ---------20.5366310572
 ---------21.9508446196
 -- Custo: 
 ---------49.0
 ---------53.0
 - Execucao 11
 -- BestCostGenaration: [-489.82176118923178, -506.67680983866194, -599.0670584264243, -626.08957654132121, -712.03423592578815, -740.78810222767049, -776.69840304647505, -785.78681523593445, -811.7630735221004, -813.6049548194037, -821.31122411457193, -821.50509311311657, -829.68676669373281, -841.2584556017016, -845.31122411457193]
 -- BestCostElement: [-845.31122411 -845.31122411 -845.31122411 -845.31122411]
 -- BestRoute: [array([ 0,  4,  3,  2,  5,  7, 10,  8,  9,  6,  0]), array([ 1, 20, 17, 16, 14, 13, 11, 12, 15, 18, 19,  1])]
 -- Premio: 
 ---------20.5366310572
 ---------23.1355629141
 -- Custo: 
 ---------49.0
 ---------53.0
 - Execucao 12
 -- BestCostGenaration: [-502.21051438367613, -520.25170797232749, -594.85962502434973, -631.89396490781837, -719.13584517395213, -731.82434992121944, -760.91173078067914, -772.36476557742333, -775.71490220500414, -797.99532898843768, -801.71150997040365, -813.49014517220758, -815.70695154203554, -831.58469174119364, -837.31122411457193, -838.73638879355838, -842.05009729254311, -846.73638879355838, -850.05009729254311]
 -- BestCostElement: [-850.05009729 -850.05009729 -850.05009729 -850.05009729]
 -- BestRoute: [array([ 0,  4,  3,  2,  5,  7, 10,  8,  9,  6,  0]), array([ 1, 17, 16, 14, 13, 11, 12, 15, 18, 19, 20,  1])]
 -- Premio: 
 ---------20.5366310572
 ---------21.9508446196
 -- Custo: 
 ---------49.0
 ---------53.0
 - Execucao 13
 -- BestCostGenaration: [-493.4744411686429, -565.64408394876875, -572.09427417198606, -653.37254739596369, -711.76201202774587, -736.97582004530409, -776.46282073204577, -781.56403109755411, -785.29563646204326, -799.24692586821823, -814.24111397949343, -817.2584556017016, -825.5685648119362, -836.43042390339247, -845.94474710271686, -849.2584556017016]
 -- BestCostElement: [-849.2584556 -849.2584556 -849.2584556 -849.2584556]
 -- BestRoute: [array([ 0,  4,  3,  2,  5,  7, 10,  8,  9,  6,  0]), array([ 1, 12, 11, 13, 14, 16, 17, 20, 19, 18, 15,  1])]
 -- Premio: 
 ---------20.5366310572
 ---------22.1487550423
 -- Custo: 
 ---------49.0
 ---------53.0
 - Execucao 14
 -- BestCostGenaration: [-421.97306944990243, -502.0436819743411, -558.83064566527059, -624.70991111916601, -662.97443467154585, -685.91862277597897, -721.34778063377973, -746.62203446494925, -759.75340502383278, -794.10808050782384, -802.14526136816551, -816.28789285322443, -819.35157160619383, -826.75798200137137, -827.89676262153489, -835.69136388950687, -840.75187601119615, -847.36991178170331, -849.2584556017016]
 -- BestCostElement: [-849.2584556 -849.2584556 -849.2584556 -849.2584556]
 -- BestRoute: [array([ 0,  4,  3,  2,  5,  7, 10,  8,  9,  6,  0]), array([ 1, 12, 11, 13, 14, 16, 17, 20, 19, 18, 15,  1])]
 -- Premio: 
 ---------20.5366310572
 ---------22.1487550423
 -- Custo: 
 ---------49.0
 ---------53.0
 - Execucao 15
 -- BestCostGenaration: [-550.25991616705153, -592.86992277455101, -624.87643420047436, -708.12445901322667, -712.38376138069748, -735.03872650230323, -763.09359119720989, -777.43063095754223, -778.17764163439631, -809.26915878765089, -811.98652515883259, -819.13822221119733, -820.43837456636106, -836.84784497356009, -838.65732944221008, -839.36991178170319, -846.73638879355838, -850.05009729254311]
 -- BestCostElement: [-850.05009729 -850.05009729 -850.05009729 -850.05009729]
 -- BestRoute: [array([ 0,  4,  3,  2,  5,  7, 10,  8,  9,  6,  0]), array([ 1, 17, 16, 14, 13, 11, 12, 15, 18, 19, 20,  1])]
 -- Premio: 
 ---------20.5366310572
 ---------21.9508446196
 -- Custo: 
 ---------49.0
 ---------53.0
 - Execucao 16
 -- BestCostGenaration: [-479.97392334764277, -559.02951944170832, -591.74834085011526, -666.56541848748452, -727.57479609583049, -746.25866265585125, -771.64673287551943, -791.72775389697438, -794.4939920566552, -813.48196890591873, -814.418829429678, -818.26619921052043, -819.44216069102549, -827.26456159187694, -831.28953047186792, -834.09737732187432, -835.9386411125414, -838.73638879355838, -842.05009729254311]
 -- BestCostElement: [-842.05009729 -842.05009729 -842.05009729 -842.05009729]
 -- BestRoute: [array([ 0,  7,  5,  2,  3,  4,  6,  9,  8, 10,  0]), array([ 1, 17, 16, 14, 13, 11, 12, 15, 18, 19, 20,  1])]
 -- Premio: 
 ---------22.5366310572
 ---------21.9508446196
 -- Custo: 
 ---------49.0
 ---------53.0
 - Execucao 17
 -- BestCostGenaration: [-529.02359814107626, -545.93261832224221, -629.46776662714819, -660.83643733576002, -707.86210868085368, -714.59781522754474, -739.97882481317015, -746.10750421147532, -765.05659717278263, -776.0566340203427, -776.70702004016584, -803.7136584764246, -806.72219358439509, -811.61654929311817, -814.8734313601874, -821.98636136783932, -842.97878155001365, -844.68840431237641]
 -- BestCostElement: [-844.68840431 -844.68840431 -844.68840431 -844.68840431]
 -- BestRoute: [array([ 0,  4,  3,  2,  5,  7, 10,  8,  9,  6,  0]), array([ 1, 15, 12, 11, 13, 14, 16, 17, 20, 19, 18,  1])]
 -- Premio: 
 ---------20.5366310572
 ---------23.2912678647
 -- Custo: 
 ---------49.0
 ---------53.0
 - Execucao 18
 -- BestCostGenaration: [-474.15319687173064, -509.6048384683678, -549.14457784772992, -604.52223463710982, -672.58390910309356, -677.94369202395853, -758.10301633410631, -772.33097630540465, -791.12035795631436, -792.11197463587587, -796.58270349564248, -805.17329026017796, -818.03581503607893, -818.76267963203634, -821.28809990737409, -832.07974159821572, -836.65122345203463, -840.07974159821572, -841.43737665933713, -844.68840431237641]
 -- BestCostElement: [-844.68840431 -844.68840431 -844.68840431 -844.68840431]
 -- BestRoute: [array([ 0,  4,  3,  2,  5,  7, 10,  8,  9,  6,  0]), array([ 1, 15, 12, 11, 13, 14, 16, 17, 20, 19, 18,  1])]
 -- Premio: 
 ---------20.5366310572
 ---------23.2912678647
 -- Custo: 
 ---------49.0
 ---------53.0
 - Execucao 19
 -- BestCostGenaration: [-443.12848903960099, -579.66482309661171, -627.92030093703204, -659.46277621005015, -726.00438263838669, -746.216450167262, -755.02047629426534, -757.42836051709332, -778.81439306614845, -779.90336976731055, -803.44791605429327, -803.7655523308548, -809.14631451934463, -813.75882876714081, -823.29085243035502, -831.48615199339338, -841.37469581339167, -846.73638879355838]
 -- BestCostElement: [-846.73638879 -846.73638879 -846.73638879 -846.73638879]
 -- BestRoute: [array([ 0,  6,  4,  3,  2,  5,  7, 10,  9,  8,  0]), array([ 1, 17, 16, 14, 13, 11, 12, 15, 18, 19, 20,  1])]
 -- Premio: 
 ---------21.365058182
 ---------21.9508446196
 -- Custo: 
 ---------49.0
 ---------53.0
 - Execucao 20
 -- BestCostGenaration: [-451.99753098607277, -517.54397366690227, -572.81895214079407, -658.27376112545312, -699.09497657096802, -729.64426671564206, -755.08363367339905, -774.65457691922916, -788.17544633469561, -805.2501155444196, -807.74713524266429, -818.75522947839067, -826.53912756041336, -832.58305412255004, -845.94474710271686, -849.2584556017016]
 -- BestCostElement: [-849.2584556 -849.2584556 -849.2584556 -849.2584556]
 -- BestRoute: [array([ 0,  4,  3,  2,  5,  7, 10,  8,  9,  6,  0]), array([ 1, 12, 11, 13, 14, 16, 17, 20, 19, 18, 15,  1])]
 -- Premio: 
 ---------20.5366310572
 ---------22.1487550423
 -- Custo: 
 ---------49.0
 ---------53.0
 - Execucao 21
 -- BestCostGenaration: [-489.73040614055981, -506.74400554753737, -580.5873623589016, -649.66627801220238, -721.650392056751, -729.71330784951715, -775.72699783431881, -797.93321736923349, -806.65776017983433, -822.80727187861794, -834.60456092933975, -839.90082054058007, -843.21452903956492, -850.05009729254311]
 -- BestCostElement: [-850.05009729 -850.05009729 -850.05009729 -850.05009729]
 -- BestRoute: [array([ 0,  4,  3,  2,  5,  7, 10,  8,  9,  6,  0]), array([ 1, 17, 16, 14, 13, 11, 12, 15, 18, 19, 20,  1])]
 -- Premio: 
 ---------20.5366310572
 ---------21.9508446196
 -- Custo: 
 ---------49.0
 ---------53.0
 - Execucao 22
 -- BestCostGenaration: [-485.28199391719875, -547.13220274733499, -598.38737398259161, -646.97903186731992, -709.40697637960216, -725.36353207730144, -727.75866497614766, -751.46727254115513, -757.52022970384678, -793.55218630653337, -807.93022989943211, -811.42178900680847, -811.81844893232505, -818.76603309923098, -825.97439140838935, -838.9524907115358, -845.94474710271686, -849.2584556017016]
 -- BestCostElement: [-849.2584556 -849.2584556 -849.2584556 -849.2584556]
 -- BestRoute: [array([ 0,  4,  3,  2,  5,  7, 10,  8,  9,  6,  0]), array([ 1, 12, 11, 13, 14, 16, 17, 20, 19, 18, 15,  1])]
 -- Premio: 
 ---------20.5366310572
 ---------22.1487550423
 -- Custo: 
 ---------49.0
 ---------53.0
 - Execucao 23
 -- BestCostGenaration: [-426.18112027002024, -491.48364978771878, -565.01465713958044, -612.06997979383323, -671.69170125411404, -696.31044083019447, -732.63956164950355, -783.29563646204338, -801.55972286120254, -808.7180486180489, -812.27230520069588, -817.22452777366357, -817.71305753221077, -821.24300959435163, -834.3824394222105, -835.9386411125414, -836.84784497356009, -845.40098665186963, -850.05009729254311]
 -- BestCostElement: [-850.05009729 -850.05009729 -850.05009729 -850.05009729]
 -- BestRoute: [array([ 0,  4,  3,  2,  5,  7, 10,  8,  9,  6,  0]), array([ 1, 17, 16, 14, 13, 11, 12, 15, 18, 19, 20,  1])]
 -- Premio: 
 ---------20.5366310572
 ---------21.9508446196
 -- Custo: 
 ---------49.0
 ---------53.0
 - Execucao 24
 -- BestCostGenaration: [-524.59570241618349, -535.33645987429168, -590.09522881585349, -657.5014493023707, -676.79605289063909, -696.0810430138323, -732.62288056197872, -753.93084033198829, -765.44147578867023, -805.6582821584982, -808.00546627855567, -812.701686741971, -818.46282073204577, -827.89676262153489, -834.26619921052043, -839.13141176917134, -842.26619921052043, -849.2584556017016]
 -- BestCostElement: [-849.2584556 -849.2584556 -849.2584556 -849.2584556]
 -- BestRoute: [array([ 0,  4,  3,  2,  5,  7, 10,  8,  9,  6,  0]), array([ 1, 12, 11, 13, 14, 16, 17, 20, 19, 18, 15,  1])]
 -- Premio: 
 ---------20.5366310572
 ---------22.1487550423
 -- Custo: 
 ---------49.0
 ---------53.0
 - Execucao 25
 -- BestCostGenaration: [-489.01120367280976, -520.86668565839238, -566.85579563652868, -653.64317042659604, -692.39324304305069, -734.77381997120631, -760.24446744668808, -775.37051272591702, -803.51652241170893, -804.03465128519315, -812.05620328271846, -819.52254200086088, -836.49310474933804, -841.99751561558719, -845.31122411457193]
 -- BestCostElement: [-845.31122411 -845.31122411 -845.31122411 -845.31122411]
 -- BestRoute: [array([ 0,  4,  3,  2,  5,  7, 10,  8,  9,  6,  0]), array([ 1, 20, 17, 16, 14, 13, 11, 12, 15, 18, 19,  1])]
 -- Premio: 
 ---------20.5366310572
 ---------23.1355629141
 -- Custo: 
 ---------49.0
 ---------53.0
 - Execucao 26
 -- BestCostGenaration: [-484.4079394078143, -527.71825567219867, -573.82504275133283, -640.99866405130388, -686.0207285391507, -710.83729167002605, -739.94934429849081, -744.40873026068857, -759.11503326376851, -772.87802855596135, -810.89972219866536, -813.37800408985049, -824.19598180990579, -827.80760410119694, -839.3267113322097, -843.68066070355746, -845.40098665186963, -850.05009729254311]
 -- BestCostElement: [-850.05009729 -850.05009729 -850.05009729 -850.05009729]
 -- BestRoute: [array([ 0,  4,  3,  2,  5,  7, 10,  8,  9,  6,  0]), array([ 1, 17, 16, 14, 13, 11, 12, 15, 18, 19, 20,  1])]
 -- Premio: 
 ---------20.5366310572
 ---------21.9508446196
 -- Custo: 
 ---------49.0
 ---------53.0
 - Execucao 27
 -- BestCostGenaration: [-478.50645993770411, -580.42013482574248, -595.75161917656169, -659.36840607646127, -674.13161882332099, -736.16611190091294, -772.4040878741788, -779.93779241919299, -810.32963278821171, -811.21788250675945, -811.98666680401118, -822.30869520816327, -827.94474710271686, -830.57827009086168, -835.89676262153489, -840.46681391086008, -841.00047519271766, -845.20568708883127, -849.2584556017016]
 -- BestCostElement: [-849.2584556 -849.2584556 -849.2584556 -849.2584556]
 -- BestRoute: [array([ 0,  4,  3,  2,  5,  7, 10,  8,  9,  6,  0]), array([ 1, 12, 11, 13, 14, 16, 17, 20, 19, 18, 15,  1])]
 -- Premio: 
 ---------20.5366310572
 ---------22.1487550423
 -- Custo: 
 ---------49.0
 ---------53.0
 - Execucao 28
 -- BestCostGenaration: [-475.66247105674086, -522.9422016338857, -608.70459607045791, -627.05983745028038, -719.26339016208271, -766.63367421799262, -792.98595798943302, -793.29200928062232, -812.11962979080249, -812.18122070491108, -824.7033070625497, -831.82176118923178, -833.71030500923007, -835.0679400703516]
 -- BestCostElement: [-835.06794007 -835.06794007 -835.06794007 -835.06794007]
 -- BestRoute: [array([ 0,  5,  2,  3,  4,  6,  9,  8, 10,  7,  0]), array([ 1, 12, 11, 13, 14, 16, 17, 20, 18, 19, 15,  1])]
 -- Premio: 
 ---------22.1289902045
 ---------24.1040247779
 -- Custo: 
 ---------49.0
 ---------53.0
 - Execucao 29
 -- BestCostGenaration: [-421.37111763040872, -496.92119905544246, -559.87926854305476, -605.75237523921726, -648.58622084242347, -700.72936937753707, -740.14046077405465, -761.62565680635419, -783.47455751967891, -802.05883889697907, -804.19252790782025, -808.22901835017865, -810.04734476956241, -818.33366408815436, -822.75586919001034, -823.7441324023772, -830.5769481323747, -836.68840431237641]
 -- BestCostElement: [-836.68840431 -836.68840431 -836.68840431 -836.68840431]
 -- BestRoute: [array([ 0,  7,  5,  2,  3,  4,  6,  9,  8, 10,  0]), array([ 1, 15, 12, 11, 13, 14, 16, 17, 20, 19, 18,  1])]
 -- Premio: 
 ---------22.5366310572
 ---------23.2912678647
 -- Custo: 
 ---------49.0
 ---------53.0
