 - Execucao 0
 -- BestCostGenaration: [-134.11145618000168, -232.22291236000336, -271.24959708854544, -318.10120516638102, -357.22203533490301, -401.05711070370722, -470.18964589014405, -495.96144436240411, -521.83440540716208, -566.71595128048011, -595.59656855912044, -627.63672087912039, -661.92787948128955, -694.76968830001454, -706.38655447835356, -729.15944188538629, -744.00261396696146, -762.26670036612086, -768.97893207870641, -783.73943477171235, -792.58305412255004, -803.89676262153489, -812.47280354999941, -815.55500931439269, -820.29388249236376]
 -- BestCostElement: [-820.29388249 -819.6806607  -815.55500931 -814.94178753]
 -- BestRoute: [array([ 0,  5,  2,  3,  4,  6,  9,  8, 12, 15, 18, 19, 20,  1, 17, 16, 14,
       13, 11, 10,  7,  0])]
 -- Custo: 
 ---------49.9265293769
 ---- Total: 49.9265293769
 -- Premio: 
 ---------102.0
 ---- Total: 102.0
 - Execucao 1
 -- BestCostGenaration: [-134.11145618000168, -239.24959708854544, -290.14110048567426, -331.14467763634343, -365.73983296386666, -422.16629231349748, -467.74408721164156, -518.83313916513225, -582.2417530448356, -586.66395814669158, -645.08617175143468, -681.74933054236499, -684.82314387450856, -715.19529757629039, -761.91355523523703, -786.11603117079233, -790.96044137450428, -801.68056026866668, -809.04703728052175, -814.86333219119786]
 -- BestCostElement: [-814.86333219 -814.0716905  -812.06558451 -811.84478496]
 -- BestRoute: [array([ 0,  7,  5,  2,  3,  4,  6,  8,  9, 11, 13, 14, 16, 17,  1, 20, 19,
       18, 15, 12, 10,  0])]
 -- Custo: 
 ---------51.2841669522
 ---- Total: 51.2841669522
 -- Premio: 
 ---------102.0
 ---- Total: 102.0
 - Execucao 2
 -- BestCostGenaration: [-134.11145618000168, -239.24959708854544, -285.74201959101606, -323.77166389668866, -354.87210940170036, -404.05038401009938, -443.18235148517039, -495.06659547859306, -541.06659547859317, -568.82320396931664, -653.55492226709168, -668.55786374727882, -698.94160068967199, -745.40223572199693, -746.04140660835355, -752.46545517593131, -755.92986390203896, -779.62563010611586, -801.87907057193911, -805.93183908480933, -810.49806098631359, -815.11193137271937, -818.42563987170411, -821.54308589036509, -824.85679438934972]
 -- BestCostElement: [-824.85679439 -822.47840838 -821.9447471  -821.54308589]
 -- BestRoute: [array([ 0,  6,  9,  8, 10, 12, 11, 13,  1, 15, 18, 19, 20, 17, 16, 14,  7,
        5,  2,  3,  4,  0])]
 -- Custo: 
 ---------48.7858014027
 ---- Total: 48.7858014027
 -- Premio: 
 ---------102.0
 ---- Total: 102.0
