 - Execucao 0
 -- BestCostGenaration: [-51.89327901336739, -91.89327901336739, -115.85079215217456, -146.6305839488864, -193.27054384712196, -202.16680739977224, -256.61629370010286, -293.03784947720294, -311.2654110783933, -320.32406855524675, -350.0439830842313, -364.5026354712687, -421.354875841399, -423.31623134908307, -467.57662885971763, -509.62487670050575, -536.9954133025642, -547.5505348089073, -577.4426532307492, -609.0204481288932, -629.5203224118991, -639.2947453262043, -654.6456346855307, -663.4045109383675, -669.4274476001756, -683.6202684214445, -704.7581241714643, -745.0872610413567, -749.4861348818652, -766.5389033947355, -783.6650559395007, -809.6650559395007, -809.8555714708507, -833.2016232977237, -844.1003196988836, -862.3447466525276, -870.0495853832022, -907.0283749603791, -921.4073164127924, -926.1651667720844, -952.5565976076643, -969.9204273281755, -984.6899589261711, -1005.2533439278175, -1016.2127208953154, -1026.991365387969, -1033.306334386102, -1040.7562835828626, -1046.6668133340015, -1051.9831325631292, -1058.982978135688, -1065.7405193229379, -1068.7250976083458, -1074.7250976083458, -1080.7406852608744, -1082.6792143654834, -1087.32396015132, -1089.5127971980828, -1090.008510516997, -1095.1122230881797, -1101.367453662664, -1104.1373953665077, -1105.7307779171804, -1105.9422889836778, -1110.392625940992, -1111.698590831158, -1112.698590831158, -1113.3291542421723, -1115.9302804016638, -1116.9302804016638]
 -- BestCostElement: [-1116.9302804 -1115.9302804 -1115.9302804 -1115.9302804]
 -- BestRoute: [[ 0 27 36 41 43 40 28 34 31 25 23 16  4  9 15 22 19 14  8  3  7 12  6 11
   5  2 10 13 17 18 21 20 24 26 30 29 37 38 42 44 39 32 33  0]]
 -- Custo: 
 ---------112.76742989958403
 ---- Total: 112.76742989958403
 -- Premio: 
 ---------224.0
 ---- Total: 224.0
 - Execucao 1
 -- BestCostGenaration: [-40.533208188590095, -83.88005332705198, -122.61020924365415, -153.6740148834044, -179.33280301570323, -210.89610860323342, -247.19976793457025, -277.65264932840194, -290.8599732736344, -322.7627636884193, -337.8148285623725, -355.7283782417645, -396.0436329331369, -435.2461271671053, -468.1120635058634, -470.92716494708765, -528.4582166438827, -536.1465768142243, -590.0858650576539, -636.5080290329486, -675.2903055037298, -691.501416335869, -708.4389311858591, -752.0941192963999, -759.1491119720152, -785.5762642183961, -826.2899482318054, -843.0770608151001, -861.2108685357282, -863.2921830934773, -902.6879969219643, -903.1696944965724, -915.4905286346697, -921.5062610315226, -926.2031109741629, -936.450432150869, -955.4594976295818, -978.4141355304077, -985.0476585185525, -985.5697253266958, -1001.3422595108678, -1014.4640816816963, -1015.6353790338774, -1023.1179763540582, -1032.632419456747, -1036.10803207002, -1047.3704678038005, -1055.3861973124706, -1064.1545077419646, -1067.6364341126357, -1068.1465742434584, -1073.893541657156, -1077.8328657444736, -1079.6011761739678, -1079.7723536227845, -1088.7193808809363, -1095.6932538334515, -1101.165472100025, -1103.770390137257, -1105.6949098564237, -1107.404345782872, -1113.4632202859177, -1116.5037933808599, -1121.1978284906938, -1123.5037933808599, -1124.5037933808599, -1167.3767495483296, -1168.205572099513, -1176.6009673043973, -1180.869837735245, -1185.7989546501854, -1195.4295180611998, -1197.7354829513658, -1198.7354829513658]
 -- BestCostElement: [-1198.73548295 -1197.73548295 -1196.84693913 -1196.42951806]
 -- BestRoute: [[ 0 27 25 28 31 36 40 41 43 45 34 35 33 44 39 42 38 37 29 30 32 26 24 21
  18 17 20 13 10  2  5 11  6 12  1  7  3  8  9  4 16 15 22 14 19  0]]
 -- Custo: 
 ---------109.81612926215855
 ---- Total: 109.81612926215855
 -- Premio: 
 ---------234.0
 ---- Total: 234.0
 - Execucao 2
 -- BestCostGenaration: [-40.533208188590095, -91.89327901336739, -126.05009729254314, -156.40849294720778, -186.49272975789887, -217.8293866981571, -253.99654064754566, -262.49402242704446, -296.4812815719165, -314.8278141053196, -358.0189559576385, -381.89851476220736, -401.6689496711874, -436.0636699029489, -476.97562149871965, -497.8292069912502, -520.379092535002, -547.9340443741659, -582.5677479966797, -626.4834699624732, -629.594926142475, -657.47194022899, -679.4283874202183, -701.5811700553218, -707.3776478324684, -717.9271207465936, -739.4876481237546, -748.159166824377, -770.5247263392602, -782.9749283685517, -803.6177357244937, -821.0988807383665, -839.1547080017683, -852.9939612784309, -872.0807591812315, -877.9278024629507, -885.7583392280385, -909.735980869447, -932.7555235335351, -940.2775903416783, -957.2034776362095, -961.1064128928615, -972.9719983468733, -975.5262574021151, -986.6721419194777, -989.1783728106549, -1019.363128578563, -1022.0583171929187, -1027.402318772342, -1032.868633064586, -1034.7376964881323, -1040.2783105259346, -1044.5032543946456, -1051.4955107858268, -1053.2860541347536, -1056.4955107858268, -1057.4955107858268, -1060.5360838807687, -1061.4429826096357, -1064.4835557045778, -1066.3720995245762, -1070.2863377345893, -1074.2228043682846, -1079.2816788713303, -1131.3931350513321, -1134.2816788713303, -1134.4804956925564, -1138.1323588562107, -1140.7601697442444, -1141.272134910803, -1148.3427486740768, -1148.8547138406354, -1150.4480963913081]
 -- BestCostElement: [-1150.44809639 -1150.19686416 -1150.18736346 -1149.93613122]
 -- BestRoute: [[ 0 31 34 45 43 41 40 36 28 25 27 35 33 44 39 30 24 29 37 38 42 32 26 22
  19 14 15 16  4  9  8  3  7  1  6 11  5  2 10 13 20 17 18 21 12  0]]
 -- Custo: 
 ---------121.88797590217295
 ---- Total: 121.88797590217295
 -- Premio: 
 ---------234.0
 ---- Total: 234.0
 - Execucao 3
 -- BestCostGenaration: [-51.89327901336739, -76.94667143891655, -119.79700079688945, -158.8712761165494, -174.1233008596072, -214.26619921052043, -249.39091848941334, -270.49518599506314, -273.4722486030909, -291.0681097655156, -304.5902668079428, -320.370134214309, -350.69389327402314, -389.95850771550585, -404.6545978287287, -470.7134357306028, -491.58613097109907, -507.8560550543267, -546.6065634150993, -621.3293053750143, -649.2849480752534, -674.6743119436215, -679.408578840319, -708.1183091593473, -719.8151962896463, -770.8845364026477, -798.7056153450121, -837.2834102431561, -850.2834102431561, -853.4050154411141, -870.7056664841311, -884.3982198903524, -900.2452618716462, -906.6069910558617, -921.9841910547852, -944.5030352264805, -946.3309234443044, -962.6933567337796, -970.8295357656623, -987.4086314479505, -990.834356621765, -1007.3419341192944, -1008.7866983415922, -1020.5323604845149, -1024.4649200327794, -1043.5880885745157, -1059.0102936763717, -1062.361183035698, -1076.8052455712514, -1079.7495174812505, -1086.7417738724316, -1093.0586287844612, -1095.151537734804, -1099.8006483754775, -1102.1543335209412, -1106.7154830339537, -1111.3866195399103, -1111.7743575369996, -1116.0060471075053, -1121.9908921124465, -1123.4482898290933, -1164.2283370462203, -1168.2689101411625, -1173.493810746717, -1175.799775636883, -1178.7764443755354, -1181.9112318168845, -1182.5569502229578]
 -- BestCostElement: [-1182.55695022 -1182.55695022 -1181.91123182 -1181.84436788]
 -- BestRoute: [[ 0 26 24 29 37 38 30 32 39 42 44 33 45 35 27 34 31 36 41 43 40 28 25 23
  22 19 14 15 16  4  9  8  3  7  1  6 11  5  2 10 13 20 17 18 21 12  0]]
 -- Custo: 
 ---------115.61076244426059
 ---- Total: 115.61076244426059
 -- Premio: 
 ---------235.0
 ---- Total: 235.0
 - Execucao 4
 -- BestCostGenaration: [-51.89327901336739, -83.95441504773542, -114.00820640302055, -156.56531122638353, -190.73064880077624, -207.57940068493514, -256.66816638998614, -293.06771620509187, -296.0482520129071, -296.28606486561637, -338.3013445870345, -404.8128590518761, -405.83080927260715, -430.96535143211526, -467.3205355734178, -504.03041330075246, -552.867204963879, -575.7509963658065, -602.4097422221402, -618.2443227957535, -638.8532537432536, -655.5426280044703, -684.7653322187432, -696.4391516932176, -713.7873931657884, -751.0928517098904, -768.6819784608758, -780.1482927531199, -805.0791038558189, -818.9939068097362, -819.6772842922478, -847.6801983107514, -848.3888191759895, -857.5529817204083, -868.7004252556441, -891.6798018694641, -901.840776493607, -907.7835961124846, -910.4327067531581, -930.5558997207928, -960.1200733440098, -978.2267454923233, -980.9178193429591, -988.4688089847243, -990.3826356668753, -1005.6941938146703, -1012.5852622471843, -1027.3350254470192, -1032.478171349979, -1037.6951467731833, -1047.3616990995718, -1049.7863912768316, -1055.8452451716303, -1061.6890305229508, -1062.8375015628114, -1067.0054396205655, -1070.6888643971783, -1071.5406200686143, -1080.5193015046248, -1084.9972346964817, -1086.2870570782338, -1090.8273127947627, -1095.5160090170234, -1101.962100236112, -1103.307650707865, -1107.008431519494, -1144.463240504153, -1151.2988087571312, -1157.7622526383743, -1162.1756157894965, -1166.4863647113507, -1171.806179200511, -1176.1169281223652]
 -- BestCostElement: [-1176.11692812 -1174.2283843  -1173.69472302 -1171.8061792 ]
 -- BestRoute: [[ 0 19  7  3  8 14 15  9  4 16 23 22 25 28 27 31 36 40 41 43 45 34 35 33
  44 39 32 42 38 37 29 30 26 24 21 12  1  6 11  5  2 10 13 20 17 18  0]]
 -- Custo: 
 ---------117.2207679694087
 ---- Total: 117.2207679694087
 -- Premio: 
 ---------235.0
 ---- Total: 235.0
 - Execucao 5
 -- BestCostGenaration: [-35.88779693587085, -85.99502969688129, -122.56634482806722, -146.10148966712944, -170.31031919680072, -206.41750464212123, -236.57878872139563, -258.9219344719032, -281.307954219331, -300.8583629937456, -358.31831879545905, -388.28761313243297, -419.82900481528156, -447.79462915589056, -466.2564802346864, -483.49246839648606, -539.3108548416477, -558.0048899514818, -577.8207096964818, -589.9042373923204, -615.5982725021545, -626.6277097536773, -641.5440956568152, -649.3774729535122, -668.2000655881212, -685.9304036749436, -708.2051696528192, -736.6840356390076, -757.6607043776601, -792.9870112668209, -819.0574917753563, -838.3393559255408, -843.4381627084258, -854.9187223890945, -876.7355473221434, -880.5876989807077, -916.2988529096735, -938.6090382719401, -960.7722874148349, -969.1154331653424, -977.2593673943909, -993.2963216972356, -995.3223042052914, -1007.0163393151256, -1018.1823610288246, -1020.102527453927, -1027.4048405685603, -1032.951560596538, -1040.6600871665319, -1042.063698959937, -1052.2324198240935, -1056.0527079135838, -1068.5755655746013, -1069.4818052178966, -1077.0333139181555, -1080.1201122377302, -1085.1789867407758, -1086.1201122377302, -1089.7182788200912, -1098.545463752631, -1100.1760271636454, -1101.769409714318, -1104.8251378043187, -1107.865710899261, -1128.164264403187, -1145.5927825493682, -1154.8505559042023, -1162.8505559042023, -1162.865710899261, -1163.5631382436954, -1163.5782932387542, -1167.1827296022836, -1172.243241723973, -1176.147272761609, -1176.5646938317766, -1178.4532376517748, -1181.5089657417757, -1186.1952572427908]
 -- BestCostElement: [-1186.19525724 -1186.18010225 -1183.30671342 -1183.13952915]
 -- BestRoute: [[ 0 26 24 29 30 32 38 37 42 39 44 33 35 27 31 34 45 43 41 40 36 28 25 22
  19 14 15 16  4  9  8  3  7  1  6 11  5  2 10 13 20 17 18 21 12  0]]
 -- Custo: 
 ---------112.95118568930226
 ---- Total: 112.95118568930226
 -- Premio: 
 ---------234.0
 ---- Total: 234.0
