 - Execucao 0
 -- BestCostGenaration: [-168.5419151756002, -917.9467851928566, -1048.601867317334, -1116.0772993435635, -1159.785142842104, -1228.3599781631176, -1228.5388992207531, -1255.3599781631176, -1258.0462696641328, -1262.7325611651481, -1286.0462696641328, -1292.88958152593, -1321.0462696641328, -1321.2251907217685]
 -- BestCostElement: [-1321.22519072 -1321.22519072 -1321.22519072 -1321.22519072]
 -- BestRoute: [array([ 0, 44, 50, 54, 45, 39, 43, 38, 35,  0])
 array([ 0, 62, 67, 75, 77, 68,  0])
 array([ 0, 48, 60, 64, 56, 52, 47, 42,  0])
 array([ 0, 49, 53, 59, 61, 66, 74, 73, 65, 57, 58,  0])
 array([ 0, 41, 40, 33, 26, 34, 36,  0])
 array([ 0, 31, 28, 23, 22, 18, 17, 10, 11,  0])]
 -- Custo: 
 ---------19.76340381965992
 ---------19.10654954801926
 ---------18.597493016048944
 ---------19.837882267736525
 ---------19.365746312736945
 ---------19.272627355356292
 ---- Total: 115.94370231955789
 -- Premio: 
 ---------45.0
 ---------28.0
 ---------37.0
 ---------63.0
 ---------40.0
 ---------42.0
 ---- Total: 255.0
 - Execucao 1
 -- BestCostGenaration: [-160.07342395435717, -963.8038760072059, -988.4901675082211, -1026.761206574732, -1059.366489427154, -1060.3370521756312, -1102.142543465467, -1135.9858553272643, -1138.5869814867558, -1141.1216294361711, -1144.7266065491515, -1149.1254803896597, -1149.2617320148215, -1199.4686261401675, -1199.886047210335, -1220.4686261401675, -1238.1549176411827, -1238.9591147598317, -1240.5896781708461, -1241.0070992410135, -1241.0598225631481, -1241.19607418831, -1244.330861629659, -1244.603789979552]
 -- BestCostElement: [-1244.60378998 -1244.60378998 -1244.60378998 -1244.60378998]
 -- BestRoute: [array([ 0, 42, 47, 46, 51, 55, 56, 52, 57,  0])
 array([ 0, 66, 74, 73, 65, 64, 60,  0])
 array([ 0, 49, 53, 62, 68, 77, 75, 67, 61, 59,  0])
 array([ 0, 28, 23, 22, 18, 17, 10, 11,  0])
 array([ 0, 41, 37, 36, 40, 48, 58,  0])
 array([ 0, 32, 25,  8, 12, 15, 24, 31,  0])]
 -- Custo: 
 ---------19.34166020071207
 ---------19.40312423743285
 ---------18.48816380760941
 ---------18.981519418600854
 ---------19.906616070420334
 ---------19.727968770336453
 ---- Total: 115.84905250511196
 -- Premio: 
 ---------34.0
 ---------40.0
 ---------53.0
 ---------37.0
 ---------38.0
 ---------42.0
 ---- Total: 244.0
 - Execucao 2
 -- BestCostGenaration: [-143.00124129188342, -1029.0828329837082, -1031.0917823994978, -1070.0892360431349, -1101.6005527312027, -1104.9261424214583, -1149.3403172855321, -1184.5630574402485, -1239.574938631519, -1271.328408292612, -1274.6539979828674, -1277.4145648035426, -1277.8765588850836, -1281.202148575339, -1282.1727113238162, -1304.1690668443302, -1330.3960175738837, -1344.023541744361, -1366.3666874948685, -1369.1272543155437, -1369.6377265613794, -1383.1272543155437, -1384.6082893098564, -1411.6082893098564, -1425.0978170640208, -1450.4966909045293, -1450.632942529691, -1453.7677299710401, -1454.040658320933]
 -- BestCostElement: [-1454.04065832 -1454.04065832 -1454.04065832 -1454.04065832]
 -- BestRoute: [array([ 0, 28, 12,  8, 20, 13, 29,  0])
 array([ 0, 31, 32, 25, 24, 15, 19, 23, 22,  0])
 array([ 0, 49, 53, 62, 68, 77, 75, 67, 61, 59,  0])
 array([ 0, 58, 65, 73, 64, 60, 57, 52,  0])
 array([ 0, 48, 47, 42, 40, 33, 34, 36, 37, 41,  0])
 array([ 0, 44, 50, 54, 45, 43, 39, 38, 35,  0])]
 -- Custo: 
 ---------19.940443425423606
 ---------19.895446997091284
 ---------18.48816380760941
 ---------18.423668705363433
 ---------19.478708664619077
 ---------19.76340381965992
 ---- Total: 115.98983541976673
 -- Premio: 
 ---------33.0
 ---------43.0
 ---------53.0
 ---------47.0
 ---------53.0
 ---------45.0
 ---- Total: 274.0
 - Execucao 3
 -- BestCostGenaration: [-138.55124055978763, -961.223262504939, -1023.7714130974105, -1039.682441412987, -1058.4958766281745, -1059.2356108785968, -1115.2137721635152, -1127.885225583213, -1130.4863517427045, -1135.7460861213679, -1148.7353829354186, -1183.7381787215559, -1188.7677797640717, -1197.450761061049, -1202.4803621035649, -1203.9356921995864, -1235.252710902609, -1238.730807885459, -1266.4728274764752, -1270.0816972447856, -1298.8422640654608, -1300.783389562415, -1301.331583418043]
 -- BestCostElement: [-1301.33158342 -1301.33158342 -1301.33158342 -1301.33158342]
 -- BestRoute: [array([ 0, 31, 24, 19, 15, 12, 25, 32,  0])
 array([ 0, 28, 23, 22, 11, 10, 18, 17,  0])
 array([ 0, 38, 35, 29, 13, 20,  8,  0])
 array([ 0, 49, 53, 59, 58, 66, 74, 73, 65,  0])
 array([ 0, 48, 52, 47, 42, 40, 33, 34, 36, 41,  0])
 array([ 0, 44, 50, 54, 45, 39, 43,  0])]
 -- Custo: 
 ---------19.727968770336453
 ---------19.347568863897408
 ---------18.960403604393647
 ---------19.625118400082528
 ---------19.543203766865055
 ---------18.46284073991415
 ---- Total: 115.66710414548925
 -- Premio: 
 ---------37.0
 ---------37.0
 ---------35.0
 ---------55.0
 ---------57.0
 ---------31.0
 ---- Total: 252.0
 - Execucao 4
 -- BestCostGenaration: [-236.58363021976697, -973.6061210023547, -1019.7589749049869, -1022.5604103286462, -1053.6985079740334, -1057.7247988125114, -1114.7852819782215, -1118.8115728166995, -1128.5291031036681, -1164.484265035531, -1164.999859944699, -1178.7656068542742, -1190.3941086081693, -1212.599241224446, -1233.3043941817778, -1252.6738307707633, -1282.9875392697481, -1293.4738169260445]
 -- BestCostElement: [-1293.47381693 -1293.47381693 -1293.47381693 -1293.47381693]
 -- BestRoute: [array([ 0, 31, 32, 25, 24, 15, 19, 23, 22,  0])
 array([ 0., 28., 11., 17., 21., 36.,  0.])
 array([ 0, 59, 61, 66, 74, 73, 65, 64, 60,  0])
 array([ 0, 58, 62, 77, 75, 67,  0])
 array([ 0, 49, 53, 44, 50, 54, 45, 43, 38,  0])
 array([ 0, 41, 37, 34, 33, 40, 42, 47, 52,  0])]
 -- Custo: 
 ---------19.895446997091284
 ---------19.974180021571776
 ---------19.940443425423602
 ---------19.984980133945175
 ---------19.70014567308433
 ---------19.886349517372675
 ---- Total: 119.38154576848885
 -- Premio: 
 ---------43.0
 ---------35.0
 ---------47.0
 ---------30.0
 ---------51.0
 ---------47.0
 ---- Total: 253.0
 - Execucao 5
 -- BestCostGenaration: [-147.7580444944838, -959.4770974861354, -1059.6900717618546, -1061.0061367266085, -1073.4910678651454, -1075.834213615653, -1096.8372736276747, -1115.7213267825646, -1143.1159900482362, -1147.0752761539125, -1154.7728442977286, -1188.1747781502581, -1188.8873604897517, -1208.462195810765, -1209.1747781502581, -1230.8873604897515, -1244.8873604897515, -1245.4048300135275, -1258.032247011497, -1270.9316808533592, -1287.039990620316, -1301.3274082808227, -1320.73402573015, -1340.2752069373519, -1360.908729925497, -1384.0202312962342, -1388.6507495165129, -1409.4718284588776, -1409.766989728203, -1420.5619848862393, -1420.979405956407, -1436.7477163859007, -1437.4602987253938, -1454.4340078869159, -1456.0118479757957, -1457.1762797228175, -1515.0648235428157, -1519.5572460452863, -1537.5015179552856, -1567.8152264542705]
 -- BestCostElement: [-1567.81522645 -1567.81522645 -1567.81522645 -1567.81522645]
 -- BestRoute: [array([ 0, 44, 50, 54, 45, 39, 43, 38, 35,  0])
 array([ 0, 28, 23, 22, 18, 17, 10, 11, 19, 31,  0])
 array([ 0, 49, 53, 59, 61, 62, 67, 75, 74, 66, 58,  0])
 array([ 0, 48, 57, 65, 73, 64, 60, 56, 52,  0])
 array([ 0, 37, 36, 34, 33, 40, 46, 47, 42, 41,  0])
 array([ 0, 32, 29, 13, 20,  8, 12, 25, 24,  0])]
 -- Custo: 
 ---------19.76340381965992
 ---------19.764091950405113
 ---------19.837882267736525
 ---------19.36505818199175
 ---------19.048627177541054
 ---------19.517129989098038
 ---- Total: 117.29619338643239
 -- Premio: 
 ---------45.0
 ---------45.0
 ---------60.0
 ---------48.0
 ---------52.0
 ---------41.0
 ---- Total: 291.0
 - Execucao 6
 -- BestCostGenaration: [-175.7197917999607, -999.6979697292825, -1041.849169295353, -1044.4502954548448, -1096.5595097589223, -1118.90265550943, -1120.6265241280066, -1167.078330272379, -1208.3657479328854, -1230.5301796799072, -1278.309860899641, -1279.2892520128628, -1279.5794654595068, -1284.9489020484923, -1284.9772545440896, -1328.292047799, -1342.292047799, -1347.313741441704, -1347.5125582629303, -1347.553006189443, -1369.1059408136032]
 -- BestCostElement: [-1369.10594081 -1369.10594081 -1369.10594081 -1369.10594081]
 -- BestRoute: [array([ 0, 48, 41, 36, 34, 26, 21, 27,  0])
 array([ 0, 31, 28, 23, 22, 18, 17, 10, 11,  0])
 array([ 0, 59, 61, 66, 74, 73, 65, 64, 60,  0])
 array([ 0, 58, 57, 52, 47, 42, 40, 37,  0])
 array([ 0, 49, 53, 67, 75, 77, 68, 62, 44,  0])
 array([ 0, 35, 29, 13, 20,  8, 12, 25, 24,  0])]
 -- Custo: 
 ---------19.9529007139174
 ---------19.272627355356292
 ---------19.940443425423602
 ---------19.47298401364968
 ---------19.87705430228724
 ---------19.457504985965038
 ---- Total: 117.97351479659926
 -- Premio: 
 ---------39.0
 ---------42.0
 ---------47.0
 ---------40.0
 ---------50.0
 ---------45.0
 ---- Total: 263.0
 - Execucao 7
 -- BestCostGenaration: [-127.42222504660418, -915.4120968215931, -971.085919390462, -973.5395777583935, -1006.1176896339205, -1023.9578734870013, -1027.450295989472, -1033.6581398807295, -1034.2743777721232, -1068.013601577002, -1073.043202619518, -1101.043202619518, -1129.7929658193532, -1151.7929658193532, -1161.6581783780039, -1164.0803834798598, -1180.1361115698608, -1184.3678011403667, -1204.5693704845737, -1211.5693704845737, -1240.9915755864295, -1245.2232651569357, -1249.1675370669345, -1254.6296589227882, -1255.077991072129, -1255.6942289635226]
 -- BestCostElement: [-1255.69422896 -1255.69422896 -1255.69422896 -1255.69422896]
 -- BestRoute: [array([ 0, 41, 52, 47, 40, 33, 34, 36,  0])
 array([ 0, 44, 38, 35, 29, 13, 20,  8,  0])
 array([ 0, 37, 42, 60, 64, 57, 58,  0])
 array([ 0, 62, 67, 75, 77, 68,  0])
 array([ 0, 49, 53, 59, 61, 66, 74, 73, 65, 48,  0])
 array([ 0, 31, 32, 25, 24, 15, 19, 23, 22,  0])]
 -- Custo: 
 ---------19.942237535278423
 ---------19.852088875715435
 ---------19.472984013649683
 ---------19.10654954801926
 ---------18.307135789365265
 ---------19.895446997091284
 ---- Total: 116.57644275911935
 -- Premio: 
 ---------49.0
 ---------39.0
 ---------31.0
 ---------28.0
 ---------56.0
 ---------43.0
 ---- Total: 246.0
 - Execucao 8
 -- BestCostGenaration: [-159.2409745635154, -1007.0354123296033, -1031.3458716162988, -1049.7301428453775, -1053.0529683898556, -1060.086622838186, -1064.4777530698757, -1068.4391415564469, -1097.5852331279593, -1105.1333837204309, -1112.7267662711035, -1125.853284144522, -1130.2852829791957, -1164.2848623027244, -1187.1811497315416, -1189.2291342127237, -1206.2926059115434, -1255.1136848539077, -1255.9368139202709, -1290.0693275541466, -1292.1173120353287, -1298.6022431738659, -1353.344262764882, -1374.187574626679, -1380.672505765216, -1381.6421765571883, -1388.1271076957255, -1403.470253446233, -1406.783961945218, -1424.2913323885978, -1439.2618951370748, -1440.0016293874971]
 -- BestCostElement: [-1440.00162939 -1440.00162939 -1440.00162939 -1440.00162939]
 -- BestRoute: [array([ 0, 41, 36, 34, 33, 40, 42, 47, 52,  0])
 array([ 0, 44, 50, 45, 43, 38, 29,  0])
 array([ 0, 58, 61, 67, 75, 77, 68, 62, 53, 49,  0])
 array([ 0, 23, 22, 11, 10, 17, 18,  0])
 array([ 0, 31, 28, 15, 12,  8, 25, 32,  0])
 array([ 0, 48, 57, 60, 64, 65, 73, 74, 66, 59,  0])]
 -- Custo: 
 ---------19.478708664619077
 ---------19.865964977346998
 ---------19.724231785109204
 ---------19.01048092043558
 ---------19.832324037878347
 ---------19.837882267736525
 ---- Total: 117.74959265312575
 -- Premio: 
 ---------53.0
 ---------36.0
 ---------55.0
 ---------31.0
 ---------45.0
 ---------53.0
 ---- Total: 273.0
 - Execucao 9
 -- BestCostGenaration: [-119.7682173043178, -958.3663152353911, -962.9677720443376, -1012.0385819802915, -1038.9272784661425, -1041.4619264155579, -1077.8455200925782, -1109.6552282447028, -1125.5172943903087, -1129.397247835719, -1131.259313981325, -1145.259313981325, -1150.288915023841, -1170.6581878218335, -1175.6877888643494]
 -- BestCostElement: [-1175.68778886 -1175.68778886 -1175.68778886 -1175.68778886]
 -- BestRoute: [array([ 0, 49, 53, 59, 61, 66, 74, 73, 65,  0])
 array([ 0, 32, 25, 24, 31, 28, 23, 22,  0])
 array([ 0, 62, 68, 77, 75, 67, 58,  0])
 array([ 0, 48, 41, 37, 36, 34, 27, 21,  0])
 array([ 0, 29, 13, 20,  8, 12,  0])
 array([ 0, 44, 50, 54, 45, 39, 43, 38, 35,  0])]
 -- Custo: 
 ---------17.803263984955834
 ---------18.50099827255527
 ---------19.62410389817293
 ---------19.703171902898823
 ---------18.433110905669853
 ---------19.76340381965992
 ---- Total: 113.82805278391263
 -- Premio: 
 ---------52.0
 ---------37.0
 ---------34.0
 ---------38.0
 ---------27.0
 ---------45.0
 ---- Total: 233.0
