 - Execucao 0
 -- BestCostGenaration: [-66.07993820910218, -1274.065407520434, -1321.532350255536, -1356.3701173647582, -1506.000986070767, -1568.5284513473473, -1571.0405224026863, -1592.773244766116, -1609.386246551042, -1634.5058038057432, -1635.2811700754419, -1665.0443652708052, -1683.84370537973, -1687.5222532719263, -1697.2533828410787, -1701.2270920026008, -1704.1233794314178, -1715.9588677067024, -1727.0483779991148, -1736.5890372276529, -1746.8048869007446, -1763.4246487437874, -1784.0599509957544, -1784.477372065922, -1784.79901100964, -1797.6081015882262, -1809.0593771153617, -1836.2912903693423, -1836.70871143951, -1839.014676329676, -1840.8767424752818, -1841.6158024891674]
 -- BestCostElement: [-1841.61580249 -1841.61580249 -1841.61580249 -1841.61580249]
 -- BestRoute: [array([ 0, 31, 29, 35, 38, 43, 45, 39,  1])
 array([ 0, 41, 37, 36, 34, 27, 18, 17, 21, 26, 16,  9,  2])
 array([ 0, 49, 44, 53, 59, 61, 66, 74, 73, 65, 64,  3])
 array([ 0, 32, 20,  8, 12, 25, 24, 15, 19, 23, 22,  4])
 array([ 0, 48, 52, 47, 42, 28,  5])
 array([ 0, 58, 57, 46, 40, 51, 55, 56, 60,  6])
 array([ 0, 50, 54, 63, 70, 69, 76, 68, 62, 67, 75, 77,  7])]
 -- Custo: 
 ---------17.99194174058496
 ---------18.892922226992173
 ---------20.53663105724556
 ---------22.725246264870517
 ---------21.94409065035047
 ---------22.984489716418523
 ---------23.52072772124596
 ---- Total: 148.59604937770817
 -- Premio: 
 ---------46.0
 ---------59.0
 ---------60.0
 ---------56.0
 ---------27.0
 ---------41.0
 ---------59.0
 ---- Total: 348.0
 - Execucao 1
 -- BestCostGenaration: [-82.18084951902907, -1563.1732152012473, -1624.568718945236, -1651.5235302501917, -1712.0024510617911, -1743.359927179669, -1785.4013249022996, -1790.8983273024794, -1798.185744962986, -1810.185744962986, -1810.7339388186142, -1813.4945056392894, -1818.5241066818055, -1822.031684179335, -1837.6699911991682, -1838.2862290905618, -1840.435505842525, -1856.7691071547238, -1891.5160745684211, -1892.7218607749169, -1915.4897837299432, -1921.225697330784, -1948.217953721965, -1953.4229585639291, -1954.1355409034222, -1954.2999293872872, -1954.3789887386356, -1954.5371074413324, -1955.2496897808255]
 -- BestCostElement: [-1955.24968978 -1955.24968978 -1955.24968978 -1955.24968978]
 -- BestRoute: [array([ 0, 35, 29, 30, 39, 38, 43, 45,  1])
 array([ 0, 40, 33, 26, 21, 17,  9, 16,  2])
 array([ 0, 52, 60, 64, 56, 47, 42, 46, 51, 55,  3])
 array([ 0, 48, 41, 37, 36, 34, 27, 18, 10, 11,  4])
 array([ 0, 31, 32, 25, 24, 28, 23, 22, 19, 15, 12,  8, 20,  5])
 array([ 0, 49, 59, 61, 53, 44, 50, 54,  6])
 array([ 0, 58, 57, 65, 73, 74, 77, 75, 67, 62, 68, 76, 69, 63, 70,  7])]
 -- Custo: 
 ---------17.950844619618657
 ---------18.06449510224598
 ---------19.30056307974577
 ---------16.12899020449196
 ---------23.950844619618657
 ---------22.79246660442886
 ---------28.24937332464369
 ---- Total: 146.43757755479356
 -- Premio: 
 ---------45.0
 ---------43.0
 ---------42.0
 ---------43.0
 ---------67.0
 ---------36.0
 ---------87.0
 ---- Total: 363.0
 - Execucao 2
 -- BestCostGenaration: [-93.57935338523072, -1232.5481897036605, -1359.4933384465467, -1537.2661411736476, -1539.1546849936458, -1580.4293342086148, -1581.4889138322512, -1587.2649024615932, -1597.414179213556, -1656.1564058587219, -1662.1037168942228, -1700.3222158285225, -1730.650479265884, -1740.7997560178471, -1743.9213637085534, -1757.578010903896, -1780.2611559918666, -1803.5033416941724, -1856.6070542653551, -1865.1456542913356, -1874.144289989165, -1893.6600298323751, -1930.895500011451, -1947.085809376183, -1947.454541424725, -1957.3222377876418, -1957.6909698361837, -1959.4408980809417, -1960.4254528725305, -1962.9783874966904, -1965.7128705330372, -1967.3434339440516, -1976.865500752195, -1977.6943233033783, -1997.6865796945592]
 -- BestCostElement: [-1997.68657969 -1997.68657969 -1997.68657969 -1997.68657969]
 -- BestRoute: [array([ 0, 67, 62, 68, 76,  1])
 array([ 0, 31, 28, 23, 22, 11, 10, 18, 17, 21, 26, 16,  9,  2])
 array([ 0, 49, 53, 59, 61, 66, 74, 73, 65, 60, 64, 72, 71,  3])
 array([ 0, 38, 35, 29, 13, 20,  8, 12, 25, 24, 15, 19,  4])
 array([ 0, 32, 44, 50, 54, 45, 43, 39, 30, 14,  5])
 array([ 0, 41, 37, 36, 34, 33, 40, 51, 46, 42, 47, 52,  6])
 array([ 0, 48, 57, 58, 69, 63, 70, 77, 75,  7])]
 -- Custo: 
 ---------18.182969113319956
 ---------19.07106781186548
 ---------19.543203766865055
 ---------22.28593211071123
 ---------23.857647105573612
 ---------24.042019056626888
 ---------28.095516111397952
 ---- Total: 155.07835507636017
 -- Premio: 
 ---------18.0
 ---------64.0
 ---------76.0
 ---------64.0
 ---------42.0
 ---------61.0
 ---------49.0
 ---- Total: 374.0
 - Execucao 3
 -- BestCostGenaration: [-1271.0618057630102, -1481.893935161252, -1501.512968838783, -1548.6951166321714, -1588.8868892931841, -1626.9503609920037, -1630.4694682230165, -1718.5437435426763, -1728.7274486320005, -1750.6923805830197, -1758.0395195123417, -1771.8281011911617, -1792.5251963130174, -1795.126322472509, -1795.7727494943392, -1822.11857886369, -1825.3661320450117, -1838.8078299418357, -1846.036373099297, -1850.722664600312, -1852.0952476023426, -1868.446136961669, -1871.6936901429908, -1875.3768352309612, -1892.693690142991, -1901.7494182329917, -1914.7494182329917, -1916.6905437299458, -1921.6348156399451, -1923.4342009396055, -1926.5790875499442, -1930.642559248764, -1939.940780530111, -1944.627072031126, -1945.6712056474128, -1950.357497148428, -1955.301769058427, -1959.0998448867097, -1960.89923018637, -1967.9990918926574, -1967.9990918926576, -1980.9990918926576, -1981.4104933736733, -1981.7381519065432, -1988.820170835022, -2001.820170835022]
 -- BestCostElement: [-2001.82017084 -2001.82017084 -2001.82017084 -2001.82017084]
 -- BestRoute: [array([ 0, 48, 35, 38, 39, 43, 45,  1])
 array([ 0, 32, 15, 19, 23, 22, 11, 10, 18, 17,  2])
 array([ 0, 42, 47, 46, 51, 55, 56, 52, 57, 60, 71,  3])
 array([ 0, 41, 37, 36, 34, 40, 33, 26, 21, 16,  9,  4])
 array([ 0, 31, 28, 24, 25, 12,  8, 20, 13, 29, 30, 14,  5])
 array([ 0, 62, 63, 70, 69, 76, 68, 77, 75,  6])
 array([ 0, 49, 59, 61, 67, 66, 74, 73, 65, 58, 53, 44, 50, 54,  7])]
 -- Custo: 
 ---------17.69638392516655
 ---------19.90611435520976
 ---------20.775638600922253
 ---------22.17008732545826
 ---------20.714776642118867
 ---------23.846979747455133
 ---------28.93497669491373
 ---- Total: 154.04495729124454
 -- Premio: 
 ---------38.0
 ---------46.0
 ---------51.0
 ---------61.0
 ---------57.0
 ---------49.0
 ---------72.0
 ---- Total: 374.0
 - Execucao 4
 -- BestCostGenaration: [-108.22257541881773, -1477.7946031014922, -1675.5251620050217, -1676.5329056138405, -1681.0667038826457, -1682.0744474914645, -1719.7791492351912, -1722.0155776466497, -1727.716418540279, -1729.9528469517377, -1730.608108773322, -1732.8810092305441, -1735.3517207922462, -1756.9528469517375, -1762.7777774277374, -1772.8335055177383, -1777.6919723745943, -1790.7777774277374, -1808.4718125375716, -1822.6285006757746, -1823.4690815802587, -1834.060099492202, -1840.978244354716, -1849.4032452427095, -1856.3213901052236, -1864.6722794645502, -1877.1424690475883, -1896.4957138784926, -1903.2227855285996]
 -- BestCostElement: [-1903.22278553 -1903.22278553 -1903.22278553 -1903.22278553]
 -- BestRoute: [array([ 0, 49, 59, 53, 44, 50, 54,  1])
 array([ 0, 37, 36, 34, 22, 21, 16,  9, 17,  2])
 array([ 0, 58, 57, 52, 47, 42, 40, 46, 51, 55,  3])
 array([ 0, 38, 35, 29, 13, 20,  8, 12, 25, 24, 15, 19,  4])
 array([ 0, 28, 31, 32, 43, 45, 39, 30, 14,  5])
 array([ 0, 56, 60, 64, 71, 72, 73, 65, 66, 74,  6])
 array([ 0, 41, 48, 61, 62, 67, 75, 77, 68, 76, 69, 63, 70,  7])]
 -- Custo: 
 ---------15.14218233270955
 ---------19.83232403787835
 ---------19.073950245236315
 ---------22.28593211071123
 ---------23.36574631273695
 ---------23.215683437474116
 ---------26.02848514110363
 ---- Total: 148.94430361785015
 -- Premio: 
 ---------33.0
 ---------52.0
 ---------46.0
 ---------64.0
 ---------42.0
 ---------54.0
 ---------66.0
 ---- Total: 357.0
 - Execucao 5
 -- BestCostGenaration: [-1324.3880321597217, -1345.3669385736996, -1511.1187564318645, -1532.1870121623726, -1550.3399368143837, -1562.188456012914, -1580.1327279229133, -1583.010674288689, -1608.5590319353103, -1614.2186819709402, -1639.2634014388198, -1640.6359844408503, -1659.255657830001, -1664.968240169494, -1667.3113859200018, -1687.7288069901692, -1691.7025161516913, -1709.9312009543312, -1714.8754728643303, -1731.9324610343704, -1756.2822992953863, -1762.4534767442033, -1777.7966224947108, -1783.2745556865677, -1790.482913995726, -1796.482913995726, -1804.934556349105, -1826.594557011642, -1831.4347224603944, -1845.886364813773, -1847.300639559489, -1856.8306367237724, -1856.9873248619754, -1858.359907864006, -1860.30103336096, -1868.9299591533309, -1877.2731049038384, -1879.2142304007925, -1883.8278121064495]
 -- BestCostElement: [-1883.82781211 -1883.82781211 -1883.82781211 -1883.82781211]
 -- BestRoute: [array([ 0, 67, 75, 77, 62,  1])
 array([ 0, 37, 36, 34, 23, 22, 18, 10, 17, 21, 16,  9,  2])
 array([ 0, 49, 53, 59, 61, 66, 74, 73, 65, 64, 72, 71,  3])
 array([ 0, 13, 20,  8, 12, 25, 24, 15, 19, 11,  4])
 array([ 0, 44, 50, 54, 45, 43, 38, 35, 29, 14,  5])
 array([ 0, 41, 48, 52, 47, 42, 46, 51, 55, 56, 60, 57, 58,  6])
 array([ 0, 28, 31, 32, 30, 39, 63, 70, 69,  7])]
 -- Custo: 
 ---------18.80983669457533
 ---------19.890199721526237
 ---------18.307135789365265
 ---------21.021912431484132
 ---------20.547100679997214
 ---------24.66630939248272
 ---------27.050552263956636
 ---- Total: 150.29304697338753
 -- Premio: 
 ---------24.0
 ---------61.0
 ---------67.0
 ---------49.0
 ---------51.0
 ---------60.0
 ---------43.0
 ---- Total: 355.0
 - Execucao 6
 -- BestCostGenaration: [-1455.0041682707893, -1479.048635043859, -1529.8953210410107, -1532.8994941922645, -1551.0909693033775, -1555.0371779480922, -1593.6416574813281, -1601.1192526764653, -1606.5811905503745, -1624.7978005686616, -1653.3384597971997, -1671.8046562014233, -1674.7489281114224, -1676.4909477024387, -1702.6698687600742, -1722.5054370130524, -1728.0624295562575, -1762.641136813561, -1763.022793246373, -1764.3340641468913, -1783.845011522148, -1796.427590451981, -1799.4833185419816, -1801.8264642924892, -1808.7970270409664, -1811.1029919311322, -1811.9086421642114, -1814.2146070543772, -1832.9086421642114, -1835.2146070543772, -1843.085371130649, -1845.4285168811566, -1863.6338359497781, -1871.9769817002853, -1877.6338359497777, -1880.768623391127, -1883.111769141635, -1886.0158001792706, -1906.690805003252, -1906.8253687611268, -1910.9678998112947, -1921.0313715101145, -1922.4111309515645, -1924.754276702072, -1943.3667736518034, -1961.0236279012959, -1963.3667736518034]
 -- BestCostElement: [-1963.36677365 -1963.36677365 -1963.36677365 -1963.36677365]
 -- BestRoute: [array([ 0, 32, 12,  8, 20, 13, 29,  1])
 array([ 0, 31, 28, 24, 25, 15, 19, 23, 22, 18,  2])
 array([ 0, 52, 60, 56, 47, 42, 40, 46, 51, 55,  3])
 array([ 0, 48, 41, 37, 36, 34, 33, 26, 21, 16,  9, 17, 10, 11,  4])
 array([ 0, 67, 75, 62, 50, 30, 14,  5])
 array([ 0, 49, 53, 58, 57, 64, 65, 73, 74, 66, 61, 59,  6])
 array([ 0, 44, 35, 38, 43, 39, 45, 54, 63, 70, 69, 76, 68, 77,  7])]
 -- Custo: 
 ---------17.142870463454745
 ---------19.72134935173836
 ---------20.53663105724556
 ---------22.37163089161125
 ---------23.904943456010393
 ---------24.46284073991415
 ---------28.518040627074704
 ---- Total: 156.65830658704917
 -- Premio: 
 ---------30.0
 ---------49.0
 ---------47.0
 ---------72.0
 ---------29.0
 ---------67.0
 ---------76.0
 ---- Total: 370.0
 - Execucao 7
 -- BestCostGenaration: [-1255.4036044523612, -1301.5234836911218, -1307.5539299091813, -1381.8659404968275, -1442.3760468338633, -1480.917911023575, -1485.1076769123388, -1506.1690257239152, -1530.5531586776642, -1568.0607361751936, -1579.2021441499082, -1621.3707934570757, -1629.7216828164019, -1643.7139392075833, -1662.2917341057273, -1663.2772447951133, -1676.8253953875849, -1690.8253953875849, -1697.2485336562336, -1698.2340443456196, -1709.3599898362354, -1723.3599898362354, -1724.3455005256214, -1731.4445542335452, -1742.1308457345604, -1758.481735093887, -1760.7876999840528, -1772.4445542335452, -1774.0751176445597]
 -- BestCostElement: [-1774.07511764 -1774.07511764 -1774.07511764 -1774.07511764]
 -- BestRoute: [array([ 0, 12,  8, 20, 13, 29, 43,  1]) array([ 0, 49, 53, 48, 40,  2])
 array([ 0, 59, 61, 66, 74, 73, 65, 64, 60, 56,  3])
 array([ 0, 19, 15, 24, 25, 32, 31, 28, 23, 22, 18,  4])
 array([ 0, 41, 36, 34, 33, 26, 21, 17,  5])
 array([ 0, 58, 57, 52, 47, 42, 46, 51, 55, 71, 72,  6])
 array([ 0, 44, 35, 38, 39, 45, 54, 63, 69, 76, 68, 62, 67, 75, 77,  7])]
 -- Custo: 
 ---------18.153092293854666
 ---------19.241314502923267
 ---------18.55708402582784
 ---------22.804111882036583
 ---------23.83719413699133
 ---------21.942237535278423
 ---------28.69618621194801
 ---- Total: 153.2312205888601
 -- Premio: 
 ---------33.0
 ---------31.0
 ---------50.0
 ---------52.0
 ---------45.0
 ---------48.0
 ---------82.0
 ---- Total: 341.0
 - Execucao 8
 -- BestCostGenaration: [-43.80622267962495, -1412.7213610696176, -1432.3576064323317, -1506.7222681730104, -1551.7485590114884, -1571.966067490357, -1627.3822071680627, -1666.7056488386438, -1676.8549255906069, -1707.4074275572966, -1729.701814603073, -1781.8626691994257, -1785.8091697261625, -1818.257234928872, -1820.6003806793797, -1822.4189665807232, -1824.1717897925796, -1830.0274608632983, -1832.3706066138059, -1834.8718710670103, -1845.3284779307826, -1846.6905463966848, -1848.937347699093, -1850.7175393198577, -1853.7817579028049, -1869.1249036533125, -1872.523777493821, -1885.8111951543278, -1889.8374859928058, -1903.1249036533125]
 -- BestCostElement: [-1903.12490365 -1903.12490365 -1903.12490365 -1903.12490365]
 -- BestRoute: [array([ 0, 48, 52, 57, 58, 53,  1])
 array([ 0, 31, 19, 23, 22, 18, 17, 11, 10,  2])
 array([ 0, 49, 59, 61, 66, 74, 73, 65, 60, 64, 72, 71,  3])
 array([ 0, 28, 21,  9, 16, 26, 27,  4])
 array([ 0, 32, 29, 13, 20,  8, 12, 25, 24, 15,  5])
 array([ 0, 41, 37, 36, 34, 33, 40, 42, 47, 46, 51, 55, 56,  6])
 array([ 0, 35, 38, 43, 39, 45, 50, 54, 63, 69, 76, 68, 62, 67, 75,  7])]
 -- Custo: 
 ---------18.34919025728682
 ---------18.34987838803202
 ---------18.714776642118867
 ---------21.458193116710234
 ---------22.736940983303263
 ---------24.06449510224598
 ---------28.795299596974683
 ---- Total: 152.46877408667186
 -- Premio: 
 ---------31.0
 ---------39.0
 ---------67.0
 ---------30.0
 ---------50.0
 ---------61.0
 ---------81.0
 ---- Total: 359.0
 - Execucao 9
 -- BestCostGenaration: [-9.178035013956702, -1246.7046985397446, -1345.3711070040627, -1400.5046932394403, -1405.2711834252145, -1446.229371208248, -1460.982626431297, -1493.4372283618063, -1545.71768479068, -1582.0906613766192, -1624.7303259610062, -1660.1034268851286, -1672.1660256119185, -1706.2784765534775, -1741.0461492112677, -1749.957563939965, -1760.2294491920984, -1768.3938376759638, -1789.106420015457, -1809.6967425541084, -1824.9843838980896, -1829.8759324859543, -1835.413382812647, -1846.2573122479826, -1848.964886872313, -1858.969894587476, -1868.3998432981507, -1868.455347704677, -1879.1083677185986, -1879.8886213211356, -1892.1006241097798, -1909.3017607887832, -1910.637162930472, -1916.2940171799642, -1920.0671116411468, -1927.0593680323277, -1940.81256672992, -1957.1262752289044, -1977.1262752289044, -1978.0177786260333, -1984.1185316200858, -1985.0100350172147, -1986.0327265669423, -1986.4616773705934, -1987.368128708631, -1993.0249829581235, -1993.9164863552523]
 -- BestCostElement: [-1993.91648636 -1993.91648636 -1993.91648636 -1993.91648636]
 -- BestRoute: [array([ 0, 44, 38, 35, 29, 30, 39, 43, 45,  1])
 array([ 0, 31, 32, 25, 24, 15, 19, 23, 22,  2])
 array([ 0, 64, 60, 56, 52, 47, 42, 46, 51, 55,  3])
 array([ 0, 34, 40, 33, 26, 21, 16,  9, 17, 18, 10, 11,  4])
 array([ 0, 41, 36, 37, 28, 12,  8, 13, 20, 14,  5])
 array([ 0, 49, 53, 59, 61, 66, 74, 73, 65, 57, 48, 58,  6])
 array([ 0, 50, 54, 68, 62, 67, 75, 77, 76, 69, 63, 70,  7])]
 -- Custo: 
 ---------18.883627011906743
 ---------19.163514615838764
 ---------19.518238340293248
 ---------22.69230059649977
 ---------21.49847350245616
 ---------22.310018222736105
 ---------24.954706121456145
 ---- Total: 149.02087841118694
 -- Premio: 
 ---------49.0
 ---------43.0
 ---------42.0
 ---------61.0
 ---------49.0
 ---------67.0
 ---------59.0
 ---- Total: 370.0
