 - Execucao 0
 -- BestCostGenaration: [-977.210732608866, -1025.6906818152754, -1042.651908527026, -1081.9733606348295, -1082.7231238346644, -1132.0573381787356, -1137.0016100887347, -1175.4004839292431, -1221.199824038168, -1221.912406377661, -1226.144095948167, -1235.4605569701325, -1240.0133664258633, -1262.6374279037693, -1275.924845564276, -1286.8691174742753, -1314.8163941521407, -1317.1223590423065, -1325.6671174001776, -1328.9953152097762, -1331.301280099942, -1359.159539902648, -1373.1223590423065, -1386.159539902648, -1394.0780017425454, -1405.9364685994012]
 -- BestCostElement: [-1405.9364686 -1405.9364686 -1405.9364686 -1405.9364686]
 -- BestRoute: [array([ 0, 44, 50, 45, 39, 43, 38, 35,  0])
 array([ 0, 41, 36, 34, 33, 40, 42, 47,  0])
 array([ 0, 37, 52, 56, 60, 64, 57,  0])
 array([ 0, 62, 68, 75, 67, 61, 59, 53, 49,  0])
 array([ 0, 32, 29, 20,  8, 12, 25,  0])
 array([ 0, 31, 28, 22, 17, 10, 11,  0])
 array([ 0, 48, 65, 73, 74, 66, 58,  0])]
 -- Custo: 
 ---------18.34919025728683
 ---------18.449659909380483
 ---------18.34987838803202
 ---------17.959942099337262
 ---------18.80327528263976
 ---------18.91633618560968
 ---------17.18760072786364
 ---- Total: 128.01588285014967
 -- Premio: 
 ---------41.0
 ---------46.0
 ---------31.0
 ---------47.0
 ---------36.0
 ---------36.0
 ---------37.0
 ---- Total: 274.0
 - Execucao 1
 -- BestCostGenaration: [-1085.4611953282754, -1106.309426181569, -1113.4482602072421, -1150.6242216877472, -1163.1725793343683, -1164.8199266865336, -1183.7489100486998, -1209.532058399543, -1210.146512179365, -1220.2183499005582, -1222.1271949198951, -1229.2533926553963, -1243.2533926553963, -1251.757616685731, -1273.567101154381, -1294.3881800967454, -1314.675597757252]
 -- BestCostElement: [-1314.67559776 -1314.67559776 -1314.67559776 -1314.67559776]
 -- BestRoute: [array([ 0, 42, 47, 46, 51, 55, 56, 52,  0])
 array([ 0, 65, 73, 74, 66, 61, 59, 53, 49,  0])
 array([ 0, 31, 29, 13, 20,  8, 25,  0])
 array([ 0, 28, 23, 22, 18, 17, 10, 11,  0])
 array([ 0, 44, 50, 54, 45, 43, 38, 35,  0])
 array([ 0, 37, 36, 34, 33, 26, 21,  0])
 array([ 0, 41, 57, 60, 64, 58, 48,  0])]
 -- Custo: 
 ---------17.927446638338978
 ---------17.803263984955837
 ---------18.720252298227077
 ---------18.981519418600854
 ---------17.76340381965992
 ---------18.800954460821224
 ---------18.084259940083065
 ---- Total: 128.08110056068696
 -- Premio: 
 ---------29.0
 ---------52.0
 ---------34.0
 ---------37.0
 ---------40.0
 ---------34.0
 ---------35.0
 ---- Total: 261.0
 - Execucao 2
 -- BestCostGenaration: [-1040.6472900717274, -1098.8118705350396, -1101.0068834691149, -1131.1354749051868, -1153.378966003557, -1166.378966003557, -1168.386502558226, -1186.0727940592415, -1188.6555791556916, -1202.6555791556916, -1203.5464083162838, -1211.4736985209256, -1234.5294266109263, -1254.8168442714332, -1257.4551512912665]
 -- BestCostElement: [-1257.45515129 -1257.45515129 -1257.45515129 -1257.45515129]
 -- BestRoute: [array([ 0, 48, 58, 57, 60, 56, 52, 47, 42,  0])
 array([ 0, 41, 33, 26, 21,  0]) array([ 0, 37, 36, 34, 40,  0])
 array([ 0, 38, 35, 29, 13, 20,  8,  0])
 array([ 0, 49, 53, 59, 61, 66, 74, 73, 65,  0])
 array([ 0, 23, 11, 10, 17, 18, 22,  0])
 array([ 0, 32, 25, 12, 15, 19, 28, 31,  0])]
 -- Custo: 
 ---------18.820368865331147
 ---------18.69659919327933
 ---------15.404918347287666
 ---------18.960403604393647
 ---------17.803263984955834
 ---------18.280611804225785
 ---------18.670046377709973
 ---- Total: 126.63621217718338
 -- Premio: 
 ---------44.0
 ---------23.0
 ---------27.0
 ---------35.0
 ---------52.0
 ---------31.0
 ---------40.0
 ---- Total: 252.0
 - Execucao 3
 -- BestCostGenaration: [-187.53318917287947, -938.7266860058113, -1075.4727217164016, -1086.3778372524707, -1109.7675232757858, -1128.2144274569519, -1163.1145657506645, -1170.8358254618076, -1207.995509777399, -1222.6820618333293, -1255.2194088049605, -1281.2039215873226, -1302.0728845759784, -1315.0728845759784, -1322.8939635183426, -1343.4765424481752, -1374.7567175668703, -1384.4058282075437, -1385.7040494888909, -1404.5242823342257, -1405.8225036155727, -1420.5800104242264, -1423.8510494907375, -1449.2499233312458, -1449.5228516811387, -1451.7497572199563]
 -- BestCostElement: [-1451.74975722 -1451.74975722 -1451.74975722 -1451.74975722]
 -- BestRoute: [array([ 0, 49, 53, 62, 68, 77, 75, 67, 61, 59,  0])
 array([ 0, 32, 25, 12, 15, 19,  0]) array([ 0, 58, 65, 73, 74, 66,  0])
 array([ 0, 48, 57, 64, 60, 56, 52, 47, 42,  0])
 array([ 0, 31, 28, 23, 22, 18, 17, 21,  0])
 array([ 0, 41, 46, 40, 33, 34, 36, 37,  0])
 array([ 0, 44, 50, 45, 39, 43, 38, 35,  0])]
 -- Custo: 
 ---------18.48816380760941
 ---------18.338595345635095
 ---------16.35917360311745
 ---------18.64222328045784
 ---------18.467103925399037
 ---------18.418110475505255
 ---------18.34919025728683
 ---- Total: 127.06256069501092
 -- Premio: 
 ---------53.0
 ---------29.0
 ---------33.0
 ---------42.0
 ---------40.0
 ---------42.0
 ---------41.0
 ---- Total: 280.0
 - Execucao 4
 -- BestCostGenaration: [-1061.453397917371, -1096.823625359231, -1109.9321219621022, -1112.5704289819355, -1152.9018164677354, -1163.446490352162, -1171.7011565766602, -1190.3164869425013, -1190.733908012669, -1193.7200996239624, -1227.1671649998025, -1227.4623262691282, -1247.988243942167, -1254.6234045489552, -1254.8288032809833, -1273.3392991453554, -1293.1977660022112, -1314.1977660022112, -1331.4329823192475, -1334.746690818232, -1335.3025850195224, -1336.8959675701951, -1354.999680141378, -1355.205078873406, -1374.947098464422, -1375.0434429125214, -1375.644732863006, -1376.178394144864, -1379.2896441582477]
 -- BestCostElement: [-1379.28964416 -1379.28964416 -1379.28964416 -1379.28964416]
 -- BestRoute: [array([ 0, 58, 65, 60, 57, 52, 47, 42,  0])
 array([ 0, 31, 25, 24, 15, 19, 23, 22,  0])
 array([ 0, 44, 50, 45, 43, 39, 38, 35,  0])
 array([ 0, 48, 41, 40, 33, 34, 36, 37,  0])
 array([ 0, 67, 75, 77, 68, 62,  0])
 array([ 0, 49, 53, 59, 61, 66, 74, 73,  0])
 array([ 0, 32, 29, 13, 20,  8, 12,  0])]
 -- Custo: 
 ---------18.93690178132931
 ---------18.723874121837472
 ---------18.34919025728683
 ---------18.640986324787455
 ---------18.22000231742804
 ---------17.75881855389959
 ---------18.797815603869374
 ---- Total: 129.42758896043807
 -- Premio: 
 ---------44.0
 ---------40.0
 ---------41.0
 ---------43.0
 ---------28.0
 ---------45.0
 ---------30.0
 ---- Total: 271.0
 - Execucao 5
 -- BestCostGenaration: [-169.26454095249795, -1026.9631633957886, -1028.904288892743, -1118.3924791223453, -1120.493186925662, -1159.3924791223453, -1178.2038075950486, -1213.4912252555553, -1216.419387534362, -1240.4912252555553, -1254.4912252555553, -1255.498968864374, -1256.8343710060628, -1261.9839000029115, -1263.7444668235867, -1277.7444668235867, -1298.0125473071585, -1313.355693057666, -1315.6988388081736, -1317.6119738662344, -1318.029394936402, -1338.1296504441602, -1338.5470715143279, -1339.641330460159, -1341.092972813538, -1364.7715207057345, -1371.5135402967503]
 -- BestCostElement: [-1371.5135403 -1371.5135403 -1371.5135403 -1371.5135403]
 -- BestRoute: [array([ 0, 48, 47, 46, 40, 42, 36, 37, 41,  0])
 array([ 0, 44, 50, 45, 43, 39, 38, 35,  0])
 array([ 0, 58, 57, 52, 56, 60, 64,  0])
 array([ 0, 31, 24, 12,  8, 20, 29,  0]) array([ 0, 17, 21, 26, 34,  0])
 array([ 0, 65, 73, 74, 66, 61, 59, 53, 49,  0])
 array([ 0, 28, 23, 22, 19, 15, 25, 32,  0])]
 -- Custo: 
 ---------18.536631057245557
 ---------18.34919025728683
 ---------18.576848863664924
 ---------18.881832902051926
 ---------18.85226873253354
 ---------17.803263984955837
 ---------18.62157912807382
 ---- Total: 129.62161492581242
 -- Premio: 
 ---------45.0
 ---------41.0
 ---------34.0
 ---------33.0
 ---------24.0
 ---------52.0
 ---------41.0
 ---- Total: 270.0
 - Execucao 6
 -- BestCostGenaration: [-185.30559308107223, -983.8807253601104, -1024.2707893832887, -1037.4530497285825, -1050.037019608249, -1050.1483231223979, -1073.1826518807263, -1097.889227010138, -1130.2211042525123, -1130.3324077666612, -1149.6170185158903, -1154.0883474323387, -1178.5360936414932, -1178.6485364890527, -1206.1518191311584, -1226.7871213831259, -1249.4949648816662, -1262.9495668121754, -1276.83998867609, -1294.526280177105, -1303.83998867609, -1322.6393287850146, -1329.5866054628798, -1332.482892891697, -1335.8885124340004, -1350.1691843927124, -1354.5825475438346, -1372.0158064585476, -1387.7763732792228, -1390.1195190297303, -1403.1117754209115, -1404.759526703901, -1417.7162541600655, -1451.388028457796, -1472.388028457796]
 -- BestCostElement: [-1472.38802846 -1472.38802846 -1472.38802846 -1472.38802846]
 -- BestRoute: [array([ 0, 62, 77, 75, 67, 61, 59, 53, 49,  0])
 array([ 0, 44, 50, 45, 43, 39, 38, 35,  0])
 array([ 0, 29, 13, 20,  8, 12, 25,  0])
 array([ 0, 22, 18, 17, 21, 27, 34, 36, 41,  0])
 array([ 0, 48, 42, 47, 46, 51, 55, 56, 52,  0])
 array([ 0, 31, 28, 23, 19, 15, 24, 32,  0])
 array([ 0, 58, 74, 73, 65, 60, 57,  0])]
 -- Custo: 
 ---------18.723874121837472
 ---------18.34919025728683
 ---------18.43857058444024
 ---------18.902019706710778
 ---------18.81913190966076
 ---------16.734541479955947
 ---------18.935664825658925
 ---- Total: 128.90299288555096
 -- Premio: 
 ---------49.0
 ---------41.0
 ---------35.0
 ---------50.0
 ---------33.0
 ---------32.0
 ---------44.0
 ---- Total: 284.0
 - Execucao 7
 -- BestCostGenaration: [-166.2466126076782, -1015.066367022642, -1123.9239638682811, -1152.8323478020625, -1160.2748532276078, -1185.0434523378506, -1218.1649446511478, -1226.1001135946442, -1233.1430768415764, -1260.1430768415764, -1261.7209169304563, -1275.7209169304563, -1294.8323731104579, -1301.8246295016388, -1314.0081756477193, -1339.8964672228326, -1362.292194650296, -1364.6353404008037, -1384.1765216080057, -1394.8628131090209]
 -- BestCostElement: [-1394.86281311 -1394.86281311 -1394.86281311 -1394.86281311]
 -- BestRoute: [array([ 0, 31, 28, 23, 22, 18, 10, 11,  0])
 array([ 0, 34, 26, 21, 17,  0])
 array([ 0, 44, 50, 45, 39, 43, 38, 35,  0])
 array([ 0, 58, 65, 73, 64, 60,  0])
 array([ 0, 32, 29, 13, 20,  8, 12, 25,  0])
 array([ 0, 49, 53, 59, 61, 66, 74, 75, 67, 62,  0])
 array([ 0, 41, 48, 57, 52, 47, 42, 36, 37,  0])]
 -- Custo: 
 ---------17.858413792983193
 ---------18.85226873253354
 ---------18.34919025728683
 ---------16.99836581805009
 ---------18.80327528263976
 ---------18.72387412183747
 ---------17.69890871741394
 ---- Total: 127.28429672274483
 -- Premio: 
 ---------35.0
 ---------24.0
 ---------41.0
 ---------35.0
 ---------38.0
 ---------54.0
 ---------45.0
 ---- Total: 272.0
 - Execucao 8
 -- BestCostGenaration: [-230.8177973522101, -1018.3135830699563, -1058.5835143035, -1063.667532441304, -1083.0056742146203, -1141.3488199651279, -1158.753552418906, -1179.4286896721735, -1182.8542049780674, -1227.3013956476266, -1228.3091392564454, -1257.2146378781952, -1281.0768111963089, -1281.1886180032182, -1299.9879581121427, -1308.8990294720838, -1310.9519617759474, -1331.6645441154405, -1333.2579266661132, -1342.7494168893231, -1363.571635165098, -1363.6243584872327, -1380.4825730992031, -1382.945226127572, -1389.8925028054373, -1392.7887902342545, -1410.8925028054373]
 -- BestCostElement: [-1410.89250281 -1410.89250281 -1410.89250281 -1410.89250281]
 -- BestRoute: [array([ 0, 58, 57, 64, 60, 52, 47, 42,  0])
 array([ 0, 59, 61, 66, 74, 73, 65,  0])
 array([ 0, 49, 53, 67, 75, 77, 68, 62,  0])
 array([ 0, 35, 38, 43, 39, 45, 50, 44,  0])
 array([ 0, 32, 12,  8, 20, 13, 29,  0])
 array([ 0, 41, 37, 36, 34, 33, 40, 48,  0])
 array([ 0, 31, 25, 24, 15, 19, 23, 22,  0])]
 -- Custo: 
 ---------18.872406679083333
 ---------16.861874508327514
 ---------18.545728536964166
 ---------18.349190257286825
 ---------18.545994700887594
 ---------18.627805494253792
 ---------18.723874121837472
 ---- Total: 128.52687429864068
 -- Premio: 
 ---------41.0
 ---------34.0
 ---------46.0
 ---------41.0
 ---------30.0
 ---------43.0
 ---------40.0
 ---- Total: 275.0
 - Execucao 9
 -- BestCostGenaration: [-247.94310707776305, -945.0056868664051, -1012.4463454640222, -1075.033844097557, -1121.905155062969, -1153.5888942584609, -1166.697390861332, -1195.891998784398, -1206.6420142291186, -1230.4190733077044, -1238.5757614459071, -1248.6398003141264, -1269.845112645131, -1281.8140829657002, -1286.0457725362062, -1301.3517374263722, -1301.3889182867138, -1321.3517374263722, -1322.0643197658653, -1322.101500626207, -1329.0115964437307, -1347.7211740153577, -1347.7583548756995, -1352.4074655163731, -1364.0643197658653, -1371.0115964437307, -1373.907883872548]
 -- BestCostElement: [-1373.90788387 -1373.90788387 -1373.90788387 -1373.90788387]
 -- BestRoute: [array([ 0, 65, 73, 74, 66, 61, 59, 53, 49,  0])
 array([ 0, 12,  8, 20, 13, 29,  0])
 array([ 0, 58, 57, 60, 64, 56, 52,  0])
 array([ 0, 35, 38, 39, 45, 43, 44,  0])
 array([ 0, 22, 23, 19, 15, 24, 25, 32,  0])
 array([ 0, 48, 47, 42, 40, 33, 34, 36, 41,  0])
 array([ 0, 31, 28, 11, 10, 18, 17,  0])]
 -- Custo: 
 ---------17.803263984955837
 ---------18.433110905669853
 ---------17.18760072786364
 ---------17.62511840008253
 ---------18.50099827255527
 ---------18.89292222699217
 ---------18.830014513743738
 ---- Total: 127.27302903186303
 -- Premio: 
 ---------52.0
 ---------27.0
 ---------34.0
 ---------38.0
 ---------38.0
 ---------50.0
 ---------30.0
 ---- Total: 269.0
