 - Execucao 0
 -- BestCostGenaration: [-1396.6056859013734, -1397.6134295101922, -1479.324208390031, -1489.473485141994, -1500.5849413219958, -1506.7696701019331, -1557.682149288832, -1559.4791060283815, -1568.5837517663572, -1582.2963341058505, -1597.8570417942412, -1615.1059731983419, -1618.6298768595589, -1629.2620966078325, -1632.136151117217, -1657.2807322913839]
 -- BestCostElement: [-1657.28073229 -1657.28073229 -1657.28073229 -1657.28073229]
 -- BestRoute: [array([ 0, 31, 28, 23, 22, 11, 15,  0]) array([ 0, 44, 54, 63, 69,  0])
 array([ 0, 42, 47, 46, 51, 55, 56, 52, 57,  0])
 array([ 0, 49, 53, 59, 61, 66, 74, 73, 65, 64, 60,  0])
 array([ 0, 58, 62, 67, 75, 77, 68,  0])
 array([ 0, 48, 41, 37, 36, 34, 27, 21, 16,  9, 17,  0])
 array([ 0, 50, 45, 43, 39, 38, 35, 29, 13, 20,  8, 12, 25, 24,  0])]
 -- Custo: 
 ---------18.82842712474619
 ---------18.903391849743826
 ---------19.34166020071207
 ---------20.881832902051922
 ---------21.52180890440928
 ---------24.35345344277171
 ---------28.849242502719044
 ---- Total: 152.67981692715404
 -- Premio: 
 ---------38.0
 ---------22.0
 ---------34.0
 ---------65.0
 ---------34.0
 ---------56.0
 ---------75.0
 ---- Total: 324.0
 - Execucao 1
 -- BestCostGenaration: [-1508.739124958683, -1512.915310122663, -1546.1907442671406, -1550.3669294311205, -1566.8260465191076, -1586.7655795881542, -1626.3669294311205, -1634.8525630934334, -1654.243512780011, -1660.5289235796756, -1666.185777829168, -1687.5211799708568, -1693.178034220349, -1706.8906165598423, -1708.5211799708568, -1711.6559674122059, -1722.4731523513121, -1725.6079397926612, -1726.2414627808062, -1729.3762502221552]
 -- BestCostElement: [-1729.37625022 -1729.37625022 -1729.37625022 -1729.37625022]
 -- BestRoute: [array([ 0, 37, 36, 34, 33, 26, 21,  0])
 array([ 0, 41, 42, 40, 46, 47, 52, 57,  0])
 array([ 0, 44, 45, 43, 38, 35, 29,  0])
 array([ 0, 58, 60, 65, 73, 74, 75, 61, 59, 53, 49,  0])
 array([ 0, 50, 54, 63, 70, 69, 76, 68, 62,  0])
 array([ 0, 39, 30, 13, 20,  8, 12, 25, 24,  0])
 array([ 0, 27, 16,  9, 17, 18, 10, 11, 22, 23, 19, 15, 28, 31,  0])]
 -- Custo: 
 ---------18.800954460821224
 ---------18.53663105724556
 ---------20.044110562220304
 ---------22.8220143430316
 ---------22.52325249134507
 ---------24.056436842830934
 ---------28.872537686966492
 ---- Total: 155.6559374444612
 -- Premio: 
 ---------34.0
 ---------41.0
 ---------40.0
 ---------72.0
 ---------42.0
 ---------40.0
 ---------67.0
 ---- Total: 336.0
 - Execucao 2
 -- BestCostGenaration: [-174.98137622493047, -1420.3653582861537, -1424.1384249946746, -1467.7174503964793, -1501.8356974690116, -1510.6297386985927, -1535.7516221062563, -1581.3876914507641, -1593.2303223906538, -1611.80989655262, -1652.8130352912292, -1655.6587241857987, -1678.4698895407216, -1684.6292869342758, -1715.7407431142776, -1719.1288133339456, -1750.3183742214285, -1755.3889402327786, -1764.884529366529, -1778.0720853207488, -1788.601895737711, -1803.4113802063607, -1807.4376710448387, -1810.3156174106148, -1813.4504048519639, -1813.8678259221315, -1818.1416441756605, -1825.5246801716237, -1830.2159194953203, -1835.5033371558272]
 -- BestCostElement: [-1835.50333716 -1835.50333716 -1835.50333716 -1835.50333716]
 -- BestRoute: [array([ 0, 58, 57, 64, 60, 56, 52,  0])
 array([ 0, 29, 13, 20,  8, 12, 25, 24,  0])
 array([ 0, 65, 73, 66, 74, 75, 67, 61, 59,  0])
 array([ 0, 48, 42, 47, 46, 51, 40, 33, 34, 36, 37, 41,  0])
 array([ 0, 44, 54, 63, 70, 69, 76, 68, 62, 53, 49,  0])
 array([ 0, 50, 45, 43, 39, 38, 35, 32, 31, 28,  0])
 array([ 0, 23, 22, 27, 21, 16,  9, 17, 18, 10, 11, 15, 19,  0])]
 -- Custo: 
 ---------17.187600727863643
 ---------19.15242529089852
 ---------20.097942485827307
 ---------22.81913190966076
 ---------22.547100679997218
 ---------23.63726063724413
 ---------28.18270397955159
 ---- Total: 153.62416571104316
 -- Premio: 
 ---------34.0
 ---------38.0
 ---------45.0
 ---------58.0
 ---------61.0
 ---------51.0
 ---------63.0
 ---- Total: 350.0
 - Execucao 3
 -- BestCostGenaration: [-163.30591466438938, -1383.924980565665, -1434.3477498401062, -1461.4458240331574, -1500.1846972111284, -1503.062643576904, -1548.4250586143717, -1554.7944952033572, -1571.5706908868488, -1586.945708941476, -1605.0438852377529, -1619.0936003196807, -1628.2785343853893, -1634.6479709743749, -1646.7368975378201, -1647.6479709743749, -1648.4291596712837, -1650.525917340151, -1659.4893036492088, -1672.4561786550435, -1674.5450317392097, -1688.5119067450441, -1691.6910146385944, -1694.799324405551, -1695.2167454757187, -1696.8881774897172, -1697.3055985598849, -1700.067285383267, -1700.4847064534347, -1700.8589270741086]
 -- BestCostElement: [-1700.85892707 -1700.85892707 -1700.85892707 -1700.85892707]
 -- BestRoute: [array([ 0, 41, 58, 61, 59, 53, 44, 49,  0])
 array([ 0, 48, 66, 74, 75, 68, 62,  0])
 array([ 0, 42, 40, 46, 47, 56, 52, 57,  0])
 array([ 0, 35, 38, 43, 45, 63, 69,  0])
 array([ 0, 65, 73, 72, 71, 64, 60,  0])
 array([ 0, 37, 36, 34, 27, 21, 16,  9, 17, 18, 10, 11, 22,  0])
 array([ 0, 32, 29, 30, 13, 20,  8, 12, 25, 24, 15, 19, 23, 28, 31,  0])]
 -- Custo: 
 ---------18.830621427371835
 ---------19.781796514463956
 ---------20.399582593338558
 ---------22.61427157873053
 ---------22.88995721793799
 ---------24.471938219632754
 ---------28.547100679997218
 ---- Total: 157.53526823147283
 -- Premio: 
 ---------42.0
 ---------34.0
 ---------37.0
 ---------43.0
 ---------40.0
 ---------66.0
 ---------71.0
 ---- Total: 333.0
 - Execucao 4
 -- BestCostGenaration: [-1458.2650222151565, -1476.4997785353007, -1509.3247070832258, -1544.084556050967, -1554.6368894897444, -1566.5134084725958, -1591.585246193789, -1598.4208144467673, -1601.7345229457521, -1602.2674385654711, -1603.7663156688525, -1615.7663156688525, -1619.444863561049, -1624.2992312885715, -1634.6981051290802, -1634.9932663984057, -1644.011813628065, -1644.3069748973905, -1645.3843966300956, -1645.679557899421, -1648.1589552750902]
 -- BestCostElement: [-1648.15895528 -1648.15895528 -1648.15895528 -1648.15895528]
 -- BestRoute: [array([ 0, 42, 47, 46, 51, 55, 56, 52,  0])
 array([ 0, 31, 22, 23, 19, 15, 24, 25, 32,  0])
 array([ 0, 28, 11, 10, 18, 17, 21,  0])
 array([ 0, 41, 37, 36, 34, 27, 26, 33, 40,  0])
 array([ 0, 44, 63, 70, 69, 76, 68, 62,  0])
 array([ 0, 49, 59, 61, 66, 74, 73, 65, 72, 64, 60, 57, 58, 48,  0])
 array([ 0, 35, 38, 43, 39, 45, 50, 54, 75, 67, 53,  0])]
 -- Custo: 
 ---------17.927446638338978
 ---------19.27559765317396
 ---------19.9531201393614
 ---------21.414213562373096
 ---------22.306938053998444
 ---------24.70548142703344
 ---------27.62746370694812
 ---- Total: 153.21026118122745
 -- Premio: 
 ---------29.0
 ---------43.0
 ---------32.0
 ---------45.0
 ---------39.0
 ---------74.0
 ---------61.0
 ---- Total: 323.0
 - Execucao 5
 -- BestCostGenaration: [-181.08491165397112, -1343.9693829873577, -1451.706508876724, -1479.936767794143, -1484.9084433312878, -1492.7400616686086, -1493.3076774118401, -1518.534616512085, -1519.1022322553165, -1522.0421940096141, -1522.6098097528459, -1523.2184272762709, -1523.3973483339064, -1541.875281525763, -1544.3437187485847, -1564.0111123930333, -1564.6273502844274, -1564.8880832163918]
 -- BestCostElement: [-1564.88808322 -1564.88808322 -1564.88808322 -1564.88808322]
 -- BestRoute: [array([ 0, 31, 28, 22, 23, 19, 15, 25,  0])
 array([ 0, 49, 59, 67, 75, 74, 61, 53, 44,  0])
 array([ 0, 17,  9, 16, 21,  0])
 array([ 0, 66, 73, 65, 64, 60, 56, 52, 47, 42,  0])
 array([ 0, 33, 26, 27, 18, 10, 11,  0])
 array([ 0, 58, 57, 48, 41, 37, 36, 34, 40,  0])
 array([ 0, 35, 38, 43, 39, 45, 54, 63, 70, 69, 76, 68, 62,  0])]
 -- Custo: 
 ---------18.69230059649977
 ---------19.342617547667327
 ---------20.270780891686194
 ---------22.577728178211864
 ---------23.131950972644216
 ---------23.83788226773653
 ---------28.674718741456125
 ---- Total: 156.52797919590202
 -- Premio: 
 ---------43.0
 ---------48.0
 ---------25.0
 ---------52.0
 ---------23.0
 ---------49.0
 ---------73.0
 ---- Total: 313.0
 - Execucao 6
 -- BestCostGenaration: [-204.63109817607352, -1408.4431109039497, -1412.0709320295919, -1426.218636790674, -1430.6292474188156, -1451.0652436428825, -1488.1731388955325, -1510.8210439287552, -1511.7916066772323, -1529.6305694337352, -1531.731277237052, -1580.984518805083, -1626.5408068964375, -1631.189917537111, -1632.9926563039662, -1685.9319371281272, -1692.3837865356559, -1699.90358463253, -1702.2046017000143, -1732.5183101989992, -1732.9357312691668, -1734.5348525839881, -1738.970159606528, -1758.5113408137295, -1760.5278831987189, -1760.945304268886, -1762.4191795416978]
 -- BestCostElement: [-1762.41917954 -1762.41917954 -1762.41917954 -1762.41917954]
 -- BestRoute: [array([ 0, 32, 29, 13, 20,  8, 12, 25,  0])
 array([ 0, 59, 61, 67, 75, 77, 68, 62,  0])
 array([ 0, 48, 47, 46, 42, 40, 33, 34, 36, 37, 41,  0])
 array([ 0, 52, 56, 60, 64, 72, 71,  0])
 array([ 0, 49, 58, 57, 65, 73, 74, 66, 53, 44,  0])
 array([ 0, 50, 54, 45, 43, 39, 38, 35, 31, 28,  0])
 array([ 0, 27, 21, 16,  9, 17, 18, 10, 11, 22, 23, 19, 15, 24,  0])]
 -- Custo: 
 ---------18.80327528263976
 ---------18.432766185082038
 ---------20.89292222699217
 ---------22.14213562373095
 ---------22.304459992877927
 ---------24.938511847735093
 ---------28.63113395551759
 ---- Total: 156.14520511457553
 -- Premio: 
 ---------38.0
 ---------35.0
 ---------56.0
 ---------34.0
 ---------60.0
 ---------52.0
 ---------66.0
 ---- Total: 341.0
 - Execucao 7
 -- BestCostGenaration: [-218.44046587315364, -1474.5436332216898, -1481.0090387730393, -1510.8707960719642, -1553.6933670073454, -1556.294493166837, -1585.3874021171796, -1609.4468179498226, -1635.6043090104915, -1636.3091477411658, -1642.0892401490287, -1660.995439242181, -1667.4803703807183, -1678.9397111521803, -1685.9397111521803, -1713.8869878300457, -1716.7029690897755, -1747.0166775887603, -1749.359823339268, -1753.028773218075, -1757.6856274675674, -1758.6239097384273, -1759.3364920779204, -1759.9670554889349, -1760.679637828428, -1763.855267400641, -1764.3889286824988, -1774.4446567725, -1778.9715076123316, -1793.2074077576744, -1797.8565183983478, -1811.205634781304]
 -- BestCostElement: [-1811.20563478 -1811.20563478 -1811.20563478 -1811.20563478]
 -- BestRoute: [array([ 0, 44, 50, 45, 39, 43, 38, 35,  0])
 array([ 0, 48, 47, 42, 40, 33, 34, 36, 37, 41,  0])
 array([ 0, 62, 68, 76, 69, 63,  0])
 array([ 0, 31, 28, 23, 22, 18, 17,  9, 16, 21,  0])
 array([ 0, 52, 56, 60, 64, 72, 71, 55, 51,  0])
 array([ 0, 49, 53, 59, 61, 67, 75, 66, 74, 73, 65, 57, 58,  0])
 array([ 0, 32, 25, 24, 19, 11, 15, 12,  8, 20, 13, 29,  0])]
 -- Custo: 
 ---------18.34919025728683
 ---------19.478708664619077
 ---------20.09013141138031
 ---------21.703171902898823
 ---------23.858413792983193
 ---------23.073950245236315
 ---------27.89502503026951
 ---- Total: 154.44859130467407
 -- Premio: 
 ---------41.0
 ---------53.0
 ---------29.0
 ---------51.0
 ---------40.0
 ---------74.0
 ---------59.0
 ---- Total: 347.0
 - Execucao 8
 -- BestCostGenaration: [-1452.3512935990195, -1461.8293905818696, -1466.3726108485453, -1509.3343873541746, -1538.4625705201154, -1583.0210813131775, -1586.0768094031785, -1611.706582866917, -1643.6508547769163, -1674.448602457933, -1676.1155557878217, -1698.3613019228785, -1700.4620097261952, -1702.8051554767028, -1724.1494239512672, -1726.4925697017748, -1744.4687164617635, -1746.4925697017748, -1746.811862212271, -1753.1812988012566, -1771.1255707112557, -1777.345481118504, -1800.4315356014217, -1801.1559991321856, -1803.3510120662609, -1814.1559991321856, -1815.1637427410046, -1817.5068884915122, -1820.7168968178303, -1823.8516842591794, -1841.7959561691785, -1842.48669979359, -1846.726132972915, -1848.3195155235876, -1853.2637874335867]
 -- BestCostElement: [-1853.26378743 -1853.26378743 -1853.26378743 -1853.26378743]
 -- BestRoute: [array([ 0, 42, 40, 46, 47, 56, 52,  0])
 array([ 0, 32, 13, 20,  8, 12, 25, 24,  0])
 array([ 0, 58, 66, 74, 73, 65, 64, 60, 57, 48,  0])
 array([ 0, 23, 22, 18, 10, 11, 15, 19, 28, 31,  0])
 array([ 0, 49, 53, 50, 45, 39, 43, 38, 35, 29,  0])
 array([ 0, 27, 17,  9, 16, 21, 26, 33, 34, 36, 37, 41,  0])
 array([ 0, 59, 61, 62, 68, 67, 75, 77, 76, 69, 70, 63, 54,  0])]
 -- Custo: 
 ---------18.985369030965458
 ---------18.960403604393647
 ---------19.83788226773653
 ---------20.62780549425379
 ---------23.93046007959298
 ---------24.881832902051926
 ---------28.96029976260899
 ---- Total: 156.18405314160333
 -- Premio: 
 ---------32.0
 ---------34.0
 ---------55.0
 ---------47.0
 ---------62.0
 ---------61.0
 ---------63.0
 ---- Total: 354.0
 - Execucao 9
 -- BestCostGenaration: [-294.27909865120205, -1517.0044810451973, -1539.5463298566897, -1583.8791276267243, -1606.4730773467966, -1615.6036047879902, -1651.4051818568282, -1665.117971250471, -1668.4658577695104, -1687.3165810175476, -1689.4658577695104, -1702.1706965001847, -1709.1676364881635, -1709.3243246263662, -1711.768762647655, -1725.2233645781641, -1727.8244907376557, -1727.9811788758586, -1730.202876742431, -1730.359564880634, -1735.4329850202307, -1744.359564880634, -1744.5239533644992, -1745.2365357039926, -1751.8113710250059, -1751.819114633825, -1785.8113710250059]
 -- BestCostElement: [-1785.81137103 -1785.81137103 -1785.81137103 -1785.81137103]
 -- BestRoute: [array([ 0, 58, 52, 56, 46, 47, 42,  0]) array([ 0, 41, 40, 33, 26,  0])
 array([ 0, 50, 54, 45, 43, 39, 38, 35,  0])
 array([ 0, 49, 53, 59, 61, 66, 74, 73, 65, 64, 60, 57, 48,  0])
 array([ 0, 28, 31, 32, 29, 13, 20,  8, 12, 25, 24,  0])
 array([ 0, 37, 36, 34, 27, 21, 16,  9, 17, 18, 10, 11, 22,  0])
 array([ 0, 44, 62, 67, 75, 77, 68, 76, 69, 70, 63,  0])]
 -- Custo: 
 ---------18.03468433925171
 ---------19.06225774829855
 ---------19.750222989126257
 ---------20.95741732923815
 ---------23.448897901624804
 ---------24.471938219632754
 ---------28.071738716576274
 ---- Total: 153.7971572437485
 -- Premio: 
 ---------29.0
 ---------25.0
 ---------41.0
 ---------74.0
 ---------52.0
 ---------66.0
 ---------56.0
 ---- Total: 343.0
