 - Execucao 0
 -- BestCostGenaration: [-1341.962602089569, -1359.6276577509595, -1360.7516415714686, -1372.6716499057416, -1406.879416454068, -1446.3127186319373, -1467.8559214017273, -1488.6360661550793, -1489.3486484945724, -1512.7025978659203, -1532.6358139101937, -1534.4074365965948, -1540.2007571163676, -1550.5067220065334, -1560.2007571163676, -1561.9535803282238, -1613.6026909688976, -1625.9721275578831, -1629.4861453210356, -1646.25954521839, -1655.3152733083907, -1673.2595452183898, -1676.0609806420491, -1689.3483983025558, -1709.6358159630627]
 -- BestCostElement: [-1709.63581596 -1709.63581596 -1709.63581596 -1709.63581596]
 -- BestRoute: [array([ 0, 28, 19, 23, 22, 18, 10, 11,  0])
 array([ 0, 42, 47, 46, 51, 55, 56, 52, 57, 58,  0])
 array([ 0, 31, 32, 35, 29, 13, 20,  8, 12, 25, 24,  0])
 array([ 0, 44, 38, 43, 39, 45, 63, 54,  0])
 array([ 0, 49, 53, 59, 61, 62, 67, 75, 74, 73, 65, 64, 60,  0])
 array([ 0, 48, 40, 33, 26, 21, 16,  9, 17, 27, 34, 36, 37, 41,  0])]
 -- Custo: 
 ---------19.56730585622776
 ---------20.46476582632973
 ---------22.22143700846525
 ---------23.763403819659917
 ---------24.881832902051926
 ---------28.69230059649977
 ---- Total: 139.59104600923436
 -- Premio: 
 ---------33.0
 ---------40.0
 ---------53.0
 ---------44.0
 ---------80.0
 ---------74.0
 ---- Total: 324.0
 - Execucao 1
 -- BestCostGenaration: [-217.4184764880848, -1289.7098830583789, -1394.979646756612, -1490.2370278524095, -1492.4234854647143, -1495.8971923059398, -1535.3452575086494, -1535.6125715056187, -1574.2394492268595, -1574.4974296358434, -1595.5379207002231, -1597.683887248148, -1612.109609608192, -1619.952921469989, -1623.087708911338, -1635.2960672204965, -1637.2039491230282, -1638.4308546618456, -1652.5470948735358, -1656.7631382831605, -1658.3672240197825, -1662.780587170905, -1672.3672240197825, -1672.9008853016403, -1673.318306371808, -1689.246035896818, -1693.6593990479403]
 -- BestCostElement: [-1693.65939905 -1693.65939905 -1693.65939905 -1693.65939905]
 -- BestRoute: [array([ 0, 48, 57, 60, 65, 73, 74, 59, 53, 49,  0])
 array([ 0, 41, 37, 36, 42, 40, 46, 47, 52,  0])
 array([ 0, 44, 38, 35, 29, 13, 20,  8, 12, 25, 24,  0])
 array([ 0, 34, 33, 26, 21, 16,  9, 17, 18,  0])
 array([ 0, 31, 28, 22, 10, 11, 23, 19, 15, 32,  0])
 array([ 0, 61, 62, 67, 75, 77, 68, 76, 69, 70, 63, 54, 50,  0])]
 -- Custo: 
 ---------19.941549404533223
 ---------19.122417494872465
 ---------22.390287378253127
 ---------23.660762460308465
 ---------23.028531850082224
 ---------28.441601649965442
 ---- Total: 136.58515023801493
 -- Premio: 
 ---------64.0
 ---------48.0
 ---------56.0
 ---------43.0
 ---------47.0
 ---------62.0
 ---- Total: 320.0
 - Execucao 2
 -- BestCostGenaration: [-170.82375854416563, -1386.0944837919042, -1427.3185353932206, -1442.7806872080423, -1447.7249591180414, -1476.5985206399275, -1486.8434132447235, -1502.8648447144121, -1516.8648447144121, -1533.5511362154275, -1544.0292331982773, -1549.1934155155247, -1564.9549578786173, -1575.2609227687835, -1588.71832048543, -1593.6625923954293, -1596.005738145937, -1603.478243556512, -1620.0780086209265, -1622.1309409247901, -1628.2539268382752, -1628.6366291389377, -1634.9584318736488, -1638.636979765845, -1646.692707855846, -1651.636979765845, -1655.7484359458467, -1657.636979765845, -1674.9506882648298, -1679.9027037836477]
 -- BestCostElement: [-1679.90270378 -1679.90270378 -1679.90270378 -1679.90270378]
 -- BestRoute: [array([ 0, 31, 22, 23, 19, 15, 24, 25, 32,  0])
 array([ 0, 49, 53, 59, 61, 66, 74, 73, 65, 64, 60,  0])
 array([ 0, 44, 69, 68, 77, 75, 67, 62,  0])
 array([ 0, 43, 38, 35, 29, 13, 20,  8, 12,  0])
 array([ 0, 48, 42, 47, 46, 40, 51, 55, 52, 57, 58,  0])
 array([ 0, 41, 37, 36, 34, 33, 26, 21, 16,  9, 17, 18, 10, 11, 28,  0])]
 -- Custo: 
 ---------19.27559765317396
 ---------20.881832902051922
 ---------22.88867655210496
 ---------23.094481770482986
 ---------24.926369610573495
 ---------27.207365565700727
 ---- Total: 138.27432405408803
 -- Premio: 
 ---------43.0
 ---------65.0
 ---------37.0
 ---------47.0
 ---------50.0
 ---------77.0
 ---- Total: 319.0
 - Execucao 3
 -- BestCostGenaration: [-207.3685400204489, -1332.9489089234648, -1338.9047538301038, -1346.851059324733, -1362.1430340064005, -1408.5589605888485, -1413.8151395881957, -1442.3582027575849, -1461.9043349560939, -1522.2532833053829, -1522.4696589375867, -1561.83979280803, -1595.3298502619878, -1609.6642188019928, -1621.9778904534173, -1662.0262552680845, -1686.8551107065502, -1689.4562368660418, -1710.0915391180088, -1737.3789567785157, -1756.9201379857177]
 -- BestCostElement: [-1756.92013799 -1756.92013799 -1756.92013799 -1756.92013799]
 -- BestRoute: [array([ 0, 50, 54, 45, 43, 39, 38, 35,  0])
 array([ 0, 32, 29, 13, 20,  8, 12, 25, 24,  0])
 array([ 0, 48, 60, 64, 72, 71, 55, 51, 46, 47,  0])
 array([ 0, 49, 44, 53, 59, 61, 66, 74, 73, 65, 57, 52,  0])
 array([ 0, 58, 75, 62, 68, 76, 69, 63,  0])
 array([ 0, 31, 28, 23, 22, 11, 10, 18, 17,  9, 16, 21, 26, 33, 34, 36, 37,
       41,  0])]
 -- Custo: 
 ---------19.750222989126257
 ---------19.517129989098038
 ---------22.647570332090876
 ---------23.186912597118447
 ---------24.860993806771745
 ---------28.307135789365265
 ---- Total: 138.26996550357063
 -- Premio: 
 ---------41.0
 ---------41.0
 ---------43.0
 ---------68.0
 ---------43.0
 ---------94.0
 ---- Total: 330.0
 - Execucao 4
 -- BestCostGenaration: [-188.27017544001498, -1303.050658061946, -1400.1031294258228, -1436.9204660370003, -1492.219199189691, -1511.5762949740838, -1513.741265997834, -1517.1101633100911, -1550.1248596748546, -1576.7845097104844, -1589.8930063133555, -1614.3262652280685]
 -- BestCostElement: [-1614.32626523 -1614.32626523 -1614.32626523 -1614.32626523]
 -- BestRoute: [array([ 0, 50, 54, 45, 43, 38, 35,  0])
 array([ 0, 49, 53, 59, 61, 66, 74, 73, 65, 64, 60,  0])
 array([ 0, 58, 67, 75, 77, 69, 68, 62,  0])
 array([ 0, 31, 25, 24, 15, 19, 23, 22, 18, 10, 11,  0])
 array([ 0, 44, 39, 30, 29, 13, 20,  8, 12,  0])
 array([ 0, 48, 42, 40, 33, 26, 21, 16,  9, 17, 27, 34, 36, 37, 41,  0])]
 -- Custo: 
 ---------17.750222989126257
 ---------20.881832902051922
 ---------22.993587196137128
 ---------23.922908895229178
 ---------24.664400283404962
 ---------28.705481427033437
 ---- Total: 138.9184336929829
 -- Premio: 
 ---------36.0
 ---------65.0
 ---------39.0
 ---------52.0
 ---------40.0
 ---------78.0
 ---- Total: 310.0
 - Execucao 5
 -- BestCostGenaration: [-157.03688755828566, -1315.7745722214818, -1382.133513201079, -1384.6969595802575, -1388.873144744237, -1447.7903358684825, -1479.6919383460076, -1521.5130172883723, -1524.7605704696944, -1531.4731528091875, -1551.760570469694, -1554.816298559695, -1575.1037162202015, -1578.5018443985714, -1580.844990149079, -1607.9777635786068, -1608.156684636242, -1611.381376260068, -1615.3356056938778, -1643.2121890427684]
 -- BestCostElement: [-1643.21218904 -1643.21218904 -1643.21218904 -1643.21218904]
 -- BestRoute: [array([ 0, 42, 47, 46, 51, 55, 56, 52, 57,  0])
 array([ 0, 48, 60, 64, 65, 73, 74, 66, 61, 59,  0])
 array([ 0, 31, 28, 23, 22, 21, 16,  9, 17, 18,  0])
 array([ 0, 44, 63, 69, 76, 68, 75, 67, 62,  0])
 array([ 0, 41, 36, 34, 33, 40, 58, 49, 53,  0])
 array([ 0, 50, 54, 45, 43, 38, 35, 29, 13, 20,  8, 12, 25, 24,  0])]
 -- Custo: 
 ---------19.34166020071207
 ---------19.971297588200937
 ---------22.689811215547053
 ---------23.543006031498237
 ---------24.887721638257442
 ---------28.263456065092136
 ---- Total: 138.69695273930787
 -- Premio: 
 ---------34.0
 ---------51.0
 ---------51.0
 ---------44.0
 ---------60.0
 ---------74.0
 ---- Total: 314.0
 - Execucao 6
 -- BestCostGenaration: [-183.78765160118675, -1509.9076094377674, -1512.6681762584426, -1518.325030507935, -1603.8397844448837, -1609.496638694376, -1626.0147123237052, -1635.6452757347195, -1641.302129984212, -1649.6452757347195, -1655.302129984212, -1656.8955125348846, -1679.2386582853921, -1706.2386582853921]
 -- BestCostElement: [-1706.23865829 -1706.23865829 -1706.23865829 -1706.23865829]
 -- BestRoute: [array([ 0, 29, 13, 20,  8, 12, 25, 24,  0])
 array([ 0, 35, 38, 43, 39, 45, 54, 50,  0])
 array([ 0, 41, 37, 36, 34, 27, 21, 16,  9, 17, 18,  0])
 array([ 0, 49, 66, 74, 73, 65, 64, 60, 56, 52, 47, 42,  0])
 array([ 0, 23, 22, 10, 11, 15, 19, 28, 31, 32,  0])
 array([ 0, 48, 57, 58, 59, 61, 67, 75, 77, 76, 69, 68, 62, 53, 44,  0])]
 -- Custo: 
 ---------19.15242529089852
 ---------19.750222989126254
 ---------22.689811215547056
 ---------23.700833803829525
 ---------23.055211184844474
 ---------28.591830944406112
 ---- Total: 136.94033542865196
 -- Premio: 
 ---------38.0
 ---------41.0
 ---------55.0
 ---------69.0
 ---------47.0
 ---------72.0
 ---- Total: 322.0
 - Execucao 7
 -- BestCostGenaration: [-167.75534481824968, -1278.6702495978834, -1482.2239220107585, -1500.2084347931207, -1508.2084347931207, -1532.860725650568, -1550.531905419681, -1552.1097455085605, -1584.5876787004174, -1597.722420951031, -1599.263080179569, -1604.0098386115376, -1620.1105464148543, -1620.3529843620454, -1631.9814861159405, -1633.5593262048203, -1636.9257580259396, -1638.5035981148192, -1647.816885937333, -1694.5822367896965, -1699.5265086996956, -1713.239091039189, -1715.5822367896965, -1720.5265086996953, -1739.1833629491878]
 -- BestCostElement: [-1739.18336295 -1739.18336295 -1739.18336295 -1739.18336295]
 -- BestRoute: [array([ 0, 41, 37, 36, 34, 33, 40, 42, 47,  0])
 array([ 0, 29, 13, 20,  8, 12, 25, 24,  0])
 array([ 0, 64, 60, 56, 52, 57, 58, 61, 59,  0])
 array([ 0, 49, 53, 44, 50, 54, 45, 39, 43, 38, 35, 32,  0])
 array([ 0, 48, 65, 73, 74, 66, 67, 75, 77, 68, 62,  0])
 array([ 0, 27, 21, 16,  9, 17, 18, 10, 11, 22, 23, 19, 15, 28, 31,  0])]
 -- Custo: 
 ---------19.03544634700739
 ---------19.15242529089852
 ---------21.812916841164718
 ---------23.856958974828416
 ---------24.723874121837476
 ---------28.872537686966492
 ---- Total: 137.45415926270303
 -- Premio: 
 ---------49.0
 ---------38.0
 ---------41.0
 ---------66.0
 ---------59.0
 ---------74.0
 ---- Total: 327.0
 - Execucao 8
 -- BestCostGenaration: [-143.15539100124104, -1317.4809020053904, -1332.1598116573543, -1407.14904091447, -1409.7501670739616, -1425.692846556053, -1452.0239172047998, -1474.0933128244692, -1474.1972776405375, -1496.4364585749768, -1498.962628492901, -1508.17760251659, -1533.9429533689536, -1546.2575941471991, -1553.3925962261123, -1562.9438856482145, -1578.1007609366188, -1583.6677110036348, -1589.7625630087928, -1593.2765807719452, -1596.5241339532672]
 -- BestCostElement: [-1596.52413395 -1596.52413395 -1596.52413395 -1596.52413395]
 -- BestRoute: [array([ 0, 42, 47, 51, 55, 56, 52,  0])
 array([ 0, 50, 54, 45, 39, 43, 38, 35,  0])
 array([ 0, 49, 53, 59, 61, 66, 74, 73, 65, 64, 60, 57, 58, 48,  0])
 array([ 0, 41, 37, 36, 34, 27, 26, 33, 40, 46,  0])
 array([ 0, 31, 28, 15, 19, 22, 11, 10, 17, 21,  0])
 array([ 0, 44, 62, 67, 75, 77, 68, 76, 69, 70, 63,  0])]
 -- Custo: 
 ---------17.749301053465672
 ---------19.750222989126257
 ---------22.95741732923815
 ---------22.974836860209646
 ---------24.865449563067205
 ---------28.071738716576274
 ---- Total: 136.3689665116832
 -- Premio: 
 ---------26.0
 ---------41.0
 ---------80.0
 ---------48.0
 ---------55.0
 ---------56.0
 ---- Total: 306.0
 - Execucao 9
 -- BestCostGenaration: [-307.8748691242024, -1397.947120975508, -1398.4807822573657, -1457.44011892853, -1465.7133795010018, -1485.0778682673058, -1514.5848714846588, -1520.5578545335377, -1537.4734153046572, -1564.4656716958384, -1568.7547393735047, -1596.5162393609728, -1603.5084957521537, -1604.2210780916469, -1615.8807281272768, -1623.1681457877835, -1631.4892224098514, -1648.8431717811993, -1649.3779723964676, -1651.008535807482]
 -- BestCostElement: [-1651.00853581 -1651.00853581 -1651.00853581 -1651.00853581]
 -- BestRoute: [array([ 0, 35, 38, 43, 39, 45, 50,  0])
 array([ 0, 58, 66, 74, 61, 59, 53, 49,  0])
 array([ 0, 32, 29, 25, 24, 15, 19, 23, 22,  0])
 array([ 0, 57, 65, 73, 64, 60, 56, 52, 47, 46, 42,  0])
 array([ 0, 44, 54, 63, 69, 76, 68, 62, 75, 67,  0])
 array([ 0, 48, 41, 37, 36, 34, 33, 26, 21, 16,  9, 17, 18, 11, 28, 31,  0])]
 -- Custo: 
 ---------18.336009426753158
 ---------15.659736682863223
 ---------22.825553592892028
 ---------23.22800971808475
 ---------24.221374460461092
 ---------28.977182167075238
 ---- Total: 133.24786604812948
 -- Premio: 
 ---------37.0
 ---------42.0
 ---------45.0
 ---------57.0
 ---------48.0
 ---------83.0
 ---- Total: 312.0
