 - Execucao 0
 -- BestCostGenaration: [-337.8582890254636, -425.65062087496744, -501.13745551994396, -519.57192144047, -535.3098315902289, -574.1925628752251, -637.5313483455278, -653.5287209909764, -672.7167691948098, -706.8306259459247, -731.3719076843443, -738.6063714847712, -820.8557119195557, -861.7141787764116, -900.5497470293899, -959.542003420571, -1036.4862753305702, -1059.7448229089537, -1062.8005509989543, -1101.2071684482817, -1119.0322405694606, -1122.0879686594612, -1160.4945861087886, -1180.4945861087886, -1195.5503141987892]
 -- BestCostElement: [-1195.5503142 -1195.5503142 -1195.5503142 -1195.5503142]
 -- BestRoute: [array([ 0, 54, 56,  0]) array([ 0, 28, 31, 30, 43,  0])
 array([ 0, 14, 16, 18, 24, 25, 26, 27,  0])
 array([ 0, 15, 17, 12, 11, 10,  9,  8,  5,  4,  0])]
 -- Custo: 
 ---------8.94427190999916
 ---------14.890246430504833
 ---------19.793968769870403
 ---------24.983934339928254
 ---- Total: 68.61242145030265
 -- Premio: 
 ---------16.0
 ---------23.0
 ---------51.0
 ---------57.0
 ---- Total: 147.0
 - Execucao 1
 -- BestCostGenaration: [-347.97243289962194, -449.2469341279272, -474.0230703564256, -535.032053733546, -598.4907932465071, -607.5763548452508, -679.8715161145765, -693.9271222040187, -717.7295086955418, -738.2661635158606, -764.1929372012569, -766.0784308999916, -790.165246730815, -821.7744671260332, -829.5271899029985, -840.3250380189063, -884.7450298745102, -911.800757964511, -979.4947930743451, -981.9642782055325, -1003.6583133153665, -1013.1772337104649, -1025.2474511110795, -1056.2659983407386, -1093.8553877125971, -1101.251509030125, -1129.37449494361, -1135.4176953931035, -1137.37449494361, -1154.3619673031026, -1161.8399004949595, -1169.306239213102, -1198.5944025357471, -1203.1907898542859, -1205.903372193779, -1222.7733687841182, -1237.2954355922616, -1246.4039321951327, -1253.8818653869896, -1254.4782075147928, -1271.6493849636095, -1284.5944477264827, -1323.5867041176639, -1332.8741217781708, -1345.4752479376623]
 -- BestCostElement: [-1345.47524794 -1345.47524794 -1345.47524794 -1345.47524794]
 -- BestRoute: [array([ 0, 54,  0]) array([ 0, 27, 28, 29, 42, 43, 56,  0])
 array([ 0, 14, 13, 12, 11, 10,  5,  4,  2,  0])
 array([ 0, 15, 16, 17, 18, 19, 21, 22, 23, 24, 25, 26, 30,  0])]
 -- Custo: 
 ---------8.94427190999916
 ---------14.87048159266775
 ---------19.17274728292003
 ---------23.143687229997518
 ---- Total: 66.13118801558446
 -- Premio: 
 ---------7.0
 ---------32.0
 ---------57.0
 ---------65.0
 ---- Total: 161.0
 - Execucao 2
 -- BestCostGenaration: [-383.71180734412013, -427.39759757860827, -519.3456165397107, -580.0361461252621, -619.3511466327213, -652.8002003720469, -741.1676151701934, -771.2054959514803, -823.9916490701897, -853.0953616413726, -857.5447392256337, -876.0406887187231, -917.1429058079948, -929.0118687966503, -937.9561407066494, -972.0413060481732, -999.6874119209806, -1008.1372750105371, -1030.0784005074913, -1033.7569483996876, -1059.6394274397985, -1084.6471710486176, -1104.22974997845, -1104.3520097792916, -1118.5620057070937, -1138.8571669764192, -1177.9608795476022, -1200.1877850864198, -1200.4829463557453, -1202.778107625071, -1217.1320569964187, -1220.7207007061388, -1221.0158619754645, -1226.7930144442853, -1250.2984956042828, -1258.2593531624277, -1258.7098970852985, -1262.8680158765883, -1286.0352001465908, -1295.6541689952978, -1297.8810745341152, -1325.279948374624]
 -- BestCostElement: [-1325.27994837 -1325.27994837 -1325.27994837 -1325.27994837]
 -- BestRoute: [array([ 0, 43, 44, 56,  0]) array([ 0, 29, 30, 31, 28, 27,  0])
 array([ 0, 15, 16, 17, 18, 19, 24, 25, 26,  0])
 array([ 0, 13,  4,  5,  7,  8,  9, 10, 12, 11, 14,  0])]
 -- Custo: 
 ---------9.812559200041264
 ---------12.418110475505253
 ---------19.068392015378137
 ---------24.8809512154194
 ---- Total: 66.18001290634405
 -- Premio: 
 ---------22.0
 ---------27.0
 ---------49.0
 ---------61.0
 ---- Total: 159.0
 - Execucao 3
 -- BestCostGenaration: [-335.035576451176, -483.2572918146343, -507.2722562000773, -533.7387169187783, -578.4202203190641, -585.6742548814315, -609.0594221424544, -620.4458106861393, -645.0509110477032, -698.4046366469834, -725.9824315451274, -727.3060754221085, -766.4097879932915, -792.3756532303984, -822.1487476915808, -839.2037712411378, -889.517917370136, -907.061884875133, -913.3281475009245, -949.0066953931209, -961.6898837442478, -987.1150484232343, -1005.0957122682802, -1005.893459949297, -1025.943125312279, -1037.943125312279, -1038.9025089541803, -1085.136951047667, -1137.136951047667, -1145.259936961152, -1152.547354621659, -1161.8347722821657, -1173.8347722821657, -1193.8347722821657, -1201.8347722821657, -1232.8270286733468]
 -- BestCostElement: [-1232.82702867 -1232.82702867 -1232.82702867 -1232.82702867]
 -- BestRoute: [array([ 0, 29, 31, 30,  0]) array([ 0, 28, 24, 25, 26, 27,  0])
 array([ 0, 43, 44, 47, 54,  3,  2,  0])
 array([ 0, 14, 13, 12, 11, 10,  8,  9,  7,  6,  5,  4,  0])]
 -- Custo: 
 ---------9.048627177541054
 ---------13.698908717413941
 ---------19.98140956982914
 ---------24.064297366879153
 ---- Total: 66.79324283166329
 -- Premio: 
 ---------15.0
 ---------36.0
 ---------37.0
 ---------62.0
 ---- Total: 150.0
 - Execucao 4
 -- BestCostGenaration: [-333.4928620005285, -402.8579167075988, -437.27533777776637, -525.2680129178395, -564.3717254890224, -622.0525375850572, -651.7060412775286, -667.200007290755, -744.2557353807559, -750.7886058097394, -781.2108973126188, -834.3244588607745, -860.6848515367151, -893.9070377906069, -919.8520358067176, -920.1093116752577, -954.0276691399571, -956.2052806376216, -976.2052806376217, -978.7281382986391, -998.0107719274574, -1010.2424614979634, -1022.9800128060408, -1023.556169996948, -1034.563913605767, -1083.5081855157662, -1117.9303906176222, -1138.8591753099836, -1141.8669189188024, -1171.645328428693, -1174.6530720375117]
 -- BestCostElement: [-1174.65307204 -1174.65307204 -1174.65307204 -1174.65307204]
 -- BestRoute: [array([ 0,  2, 14,  0]) array([ 0, 54, 53, 44, 43, 56,  0])
 array([ 0, 28, 29, 30, 24, 25, 27, 26,  0])
 array([ 0, 13,  4,  5,  8,  9, 10, 12, 11,  1,  0])]
 -- Custo: 
 ---------9.15298244508295
 ---------14.934976694913729
 ---------19.950844619618657
 ---------24.797928231006725
 ---- Total: 68.83673199062206
 -- Premio: 
 ---------16.0
 ---------28.0
 ---------44.0
 ---------57.0
 ---- Total: 145.0
 - Execucao 5
 -- BestCostGenaration: [-361.6837268999468, -397.0993547315936, -474.5509971735656, -492.89009497758786, -568.3871014468086, -588.8130258577569, -597.0726432166443, -641.1081871270826, -671.7770712285063, -683.3811154769755, -686.10672294327, -702.1405503364172, -754.7308728750685, -758.6199477120865, -786.4357116057429, -797.6481278339465, -844.3607101734398, -872.9011171570924, -925.1962784264181, -952.7740733245621, -953.8514950572669, -957.3960018389926, -978.509777943674, -993.1061652622129, -1002.3935829227196, -1020.0876180325538, -1036.9382980174341, -1039.9568452470933, -1065.930554408615, -1098.3711847395716, -1115.2218647244522, -1117.2334592867596, -1126.5208769472665]
 -- BestCostElement: [-1126.52087695 -1126.52087695 -1126.52087695 -1126.52087695]
 -- BestRoute: [array([ 0, 28, 26,  0]) array([ 0, 14, 12, 11, 13,  1,  0])
 array([ 0, 43, 54, 55,  4,  5,  2,  0])
 array([ 0, 25, 24, 23, 22, 21, 20, 19, 17, 18, 27,  0])]
 -- Custo: 
 ---------8.94427190999916
 ---------14.79669127533634
 ---------19.9787337733418
 ---------24.65008380450606
 ---- Total: 68.36978076318337
 -- Premio: 
 ---------15.0
 ---------32.0
 ---------39.0
 ---------54.0
 ---- Total: 140.0
 - Execucao 6
 -- BestCostGenaration: [-353.37051579866306, -425.4819719786648, -508.5401071517019, -571.4231839652357, -616.2502289073938, -638.3616850873955, -734.4465152265832, -789.9560543942191, -821.6500895040531, -861.292247388782, -864.8203665977426, -881.7832392381658, -884.8203665977426, -893.6072242568957, -893.9650663721668, -951.1705186049597, -970.395255419521, -986.963299848004, -988.6633997377256, -1008.4248997251937]
 -- BestCostElement: [-1008.42489973 -1008.42489973 -1008.42489973 -1008.42489973]
 -- BestRoute: [array([ 0, 28, 30, 27,  0]) array([ 0, 43, 54, 44, 56,  0])
 array([ 0, 26, 16, 12, 11,  0])
 array([ 0, 15, 18, 17, 14, 13,  5,  4,  1,  0])]
 -- Custo: 
 ---------9.63441361516796
 ---------14.38905042258274
 ---------19.480902967244717
 ---------24.38940806370619
 ---- Total: 67.8937750687016
 -- Premio: 
 ---------20.0
 ---------27.0
 ---------30.0
 ---------51.0
 ---- Total: 128.0
 - Execucao 7
 -- BestCostGenaration: [-348.1679773669376, -465.2369284707378, -565.3907871365823, -616.5037172328274, -698.767989826059, -706.8840438436766, -709.8576009588492, -719.2389478588921, -726.7850637813168, -764.1770050841158, -778.9809674499081, -797.0800382147279, -851.9731786503536, -899.32406800968, -940.3163244008612, -948.0076069877144, -973.2944606350342, -1003.3998109134535, -1007.8569836293991, -1018.6392440927783, -1060.9296213304156, -1128.464215779066, -1130.464215779066, -1140.6322468148378, -1180.4533257572023, -1182.4533257572023, -1219.5138378788915, -1221.5138378788915]
 -- BestCostElement: [-1221.51383788 -1221.51383788 -1221.51383788 -1221.51383788]
 -- BestRoute: [array([ 0, 42, 43, 56,  0]) array([0, 4, 5, 2, 1, 0])
 array([ 0, 28, 27, 30, 24, 26, 25,  0])
 array([ 0, 14, 13, 11, 10,  9, 12, 17, 18, 16,  0])]
 -- Custo: 
 ---------9.63441361516796
 ---------13.67257114780908
 ---------19.717301412217978
 ---------24.09725435508211
 ---- Total: 67.12154053027713
 -- Premio: 
 ---------18.0
 ---------31.0
 ---------42.0
 ---------58.0
 ---- Total: 149.0
 - Execucao 8
 -- BestCostGenaration: [-382.0826320385539, -463.617757504224, -575.0268553184487, -620.2937115725946, -642.0500616864765, -645.6151218013704, -696.038467212762, -720.5849800979969, -763.5276864836942, -803.555542846474, -855.0901372951245, -877.7856668926781, -886.3775549556312, -914.7299388026772, -961.7811676370924, -975.3273565594573, -994.0136480604725, -997.3273565594573, -1009.4284990139437, -1014.7793883732702, -1040.4634659592934, -1054.9855327674366, -1062.4634659592934, -1092.6201540974962, -1098.970836402673, -1100.664080659633, -1109.7725772625042, -1128.4371751208155, -1138.2987019896927, -1143.0862857614889, -1162.0785421526703, -1181.8772230004797]
 -- BestCostElement: [-1181.877223 -1181.877223 -1181.877223 -1181.877223]
 -- BestRoute: [array([ 0, 29, 31, 30,  0]) array([ 0, 15, 16, 27, 26,  0])
 array([ 0, 43, 44, 54,  5,  4,  2,  0])
 array([ 0, 28, 25, 24, 23, 19, 18, 17, 14,  1, 56,  0])]
 -- Custo: 
 ---------9.048627177541054
 ---------13.62511840008253
 ---------19.78078793933674
 ---------24.57616073291973
 ---- Total: 67.03069424988006
 -- Premio: 
 ---------15.0
 ---------25.0
 ---------42.0
 ---------63.0
 ---- Total: 145.0
 - Execucao 9
 -- BestCostGenaration: [-326.78839966303235, -428.90101672220146, -474.1850603458819, -542.3115731613925, -564.2619418944153, -592.555537550846, -618.5472682206355, -625.0653418499644, -658.7723815169682, -669.3498000219339, -685.4069622571416, -715.557038239792, -752.7749647009202, -789.7036489583908, -814.128416497381, -848.128416497381, -877.4110501261994, -907.3814058205269, -907.6765670898524, -923.9886379701937, -945.0862445512012, -963.4928620005285, -987.9406534890118, -999.001165610701, -1002.9592007186709, -1059.3814058205269, -1060.041406483064, -1081.5752748190714, -1101.9143626505338, -1103.9818922683987, -1124.2836354485262, -1130.4743147708696, -1157.2541981970035, -1168.567906695988, -1178.4743147708693, -1185.761732431376, -1188.4743147708696, -1190.7060043413753, -1203.2963268800268, -1215.2541981970035, -1227.8445207356547, -1237.5914881493522, -1237.7088001275126, -1242.6530720375117, -1252.4000394512095, -1261.6874571117162]
 -- BestCostElement: [-1261.68745711 -1261.68745711 -1261.68745711 -1261.68745711]
 -- BestRoute: [array([ 0, 14,  2,  0]) array([ 0, 43, 42, 31, 30, 27,  0])
 array([ 0, 28, 26, 24, 25, 17, 18,  0])
 array([ 0, 13, 12, 11, 10,  9,  8,  7,  6,  5,  4, 56,  0])]
 -- Custo: 
 ---------9.15298244508295
 ---------14.901046542878236
 ---------19.659048552118023
 ---------23.365058181991753
 ---- Total: 67.07813572207097
 -- Premio: 
 ---------16.0
 ---------28.0
 ---------44.0
 ---------65.0
 ---- Total: 153.0
