 - Execucao 0
 -- BestCostGenaration: [-314.3498517771949, -440.23090619400955, -539.6795575316235, -631.0464150188566, -686.7106880267659, -781.2327548349091, -813.633547119064, -865.1681415677144, -919.6633010462249, -934.1753139647074, -947.0342567421897, -949.0257973534608, -972.7306360841352, -988.4617656532876, -1033.5638671812712, -1081.533583163979, -1108.58931125398, -1110.2128773870538, -1138.7612350336751, -1152.485805736947, -1173.183440135531, -1183.933203335366, -1205.8400873308738, -1215.7726224532398, -1257.8840786332416, -1293.540932882734, -1293.7198539403694, -1313.1861926585118, -1320.5823139760396, -1320.8208139885717, -1327.7082594666551, -1327.9467594791872, -1346.3533769285145, -1348.9437999020565, -1367.8999166030765, -1384.8441885130756, -1413.5784644952728, -1426.226269739882, -1433.9993642010643, -1443.42177635707, -1445.1266150877443, -1452.6782829384035, -1467.196832488359, -1474.4842501488658, -1497.196832488359, -1502.3688007900496, -1502.3688007900498, -1520.2573446100482, -1536.9917843832384, -1536.9917843832386, -1554.3906582237469, -1564.1216240019062, -1566.9917843832386, -1569.7043667227317, -1575.8569969418893, -1588.4473194805405, -1588.4473194805407, -1597.7347371410474, -1598.9809807623983, -1605.5558160834119, -1614.8432337439187, -1622.3211669357754, -1622.3211669357756, -1624.5048720250993, -1624.5048720250995, -1637.9997148279717, -1637.999714827972, -1647.8882586479701]
 -- BestCostElement: [-1647.88825865 -1647.88825865 -1647.88825865 -1647.88825865]
 -- BestRoute: [array([ 0, 28, 27, 26, 25, 24, 23, 22, 21, 20, 19, 18, 17, 14,  0])
 array([ 0, 29, 30, 31, 41, 42, 43, 44, 54,  2,  1, 56,  0])
 array([ 0, 15, 13, 12, 11, 10,  9,  8,  7,  6,  5,  4,  3,  0])]
 -- Custo: 
 ---------23.126267699026027
 ---------23.533908551779625
 ---------23.86775908720182
 ---- Total: 70.52793533800747
 -- Premio: 
 ---------73.0
 ---------56.0
 ---------64.0
 ---- Total: 193.0
 - Execucao 1
 -- BestCostGenaration: [-320.9729579259581, -428.0660395175314, -519.565297192516, -594.3209800998611, -687.5975078270972, -694.6160550567563, -727.4657803091762, -791.2746250662067, -829.2266405850246, -889.1006766900807, -947.7504918711979, -969.9104335993889, -998.1549357183134, -1031.0993714193057, -1032.5773046111626, -1079.6330327011633, -1084.5773046111626, -1095.1104170026595, -1110.610566484624, -1136.3007088505349, -1143.7453539259734, -1175.8829371534598, -1231.1440639754887, -1242.2713148621688, -1257.3270429521694, -1290.1363203666697, -1305.1920484566706, -1323.7404061032917, -1331.0278237637986, -1362.848902706163, -1373.117936928004, -1382.4053545885106, -1391.8832877803675, -1399.3612209722241, -1399.4281465731292, -1399.4281465731294, -1399.9840407744198, -1402.506107582563]
 -- BestCostElement: [-1402.50610758 -1402.50610758 -1402.50610758 -1402.50610758]
 -- BestRoute: [array([ 0, 29, 28, 25, 24, 23, 22, 21, 20, 19, 18, 17, 16,  0])
 array([ 0, 54, 44, 43, 42, 41, 31, 30, 27, 26,  0])
 array([ 0, 14, 10, 11, 12, 13,  4,  5,  3, 56,  0])]
 -- Custo: 
 ---------23.970609457455744
 ---------24.257980408983922
 ---------23.64488323791961
 ---- Total: 71.87347310435928
 -- Premio: 
 ---------56.0
 ---------49.0
 ---------64.0
 ---- Total: 169.0
 - Execucao 2
 -- BestCostGenaration: [-329.04764138607464, -448.75850581491824, -543.9703631514091, -650.6513971735545, -718.8906002538084, -748.4117338951588, -803.5419867026529, -894.4349618745634, -927.3264652716921, -966.3674969969294, -978.9578195355807, -1065.2759551958095, -1081.8504398899156, -1155.2759551958095, -1158.8243561055874, -1178.656964781435, -1189.7682044189446, -1249.5648467725596, -1251.7548215544593, -1286.7586725079477, -1290.662703545584, -1314.7321948335555, -1331.0120557211578, -1348.7586725079477, -1348.758672507948, -1365.2496643573318, -1374.64853819784, -1377.5225927072245, -1390.1939362673306, -1396.4473194805407, -1399.5928101078393, -1407.6718694591877, -1409.428585414967, -1409.9252526723976, -1413.7347371410476, -1419.2126703329043, -1427.6718694591875, -1439.6718694591877, -1448.9592871196942, -1453.6455786207098, -1455.4813539278375, -1456.358160960203, -1465.6455786207096, -1465.6455786207098, -1474.9329962812162, -1477.5339586497148, -1487.2539091122912, -1489.5339586497148, -1489.9513797198824, -1492.29452547039, -1492.7119465405576, -1495.007107809883, -1497.149944296223, -1501.9993642010643]
 -- BestCostElement: [-1501.9993642 -1501.9993642 -1501.9993642 -1501.9993642]
 -- BestRoute: [array([ 0,  1, 11, 10,  9,  8,  7,  6,  5,  4,  3,  2, 56,  0])
 array([ 0, 14, 13, 12, 16, 15, 27, 29, 31, 30,  0])
 array([ 0, 28, 26, 25, 24, 23, 22, 21, 20, 19, 18, 17,  0])]
 -- Custo: 
 ---------23.292504820330727
 ---------24.33989504220139
 ---------21.867759087201815
 ---- Total: 69.50015894973393
 -- Premio: 
 ---------73.0
 ---------46.0
 ---------59.0
 ---- Total: 178.0
 - Execucao 3
 -- BestCostGenaration: [-303.29500501013274, -474.48688943409564, -576.282836410827, -653.8400873308738, -719.3653787729113, -768.5449841527554, -812.0667107425772, -812.0667107425774, -852.2667464975798, -917.3633201262302, -937.4061533496972, -972.7562406516271, -1022.6042486988729, -1028.9500780682238, -1087.6893018731025, -1096.7663729788999, -1129.1517890576092, -1139.8908490714948, -1174.65141589217, -1187.0030967731107, -1187.0030967731109, -1220.3299637843666, -1254.9717717109277, -1261.7744672146262, -1280.5087431968234, -1312.5087431968234, -1324.8147080869894, -1325.1622872422777, -1345.0726884959734, -1346.1545436334588, -1356.281477542756, -1365.0726884959734, -1374.1216061439482, -1374.36010615648, -1376.9639848389525, -1378.0458399764382, -1416.4152765654237, -1423.8141504059322, -1433.1015680664389, -1435.2444045527786, -1447.5847977803055, -1457.132948372777, -1464.5318222132855, -1473.8192398737924, -1484.5318222132855, -1492.2258573231195, -1492.2258573231197, -1493.8192398737924, -1501.5132749836264]
 -- BestCostElement: [-1501.51327498 -1501.51327498 -1501.51327498 -1501.51327498]
 -- BestRoute: [array([ 0, 25, 24, 23, 22, 21, 20, 19, 18, 17, 16, 26, 27,  0])
 array([ 0, 29, 31, 30, 28, 13, 12, 10, 11, 14,  0])
 array([ 0, 43, 44, 46, 47, 53, 54,  5,  4,  3,  2,  1,  0])]
 -- Custo: 
 ---------24.892724491625348
 ---------24.89024643050483
 ---------24.838710331963224
 ---- Total: 74.6216812540934
 -- Premio: 
 ---------67.0
 ---------50.0
 ---------63.0
 ---- Total: 180.0
 - Execucao 4
 -- BestCostGenaration: [-288.7126855647582, -442.1086845247836, -551.88981752268, -637.7465686195778, -699.7735819692209, -723.4914396957438, -788.5470246548206, -848.5338925555197, -885.0637763256625, -910.1879829522193, -964.1879829522193, -983.320518138656, -989.6131476312057, -1030.5802525173194, -1039.2665440183348, -1051.6179616129066, -1070.7216741840894, -1104.5094650100355, -1112.9047028905056, -1132.101159746274, -1132.1011597462743, -1158.9771759257653, -1208.1235761397554, -1210.6311103741284, -1247.0805922766688, -1271.936011102502, -1274.8492533330705, -1312.928267493683, -1332.7640879915468, -1362.5371824527292, -1392.5371824527292, -1411.8051197167842, -1441.8051197167842, -1443.6936635367824, -1444.7710852694872, -1455.208732398245, -1455.2087323982453, -1455.6261534684127, -1455.626153468413, -1456.0780028759414, -1463.4187283260471, -1463.8361493962148, -1464.9135711289196, -1465.3654205364483]
 -- BestCostElement: [-1465.36542054 -1465.36542054 -1465.36542054 -1465.36542054]
 -- BestRoute: [array([ 0, 43, 44, 46, 54,  5,  4,  3,  2, 56,  0])
 array([ 0, 28, 16, 17, 18, 19, 21, 22, 23, 24, 25, 27, 26,  0])
 array([ 0, 29, 30, 14, 10,  9, 11, 12, 13,  0])]
 -- Custo: 
 ---------24.6213927125392
 ---------24.77927174436485
 ---------24.25798040898392
 ---- Total: 73.65864486588796
 -- Premio: 
 ---------61.0
 ---------69.0
 ---------46.0
 ---- Total: 176.0
 - Execucao 5
 -- BestCostGenaration: [-296.27439230105074, -428.61552403973667, -572.2150573549172, -625.6025724658027, -721.304788814469, -737.1244018414923, -827.9399440942866, -866.5144287883927, -882.444920782503, -971.4431130458631, -1017.1216609380594, -1058.6558799009745, -1075.45375287571, -1101.6194509195464, -1137.067985922434, -1141.6047490067476, -1169.37784346793, -1184.7064351675926, -1193.8825783856423, -1201.650707077592, -1227.8851491710786, -1237.1725668315853, -1248.0013893827686, -1265.6954244926028, -1266.033786211422, -1269.635479540313, -1280.3480618798062, -1280.3480618798064, -1280.7222825004803, -1291.4348648399734, -1311.4348648399734, -1328.3791367499725, -1337.3713931411537, -1346.6588108016606, -1350.4271212311546, -1357.587495059131, -1364.9491880392977, -1364.949188039298, -1374.2366056998046, -1377.2070046572885, -1413.856115297962, -1423.143532958469, -1423.1807138188105, -1423.4386942277947, -1426.4944223177954, -1432.7740963694832, -1433.5288073919999, -1442.9276812325083, -1450.215098893015]
 -- BestCostElement: [-1450.21509889 -1450.21509889 -1450.21509889 -1450.21509889]
 -- BestRoute: [array([ 0, 29, 30, 31, 16, 15, 14, 13,  2, 56,  0])
 array([ 0, 12, 11, 10,  9,  8,  7,  6,  5,  3,  4,  0])
 array([ 0, 28, 27, 26, 25, 24, 23, 22, 21, 20, 19, 18, 17,  0])]
 -- Custo: 
 ---------23.437677600123795
 ---------24.46264300454733
 ---------22.04590467207512
 ---- Total: 69.94622527674625
 -- Premio: 
 ---------48.0
 ---------58.0
 ---------67.0
 ---- Total: 173.0
 - Execucao 6
 -- BestCostGenaration: [-296.21336056666627, -476.88322156641107, -577.9764672001307, -656.6238651391354, -685.8975195761968, -744.1256439847659, -783.4035604378598, -853.8937906232667, -853.8937906232668, -911.2309889362143, -912.8662345965939, -916.7852940203954, -951.1769835184481, -987.1769835184482, -1009.8323806582082, -1031.9287155293723, -1049.478165724358, -1086.9706314899852, -1128.80624300612, -1143.5241403943214, -1197.2494141653149, -1207.0704931076793, -1219.2494141653149, -1238.8847164172819, -1238.884716417282, -1248.7057953596463, -1256.3315747389724, -1265.5666197042522, -1286.0822298953124, -1289.454812897343, -1324.615537352227, -1346.615537352227, -1349.6232809610458, -1369.32811969172, -1376.6533774736836, -1377.5226479513797, -1397.5226479513797, -1397.7015690090152, -1397.7442384414892, -1398.3777614296341, -1416.3439339478937, -1436.3439339478937, -1436.3661668673265, -1437.0201263685126, -1437.3287789528351, -1437.7806283603636, -1438.4568207809825, -1438.5730609926725, -1445.0864725974034, -1446.733227766499, -1447.6024982441954, -1456.889915904702]
 -- BestCostElement: [-1456.8899159 -1456.8899159 -1456.8899159 -1456.8899159]
 -- BestRoute: [array([ 0, 14, 19, 18, 17, 12, 11, 10, 13,  0])
 array([ 0, 43, 44, 46, 54,  5,  4,  3,  2, 56,  0])
 array([ 0, 29, 30, 28, 27, 26, 25, 24, 23, 22, 21, 20, 16, 15,  0])]
 -- Custo: 
 ---------24.293792634759452
 ---------24.6213927125392
 ---------24.362335676525817
 ---- Total: 73.27752102382448
 -- Premio: 
 ---------52.0
 ---------61.0
 ---------62.0
 ---- Total: 175.0
 - Execucao 7
 -- BestCostGenaration: [-317.42771780490733, -425.7461323803316, -535.4119408607154, -654.8914977775553, -718.3579013245219, -763.0344211324817, -905.5355353018284, -923.1133301999726, -964.6471985359799, -1023.9346161964867, -1088.2994555896983, -1146.6065321393958, -1185.8674721255102, -1198.6473401811586, -1235.154889786017, -1235.3186837412647, -1261.9301981621916, -1282.7590207133749, -1294.2106630667536, -1305.8788226975148, -1313.2029194579347, -1313.3818405155703, -1324.833482868949, -1344.6545618113134, -1344.8183557665611, -1346.7771817274054, -1348.2835255252928, -1354.9806206471485, -1357.3577639973928, -1366.4124839793724, -1383.5576596821568, -1387.7478861210611, -1396.193332250371, -1426.3722533080065, -1492.5147843581747, -1511.5070407493558, -1512.5147843581747, -1531.8022020186813, -1541.6232809610458, -1551.6232809610458, -1552.7678169444769, -1552.767816944477, -1564.4040738403114, -1604.1089125709857, -1604.108912570986, -1614.7100387304774, -1618.351405762332, -1630.351405762332, -1634.8587762057116, -1664.1414098345301, -1683.7239887643623, -1683.7239887643625]
 -- BestCostElement: [-1683.72398876 -1683.72398876 -1683.72398876 -1683.72398876]
 -- BestRoute: [array([ 0, 28, 14, 13, 12, 11, 10,  9,  8,  7,  6,  5,  4,  1,  0])
 array([ 0, 15, 16, 17, 18, 24, 25, 26, 27, 30, 56,  0])
 array([ 0, 43, 44, 46, 47, 48, 49, 50, 51, 52,  3,  2,  0])]
 -- Custo: 
 ---------24.754306317793034
 ---------24.883627011906743
 ---------24.431069479209626
 ---- Total: 74.0690028089094
 -- Premio: 
 ---------71.0
 ---------69.0
 ---------58.0
 ---- Total: 198.0
 - Execucao 8
 -- BestCostGenaration: [-291.86746922040055, -440.63717240311183, -581.9633383897158, -663.1855918395877, -734.9984130877201, -794.5520150674831, -813.6618708136821, -826.9327230442784, -895.4547898524215, -895.4547898524216, -961.8537069560866, -989.4694088272156, -1004.3461294585572, -1042.4114434630144, -1076.8336485648704, -1116.2325224053789, -1150.6547275072348, -1156.774674180183, -1171.549523257322, -1224.7951623084641, -1229.1383080589717, -1245.0951076094782, -1248.2965339341763, -1250.2965339341763, -1259.21736741032, -1285.9905690440105, -1299.7588794735043, -1328.1841238158975, -1355.5829976564057, -1355.582997656406, -1360.7883167250272, -1404.3363035265056, -1413.6237211870123, -1435.3440471353242, -1435.3440471353244, -1452.0303386363398, -1459.3177562968465, -1474.9963041890428, -1475.254284598027, -1484.5417022585336]
 -- BestCostElement: [-1484.54170226 -1484.54170226 -1484.54170226 -1484.54170226]
 -- BestRoute: [array([ 0, 43, 44, 54,  4, 13, 14, 27,  0])
 array([ 0, 28, 29, 30, 26, 25, 24, 23, 22, 21, 19, 18, 17,  0])
 array([ 0, 15, 12, 11, 10,  9,  8,  7,  6,  5,  3,  2, 56,  0])]
 -- Custo: 
 ---------24.714842698589884
 ---------24.965541645124215
 ---------24.18419009165251
 ---- Total: 73.8645744353666
 -- Premio: 
 ---------45.0
 ---------65.0
 ---------68.0
 ---- Total: 178.0
 - Execucao 9
 -- BestCostGenaration: [-352.63703075793313, -433.3408004260275, -526.2187101402915, -642.9377587407055, -719.4711683578245, -764.638352627827, -822.2568821700402, -826.5571030751478, -858.9254597265472, -868.7416764959087, -874.5032546246912, -895.7318625223834, -914.2708908176486, -954.492481307758, -954.5200860943924, -960.9956771271618, -988.7214916476062, -996.4015017823267, -1012.080049674523, -1023.8446845266478, -1053.3968931267577, -1077.9189599349008, -1108.1513951675452, -1121.9189599349008, -1123.0008150723866, -1132.4263303782805, -1157.851495057267, -1169.5176631976715, -1178.196508525489, -1182.4017204216025, -1221.5054329927852, -1221.800594262111, -1253.9120504421128, -1283.9120504421128, -1300.1464925355995, -1331.4791421543075, -1348.1654336553227, -1360.1654336553224, -1360.1654336553227, -1365.4973818949256, -1366.8327840366146, -1372.6950370181348, -1379.7242874337435, -1392.3998757488093, -1395.4076193576282, -1412.885552549485, -1428.8327840366146, -1434.3998757488093, -1435.1124580883024, -1438.1202016971215]
 -- BestCostElement: [-1438.1202017 -1438.1202017 -1438.1202017 -1438.1202017]
 -- BestRoute: [array([ 0, 28, 14, 13,  8,  9, 10, 11, 12,  2,  0])
 array([ 0, 43, 44, 53, 54, 55,  1,  3,  5,  4,  0])
 array([ 0, 29, 30, 27, 26, 25, 24, 23, 22, 21, 20, 19, 18, 17,  0])]
 -- Custo: 
 ---------24.81769306884381
 ---------24.106351834800712
 ---------24.04590467207512
 ---- Total: 72.96994957571964
 -- Premio: 
 ---------54.0
 ---------48.0
 ---------71.0
 ---- Total: 173.0
