 - Execucao 0
 -- BestCostGenaration: [-271.22975410512947, -500.32830376011748, -624.06096422244741, -715.02982190263708, -829.69134664675857, -873.21977074717427, -998.32581937570467, -1031.5365149370318, -1039.3250966158521, -1079.5468864728155, -1085.7077384144618, -1113.4283091052835, -1148.1309339209656, -1157.6088671128223, -1174.2951586138377, -1187.722300203654, -1188.0917367926395, -1197.2704507961255, -1197.5656120654512, -1205.2704507961255, -1208.3357768995156, -1217.5002086465374, -1220.8139171455221, -1224.3357768995156]
 -- BestCostElement: [-1224.3357769 -1224.3357769 -1224.3357769 -1224.3357769]
 -- BestRoute: [array([ 0,  5,  4,  3,  6,  8, 11,  9, 10,  7,  0]), array([ 1, 14, 12, 15, 16, 18, 19, 21, 20, 17, 13,  1]), array([ 2, 30, 29, 26, 23, 24, 25, 28, 27, 31,  2])]
 -- Custo: 
 ---------20.5366310572
 ---------24.4826055778
 ---------23.8968191401
 ---- Total: 68.9160557751
 -- Premio: 
 ---------49.0
 ---------48.0
 ---------53.0
 ---- Total: 150.0
 - Execucao 1
 -- BestCostGenaration: [-253.72638674775177, -499.82040616308893, -607.7881003000914, -765.605536690549, -810.57609943902617, -869.19786417019702, -937.94988804850766, -1019.6789659131796, -1049.2567322499128, -1071.4702906266384, -1096.0262582329776, -1110.5900144469915, -1117.8588416146827, -1124.7760965735606, -1146.8510980058636, -1157.5480926928283, -1178.5827034956426, -1181.2423535312723, -1188.3620677379936, -1188.4735239179952, -1198.9631938974851, -1206.3885454123858, -1207.4118766737333, -1212.7579820013716, -1212.9369030590071, -1222.6465258213698]
 -- BestCostElement: [-1222.64652582 -1222.64652582 -1222.64652582 -1222.64652582]
 -- BestRoute: [array([ 0,  6,  3,  4,  5,  7, 10,  9,  8, 11,  0]), array([ 1, 17, 13, 14, 12, 15, 16, 18, 19, 21, 20,  1]), array([ 2, 29, 30, 31, 28, 27, 25, 24, 22, 23, 26,  2])]
 -- Custo: 
 ---------24.0644951022
 ---------24.4826055778
 ---------23.2912678647
 ---- Total: 71.8383685447
 -- Premio: 
 ---------49.0
 ---------48.0
 ---------54.0
 ---- Total: 151.0
 - Execucao 2
 -- BestCostGenaration: [-286.70783951809267, -470.62890485184914, -636.74764212407729, -700.81046587262972, -769.7056875778751, -925.00727748301961, -963.43310976629664, -1030.4699805421401, -1048.6602389885886, -1067.3490050114256, -1086.4205821257892, -1121.6958755241953, -1126.309900169337, -1151.6243995211958, -1154.2331174795117, -1175.6603302296282, -1197.6427396967053, -1198.4444805565363, -1199.5002086465372, -1214.7842728398493, -1218.6877646007567, -1220.2811471514294, -1222.8107505142418, -1224.9674386524448]
 -- BestCostElement: [-1224.96743865 -1224.96743865 -1224.96743865 -1224.96743865]
 -- BestRoute: [array([ 0,  8,  6,  3,  4,  5,  7, 10,  9, 11,  0]), array([ 1, 14, 12, 13, 17, 20, 21, 19, 18, 16, 15,  1]), array([ 2, 31, 28, 27, 25, 24, 22, 23, 29, 26, 30,  2])]
 -- Custo: 
 ---------22.5366310572
 ---------23.8770543023
 ---------24.8444549774
 ---- Total: 71.2581403369
 -- Premio: 
 ---------49.0
 ---------48.0
 ---------54.0
 ---- Total: 151.0
 - Execucao 3
 -- BestCostGenaration: [-278.73401175631318, -456.62141851313885, -678.2970098548027, -827.39653998478843, -897.29068863936186, -956.41282652823816, -1008.5671570534017, -1036.5375965610287, -1064.0600381861675, -1117.1011277518792, -1124.4628207320459, -1138.6707463837342, -1156.2769023964697, -1170.2392686604228, -1175.7172018522797, -1194.8775756802561, -1201.2795095327861, -1205.0046195127866, -1207.6057456722781, -1210.6614737622788, -1212.7094582434609, -1213.9751822612636, -1215.9069265307555, -1219.7651863334618, -1221.3692720700838, -1225.422040582954]
 -- BestCostElement: [-1225.42204058 -1225.42204058 -1225.42204058 -1225.42204058]
 -- BestRoute: [array([ 0,  7,  5,  4,  3,  6,  8, 11,  9, 10,  0]), array([ 1, 15, 12, 14, 13, 17, 20, 21, 19, 18, 16,  1]), array([ 2, 31, 28, 27, 25, 24, 22, 23, 29, 26, 30,  2])]
 -- Custo: 
 ---------21.365058182
 ---------24.9349766949
 ---------24.8444549774
 ---- Total: 71.1444898543
 -- Premio: 
 ---------49.0
 ---------48.0
 ---------54.0
 ---- Total: 151.0
 - Execucao 4
 -- BestCostGenaration: [-267.28798355633813, -548.50767390977467, -616.777713361407, -713.98536154096985, -862.86476584485104, -883.63328332849483, -968.25912811679177, -993.9154331883708, -1061.1252835740124, -1066.965088238775, -1126.8435780805194, -1132.5532260701225, -1157.7008399762017, -1184.7348744234985, -1190.2535704663824, -1190.9338012565511, -1201.9779347842443, -1205.1160756927882, -1213.5774233250922, -1220.9439003369475, -1222.9222066942434, -1224.0494575809234, -1229.2916432832292, -1232.3101905128883, -1233.9407539239025]
 -- BestCostElement: [-1233.94075392 -1233.94075392 -1233.94075392 -1233.94075392]
 -- BestRoute: [array([ 0,  6,  3,  4,  5,  7, 10,  9, 11,  8,  0]), array([ 1, 15, 12, 14, 13, 17, 20, 21, 19, 18, 16,  1]), array([ 2, 28, 27, 25, 24, 22, 23, 26, 29, 30, 31,  2])]
 -- Custo: 
 ---------22.1289902045
 ---------24.9349766949
 ---------21.9508446196
 ---- Total: 69.014811519
 -- Premio: 
 ---------49.0
 ---------48.0
 ---------54.0
 ---- Total: 151.0
 - Execucao 5
 -- BestCostGenaration: [-271.11857647490467, -508.35313340061799, -591.3416548680209, -666.49200447984413, -786.89720203049615, -837.30971461679405, -921.40444320779977, -964.87416376002534, -1028.1237156578352, -1040.3543673923309, -1064.6436443020873, -1095.4410096004747, -1105.8011157907886, -1108.6482618881562, -1126.3770157674958, -1132.2195366878254, -1155.5440347737831, -1158.6897262708633, -1163.9251663599671, -1174.9020218459409, -1189.2537579710367, -1189.2605684130626, -1199.2117930790064, -1200.2936482164923, -1202.9010441571522, -1219.1119313727195, -1227.1119313727195, -1231.7454543608642]
 -- BestCostElement: [-1231.74545436 -1231.74545436 -1231.74545436 -1231.74545436]
 -- BestRoute: [array([ 0,  5,  4,  3,  6,  8, 11,  9, 10,  7,  0]), array([ 1, 20, 17, 13, 14, 12, 15, 16, 18, 19, 21,  1]), array([ 2, 23, 26, 29, 30, 31, 28, 27, 25, 24,  2])]
 -- Custo: 
 ---------20.5366310572
 ---------24.5563958951
 ---------21.9706094575
 ---- Total: 67.0636364098
 -- Premio: 
 ---------49.0
 ---------48.0
 ---------53.0
 ---- Total: 150.0
 - Execucao 6
 -- BestCostGenaration: [-389.44810513942923, -539.3434336205172, -679.36558976206356, -753.79144457730195, -861.3974761451733, -884.44890447297496, -921.49845274927861, -975.53855641056589, -1005.135385730075, -1070.3099167986618, -1073.4095548214746, -1113.3952986826775, -1122.7124763289439, -1134.7159397193716, -1136.7577177754874, -1149.1666957882305, -1163.2003497465466, -1183.9244618195235, -1193.1217663158247, -1201.4913666958037, -1204.1774944058257, -1211.592119689856, -1214.3152414243054, -1225.7344869490307]
 -- BestCostElement: [-1225.73448695 -1225.73448695 -1225.73448695 -1225.73448695]
 -- BestRoute: [array([ 0,  7,  5,  4,  3,  6,  8, 11, 10,  9,  0]), array([ 1, 12, 15, 16, 18, 19, 21, 20, 13, 14, 17,  1]), array([ 2, 23, 22, 24, 25, 27, 28, 31, 30, 29, 26,  2])]
 -- Custo: 
 ---------21.365058182
 ---------27.5525650384
 ---------22.1487550423
 ---- Total: 71.0663782627
 -- Premio: 
 ---------49.0
 ---------48.0
 ---------54.0
 ---- Total: 151.0
 - Execucao 7
 -- BestCostGenaration: [-336.26009322034508, -495.7457455215204, -599.31683385221311, -728.14533696709282, -809.88117496900622, -863.3851901062053, -924.45601029001978, -1016.9458956270266, -1056.5236905251707, -1097.0897486356816, -1116.6522811846376, -1137.8797444045124, -1139.6595845674897, -1166.8267688374924, -1169.7758247791799, -1195.0652688500245, -1201.5286479910362, -1206.9799397175075, -1209.2645615918768, -1215.7710407474915, -1217.2645615918768, -1225.2645615918768, -1225.3280332906966, -1233.3280332906966]
 -- BestCostElement: [-1233.32803329 -1233.32803329 -1233.32803329 -1233.32803329]
 -- BestRoute: [array([ 0,  5,  4,  3,  6,  8, 11,  9, 10,  7,  0]), array([ 1, 14, 13, 12, 15, 16, 18, 19, 21, 20, 17,  1]), array([ 2, 23, 22, 24, 25, 27, 28, 31, 29, 26, 30,  2])]
 -- Custo: 
 ---------20.5366310572
 ---------23.6989087174
 ---------24.9324519027
 ---- Total: 69.1679916773
 -- Premio: 
 ---------49.0
 ---------48.0
 ---------54.0
 ---- Total: 151.0
 - Execucao 8
 -- BestCostGenaration: [-251.90056896443463, -524.63990143284582, -620.23696200228278, -700.49812011385734, -881.39781610626221, -911.05742287873534, -1021.863722100814, -1024.2875674612908, -1057.1543103730487, -1069.6228851434025, -1126.5411951810388, -1130.8843409315464, -1168.2951752431627, -1176.8147943994195, -1182.6904719330018, -1186.3629449918913, -1191.2868592515408, -1203.6618708136821, -1209.6644333394092, -1220.0866384412652, -1224.3109814543557, -1225.9043640050284]
 -- BestCostElement: [-1225.90436401 -1225.90436401 -1225.90436401 -1225.90436401]
 -- BestRoute: [array([ 0,  7,  5,  4,  3,  6,  8, 11,  9, 10,  0]), array([ 1, 14, 12, 13, 17, 20, 15, 16, 18, 21, 19,  1]), array([ 2, 31, 30, 29, 26, 23, 22, 24, 25, 27, 28,  2])]
 -- Custo: 
 ---------21.365058182
 ---------27.7080061971
 ---------21.9508446196
 ---- Total: 71.0239089987
 -- Premio: 
 ---------49.0
 ---------48.0
 ---------54.0
 ---- Total: 151.0
