 - Execucao 0
 -- BestCostGenaration: [-407.96297036950597, -495.6891125221264, -506.375542579161, -529.0767820210851, -561.5174771808659, -565.0090655673059, -605.9973287796728, -643.2192678805175, -658.603193780117, -676.941600689672, -702.4260058690974, -719.105825382544, -748.8301445096703, -775.5164360106855, -784.8188016121013, -794.3669522045728]
 -- BestCostElement: [-794.3669522 -794.3669522 -794.3669522 -794.3669522]
 -- BestRoute: [array([ 0,  4,  3,  2,  5,  7, 10,  8,  9,  0]), array([ 1, 19, 18, 15, 12, 11, 13, 14, 16, 17,  1])]
 -- Premio: 
 ---------19.25209583010962
 ---------19.543203766865055
 -- Custo: 
 ---------45.0
 ---------49.0
 - Execucao 1
 -- BestCostGenaration: [-419.2260587730482, -469.8568292382123, -499.04608263665443, -548.0756836791704, -585.6779081805768, -601.6283933462875, -617.1203579563144, -635.1731264691848, -640.2875422263169, -676.226265827198, -684.1621544167585, -716.1621544167585, -716.9537961076002, -718.5843595186145, -728.132510111086]
 -- BestCostElement: [-728.13251011 -728.13251011 -728.13251011 -728.13251011]
 -- BestRoute: [array([ 0,  4,  3,  2,  5,  7, 10,  9,  8,  0]), array([ 1, 11, 13, 14, 16, 17, 15, 19,  1])]
 -- Premio: 
 ---------19.36505818199175
 ---------18.60181429023674
 -- Custo: 
 ---------46.0
 ---------42.0
 - Execucao 2
 -- BestCostGenaration: [-387.0577107603891, -438.8082870759731, -472.158800949564, -542.5585627661296, -548.2443322884809, -597.3718980996751, -632.6559622929874, -640.3377220071995, -678.0285452950179, -681.0550431876455, -720.2027275117008, -746.7180486180489, -758.132510111086, -767.6806607035576, -775.5164360106855, -784.8188016121013, -794.3669522045728]
 -- BestCostElement: [-794.3669522 -794.3669522 -794.3669522 -794.3669522]
 -- BestRoute: [array([ 0,  4,  3,  2,  5,  7, 10,  8,  9,  0]), array([ 1, 19, 18, 15, 12, 11, 13, 14, 16, 17,  1])]
 -- Premio: 
 ---------19.36505818199175
 ---------19.543203766865055
 -- Custo: 
 ---------46.0
 ---------49.0
 - Execucao 3
 -- BestCostGenaration: [-478.54277011232006, -508.44985910910873, -548.8334979768648, -556.2174238764643, -583.34124390598, -598.9125573282132, -608.6834564896949, -670.9497381885549, -688.5195824237304, -737.3408684202445, -745.7893643605785, -753.4462186100708, -771.9447471027169, -784.8188016121013, -794.3669522045728]
 -- BestCostElement: [-794.3669522 -794.3669522 -794.3669522 -794.3669522]
 -- BestRoute: [array([ 0,  4,  3,  2,  5,  7, 10,  8,  9,  0]), array([ 1, 19, 18, 15, 12, 11, 13, 14, 16, 17,  1])]
 -- Premio: 
 ---------19.36505818199175
 ---------19.543203766865055
 -- Custo: 
 ---------46.0
 ---------49.0
 - Execucao 4
 -- BestCostGenaration: [-413.67790818057676, -484.26344668753967, -548.0594403988771, -573.5319232283232, -596.6018084063589, -602.9125573282131, -607.9865251588326, -634.3553577308584, -652.8557308962975, -655.968285418214, -670.5654183988913, -678.6807039667141, -684.1621544167585, -703.546080316358, -718.5843595186145, -732.3965965102453, -735.7103050092301, -735.968285418214, -745.2706510196298, -754.8188016121013, -775.2584556017016, -784.8188016121012, -794.3669522045727]
 -- BestCostElement: [-794.3669522 -794.3669522 -794.3669522 -794.3669522]
 -- BestRoute: [array([ 0,  4,  3,  2,  5,  7, 10,  8,  9,  0]), array([ 1, 17, 16, 14, 13, 11, 12, 15, 18, 19,  1])]
 -- Premio: 
 ---------19.36505818199175
 ---------19.54320376686506
 -- Custo: 
 ---------46.0
 ---------49.0
 - Execucao 5
 -- BestCostGenaration: [-371.3765404861848, -455.8262936447747, -479.43110687816863, -537.9202557462963, -569.6623205280481, -621.6424247644576, -644.0797415982156, -686.6981528544584, -705.968285418214, -718.5843595186145, -728.132510111086, -741.6589670608535, -745.5164360106855, -753.4833994704125, -767.6806607035576]
 -- BestCostElement: [-767.6806607  -767.6806607  -763.03155006 -763.03155006]
 -- BestRoute: [array([ 0,  4,  3,  2,  5,  7, 10,  8,  9,  0]), array([ 1, 17, 16, 14, 13, 11, 12, 15, 19,  1])]
 -- Premio: 
 ---------19.36505818199175
 ---------18.714776642118867
 -- Custo: 
 ---------46.0
 ---------46.0
 - Execucao 6
 -- BestCostGenaration: [-443.00906556730587, -467.7214841158059, -508.9125573282132, -566.0289048054394, -610.7457318998922, -627.4462186100708, -635.4346241363564, -666.8969696756845, -674.950943796006, -675.3347624300691, -686.5843595186145, -704.5431207392276, -732.6545769192293, -745.2706510196298, -748.5721641006863, -772.9943692025422, -775.5164360106855, -784.8188016121012, -794.3669522045727]
 -- BestCostElement: [-794.3669522 -794.3669522 -794.3669522 -794.3669522]
 -- BestRoute: [array([ 0,  4,  3,  2,  5,  7, 10,  9,  8,  0]), array([ 1, 17, 16, 14, 13, 11, 12, 15, 18, 19,  1])]
 -- Premio: 
 ---------19.36505818199175
 ---------19.54320376686506
 -- Custo: 
 ---------46.0
 ---------49.0
 - Execucao 7
 -- BestCostGenaration: [-424.75586919001034, -477.12035795631436, -523.5309685844559, -581.7178569343849, -594.516479273842, -620.1760860463153, -632.2559101328706, -642.8859158628277, -643.5797439185121, -666.8458185632223, -674.2851403302436, -677.2819939171987, -677.8568292382123, -708.9300062159575, -709.2819939171987, -718.2323718173733, -718.5843595186145, -719.0611943685566, -723.2845826491864, -743.9230534600129, -748.8301445096703, -767.6806607035576]
 -- BestCostElement: [-767.6806607  -767.6806607  -763.03155006 -763.03155006]
 -- BestRoute: [array([ 0,  4,  3,  2,  5,  7, 10,  8,  9,  0]), array([ 1, 17, 16, 14, 13, 11, 12, 15, 19,  1])]
 -- Premio: 
 ---------19.36505818199175
 ---------18.714776642118867
 -- Custo: 
 ---------46.0
 ---------46.0
 - Execucao 8
 -- BestCostGenaration: [-370.9726755598383, -456.6396937185513, -497.16348326505977, -525.1780742918662, -559.2752482154037, -632.2709380514732, -636.6018084063589, -636.8036898801992, -637.0501405556997, -644.0917020693233, -684.8597888153429, -709.1253057789959, -714.4079394078143, -717.1469994216999, -744.1810338689968, -745.2584556017016, -767.6806607035576]
 -- BestCostElement: [-767.6806607  -763.03155006 -758.13251011 -758.13251011]
 -- BestRoute: [array([ 0,  4,  3,  2,  5,  7, 10,  9,  8,  0]), array([ 1, 17, 16, 14, 13, 11, 12, 15, 19,  1])]
 -- Premio: 
 ---------19.36505818199175
 ---------18.714776642118867
 -- Custo: 
 ---------46.0
 ---------46.0
 - Execucao 9
 -- BestCostGenaration: [-356.1782361552803, -446.56266587591057, -499.74812558119146, -541.5164360106855, -564.5019467000716, -618.8420763479918, -644.8870121518737, -663.6162977169728, -675.4346241363564, -675.504906277202, -705.2292254043284, -706.6018084063589, -709.0240135082148, -709.2819939171987, -716.1621544167585, -718.5843595186145, -725.7103050092301, -726.5019467000717, -728.132510111086]
 -- BestCostElement: [-728.13251011 -728.13251011 -728.13251011 -728.13251011]
 -- BestRoute: [array([ 0,  4,  3,  2,  5,  7, 10,  9,  8,  0]), array([ 1, 11, 13, 14, 16, 17, 15, 19,  1])]
 -- Premio: 
 ---------19.36505818199175
 ---------18.60181429023674
 -- Custo: 
 ---------46.0
 ---------42.0
 - Execucao 10
 -- BestCostGenaration: [-442.5504704579823, -469.86736863316855, -550.1931294983115, -567.6251396677064, -626.1472064758495, -634.1032799137129, -657.6514305061844, -673.6694969674675, -689.4462186100708, -706.8597888153429, -707.6514305061844, -735.968285418214, -748.8301445096703, -775.5164360106855]
 -- BestCostElement: [-775.51643601 -775.51643601 -775.51643601 -775.51643601]
 -- BestRoute: [array([ 0,  2,  3,  4,  6,  9,  8, 10,  0]), array([ 1, 17, 16, 14, 13, 11, 12, 15, 18, 19,  1])]
 -- Premio: 
 ---------19.077687230463567
 ---------19.54320376686506
 -- Custo: 
 ---------44.0
 ---------49.0
 - Execucao 11
 -- BestCostGenaration: [-406.8446770834406, -508.51312580664745, -564.6279354538437, -604.2556465532639, -628.9468858769606, -637.2056870888312, -651.7364320567149, -679.5576747900725, -698.3114311687216, -713.5832611766998, -716.1621544167585, -718.5843595186145, -737.5225420008609, -753.4462186100708, -775.5164360106855, -784.8188016121013, -794.3669522045728]
 -- BestCostElement: [-794.3669522 -794.3669522 -794.3669522 -794.3669522]
 -- BestRoute: [array([ 0,  4,  3,  2,  5,  7, 10,  8,  9,  0]), array([ 1, 19, 18, 15, 12, 11, 13, 14, 16, 17,  1])]
 -- Premio: 
 ---------19.36505818199175
 ---------19.543203766865055
 -- Custo: 
 ---------46.0
 ---------49.0
 - Execucao 12
 -- BestCostGenaration: [-401.6217862005118, -508.8082870759731, -540.4989305974842, -581.1810771321533, -614.4079394078143, -679.381855623486, -680.0345096400144, -684.8597888153429, -718.4276713804117, -719.105825382544, -728.132510111086, -758.132510111086, -763.031550062884, -767.6806607035576]
 -- BestCostElement: [-767.6806607  -767.6806607  -763.03155006 -763.03155006]
 -- BestRoute: [array([ 0,  4,  3,  2,  5,  7, 10,  8,  9,  0]), array([ 1, 17, 16, 14, 13, 11, 12, 15, 19,  1])]
 -- Premio: 
 ---------19.36505818199175
 ---------18.714776642118867
 -- Custo: 
 ---------46.0
 ---------46.0
 - Execucao 13
 -- BestCostGenaration: [-453.2117765165841, -470.96164698195525, -536.445120268156, -626.4903522263572, -680.8788746529907, -705.968285418214, -718.5843595186145, -745.2706510196298, -754.8188016121013]
 -- BestCostElement: [-754.81880161 -745.27065102 -745.27065102 -745.27065102]
 -- BestRoute: [array([ 0,  4,  3,  2,  5,  7, 10,  9,  8,  0]), array([ 1, 11, 13, 14, 16, 17, 15, 18, 19,  1])]
 -- Premio: 
 ---------19.36505818199175
 ---------19.43024141498293
 -- Custo: 
 ---------46.0
 ---------45.0
 - Execucao 14
 -- BestCostGenaration: [-369.88666354113843, -461.8262936447747, -538.719433991807, -547.9464279845168, -573.5920579366978, -598.7336362705776, -654.0594403988771, -675.504906277202, -677.927111379058, -705.968285418214, -706.8597888153429, -712.5957024161835, -718.5843595186145, -724.0797415982157, -725.7103050092301, -728.132510111086, -731.4462186100709]
 -- BestCostElement: [-731.44621861 -731.44621861 -731.44621861 -731.44621861]
 -- BestRoute: [array([ 0,  4,  3,  2,  5,  7, 10,  9,  8,  0]), array([ 1, 11, 13, 14, 16, 17, 19, 15,  1])]
 -- Premio: 
 ---------19.36505818199175
 ---------17.773387165490547
 -- Custo: 
 ---------46.0
 ---------42.0
 - Execucao 15
 -- BestCostGenaration: [-432.47540428544823, -477.40408854291877, -514.1557848469765, -546.4803947025464, -557.6374150633283, -604.4201348257425, -629.6690662298431, -643.4670209650097, -677.1469994216999, -678.4903522263572, -681.5753105137312, -717.1469994216999, -719.0611943685566, -742.6838071166025, -745.2584556017016, -745.5164360106855, -772.2027275117008, -784.8188016121013, -794.3669522045728]
 -- BestCostElement: [-794.3669522 -794.3669522 -794.3669522 -794.3669522]
 -- BestRoute: [array([ 0,  4,  3,  2,  5,  7, 10,  8,  9,  0]), array([ 1, 19, 18, 15, 12, 11, 13, 14, 16, 17,  1])]
 -- Premio: 
 ---------19.36505818199175
 ---------19.543203766865055
 -- Custo: 
 ---------46.0
 ---------49.0
 - Execucao 16
 -- BestCostGenaration: [-398.42491885743095, -472.81838624496265, -527.7041990190547, -548.0068516523138, -594.6212602414, -639.927046638827, -656.9933141237841, -672.2106781746693, -674.1019745176484, -714.4079394078143, -721.736595847708, -748.5721641006863, -748.8301445096703, -775.2584556017016, -775.5164360106855]
 -- BestCostElement: [-775.51643601 -775.51643601 -775.51643601 -775.51643601]
 -- BestRoute: [array([ 0,  2,  3,  4,  6,  9,  8, 10,  0]), array([ 1, 19, 18, 15, 12, 11, 13, 14, 16, 17,  1])]
 -- Premio: 
 ---------19.077687230463567
 ---------19.543203766865055
 -- Custo: 
 ---------44.0
 ---------49.0
 - Execucao 17
 -- BestCostGenaration: [-368.2290839779417, -488.47290333861287, -492.26291057215, -563.994576256692, -593.7103050092301, -602.0284037384323, -638.3486120290634, -642.9186633183886, -662.1400014750195, -666.7921601467158, -673.4115165584835, -690.3965965102453, -703.2880999073741, -706.6018084063589, -707.2367619589976, -709.2819939171987, -740.8673253700119, -743.9230534600129, -744.1810338689968, -746.0500972925431, -748.8301445096703]
 -- BestCostElement: [-748.83014451 -748.83014451 -748.83014451 -748.83014451]
 -- BestRoute: [array([ 0,  2,  3,  4,  6,  9,  8, 10,  0]), array([ 1, 17, 16, 14, 13, 11, 12, 15, 19,  1])]
 -- Premio: 
 ---------19.077687230463567
 ---------18.714776642118867
 -- Custo: 
 ---------44.0
 ---------46.0
 - Execucao 18
 -- BestCostGenaration: [-407.75866497614766, -484.50248597680036, -542.226265827198, -565.8452995047289, -587.6951932773279, -607.3116382228714, -631.5424531349371, -641.4115165584835, -644.0917020693233, -645.1549500846685, -672.4340664552991, -674.8597888153429, -685.968285418214, -691.2845826491864, -706.8597888153429, -714.4079394078143, -744.519395587816, -748.8301445096703, -758.132510111086, -775.5164360106855, -784.8188016121012, -794.3669522045727]
 -- BestCostElement: [-794.3669522 -794.3669522 -794.3669522 -794.3669522]
 -- BestRoute: [array([ 0,  4,  3,  2,  5,  7, 10,  8,  9,  0]), array([ 1, 17, 16, 14, 13, 11, 12, 15, 18, 19,  1])]
 -- Premio: 
 ---------19.36505818199175
 ---------19.54320376686506
 -- Custo: 
 ---------46.0
 ---------49.0
 - Execucao 19
 -- BestCostGenaration: [-368.7185245386754, -467.66579928896164, -524.132510111086, -532.6983166454515, -587.0509852686002, -619.2819939171989, -621.3522113178135, -624.0646298663135, -636.8036898801992, -653.7425854868475, -666.0646298663136, -678.3336640881544, -679.895215706005, -701.1203579563144, -709.9155169053437, -721.8980680175994, -729.0240135082149, -731.4462186100709]
 -- BestCostElement: [-731.44621861 -731.44621861 -731.44621861 -731.44621861]
 -- BestRoute: [array([ 0,  4,  3,  2,  5,  7, 10,  8,  9,  0]), array([ 1, 11, 13, 14, 16, 17, 19, 15,  1])]
 -- Premio: 
 ---------19.36505818199175
 ---------17.773387165490547
 -- Custo: 
 ---------46.0
 ---------42.0
 - Execucao 20
 -- BestCostGenaration: [-421.66871560293555, -495.17329026017785, -514.1694393952823, -575.1793211096051, -592.7558691900103, -606.58686046545, -626.0756836791704, -660.9125573282131, -666.132510111086, -695.6621567370549, -705.3669954677293, -718.5843595186145, -745.2706510196298, -754.8188016121013, -759.9447471027169, -784.8188016121012, -794.3669522045727]
 -- BestCostElement: [-794.3669522 -794.3669522 -794.3669522 -794.3669522]
 -- BestRoute: [array([ 0,  4,  3,  2,  5,  7, 10,  8,  9,  0]), array([ 1, 17, 16, 14, 13, 11, 12, 15, 18, 19,  1])]
 -- Premio: 
 ---------19.36505818199175
 ---------19.54320376686506
 -- Custo: 
 ---------46.0
 ---------49.0
 - Execucao 21
 -- BestCostGenaration: [-419.3375149530499, -440.59829114817114, -476.1699800561398, -508.178281346016, -572.3814847783432, -583.580949525963, -602.9497381885549, -646.6884043123764, -648.0269730853454, -677.8568292382123, -681.8332909227152, -684.8597888153429, -712.7558691900103, -735.6162977169728, -748.8301445096703, -775.5164360106855]
 -- BestCostElement: [-775.51643601 -775.51643601 -775.51643601 -775.51643601]
 -- BestRoute: [array([ 0,  2,  3,  4,  6,  9,  8, 10,  0]), array([ 1, 19, 18, 15, 12, 11, 13, 14, 16, 17,  1])]
 -- Premio: 
 ---------19.077687230463567
 ---------19.543203766865055
 -- Custo: 
 ---------44.0
 ---------49.0
 - Execucao 22
 -- BestCostGenaration: [-426.3408405275736, -476.8625413383236, -512.6293208276019, -561.2553524518132, -599.546080316358, -618.5275330866989, -628.1032799137129, -634.5843595186145, -645.1354696882165, -647.3934500972005, -684.1621544167585, -686.5843595186145, -706.6018084063589, -706.8597888153429, -716.1621544167585, -725.7103050092301, -743.9230534600129, -744.1810338689968, -745.2584556017016, -748.5721641006863, -748.8301445096703, -767.6806607035576]
 -- BestCostElement: [-767.6806607  -763.03155006 -758.13251011 -758.13251011]
 -- BestRoute: [array([ 0,  4,  3,  2,  5,  7, 10,  9,  8,  0]), array([ 1, 17, 16, 14, 13, 11, 12, 15, 19,  1])]
 -- Premio: 
 ---------19.36505818199175
 ---------18.714776642118867
 -- Custo: 
 ---------46.0
 ---------46.0
 - Execucao 23
 -- BestCostGenaration: [-479.2819939171988, -502.518073629329, -544.1966215215253, -563.0618340801761, -585.7893643605785, -628.6137688774666, -653.8980680175994, -677.2819939171987, -677.3116382228714, -706.4201348257425, -711.0942309088296, -735.968285418214, -775.5164360106855]
 -- BestCostElement: [-775.51643601 -775.51643601 -775.51643601 -775.51643601]
 -- BestRoute: [array([ 0,  2,  3,  4,  6,  9,  8, 10,  0]), array([ 1, 17, 16, 14, 13, 11, 12, 15, 18, 19,  1])]
 -- Premio: 
 ---------19.077687230463567
 ---------19.54320376686506
 -- Custo: 
 ---------44.0
 ---------49.0
 - Execucao 24
 -- BestCostGenaration: [-397.4458032429322, -474.6396937185513, -519.8005434671543, -578.043286850517, -591.5536168710272, -616.4923486866824, -618.609344961028, -647.4049798306838, -658.9943692025423, -681.8332909227152, -683.3806402617954, -708.5195824237304, -712.4607079206846, -715.6398526617949, -733.9757767821475, -744.143853008655, -745.5164360106855, -745.968285418214, -754.6249326135567, -775.5164360106855, -784.8188016121013, -794.3669522045728]
 -- BestCostElement: [-794.3669522 -794.3669522 -794.3669522 -794.3669522]
 -- BestRoute: [array([ 0,  4,  3,  2,  5,  7, 10,  9,  8,  0]), array([ 1, 19, 18, 15, 12, 11, 13, 14, 16, 17,  1])]
 -- Premio: 
 ---------19.36505818199175
 ---------19.543203766865055
 -- Custo: 
 ---------46.0
 ---------49.0
 - Execucao 25
 -- BestCostGenaration: [-427.85347577101777, -490.07932623107706, -525.4421606910255, -556.9300062159575, -585.5136834877047, -611.5425630581703, -624.8936162084899, -633.9004051734415, -661.3191747775405, -672.52873869415, -703.546080316358, -716.9537961076002, -724.0797415982157, -728.132510111086, -745.5164360106855, -767.6806607035576]
 -- BestCostElement: [-767.6806607  -763.62789219 -763.03155006 -758.13251011]
 -- BestRoute: [array([ 0,  4,  3,  2,  5,  7, 10,  9,  8,  0]), array([ 1, 17, 16, 14, 13, 11, 12, 15, 19,  1])]
 -- Premio: 
 ---------19.36505818199175
 ---------18.714776642118867
 -- Custo: 
 ---------46.0
 ---------46.0
 - Execucao 26
 -- BestCostGenaration: [-368.09092070479153, -453.5309685844559, -549.8858725996711, -588.9827747288278, -600.2071609164816, -606.0646298663135, -644.8870121518737, -659.0942309088296, -696.3553577308583, -718.5843595186145, -720.2027275117007, -750.3965965102453, -759.9447471027169, -771.9447471027167, -775.5164360106855, -784.8188016121012, -794.3669522045727]
 -- BestCostElement: [-794.3669522 -794.3669522 -794.3669522 -794.3669522]
 -- BestRoute: [array([ 0,  4,  3,  2,  5,  7, 10,  8,  9,  0]), array([ 1, 17, 16, 14, 13, 11, 12, 15, 18, 19,  1])]
 -- Premio: 
 ---------19.36505818199175
 ---------19.54320376686506
 -- Custo: 
 ---------46.0
 ---------49.0
 - Execucao 27
 -- BestCostGenaration: [-415.89061144062384, -488.5019467000717, -548.5889985709538, -563.3934500972005, -582.1314550323277, -630.7895714147281, -641.2668821852966, -644.0917020693233, -647.7338433247273, -671.7335797451206, -676.2584988648581, -679.5576747900725, -679.7338433247273, -718.5843595186145, -723.2845826491864, -723.7103050092301, -728.132510111086, -735.3583173079888, -745.5164360106855, -748.5721641006863, -767.6806607035576, -772.2027275117007, -775.5164360106855, -784.8188016121012, -794.3669522045727]
 -- BestCostElement: [-794.3669522 -794.3669522 -794.3669522 -794.3669522]
 -- BestRoute: [array([ 0,  4,  3,  2,  5,  7, 10,  9,  8,  0]), array([ 1, 17, 16, 14, 13, 11, 12, 15, 18, 19,  1])]
 -- Premio: 
 ---------19.36505818199175
 ---------19.54320376686506
 -- Custo: 
 ---------46.0
 ---------49.0
 - Execucao 28
 -- BestCostGenaration: [-433.31582131034594, -486.3753787881678, -528.7041424935978, -549.3454656160185, -623.1616957864635, -627.6032822340092, -643.8643206021458, -645.5738429296176, -678.3336640881544, -686.7971079693973, -718.5843595186145, -723.7103050092301, -743.8332909227152, -745.7921168835592, -753.4833994704126, -771.9447471027169, -772.2027275117008, -784.8188016121013, -794.3669522045728]
 -- BestCostElement: [-794.3669522 -794.3669522 -794.3669522 -794.3669522]
 -- BestRoute: [array([ 0,  4,  3,  2,  5,  7, 10,  8,  9,  0]), array([ 1, 19, 18, 15, 12, 11, 13, 14, 16, 17,  1])]
 -- Premio: 
 ---------19.36505818199175
 ---------19.543203766865055
 -- Custo: 
 ---------46.0
 ---------49.0
 - Execucao 29
 -- BestCostGenaration: [-424.6032389708527, -477.21394988143305, -542.226265827198, -560.6808677577072, -587.9155169053437, -594.0917020693233, -625.4682877385104, -645.211776516584, -671.3522113178135, -679.7338433247273, -711.8858725996711, -714.4079394078143, -737.4156830166332, -748.8301445096703, -775.5164360106855]
 -- BestCostElement: [-775.51643601 -775.51643601 -775.51643601 -775.51643601]
 -- BestRoute: [array([ 0,  2,  3,  4,  6,  9,  8, 10,  0]), array([ 1, 19, 18, 15, 12, 11, 13, 14, 16, 17,  1])]
 -- Premio: 
 ---------19.077687230463567
 ---------19.543203766865055
 -- Custo: 
 ---------44.0
 ---------49.0
