 - Execucao 0
 -- BestCostGenaration: [-492.95379610760017, -530.6152894094317, -620.2334517549596, -638.6995446515464, -675.0503455569806, -714.4661443789903, -745.7315475901356, -768.4374846627247, -773.7427018378835, -792.3749028675413, -794.7132645863605, -798.1878443110228, -803.5536168710272, -806.8673253700119, -809.2584556017016, -812.941600689672, -813.2367619589976, -813.3934500972005, -823.363805791528]
 -- BestCostElement: [-823.36380579 -820.05009729 -820.05009729 -820.05009729]
 -- BestRoute: [array([ 0,  4,  3,  2,  5,  7, 10,  8,  9,  6,  0]), array([ 1, 17, 16, 14, 13, 11, 12, 15, 19, 20,  1])]
 -- Premio: 
 ---------20.536631057245557
 ---------21.122417494872465
 -- Custo: 
 ---------49.0
 ---------50.0
 - Execucao 1
 -- BestCostGenaration: [-473.2305720106807, -509.6522214476517, -616.812595187035, -644.4972490694067, -685.0631004474103, -710.6598082509645, -735.292533312155, -779.7581890555211, -783.2847464401796, -784.9230967231694, -793.9710379411948, -802.0797415982156, -810.0797415982157, -811.5164360106855, -819.2584556017016, -820.683620280688]
 -- BestCostElement: [-820.68362028 -819.2584556  -819.2584556  -817.36991178]
 -- BestRoute: [array([ 0,  4,  6,  9,  8, 10,  7,  5,  2,  3,  0]), array([ 1, 12, 11, 13, 14, 16, 17, 20, 19, 15,  1])]
 -- Premio: 
 ---------21.00876701224514
 ---------21.32032791758285
 -- Custo: 
 ---------49.0
 ---------50.0
 - Execucao 2
 -- BestCostGenaration: [-470.31352288727305, -519.5575743551816, -582.0950650248602, -624.1753300722528, -658.0063916584974, -686.0999676568061, -700.6813689133076, -734.4071359052016, -749.4791777603741, -764.4100070284398, -769.5021537542214, -779.4571086319345, -780.1209803776027, -791.3528770022583, -802.6018084063589, -810.0797415982157, -813.3934500972005, -815.8156551990564]
 -- BestCostElement: [-815.8156552 -813.3934501 -812.5019467 -812.5019467]
 -- BestRoute: [array([ 0,  4,  3,  2,  5,  7, 10,  8,  9,  6,  0]), array([ 1, 15, 12, 11, 13, 14, 16, 17, 19, 20,  1])]
 -- Premio: 
 ---------20.536631057245557
 ---------23.009455142990337
 -- Custo: 
 ---------49.0
 ---------50.0
 - Execucao 3
 -- BestCostGenaration: [-528.6209591761849, -580.8434700776274, -650.3219705636778, -668.7325811918193, -700.5725662055245, -729.2365529772687, -743.5189148194398, -767.7441972312014, -770.2173248257022, -777.2063046623698, -777.6220530802406, -781.3475136871486, -785.4002822000189, -794.8774892792326, -810.0797415982157, -813.3934500972005]
 -- BestCostElement: [-813.3934501  -813.02401351 -811.50490628 -810.0797416 ]
 -- BestRoute: [array([ 0,  4,  3,  2,  5,  7, 10,  8,  9,  6,  0]), array([ 1, 12, 11, 13, 14, 16, 17, 15, 19, 20,  1])]
 -- Premio: 
 ---------20.536631057245557
 ---------23.615006418454325
 -- Custo: 
 ---------49.0
 ---------50.0
 - Execucao 4
 -- BestCostGenaration: [-505.7515288973527, -522.455534494683, -574.318011034884, -636.7766910944447, -706.9453296426021, -723.3191747775404, -737.786464609027, -754.6809541587307, -770.9258492461502, -778.508052690247, -781.2471127041326, -788.8530431135479, -799.0240135082148, -801.2880999073741, -807.0240135082148, -813.3934500972005]
 -- BestCostElement: [-813.3934501  -807.02401351 -805.3934501  -805.13546969]
 -- BestRoute: [array([ 0,  4,  3,  2,  5,  7, 10,  8,  9,  6,  0]), array([ 1, 12, 11, 13, 14, 16, 17, 15, 19, 20,  1])]
 -- Premio: 
 ---------20.536631057245557
 ---------23.615006418454325
 -- Custo: 
 ---------49.0
 ---------50.0
 - Execucao 5
 -- BestCostGenaration: [-503.041736347785, -511.6302546484056, -573.8567288033214, -609.0773861266381, -653.7592854698569, -730.7353337148, -734.1620539818678, -770.1989846501928, -774.0345096400144, -784.9909769679418, -791.7952835148394, -805.6913638895069, -808.8188016121012, -812.941600689672, -815.363805791528, -823.363805791528]
 -- BestCostElement: [-823.36380579 -821.47526197 -820.05009729 -820.05009729]
 -- BestRoute: [array([ 0,  4,  3,  2,  5,  7, 10,  8,  9,  6,  0]), array([ 1, 17, 16, 14, 13, 11, 12, 15, 19, 20,  1])]
 -- Premio: 
 ---------20.536631057245557
 ---------21.122417494872465
 -- Custo: 
 ---------49.0
 ---------50.0
 - Execucao 6
 -- BestCostGenaration: [-457.2926971031481, -533.3982341288888, -584.3932297807503, -600.5370755088354, -658.8484459177739, -734.6426318186072, -749.6682396823091, -780.696354975345, -780.911682669773, -790.6695248601383, -790.8530431135478, -794.2661992105204, -808.1762498373084, -815.363805791528, -823.363805791528]
 -- BestCostElement: [-823.36380579 -821.47526197 -820.05009729 -819.6806607 ]
 -- BestRoute: [array([ 0,  4,  3,  2,  5,  7, 10,  8,  9,  6,  0]), array([ 1, 17, 16, 14, 13, 11, 12, 15, 19, 20,  1])]
 -- Premio: 
 ---------20.536631057245557
 ---------21.122417494872465
 -- Custo: 
 ---------49.0
 ---------50.0
 - Execucao 7
 -- BestCostGenaration: [-502.1144671118404, -543.2596320900575, -556.315388652876, -621.1673354998502, -674.3584253113764, -707.2461050653316, -715.7340333219809, -737.4778119361114, -743.6461935987907, -776.4397670097264, -790.9275052691221, -792.9214158413694, -793.0795345440661, -804.493104749338, -805.3112241145719, -808.3669522045728, -819.6806607035576]
 -- BestCostElement: [-819.6806607  -816.3669522  -815.03155006 -814.9943692 ]
 -- BestRoute: [array([ 0,  4,  3,  2,  5,  7, 10,  8,  9,  6,  0]), array([ 1, 19, 18, 15, 12, 11, 13, 14, 16, 17,  1])]
 -- Premio: 
 ---------20.536631057245557
 ---------19.543203766865055
 -- Custo: 
 ---------49.0
 ---------49.0
 - Execucao 8
 -- BestCostGenaration: [-504.05298480667494, -583.804060725342, -661.6991507614823, -700.9232605141625, -723.2210491380397, -733.660754628043, -745.5372383656245, -768.9612874715336, -789.8378881184891, -793.2523496115261, -797.6589670608536, -808.9943692025422, -820.0500972925431, -823.363805791528]
 -- BestCostElement: [-823.36380579 -820.05009729 -820.05009729 -818.71469515]
 -- BestRoute: [array([ 0,  4,  3,  2,  5,  7, 10,  8,  9,  6,  0]), array([ 1, 17, 16, 14, 13, 11, 12, 15, 19, 20,  1])]
 -- Premio: 
 ---------20.536631057245557
 ---------21.122417494872465
 -- Custo: 
 ---------49.0
 ---------50.0
 - Execucao 9
 -- BestCostGenaration: [-492.168886058169, -533.4864023106995, -587.5094813271617, -591.3366236652848, -668.7849773802932, -698.0216580366373, -710.7102478374957, -747.6875117510431, -749.8183237638957, -760.6076342545051, -781.1989413870363, -784.2811019606938, -796.9787815500137, -798.1087849596745, -804.2439662910876, -808.7470919795078, -821.4752619715296, -823.363805791528]
 -- BestCostElement: [-823.36380579 -821.47526197 -820.05009729 -819.6806607 ]
 -- BestRoute: [array([ 0,  4,  3,  2,  5,  7, 10,  8,  9,  6,  0]), array([ 1, 17, 16, 14, 13, 11, 12, 15, 19, 20,  1])]
 -- Premio: 
 ---------20.536631057245557
 ---------21.122417494872465
 -- Custo: 
 ---------49.0
 ---------50.0
 - Execucao 10
 -- BestCostGenaration: [-471.86032742333157, -518.1819657622214, -573.3344536674604, -654.9113167609729, -708.196888401254, -726.4843521867008, -753.3440350515248, -772.2368052221541, -773.5832611766998, -776.6652801051786, -787.7676707178744, -794.8713832890572, -796.3789607865866, -799.2880999073741, -800.8233988078753, -801.4462186100708, -806.2749959705184, -810.0797415982157, -815.8156551990564, -815.9541283301792, -823.363805791528]
 -- BestCostElement: [-823.36380579 -820.05009729 -819.6806607  -818.71469515]
 -- BestRoute: [array([ 0,  4,  3,  2,  5,  7, 10,  8,  9,  6,  0]), array([ 1, 17, 16, 14, 13, 11, 12, 15, 19, 20,  1])]
 -- Premio: 
 ---------20.536631057245557
 ---------21.122417494872465
 -- Custo: 
 ---------49.0
 ---------50.0
 - Execucao 11
 -- BestCostGenaration: [-412.4768996787662, -503.5730368392809, -600.3269380244478, -628.3158645735025, -729.2192678805176, -743.4270685086187, -773.3793894636086, -777.1354696882165, -779.1469994217, -787.8791268978761, -794.0797415982156, -803.3408684202445, -807.0240135082148, -809.4462186100708]
 -- BestCostElement: [-809.44621861 -807.02401351 -806.65457692 -805.3934501 ]
 -- BestRoute: [array([ 0,  5,  2,  3,  4,  6,  9,  8, 10,  7,  0]), array([ 1, 15, 12, 11, 13, 14, 16, 17, 19, 20,  1])]
 -- Premio: 
 ---------22.128990204491963
 ---------23.009455142990337
 -- Custo: 
 ---------49.0
 ---------50.0
 - Execucao 12
 -- BestCostGenaration: [-548.6052117225202, -597.8831200766904, -681.6231493692866, -699.726997922912, -728.6781018471364, -738.0276991979885, -755.3592498060416, -769.3662679709573, -777.390550345649, -781.1415756783919, -781.5066742063032, -789.2202844028327, -795.314390745852, -797.6049548194037, -805.3934500972005, -808.5455226353008, -823.363805791528]
 -- BestCostElement: [-823.36380579 -820.05009729 -819.6806607  -818.71469515]
 -- BestRoute: [array([ 0,  4,  3,  2,  5,  7, 10,  8,  9,  6,  0]), array([ 1, 17, 16, 14, 13, 11, 12, 15, 19, 20,  1])]
 -- Premio: 
 ---------20.536631057245557
 ---------21.122417494872465
 -- Custo: 
 ---------49.0
 ---------50.0
 - Execucao 13
 -- BestCostGenaration: [-497.2347202126815, -557.0385460819853, -586.2847897033362, -649.0669045410887, -661.5157962990659, -698.926630610682, -743.8394770236073, -754.5929664556252, -772.4045471732139, -776.534343528725, -780.2224142935625, -792.0005184558742, -798.6838071166025, -799.4043401190643, -802.084525629904, -803.3408684202444, -807.8217611892318]
 -- BestCostElement: [-807.82176119 -807.36991178 -806.39659651 -806.39659651]
 -- BestRoute: [array([ 0,  3,  2,  5,  7, 10,  8,  9,  6,  4,  0]), array([ 1, 12, 11, 13, 14, 16, 17, 15, 18, 19,  1])]
 -- Premio: 
 ---------21.008767012245137
 ---------22.035792690446918
 -- Custo: 
 ---------49.0
 ---------49.0
 - Execucao 14
 -- BestCostGenaration: [-476.9301930518719, -564.6114430064144, -620.2052063204551, -660.2600480296094, -726.7205921593008, -750.4976346162954, -757.8285932920502, -764.2430750033227, -779.0098564201801, -781.2476519808613, -797.8156551990564, -802.2439662910876, -808.0345096400144, -815.4009866518696, -819.6806607035576, -823.363805791528]
 -- BestCostElement: [-823.36380579 -820.05009729 -820.05009729 -820.05009729]
 -- BestRoute: [array([ 0,  4,  3,  2,  5,  7, 10,  8,  9,  6,  0]), array([ 1, 17, 16, 14, 13, 11, 12, 15, 19, 20,  1])]
 -- Premio: 
 ---------20.536631057245557
 ---------21.122417494872465
 -- Custo: 
 ---------49.0
 ---------50.0
 - Execucao 15
 -- BestCostGenaration: [-435.52422288266087, -596.1708965788787, -610.7983999778718, -669.1838296551341, -698.7987602228841, -731.0611491778209, -743.152304158484, -771.6582626090028, -781.2325597984545, -785.2517098999066, -797.1430062428857, -804.8301445096703, -808.5309900615305, -808.982839469059, -810.3452585618688, -816.9943692025422, -823.363805791528]
 -- BestCostElement: [-823.36380579 -821.47526197 -820.05009729 -819.6806607 ]
 -- BestRoute: [array([ 0,  4,  3,  2,  5,  7, 10,  8,  9,  6,  0]), array([ 1, 17, 16, 14, 13, 11, 12, 15, 19, 20,  1])]
 -- Premio: 
 ---------20.536631057245557
 ---------21.122417494872465
 -- Custo: 
 ---------49.0
 ---------50.0
 - Execucao 16
 -- BestCostGenaration: [-539.1026993567234, -584.1502093161366, -662.3846514096233, -704.5488761024953, -724.0768892866215, -742.8417801936725, -757.3668950328383, -771.829297743901, -777.4091241507525, -785.4003469402501, -795.8452995047289, -803.8452995047289, -813.3934500972005, -823.363805791528]
 -- BestCostElement: [-823.36380579 -819.6806607  -818.71469515 -816.00211281]
 -- BestRoute: [array([ 0,  4,  3,  2,  5,  7, 10,  8,  9,  6,  0]), array([ 1, 17, 16, 14, 13, 11, 12, 15, 19, 20,  1])]
 -- Premio: 
 ---------20.536631057245557
 ---------21.122417494872465
 -- Custo: 
 ---------49.0
 ---------50.0
 - Execucao 17
 -- BestCostGenaration: [-464.33350029716115, -496.43067422069873, -574.6617628469909, -625.6933502074788, -679.9898334352914, -689.8324643751812, -716.1806444746834, -766.107379043046, -766.3171865319894, -796.7268453780468, -806.2749959705184, -808.0763881310211, -813.3934500972005, -818.7146951508544, -823.363805791528]
 -- BestCostElement: [-823.36380579 -818.71469515 -815.95412833 -815.8156552 ]
 -- BestRoute: [array([ 0,  4,  3,  2,  5,  7, 10,  8,  9,  6,  0]), array([ 1, 17, 16, 14, 13, 11, 12, 15, 19, 20,  1])]
 -- Premio: 
 ---------20.536631057245557
 ---------21.122417494872465
 -- Custo: 
 ---------49.0
 ---------50.0
 - Execucao 18
 -- BestCostGenaration: [-455.43737665933713, -528.32473175921, -566.2963194368194, -606.1276509386496, -652.3006275478814, -678.4306742206987, -714.2770440416484, -739.9047132845034, -761.2290616133353, -767.1460091717659, -769.0117793228808, -781.961539716419, -783.8002091917065, -794.4600682090651, -795.5347374187891, -796.508052690247, -800.0317571170337, -803.3408684202444, -807.0240135082148, -808.8233988078753, -809.7103050092301, -813.3934500972005]
 -- BestCostElement: [-813.3934501  -813.02401351 -811.50490628 -811.13546969]
 -- BestRoute: [array([ 0,  4,  3,  2,  5,  7, 10,  8,  9,  6,  0]), array([ 1, 12, 11, 13, 14, 16, 17, 15, 19, 20,  1])]
 -- Premio: 
 ---------20.536631057245557
 ---------23.615006418454325
 -- Custo: 
 ---------49.0
 ---------50.0
 - Execucao 19
 -- BestCostGenaration: [-543.5688538966483, -577.7345889868658, -635.3776986536786, -694.5128367219354, -702.8631589118622, -740.7745656333448, -746.9760290270328, -765.4217890068086, -778.2323718173733, -791.1766437273725, -792.5565764481577, -806.8188016121012, -819.6806607035576, -821.4752619715296, -823.363805791528]
 -- BestCostElement: [-823.36380579 -821.47526197 -820.05009729 -819.6806607 ]
 -- BestRoute: [array([ 0,  4,  3,  2,  5,  7, 10,  8,  9,  6,  0]), array([ 1, 17, 16, 14, 13, 11, 12, 15, 19, 20,  1])]
 -- Premio: 
 ---------20.536631057245557
 ---------21.122417494872465
 -- Custo: 
 ---------49.0
 ---------50.0
 - Execucao 20
 -- BestCostGenaration: [-430.0709494964488, -498.5420844490626, -575.4945785769884, -595.4725094485489, -688.7333108786438, -709.6283325052469, -729.4945785769884, -754.4924804082041, -767.9642470486642, -774.7735696539, -779.2765220629846, -788.4788224928739, -789.3844443554736, -797.6623205280482, -798.2027275117007, -799.4489711330516, -804.0500972925431, -812.5721641006863, -813.3934500972005, -819.6806607035576, -823.363805791528]
 -- BestCostElement: [-823.36380579 -820.05009729 -819.6806607  -818.71469515]
 -- BestRoute: [array([ 0,  4,  3,  2,  5,  7, 10,  8,  9,  6,  0]), array([ 1, 17, 16, 14, 13, 11, 12, 15, 19, 20,  1])]
 -- Premio: 
 ---------20.536631057245557
 ---------21.122417494872465
 -- Custo: 
 ---------49.0
 ---------50.0
 - Execucao 21
 -- BestCostGenaration: [-411.10547475563646, -482.3096450047767, -563.4761932107433, -595.8370394251407, -660.8097728254531, -688.1331142166389, -705.3156827543266, -744.5516286254762, -758.3749028675413, -765.6514305061844, -780.570157239844, -790.5904655087899, -807.6961479211952, -812.5019467000717, -813.3934500972005, -815.9541283301792, -818.7146951508544, -823.363805791528]
 -- BestCostElement: [-823.36380579 -820.05009729 -820.05009729 -819.6806607 ]
 -- BestRoute: [array([ 0,  4,  3,  2,  5,  7, 10,  8,  9,  6,  0]), array([ 1, 17, 16, 14, 13, 11, 12, 15, 19, 20,  1])]
 -- Premio: 
 ---------20.536631057245557
 ---------21.122417494872465
 -- Custo: 
 ---------49.0
 ---------50.0
 - Execucao 22
 -- BestCostGenaration: [-465.86032742333157, -531.4690174253349, -583.2988030933235, -638.0194627369365, -656.2806865935552, -679.9864799680968, -720.6476222357054, -727.8065395340964, -738.8625413383236, -757.1193510186681, -769.0801354882798, -778.5127915311997, -778.5950627045639, -789.0983752288982, -790.2858859923822, -804.5871120415953, -808.1959818099058, -808.6621134738984, -813.3112241145718, -819.6806607035576]
 -- BestCostElement: [-819.6806607  -817.79211688 -816.3669522  -816.3669522 ]
 -- BestRoute: [array([ 0,  4,  3,  2,  5,  7, 10,  8,  9,  6,  0]), array([ 1, 17, 16, 14, 13, 11, 12, 15, 18, 19,  1])]
 -- Premio: 
 ---------20.536631057245557
 ---------19.54320376686506
 -- Custo: 
 ---------49.0
 ---------49.0
 - Execucao 23
 -- BestCostGenaration: [-434.5529191302763, -585.1769587849099, -636.3762883298925, -699.6527225146589, -730.3761084749924, -753.2064779417054, -761.6467328755194, -771.9898786260271, -776.8713832890572, -776.9119176165935, -778.0858475883911, -785.8066494573295, -791.8217611892317, -795.8452995047289, -799.8217611892317, -813.3934500972005, -818.7146951508544, -823.363805791528]
 -- BestCostElement: [-823.36380579 -821.47526197 -820.05009729 -819.6806607 ]
 -- BestRoute: [array([ 0,  4,  3,  2,  5,  7, 10,  8,  9,  6,  0]), array([ 1, 17, 16, 14, 13, 11, 12, 15, 19, 20,  1])]
 -- Premio: 
 ---------20.536631057245557
 ---------21.122417494872465
 -- Custo: 
 ---------49.0
 ---------50.0
 - Execucao 24
 -- BestCostGenaration: [-495.3076863796345, -555.9677710003133, -618.1846090920867, -623.9153531143504, -688.6725277004252, -731.8595817611931, -755.4723868678434, -761.0738592246125, -762.4240923098969, -776.4761951383224, -780.3574087890613, -781.4381675122113, -788.4304239033925, -798.8673253700119, -804.7626796320363, -809.9230534600129, -816.9943692025422, -820.0500972925431, -823.363805791528]
 -- BestCostElement: [-823.36380579 -820.05009729 -820.05009729 -820.05009729]
 -- BestRoute: [array([ 0,  4,  3,  2,  5,  7, 10,  8,  9,  6,  0]), array([ 1, 17, 16, 14, 13, 11, 12, 15, 19, 20,  1])]
 -- Premio: 
 ---------20.536631057245557
 ---------21.122417494872465
 -- Custo: 
 ---------49.0
 ---------50.0
 - Execucao 25
 -- BestCostGenaration: [-537.8797278420899, -563.2854921023181, -599.3560050995677, -681.4297396697771, -712.3465599774853, -733.8558388996852, -751.5704094847295, -755.8161557083793, -780.3418663272685, -780.5871120415953, -786.5871120415953, -796.2399083720425, -804.2938824923638, -806.4784083845744, -819.6806607035576]
 -- BestCostElement: [-819.6806607  -816.3669522  -816.15880095 -816.00211281]
 -- BestRoute: [array([ 0,  4,  3,  2,  5,  7, 10,  8,  9,  6,  0]), array([ 1, 17, 16, 14, 13, 11, 12, 15, 18, 19,  1])]
 -- Premio: 
 ---------20.536631057245557
 ---------19.54320376686506
 -- Custo: 
 ---------49.0
 ---------49.0
 - Execucao 26
 -- BestCostGenaration: [-453.918239478312, -564.5536149434481, -586.9493875616474, -646.6248321786658, -704.741423142553, -733.1489506912894, -774.7616245532781, -775.8715903432069, -783.8184077220371, -791.1928353968608, -795.6211464888922, -799.2178825067595, -807.105825382544, -807.4009866518696, -810.1615534725448, -812.0500972925431, -820.0500972925431, -823.363805791528]
 -- BestCostElement: [-823.36380579 -820.05009729 -820.05009729 -818.71469515]
 -- BestRoute: [array([ 0,  4,  3,  2,  5,  7, 10,  8,  9,  6,  0]), array([ 1, 17, 16, 14, 13, 11, 12, 15, 19, 20,  1])]
 -- Premio: 
 ---------20.536631057245557
 ---------21.122417494872465
 -- Custo: 
 ---------49.0
 ---------50.0
 - Execucao 27
 -- BestCostGenaration: [-504.5769481323747, -526.6333844321256, -550.5892402234422, -617.5269754056417, -652.1640156519743, -699.0611943685566, -707.7035593074352, -769.2836913614212, -773.4978969958005, -785.3631660799083, -786.2546694770372, -791.9123502740634, -801.7103050092301, -805.1402537199049, -820.0500972925431, -823.363805791528]
 -- BestCostElement: [-823.36380579 -820.05009729 -819.6806607  -818.71469515]
 -- BestRoute: [array([ 0,  4,  3,  2,  5,  7, 10,  8,  9,  6,  0]), array([ 1, 17, 16, 14, 13, 11, 12, 15, 19, 20,  1])]
 -- Premio: 
 ---------20.536631057245557
 ---------21.122417494872465
 -- Custo: 
 ---------49.0
 ---------50.0
 - Execucao 28
 -- BestCostGenaration: [-492.71469515085437, -513.2260587730482, -584.7004999416911, -607.3873853173129, -685.9276989356819, -727.7284195814193, -731.5486690483457, -761.0456067160279, -777.2469258682182, -778.591850882548, -788.766033099231, -795.4833542796769, -807.0240135082148, -811.5049062772022, -813.3934500972005]
 -- BestCostElement: [-813.3934501  -811.50490628 -810.0797416  -810.0797416 ]
 -- BestRoute: [array([ 0,  4,  3,  2,  5,  7, 10,  8,  9,  6,  0]), array([ 1, 12, 11, 13, 14, 16, 17, 15, 19, 20,  1])]
 -- Premio: 
 ---------20.536631057245557
 ---------23.615006418454325
 -- Custo: 
 ---------49.0
 ---------50.0
 - Execucao 29
 -- BestCostGenaration: [-449.94439647580924, -514.6465258213698, -550.0658348274872, -617.0581330752334, -664.203129616539, -705.6162977169728, -743.0997606026564, -746.2437406877675, -772.1726938117148, -778.634041444019, -788.8673253700119, -795.2544624228874, -798.2817868630491, -800.8145568571417, -802.9680783640644, -807.031550062884, -811.7178415638994, -815.031550062884, -816.3669522045727, -819.6806607035576]
 -- BestCostElement: [-819.6806607  -816.3669522  -815.03155006 -813.31122411]
 -- BestRoute: [array([ 0,  4,  3,  2,  5,  7, 10,  8,  9,  6,  0]), array([ 1, 17, 16, 14, 13, 11, 12, 15, 18, 19,  1])]
 -- Premio: 
 ---------20.536631057245557
 ---------19.54320376686506
 -- Custo: 
 ---------49.0
 ---------49.0
