 - Execucao 0
 -- BestCostGenaration: [-448.34591680460267, -470.4412794115077, -535.6113947393669, -677.2474263775412, -833.0939862324408, -852.4547810197512, -910.6713409046182, -988.9418089680244, -1055.5956592105526, -1069.3972398099138, -1158.1775989828807, -1188.174905673838, -1250.5198382566646, -1252.9061585801671, -1264.906724379672, -1284.1667382249425, -1326.5765936213459, -1336.198199959224, -1364.4991750448535, -1365.659899625027, -1408.7306360841353, -1409.4671269155288, -1422.0057978985155, -1429.5876659609007, -1438.9517053742895, -1445.4395955098103, -1461.3783795164172, -1475.7903216582904, -1477.0276147820696, -1478.3790185592968, -1511.484787498015, -1512.1595244067191, -1519.8414092893609, -1523.7999289905083, -1530.5517150264996, -1531.0387137856621, -1543.2435202460276, -1554.8489027061628, -1578.2128773870538, -1586.5208039473264, -1588.57161079009, -1598.278411190871, -1601.8198160815475, -1602.700616292727, -1605.7563443827278]
 -- BestCostElement: [-1605.75634438 -1605.75634438 -1605.75634438 -1605.75634438]
 -- BestRoute: [array([ 0,  7,  4,  5,  6,  8, 11, 10, 12,  9,  0]), array([ 1, 18, 14, 15, 13, 16, 17, 20, 22, 19,  1]), array([ 2, 29, 28, 26, 25, 23, 24, 27, 30, 31, 32,  2]), array([ 3, 37, 34, 33, 35, 36, 38, 39, 41, 40,  3])]
 -- Premio: 
 ---------20.73454147995595
 ---------24.07496472499763
 ---------21.950844619618657
 ---------18.67004637770997
 -- Custo: 
 ---------48.0
 ---------46.0
 ---------54.0
 ---------46.0
 - Execucao 1
 -- BestCostGenaration: [-419.12487756127933, -482.87257560911416, -703.2740616036292, -748.5824693229356, -782.6069013000322, -878.8117013915439, -941.046063418744, -1012.0575874853689, -1048.6814812838957, -1100.4595086004285, -1141.696656888727, -1174.5566177470387, -1241.7846463980059, -1255.6935785609703, -1264.5554224072305, -1333.6122657707529, -1352.7614509488762, -1359.1696699116114, -1361.445019253118, -1377.3537256278428, -1399.6892802258035, -1428.7449213570967, -1442.5867473808205, -1468.1252829052726, -1478.4128530220514, -1483.6538165544835, -1493.3542015484693, -1498.4032844678927, -1502.7740003246222, -1504.3418828896909, -1508.299428102336, -1531.0067323241476, -1533.016113640203, -1555.9447978090802, -1564.8208139885714, -1567.2376310417792, -1568.317588511538, -1572.7262674195854, -1576.1617047023924, -1578.1602093090746, -1587.7057591660973, -1594.274418012057, -1602.1715948010599, -1609.3254325552477, -1610.9188151059204, -1620.8643265676985, -1628.9496557002153, -1630.2900056645856, -1630.543038250888]
 -- BestCostElement: [-1630.54303825 -1630.54303825 -1630.54303825 -1630.54303825]
 -- BestRoute: [array([ 0,  6,  5,  4,  7,  9, 12, 10, 11,  8,  0]), array([ 1, 21, 18, 14, 15, 13, 16, 17, 19, 20, 22,  1]), array([ 2, 32, 29, 28, 26, 25, 23, 24, 27, 30, 31,  2]), array([ 3, 35, 36, 38, 39, 41, 40, 42, 33, 34, 37,  3])]
 -- Premio: 
 ---------20.536631057245557
 ---------24.556395895082645
 ---------23.13556291411146
 ---------21.635650570838347
 -- Custo: 
 ---------49.0
 ---------48.0
 ---------54.0
 ---------48.0
 - Execucao 2
 -- BestCostGenaration: [-363.57938410874715, -485.0927402263932, -590.5086960748107, -750.187875283702, -779.4813108038451, -860.2827793503186, -927.6488102285759, -984.6789186695753, -1114.5561103101522, -1197.2808358072307, -1205.4149443428446, -1219.221617621595, -1284.5841015432288, -1289.049792892662, -1318.6813814985428, -1360.7354848560549, -1364.435953751933, -1369.7180871157252, -1404.6932462497984, -1419.5482795287426, -1450.4559294046242, -1456.8950893082315, -1460.3988592040218, -1482.814023184634, -1495.939222924518, -1499.3436710370272, -1515.791026198734, -1529.1211740441624, -1540.8248071673856, -1550.9329962812162, -1560.1345224875563, -1572.7833689023457, -1579.144227766482, -1585.0210780620037, -1586.826803627711, -1593.1295314017182, -1600.8113164100732, -1611.4327437689033, -1613.73065756121, -1619.33952732952, -1629.0443660601945, -1630.711860139534, -1638.4588275532317, -1644.152862663066]
 -- BestCostElement: [-1644.15286266 -1644.15286266 -1644.15286266 -1644.15286266]
 -- BestRoute: [array([ 0,  6,  5,  4,  7,  9, 12, 10, 11,  8,  0]), array([ 1, 16, 17, 19, 20, 22, 21, 18, 14, 15, 13,  1]), array([ 2, 32, 31, 30, 27, 24, 23, 25, 26, 28, 29,  2]), array([ 3, 35, 36, 38, 39, 41, 40, 42, 37, 34, 33,  3])]
 -- Premio: 
 ---------20.536631057245557
 ---------24.275399939955413
 ---------21.950844619618653
 ---------19.69890871741394
 -- Custo: 
 ---------49.0
 ---------48.0
 ---------54.0
 ---------48.0
 - Execucao 3
 -- BestCostGenaration: [-379.6750365846716, -436.24560141908097, -654.7805299783415, -708.8895875206795, -774.1578468487811, -880.5147538696801, -906.789394236145, -971.5907073498976, -1015.8510960782846, -1059.2916394280708, -1131.1160718376295, -1166.2014730358828, -1211.6890998768606, -1215.2046998394635, -1248.9328871295502, -1301.174586100136, -1314.6905039500302, -1347.333103751609, -1373.6723254240521, -1461.925065925076, -1464.3080554965438, -1510.3422969979904, -1510.6587378017207, -1524.9152876462106, -1527.8005860024018, -1548.6890865592436, -1560.931479315699, -1565.6725874007147, -1572.7964848202, -1579.592119689856, -1580.1825069687384, -1583.1287405488438, -1591.7555178351938, -1593.66718586239, -1599.244980760534, -1608.9018350100264, -1615.0132911900282, -1616.7229139523906, -1619.5206616334076, -1622.8343701323925, -1629.4092054534062]
 -- BestCostElement: [-1629.40920545 -1629.40920545 -1629.40920545 -1629.40920545]
 -- BestRoute: [array([ 0,  8,  6,  5,  4,  7,  9, 12, 11, 10,  0]), array([ 1, 15, 13, 14, 18, 21, 22, 16, 17, 19, 20,  1]), array([ 2, 27, 30, 31, 32, 29, 28, 26, 25, 23, 24,  2]), array([ 3, 33, 34, 37, 42, 40, 41, 39, 38, 36, 35,  3])]
 -- Premio: 
 ---------21.36505818199175
 ---------26.93497669491373
 ---------22.148755042329043
 ---------19.69890871741394
 -- Custo: 
 ---------49.0
 ---------48.0
 ---------54.0
 ---------48.0
 - Execucao 4
 -- BestCostGenaration: [-372.2298797102257, -509.10176827005296, -587.3165728086128, -720.7988710413829, -760.4175896613765, -872.5643986711489, -982.9038240410118, -1074.9428452581892, -1143.1459868781894, -1155.9285197385686, -1188.5134563965357, -1234.0367501879766, -1275.7128445777676, -1319.095204961156, -1341.338283600941, -1372.1490550613269, -1383.843826344957, -1393.6857723747578, -1435.3671236526557, -1453.76414942007, -1464.6206552530966, -1505.475058594022, -1505.5463833337376, -1525.4469872579616, -1532.7788903068292, -1549.696190456443, -1551.69762110953, -1581.320647877282, -1582.761135982913, -1583.115249145254, -1588.0332302167753, -1589.5711179378573, -1590.9206756948588, -1591.877082828023, -1596.1032838263968, -1596.2411946358698, -1596.525652719246, -1598.7525582580636, -1602.9158916631704, -1603.1543916757028, -1603.438849759079, -1606.569534090647, -1609.2819526391472, -1611.2558255916624, -1611.382023327163]
 -- BestCostElement: [-1611.38202333 -1611.38202333 -1611.38202333 -1611.38202333]
 -- BestRoute: [array([ 0,  6,  5,  4,  7,  9, 12, 11, 10,  8,  0]), array([ 1, 21, 18, 14, 15, 13, 16, 17, 19, 22, 20,  1]), array([ 2, 25, 24, 23, 26, 28, 29, 32, 30, 31, 27,  2]), array([ 3, 42, 37, 34, 33, 35, 36, 38, 39, 40, 41,  3])]
 -- Premio: 
 ---------21.36505818199175
 ---------24.954741532750813
 ---------25.852088875715435
 ---------22.482605577751233
 -- Custo: 
 ---------49.0
 ---------48.0
 ---------54.0
 ---------48.0
 - Execucao 5
 -- BestCostGenaration: [-382.68132824610416, -604.9093955999991, -666.4740863649347, -828.566642635501, -872.7068106533283, -932.4539684693882, -987.9366821848727, -1107.9018484117637, -1141.2880810192255, -1209.8255415833962, -1224.224076043125, -1286.3958111729992, -1295.6667832282487, -1342.629208330081, -1374.9812894851989, -1390.0817706926039, -1411.978976043018, -1416.6562166115705, -1428.2168101376699, -1433.1709724760983, -1435.796714919271, -1438.198650374745, -1453.4094557707124, -1461.3658346447476, -1469.8735805738625, -1488.7935685062262, -1493.152092935267, -1510.0245751019559, -1514.658989377866, -1529.508382257338, -1536.1135467863796, -1541.2902539290233, -1545.2113402033015, -1551.3840548358705, -1554.5986843103265, -1559.364761275333, -1566.29335913178, -1570.923715488645, -1572.5837363694172, -1577.2922607898654, -1581.3194429161085, -1584.3751710061092, -1587.023577194932, -1591.1289273847583, -1591.867987398644, -1591.9577499359416, -1596.6068605766154, -1601.498363973744, -1603.0924921865553]
 -- BestCostElement: [-1603.09249219 -1603.09249219 -1603.09249219 -1603.09249219]
 -- BestRoute: [array([ 0,  6,  5,  4,  7,  9, 12, 10,  8, 11,  0]), array([ 1, 18, 14, 15, 13, 16, 17, 20, 19, 22,  1]), array([ 2, 29, 28, 26, 25, 23, 24, 27, 30, 31, 32,  2]), array([ 3, 37, 34, 33, 35, 36, 38, 42, 40, 41, 39,  3])]
 -- Premio: 
 ---------22.601126159491542
 ---------23.29126786466034
 ---------21.950844619618657
 ---------23.883638309590665
 -- Custo: 
 ---------49.0
 ---------46.0
 ---------54.0
 ---------48.0
 - Execucao 6
 -- BestCostGenaration: [-429.18260185143623, -541.3714234047825, -593.0878155020343, -750.4213513767951, -794.1850080710691, -885.9336989826741, -921.8030569992247, -1004.8890007680104, -1096.371992804066, -1123.8642628502646, -1190.6399916566122, -1235.4535105769444, -1255.0335172486186, -1271.156596758024, -1314.3084309822793, -1363.227987191377, -1368.9782923670869, -1413.6310066669716, -1414.7962940038378, -1415.8317021714493, -1433.2177053281762, -1443.817854411441, -1452.9410021883402, -1478.1289254571793, -1480.4030422914966, -1482.0517439658988, -1502.329613157459, -1524.2418960149744, -1531.6784899925533, -1546.901140614856, -1554.1176047054248, -1556.0399759185702, -1567.7185238107666, -1572.3755851144088, -1575.0086939942544, -1575.7185238107668, -1580.8417167784014, -1585.2639218802574]
 -- BestCostElement: [-1585.26392188 -1585.26392188 -1585.26392188 -1585.26392188]
 -- BestRoute: [array([ 0,  6,  5,  4,  7,  9, 12, 11,  8, 10,  0]), array([ 1, 22, 20, 19, 17, 16, 18, 14, 13, 15,  1]), array([ 2, 23, 24, 27, 30, 31, 32, 29, 28, 26, 25,  2]), array([ 3, 39, 38, 36, 35, 33, 34, 37, 40, 41,  3])]
 -- Premio: 
 ---------22.60112615949154
 ---------23.36574631273695
 ---------23.36505818199175
 ---------21.85208887571543
 -- Custo: 
 ---------49.0
 ---------46.0
 ---------54.0
 ---------46.0
 - Execucao 7
 -- BestCostGenaration: [-482.1740795524877, -539.1791686035028, -564.2302651679175, -669.637187857064, -897.2473425642415, -900.3322097355534, -983.0669909421122, -1049.5446174164954, -1131.7346698044971, -1163.2117352385324, -1232.6304401024001, -1247.2901027877685, -1275.0984331268983, -1291.279762437816, -1369.3636393450467, -1392.2906097701384, -1395.8164238469474, -1406.734054291561, -1437.7341526735831, -1438.6632872104399, -1462.8836364796957, -1486.9965080753218, -1496.353187019854, -1524.6351377330652, -1528.1770184851991, -1538.1666907849853, -1546.086679651553, -1556.707927244076, -1562.2289961451954, -1564.8416163435104, -1573.6217639955285, -1573.7340110284044, -1576.9726533548549, -1585.2736704223391, -1588.6100272078954, -1594.1993518395227, -1595.0389780115465, -1596.315592051213, -1600.816856504417, -1604.9275218315447, -1608.0467216203654, -1608.3418828896909, -1612.9909935303642, -1616.9909935303642, -1621.6772850313796, -1625.3722114289787, -1630.4954043966136]
 -- BestCostElement: [-1630.4954044 -1630.4954044 -1630.4954044 -1630.4954044]
 -- BestRoute: [array([ 0,  8,  6,  5,  4,  7,  9, 12, 10, 11,  0]), array([ 1, 15, 13, 14, 18, 21, 22, 20, 19, 17, 16,  1]), array([ 2, 32, 29, 28, 26, 25, 23, 24, 27, 30, 31,  2]), array([ 3, 42, 37, 34, 33, 35, 36, 38, 39, 41, 40,  3])]
 -- Premio: 
 ---------21.36505818199175
 ---------23.877054302287245
 ---------23.13556291411146
 ---------21.49847350245616
 -- Custo: 
 ---------49.0
 ---------48.0
 ---------54.0
 ---------48.0
 - Execucao 8
 -- BestCostGenaration: [-362.3149218840086, -482.3170950397356, -602.5117494788608, -743.5635032920634, -774.3871303535288, -874.4964609372796, -964.5247971261406, -1022.7198108910957, -1067.1297336081182, -1115.0133959408768, -1164.1133725948694, -1186.8667631360936, -1226.8510306693133, -1256.4016474216623, -1269.838782060099, -1296.1790748527349, -1309.211985430549, -1325.370159465994, -1336.377497115157, -1344.6748455130673, -1349.9464057795335, -1371.4286406591225, -1394.8417446761987, -1415.2086872075095, -1437.146465660599, -1445.50895016238, -1464.1344772968205, -1491.1821830058684, -1508.9403212664326, -1512.8726912136767, -1514.35999746188, -1532.8199227008065, -1558.9018350100264, -1564.9908930954734, -1574.8726912136767, -1576.170912495024, -1592.5890596778345, -1595.6447877678356, -1604.6370441590166, -1607.7718316003657]
 -- BestCostElement: [-1607.7718316 -1607.7718316 -1607.7718316 -1607.7718316]
 -- BestRoute: [array([ 0,  6,  5,  4,  7,  9, 12, 10, 11,  8,  0]), array([ 1, 15, 14, 13, 16, 17, 19, 20, 22, 18,  1]), array([ 2, 25, 23, 24, 27, 30, 31, 32, 29, 28, 26,  2]), array([ 3, 33, 34, 37, 40, 41, 39, 36, 38, 35,  3])]
 -- Premio: 
 ---------20.536631057245557
 ---------21.90611435520976
 ---------22.705481427033437
 ---------20.408815260419825
 -- Custo: 
 ---------49.0
 ---------46.0
 ---------54.0
 ---------46.0
 - Execucao 9
 -- BestCostGenaration: [-446.4006641724693, -576.8743679632222, -632.8396637347277, -775.8484394189385, -850.4555154216143, -866.4535744927981, -970.8666404676567, -1014.0320406260873, -1083.7613501703117, -1172.6117080896954, -1197.4474046753621, -1218.7543381906255, -1267.7533909899653, -1281.265393655039, -1327.793271070605, -1356.1931454144565, -1369.7999099174401, -1378.245913927327, -1378.4882614930466, -1410.0515056520535, -1414.2736946124273, -1423.8763769034504, -1432.2616075303745, -1443.587370448386, -1450.451377399586, -1454.1838371869344, -1465.379975256033, -1482.8518888587378, -1500.7700071458075, -1528.0026947119304, -1535.1747633599193, -1539.5469524718858, -1546.4418093362092, -1568.2304914499202, -1568.8647405507081, -1569.1551177883457, -1574.090712922733, -1583.091646089526, -1587.8569969418895, -1593.8638073839154, -1596.464933543407, -1599.5206616334078, -1602.1217877928996, -1609.898875432896, -1613.218689922056, -1614.2042006114425, -1617.640895023912, -1620.6175637625647, -1623.7523512039138]
 -- BestCostElement: [-1623.7523512 -1623.7523512 -1623.7523512 -1623.7523512]
 -- BestRoute: [array([ 0,  9,  7,  4,  5,  6,  8, 10, 12, 11,  0]), array([ 1, 15, 14, 13, 16, 17, 19, 20, 22, 21, 18,  1]), array([ 2, 32, 31, 30, 27, 24, 23, 25, 26, 28, 29,  2]), array([ 3, 39, 38, 36, 35, 33, 34, 37, 42, 40, 41,  3])]
 -- Premio: 
 ---------23.429553284237734
 ---------23.69890871741394
 ---------21.950844619618653
 ---------22.482605577751233
 -- Custo: 
 ---------49.0
 ---------48.0
 ---------54.0
 ---------48.0
 - Execucao 10
 -- BestCostGenaration: [-417.72854483844174, -471.4170180376959, -672.7133636220256, -837.8058088759282, -871.4741689562453, -966.6573325313694, -1008.8167557224286, -1100.9486957664071, -1166.1393026640862, -1190.7314782007168, -1201.4961285816776, -1264.7643083633134, -1275.7882101943617, -1305.6156992156407, -1313.1938283892327, -1331.1109175042488, -1340.0254049361188, -1357.022023209795, -1360.7988918146434, -1376.4175049042963, -1390.8932846537891, -1393.3899106340295, -1421.9907207426086, -1422.4257262727276, -1447.2369298765575, -1469.9784352935671, -1478.3513605715964, -1499.7021534764797, -1502.5490272437498, -1508.5634281004718, -1546.1646427138553, -1553.660375420364, -1556.9369894600304, -1563.1960416354848, -1563.7874192528943, -1567.1274185903571, -1571.5077452012063, -1571.7346507400239, -1576.1040873290094, -1580.4998378013943, -1581.5393511769855, -1589.1638085978245, -1589.6974698796823, -1596.6417417896814, -1596.8530596759704, -1599.3013918253112, -1601.571216900026, -1605.2752647778264, -1605.428685849858, -1607.9876833263265, -1609.9615562788417, -1611.0698890907197, -1613.043762043235]
 -- BestCostElement: [-1613.04376204 -1613.04376204 -1613.04376204 -1613.04376204]
 -- BestRoute: [array([ 0,  7,  4,  5,  6,  8, 11, 10,  9, 12,  0]), array([ 1, 21, 18, 14, 15, 13, 16, 17, 19, 20, 22,  1]), array([ 2, 32, 29, 28, 26, 25, 23, 24, 27, 30, 31,  2]), array([ 3, 42, 37, 34, 33, 35, 36, 38, 39, 40, 41,  3])]
 -- Premio: 
 ---------24.06449510224598
 ---------24.556395895082645
 ---------23.13556291411146
 ---------22.482605577751233
 -- Custo: 
 ---------49.0
 ---------48.0
 ---------54.0
 ---------48.0
 - Execucao 11
 -- BestCostGenaration: [-400.7769385364975, -450.48606941009416, -635.2957829760649, -792.8022621742953, -843.1873101368801, -899.3310515954674, -982.277506707708, -1053.7038429050817, -1114.8285076841946, -1128.5704653298606, -1154.8041457638064, -1210.1344592200471, -1232.6031812189715, -1252.8357002649154, -1285.6334797825139, -1293.4268206341944, -1363.950402119687, -1373.8430901711608, -1401.3703285740532, -1412.256804037784, -1413.7539869835714, -1421.809217587278, -1453.469650907285, -1454.406451002846, -1472.9215824417029, -1490.9125599820577, -1522.3977175989505, -1532.2079295643723, -1549.3868073588515, -1556.832343722055, -1566.2763490858736, -1572.5668267584017, -1580.3790637500326, -1581.222418874986, -1584.4734465280253, -1597.5666197042522, -1598.0357542085317, -1605.1707054408741, -1610.2481271735787, -1616.6850286401984, -1616.7640879915468, -1621.1072337420544, -1629.8725845944182]
 -- BestCostElement: [-1629.87258459 -1629.87258459 -1629.87258459 -1629.87258459]
 -- BestRoute: [array([ 0,  7,  4,  5,  6,  8, 11, 10, 12,  9,  0]), array([ 1, 15, 14, 13, 16, 17, 19, 20, 22, 21, 18,  1]), array([ 2, 25, 23, 24, 27, 30, 31, 32, 29, 28, 26,  2]), array([ 3, 42, 37, 34, 33, 35, 36, 38, 39, 41, 40,  3])]
 -- Premio: 
 ---------22.128990204491963
 ---------23.69890871741394
 ---------22.705481427033437
 ---------21.49847350245616
 -- Custo: 
 ---------49.0
 ---------48.0
 ---------54.0
 ---------48.0
 - Execucao 12
 -- BestCostGenaration: [-438.9937096631235, -635.2913375292526, -753.6435223784636, -763.5392133788242, -861.2208648898493, -899.8382636617501, -987.0865716924775, -1167.9854319589458, -1232.019464353374, -1274.8832406620525, -1276.9976697323286, -1294.9115084113603, -1306.964795329915, -1337.7512446029436, -1366.8037603132445, -1383.3967622863431, -1411.6994791834068, -1429.3327817163183, -1438.4110933893558, -1438.5566824872699, -1443.0798774243012, -1471.223560354768, -1484.5315085174047, -1532.0019915556156, -1533.15642318441, -1541.3782169842634, -1550.2718523249905, -1564.0280320767877, -1574.2860124857716, -1579.0614625071248, -1580.3271865249276, -1582.8492533330705, -1587.2714584349264, -1589.588126511042, -1600.2157303449258]
 -- BestCostElement: [-1600.21573034 -1600.21573034 -1600.21573034 -1600.21573034]
 -- BestRoute: [array([ 0,  8,  6,  5,  4,  7,  9, 12, 10, 11,  0]), array([ 1, 18, 14, 15, 13, 16, 20, 22, 19, 17,  1]), array([ 2, 29, 28, 26, 25, 23, 24, 27, 30, 31, 32,  2]), array([ 3, 37, 34, 33, 35, 36, 38, 40, 41, 39,  3])]
 -- Premio: 
 ---------21.36505818199175
 ---------23.62511840008253
 ---------21.950844619618657
 ---------20.505046212075655
 -- Custo: 
 ---------49.0
 ---------46.0
 ---------54.0
 ---------46.0
 - Execucao 13
 -- BestCostGenaration: [-347.75700089364017, -511.8597010502432, -616.5581568066954, -738.2315509087134, -761.2721483333964, -909.3861859970568, -949.5044290891412, -1034.1570063705726, -1083.7161467735214, -1128.27626268485, -1221.1571041063175, -1249.8271905367608, -1258.4086695584308, -1308.1007712169444, -1309.2578890672082, -1326.309395679566, -1332.60978129514, -1359.4093910304814, -1360.819672597383, -1395.342813460165, -1402.550638286949, -1451.5656032480579, -1454.3789385816033, -1456.0696202242427, -1468.6218238880099, -1490.5959349486848, -1500.2141129445174, -1523.1481218945337, -1532.2042006114423, -1535.4132633724514, -1548.78363312823, -1560.4621810204262, -1560.5628335795875, -1566.0624604141485, -1575.211944220261, -1575.513851191382, -1580.252724369353, -1580.6641258503687, -1593.4354962918842, -1595.3240401118824, -1596.9546035228968]
 -- BestCostElement: [-1596.95460352 -1596.95460352 -1596.95460352 -1596.95460352]
 -- BestRoute: [array([ 0,  8,  6,  5,  4,  7,  9, 10, 11, 12,  0]), array([ 1, 18, 14, 15, 13, 16, 17, 22, 19, 20,  1]), array([ 2, 32, 31, 30, 27, 24, 23, 25, 26, 28, 29,  2]), array([ 3, 33, 34, 37, 40, 41, 39, 38, 36, 35,  3])]
 -- Premio: 
 ---------23.30056307974577
 ---------23.941549404533223
 ---------21.950844619618653
 ---------19.06839201537814
 -- Custo: 
 ---------49.0
 ---------46.0
 ---------54.0
 ---------46.0
 - Execucao 14
 -- BestCostGenaration: [-430.17479185710124, -494.24268070605706, -712.9600030858612, -758.8799097096769, -843.5932317923077, -930.9266201432624, -1066.8225563650253, -1086.239059678694, -1138.4109708086505, -1154.1383066846415, -1198.298447817228, -1255.9261622508188, -1297.2178153889054, -1325.7228472845807, -1336.1600003273456, -1368.4934363692978, -1436.4434902180092, -1445.30758421651, -1456.4722801894156, -1461.7454955711519, -1464.9673794278417, -1494.8755054041426, -1496.4406742136366, -1502.4026020655297, -1525.064033292561, -1540.3918988795806, -1556.294689261383, -1556.4553705784, -1561.4808146511086, -1569.8198160815477, -1571.1856533817831, -1576.308846349418, -1577.021428688911, -1582.9579569900914, -1586.0927444314405, -1590.9579569900914, -1591.0370163414398]
 -- BestCostElement: [-1591.03701634 -1591.03701634 -1591.03701634 -1591.03701634]
 -- BestRoute: [array([ 0,  8,  6,  5,  4,  7,  9, 10, 11, 12,  0]), array([ 1, 18, 14, 15, 13, 16, 17, 20, 19, 22,  1]), array([ 2, 27, 30, 24, 23, 25, 26, 28, 29, 32, 31,  2]), array([ 3, 33, 34, 37, 40, 41, 39, 38, 36, 35,  3])]
 -- Premio: 
 ---------23.30056307974577
 ---------23.29126786466034
 ---------24.080522954855812
 ---------19.06839201537814
 -- Custo: 
 ---------49.0
 ---------46.0
 ---------54.0
 ---------46.0
 - Execucao 15
 -- BestCostGenaration: [-448.70072880728105, -485.6513755981265, -626.5828220959, -801.7713932203221, -850.0082600118244, -857.1722866593503, -924.9881966475275, -969.6075936451933, -1064.2684855954956, -1094.0432456977549, -1134.1587875693097, -1167.1251672229766, -1167.2846872155765, -1232.8761451157625, -1303.1901406465904, -1310.8271869176444, -1359.9700888129553, -1362.4602213332153, -1382.1690122309776, -1402.3618651795946, -1410.0971439057607, -1435.5891295600936, -1442.3763112270517, -1453.964645520152, -1470.2590513730995, -1484.8944852912716, -1512.7150484316066, -1523.9088741669946, -1523.923571915887, -1545.7291622564849, -1550.4141925587965, -1570.6032167658693, -1572.6647267945825, -1578.3560747679444, -1579.8494603872202, -1584.5246980753786, -1587.4503794925622, -1591.1024497103663, -1601.1964570026234, -1604.908832287967, -1608.2370733607222, -1615.8678005627298, -1618.2744180120571, -1618.389867370873, -1619.8678005627298, -1620.7964848202002, -1622.389867370873]
 -- BestCostElement: [-1622.38986737 -1622.38986737 -1622.38986737 -1622.38986737]
 -- BestRoute: [array([ 0,  8,  6,  5,  4,  7,  9, 12, 11, 10,  0]), array([ 1, 14, 18, 21, 22, 20, 19, 17, 16, 13, 15,  1]), array([ 2, 32, 31, 30, 27, 24, 23, 25, 26, 28, 29,  2]), array([ 3, 42, 34, 33, 35, 36, 38, 39, 41, 40, 37,  3])]
 -- Premio: 
 ---------21.36505818199175
 ---------24.482605577751237
 ---------21.950844619618653
 ---------24.10402477792015
 -- Custo: 
 ---------49.0
 ---------48.0
 ---------54.0
 ---------48.0
 - Execucao 16
 -- BestCostGenaration: [-434.8116418854125, -664.6224428286408, -689.6227801123565, -861.0215548701619, -863.9448824985233, -927.135283021291, -988.1926431547727, -1059.5845831351867, -1088.4077163922182, -1141.0272886777377, -1178.4003862229586, -1195.3507833487772, -1283.9214652664314, -1303.5835087723972, -1332.2679574145263, -1347.1071949746486, -1347.4410025810573, -1364.0804832799063, -1379.5526677427877, -1417.5742198289063, -1420.1432788772042, -1425.738749869357, -1444.3862291349237, -1454.9120583540703, -1460.864476450114, -1479.6412317422419, -1503.5459220409928, -1518.8585093921035, -1519.8507657832847, -1532.3391951069411, -1547.844512564539, -1565.7995142359318, -1576.1602093090746, -1584.7937322972195, -1590.6881952714787, -1592.48972907716, -1593.1524657002556, -1596.155425277386, -1603.334139280872, -1605.9352654403635, -1608.9909935303644, -1613.6245165185092, -1622.3108080195243, -1623.1916082307039, -1626.2473363207046]
 -- BestCostElement: [-1626.24733632 -1626.24733632 -1626.24733632 -1626.24733632]
 -- BestRoute: [array([ 0,  6,  5,  4,  7,  9, 12, 10, 11,  8,  0]), array([ 1, 21, 18, 14, 15, 13, 16, 17, 19, 20, 22,  1]), array([ 2, 24, 23, 25, 26, 28, 29, 32, 27, 30, 31,  2]), array([ 3, 42, 37, 34, 33, 35, 36, 38, 39, 41, 40,  3])]
 -- Premio: 
 ---------20.536631057245557
 ---------24.556395895082645
 ---------24.346665465039436
 ---------21.49847350245616
 -- Custo: 
 ---------49.0
 ---------48.0
 ---------54.0
 ---------48.0
 - Execucao 17
 -- BestCostGenaration: [-383.31486072485757, -445.56085544173754, -656.1140836105983, -679.7303457181214, -787.1915336556618, -882.9010772193116, -889.501580846588, -951.5820072585659, -972.631976004851, -1084.9396036236567, -1085.807710228902, -1171.9110575885238, -1205.0900052260768, -1214.4788251769244, -1274.2760894055145, -1291.8507302498801, -1303.9933317090035, -1341.6481126736192, -1355.732328887765, -1357.7634037579314, -1369.6209758634013, -1392.2862177009351, -1413.1589026394417, -1432.8117219344144, -1432.916078499085, -1445.0862406593465, -1463.4759102879366, -1471.3470544542342, -1474.0379279360332, -1482.5739865684961, -1487.742687804016, -1499.179547391608, -1513.4820584682811, -1514.0908984998082, -1524.5620427267136, -1532.7426460135812, -1541.1768114310494, -1541.9095786188454, -1547.9527790683392, -1549.5231238128374, -1562.2987472690215, -1568.70122039828, -1575.686731087666, -1576.0399760071632, -1577.7663431168266, -1581.614417438113, -1584.4154537575002, -1585.588126599635, -1586.7585995080078, -1586.8376588593562, -1588.580382902223, -1588.6594422535713]
 -- BestCostElement: [-1588.65944225 -1588.65944225 -1588.65944225 -1588.65944225]
 -- BestRoute: [array([ 0,  6,  5,  4,  7,  9, 12, 11,  8, 10,  0]), array([ 1, 15, 14, 13, 16, 17, 19, 20, 22, 18,  1]), array([ 2, 27, 24, 23, 25, 26, 28, 29, 32, 31, 30,  2]), array([ 3, 35, 36, 38, 33, 34, 37, 39, 41, 40,  3])]
 -- Premio: 
 ---------22.60112615949154
 ---------21.90611435520976
 ---------23.29126786466034
 ---------22.53663105724556
 -- Custo: 
 ---------49.0
 ---------46.0
 ---------54.0
 ---------46.0
 - Execucao 18
 -- BestCostGenaration: [-360.90272806155735, -546.3092216461305, -614.4724207502744, -782.6736155559475, -796.8062313768114, -872.381098545369, -898.7944394620836, -952.5039404751251, -1010.8045485669367, -1046.3898375094536, -1133.910989352867, -1155.1004233000283, -1194.1676130122837, -1208.8168747950733, -1232.852895884977, -1287.1577246000265, -1327.404940155576, -1347.8266126149958, -1379.9102214196243, -1402.4045693990265, -1417.0964261407662, -1419.778827619467, -1438.7014706269931, -1439.3230555180028, -1450.3266355888425, -1466.4120797474352, -1475.1523200746292, -1492.2562031302664, -1496.0959363568636, -1499.1752005131398, -1508.5772797523343, -1528.8312670710973, -1535.2508059624029, -1540.3173376732439, -1544.8322185536254, -1556.0859987296458, -1559.2159373990753, -1567.630191837963, -1572.0075790899168, -1581.566619704252, -1590.72016142941, -1596.6194084353576, -1607.4030994632308, -1612.9808943613748, -1617.9251662713739, -1621.0443660601945, -1624.9808943613748, -1629.66718586239]
 -- BestCostElement: [-1629.66718586 -1629.66718586 -1629.66718586 -1629.66718586]
 -- BestRoute: [array([ 0,  6,  5,  4,  7,  9, 12, 10, 11,  8,  0]), array([ 1, 16, 13, 15, 14, 18, 21, 22, 20, 19, 17,  1]), array([ 2, 32, 31, 30, 27, 24, 23, 25, 26, 29, 28,  2]), array([ 3, 42, 37, 34, 33, 35, 36, 38, 39, 41, 40,  3])]
 -- Premio: 
 ---------20.536631057245557
 ---------24.93497669491373
 ---------23.11312227978703
 ---------21.49847350245616
 -- Custo: 
 ---------49.0
 ---------48.0
 ---------54.0
 ---------48.0
 - Execucao 19
 -- BestCostGenaration: [-454.0014681836607, -481.6319525942704, -655.8365859961864, -752.4098132874341, -832.8980722519254, -917.4362225298167, -1015.3262520992953, -1096.424529201693, -1174.5778507510086, -1185.2104133686385, -1232.1128455325643, -1245.2251096448088, -1288.110999631138, -1290.2549064067534, -1293.883888724581, -1332.632857368959, -1352.2100384630496, -1368.3006636597993, -1395.8560248278977, -1413.2855150880705, -1422.8744669469756, -1458.9182193306701, -1459.3038552635799, -1488.9314145754681, -1496.5735272694612, -1504.4923646028274, -1513.2752647778264, -1522.4673957228365, -1532.7275523584526, -1539.7702141999575, -1541.5960771740101, -1552.4580367003575, -1554.099303297321, -1558.0243882660416, -1568.3525860756401, -1573.4501926566475, -1581.36043011935, -1588.088499676481, -1590.7855947983364, -1594.1892526705333, -1594.6221609583386, -1597.6144173495197, -1597.7786420423918, -1603.6144173495197, -1604.722913952391, -1608.0366224513757, -1612.464933543407, -1615.7786420423915, -1618.6789873902542, -1619.8577013937402, -1625.5145556432326, -1626.4210069812702, -1633.2565752342484]
 -- BestCostElement: [-1633.25657523 -1633.25657523 -1633.25657523 -1633.25657523]
 -- BestRoute: [array([ 0,  9,  7,  4,  5,  6,  8, 11, 12, 10,  0]), array([ 1, 22, 21, 18, 14, 15, 13, 16, 17, 19, 20,  1]), array([ 2, 29, 28, 26, 25, 23, 24, 27, 30, 31, 32,  2]), array([ 3, 33, 34, 37, 42, 40, 41, 39, 38, 36, 35,  3])]
 -- Premio: 
 ---------22.60112615949154
 ---------24.93497669491373
 ---------21.950844619618657
 ---------19.69890871741394
 -- Custo: 
 ---------49.0
 ---------48.0
 ---------54.0
 ---------48.0
 - Execucao 20
 -- BestCostGenaration: [-337.6939575395047, -453.57063228602624, -584.2326648298581, -694.3943554665598, -847.8329363153597, -932.4087262802404, -945.7316892353143, -1013.6251288144155, -1071.8176888892215, -1103.1577757463722, -1163.235759059325, -1188.2700500715637, -1257.7398298955363, -1291.3815089092625, -1308.848827565415, -1375.1260744268868, -1404.3011189783867, -1410.1978042777157, -1412.3713634043702, -1436.797863304798, -1443.3104387773255, -1455.327229788084, -1457.6985974508862, -1489.436823348741, -1490.274317577166, -1494.6207004438322, -1498.7991755900227, -1512.40260206553, -1520.0568555795735, -1523.0431223316152, -1538.7147376861021, -1541.6858175654936, -1556.6850286401984, -1559.0592492608723, -1571.22803302839, -1577.1971831152664, -1592.0252148135755, -1594.770193981722, -1596.6587378017205, -1599.1070699510612, -1599.192399083578, -1601.0809429035764, -1618.5588760954333, -1621.614604185434]
 -- BestCostElement: [-1621.61460419 -1620.2947897  -1620.2947897  -1620.2947897 ]
 -- BestRoute: [array([ 0,  9,  7,  4,  5,  6,  8, 11, 10, 12,  0]), array([ 1, 21, 18, 14, 15, 13, 16, 17, 19, 20, 22,  1]), array([ 2, 31, 30, 27, 24, 23, 25, 26, 28, 29, 32,  2]), array([ 3, 34, 33, 37, 42, 40, 41, 39, 36, 38, 35,  3])]
 -- Premio: 
 ---------22.53663105724556
 ---------24.556395895082645
 ---------23.135562914111457
 ---------21.867759087201815
 -- Custo: 
 ---------49.0
 ---------48.0
 ---------54.0
 ---------48.0
 - Execucao 21
 -- BestCostGenaration: [-370.83699434561146, -444.2539796021382, -635.7406154187106, -760.2418275721604, -765.9630733696483, -863.4599531708247, -900.9479569971536, -1008.9038666073272, -1062.5226548706182, -1137.9278152867178, -1194.22637186631, -1228.8305173399178, -1264.5377412789533, -1305.5820617311542, -1327.520159387957, -1354.872742477384, -1364.9157279607705, -1367.6433216564435, -1408.8009798924659, -1432.1749635134506, -1444.5978524573848, -1453.3277309436844, -1488.3998305580737, -1506.709093582686, -1513.2610689223857, -1519.2115288531227, -1543.6178572177378, -1556.964025960647, -1567.369952991991, -1569.0868620578376, -1572.2344846287344, -1578.4884718589042, -1583.925166271374, -1585.2234739537444, -1589.8278671794073, -1606.2412303305296, -1608.130565003402, -1610.6634354323853, -1617.4766703310402, -1619.0700528817126, -1627.0553565169491, -1632.178549484584]
 -- BestCostElement: [-1632.17854948 -1632.17854948 -1632.17854948 -1632.17854948]
 -- BestRoute: [array([ 0,  7,  4,  5,  6,  8, 11, 10, 12,  9,  0]), array([ 1, 15, 13, 14, 18, 21, 22, 20, 19, 17, 16,  1]), array([ 2, 32, 31, 30, 27, 24, 23, 25, 26, 28, 29,  2]), array([ 3, 42, 37, 34, 33, 35, 36, 38, 39, 41, 40,  3])]
 -- Premio: 
 ---------22.128990204491963
 ---------23.877054302287245
 ---------21.950844619618653
 ---------21.49847350245616
 -- Custo: 
 ---------49.0
 ---------48.0
 ---------54.0
 ---------48.0
 - Execucao 22
 -- BestCostGenaration: [-411.66098726393915, -463.9089185347864, -615.0461447921673, -667.3225747595313, -830.6969433628485, -961.4932352443977, -1007.8733368982045, -1060.7505567951468, -1107.5291294272906, -1159.8210804775445, -1180.6301981476204, -1213.9016305240484, -1263.043748134657, -1299.7573403621727, -1311.4772961340818, -1362.3962997425024, -1362.6747644213765, -1365.90165897953, -1384.7368150742507, -1406.5713747829923, -1415.4852481444827, -1427.0963849304785, -1432.1014212070525, -1437.9760296280087, -1456.594238833347, -1460.4405285880098, -1487.143150541909, -1488.0760565094179, -1526.2237674089176, -1527.5847342764414, -1538.6106528856476, -1540.2816642231749, -1549.0963849304785, -1554.8991236973334, -1556.1818025168877, -1560.4722801894159, -1572.584275646146, -1580.7114058797001, -1587.9568586481766, -1591.449488204797, -1593.169914588, -1598.3418828896909, -1601.1024497103663, -1603.7035758698576, -1606.225642678001, -1610.6478477798566, -1613.936011102502, -1619.334139280872]
 -- BestCostElement: [-1619.33413928 -1619.33413928 -1619.33413928 -1619.33413928]
 -- BestRoute: [array([ 0,  7,  4,  5,  6,  8, 11, 10, 12,  9,  0]), array([ 1, 14, 18, 21, 22, 20, 19, 17, 16, 13, 15,  1]), array([ 2, 32, 31, 30, 27, 24, 23, 25, 26, 28, 29,  2]), array([ 3, 42, 37, 34, 33, 35, 36, 38, 41, 39, 40,  3])]
 -- Premio: 
 ---------22.128990204491963
 ---------24.482605577751237
 ---------21.950844619618653
 ---------24.10402477792015
 -- Custo: 
 ---------49.0
 ---------48.0
 ---------54.0
 ---------48.0
 - Execucao 23
 -- BestCostGenaration: [-327.5172763802649, -428.5886564576046, -595.3876833273928, -698.3967584036085, -795.872422406369, -835.7332835908012, -895.3661689201954, -995.1194088280749, -1043.8559987102303, -1107.0018029031878, -1160.3314715092006, -1242.444837470639, -1272.9399923003175, -1308.1926340355253, -1316.8013101874658, -1338.9911052916514, -1354.558148723951, -1376.9259702892896, -1415.1168214435197, -1453.864121205086, -1457.656337050814, -1468.198090640819, -1469.5326466854783, -1488.4007573927368, -1491.7569896985685, -1502.8490277297503, -1508.605243176207, -1516.0664535929627, -1516.3986089753087, -1528.9131391401897, -1533.7407567301993, -1549.296694194646, -1563.5090671596934, -1573.076158871888, -1573.7454955711519, -1588.0731992947576, -1594.7067222829023, -1596.300104833575, -1599.6098201537457, -1600.1366709935774, -1601.2287890910457, -1605.6509941929016, -1608.6013720930762, -1612.1366258028415, -1614.3372856939168]
 -- BestCostElement: [-1614.33728569 -1614.33728569 -1614.33728569 -1614.33728569]
 -- BestRoute: [array([ 0,  7,  4,  5,  6,  8, 11, 10, 12,  9,  0]), array([ 1, 21, 22, 20, 19, 17, 16, 13, 15, 14, 18,  1]), array([ 2, 29, 28, 26, 25, 23, 24, 27, 30, 32, 31,  2]), array([ 3, 42, 37, 34, 33, 35, 36, 38, 40, 41, 39,  3])]
 -- Premio: 
 ---------22.128990204491963
 ---------24.482605577751233
 ---------23.97060945745574
 ---------23.333473336821847
 -- Custo: 
 ---------49.0
 ---------48.0
 ---------54.0
 ---------48.0
 - Execucao 24
 -- BestCostGenaration: [-384.0292529192553, -545.5991364020947, -602.3104481959878, -677.0555699032288, -829.1623188678966, -951.857012312375, -971.3065708922304, -1017.2070656236187, -1096.7543598371847, -1106.9171738071566, -1156.5596656894681, -1229.2468121710267, -1270.1176047054248, -1290.8914233516712, -1321.694594775996, -1335.915475627292, -1400.9186142361386, -1401.703665346547, -1403.7122074547335, -1404.4625977164496, -1420.592314094267, -1444.4465933678975, -1452.6053929925015, -1459.1909314994646, -1483.4969415803662, -1499.3597904077305, -1515.2433945761632, -1521.8851554980818, -1530.7160583196292, -1535.8724389687914, -1540.4553705784003, -1551.7521644565925, -1562.129673715637, -1569.7463316147619, -1580.1149321601376, -1582.7174959537301, -1583.9145042957123, -1589.8212085249131, -1590.7127119220418, -1600.127173415079, -1602.0731992947576, -1605.3869077937422, -1606.4954043966136, -1609.8091128955982, -1614.4426358837432, -1621.5204978424147, -1631.9205690756]
 -- BestCostElement: [-1631.92056908 -1631.92056908 -1631.92056908 -1631.92056908]
 -- BestRoute: [array([ 0,  7,  4,  5,  6,  8, 11, 10, 12,  9,  0]), array([ 1, 21, 18, 14, 15, 13, 16, 17, 19, 20, 22,  1]), array([ 2, 32, 29, 28, 26, 25, 23, 24, 27, 30, 31,  2]), array([ 3, 33, 34, 37, 42, 40, 41, 39, 38, 36, 35,  3])]
 -- Premio: 
 ---------22.128990204491963
 ---------24.556395895082645
 ---------23.13556291411146
 ---------19.69890871741394
 -- Custo: 
 ---------49.0
 ---------48.0
 ---------54.0
 ---------48.0
 - Execucao 25
 -- BestCostGenaration: [-472.8088523255271, -552.1308737042668, -690.8582292545473, -755.3102661003527, -814.3294619276112, -965.9568095438955, -1071.0872209811505, -1086.5785013350994, -1160.7953227975481, -1199.212374950152, -1239.689216223424, -1295.235854041046, -1299.0390727089755, -1335.8437494322757, -1354.9074086357498, -1386.9226620128309, -1391.336619684837, -1396.091276847327, -1400.5124821145796, -1423.24026665604, -1441.5198401842435, -1451.3139175382394, -1460.1907657808924, -1464.5979016285683, -1472.1401679198573, -1474.8799775763296, -1493.5859132647895, -1514.7876263070439, -1532.8551337790946, -1544.957606363184, -1546.8053267709338, -1551.7643597859278, -1566.171803782789, -1571.3842200109925, -1575.002588004079, -1577.4354962918842, -1579.688879505094, -1586.8499577849211, -1587.9765042197505, -1592.891131824077, -1604.2370733607222, -1606.2109463132374, -1606.9806853796458, -1608.954558332161, -1611.1552182232363, -1612.7593039598585, -1613.1335245805324, -1618.495217560699]
 -- BestCostElement: [-1618.49521756 -1618.49521756 -1618.49521756 -1618.49521756]
 -- BestRoute: [array([ 0,  8,  6,  5,  4,  7,  9, 10, 11, 12,  0]), array([ 1, 21, 18, 14, 15, 13, 16, 17, 19, 20, 22,  1]), array([ 2, 32, 31, 30, 27, 24, 23, 25, 26, 28, 29,  2]), array([ 3, 40, 42, 37, 34, 33, 35, 36, 38, 39, 41,  3])]
 -- Premio: 
 ---------23.30056307974577
 ---------24.556395895082645
 ---------21.950844619618653
 ---------23.068392015378137
 -- Custo: 
 ---------49.0
 ---------48.0
 ---------54.0
 ---------48.0
 - Execucao 26
 -- BestCostGenaration: [-479.1060354250185, -493.80055158975506, -617.8123187731651, -717.8206722844081, -807.5125214698189, -889.9762765194059, -957.9717283591781, -1000.3250312435775, -1070.0622686642357, -1100.7644087982044, -1169.0919382633974, -1182.7361797526607, -1272.973385754693, -1315.7744672146264, -1352.3382293247053, -1369.8434574857804, -1388.3759154094087, -1415.9075440373917, -1417.3277434235724, -1428.4092487165626, -1442.1471842708663, -1459.105931421656, -1479.8392512872638, -1484.5782108662586, -1490.4102034490231, -1493.1672268052503, -1510.3235427141815, -1512.7855560309304, -1545.1597766516045, -1549.3657800468695, -1553.9852457355933, -1559.1740589080687, -1568.808580449515, -1572.525652719246, -1579.3868073588515, -1580.5168107685122, -1594.035917999525, -1594.8275596903666, -1600.6633349974945, -1603.9143626505336]
 -- BestCostElement: [-1603.91436265 -1603.91436265 -1603.91436265 -1603.91436265]
 -- BestRoute: [array([ 0,  6,  5,  4,  7,  9, 12, 10, 11,  8,  0]), array([ 1, 18, 14, 15, 13, 16, 20, 22, 19, 17,  1]), array([ 2, 27, 24, 23, 25, 26, 28, 29, 32, 31, 30,  2]), array([ 3, 33, 34, 37, 40, 41, 39, 38, 36, 35,  3])]
 -- Premio: 
 ---------20.536631057245557
 ---------23.62511840008253
 ---------23.29126786466034
 ---------19.06839201537814
 -- Custo: 
 ---------49.0
 ---------46.0
 ---------54.0
 ---------46.0
 - Execucao 27
 -- BestCostGenaration: [-368.4079159064016, -536.5761956730844, -616.4279433282206, -719.0701522872334, -845.8945534132562, -852.1351489368756, -942.0770602072372, -990.056505041259, -1097.901803132435, -1180.4170338573117, -1232.2873428292569, -1240.8543460875594, -1252.7445777748449, -1297.6368433920618, -1300.550866987162, -1304.923077590932, -1348.577337591947, -1367.5259016299608, -1375.8305857719274, -1421.8452156322605, -1432.753203573904, -1434.4822432880235, -1437.159130516655, -1472.9020853273328, -1484.9856783930632, -1493.6707128530088, -1510.2460198778458, -1511.6792808454275, -1512.836401729693, -1534.541885599022, -1539.465140597557, -1544.3879705295903, -1556.3406257600282, -1556.872856477392, -1575.8806000862107, -1576.5607855970507, -1583.5103725557578, -1584.8862473574982, -1593.0585231482294, -1595.718173183859, -1599.9342751018364, -1601.6920461363743, -1609.5131250787385, -1609.6067170038573, -1611.5805899563725, -1612.3303531562076]
 -- BestCostElement: [-1612.33035316 -1612.33035316 -1612.33035316 -1612.33035316]
 -- BestRoute: [array([ 0,  8,  6,  5,  4,  7,  9, 12, 10, 11,  0]), array([ 1, 21, 18, 14, 15, 13, 16, 17, 19, 22, 20,  1]), array([ 2, 29, 28, 26, 25, 23, 24, 30, 32, 31, 27,  2]), array([ 3, 39, 38, 36, 35, 33, 34, 37, 42, 41, 40,  3])]
 -- Premio: 
 ---------21.36505818199175
 ---------24.954741532750813
 ---------24.851074395954114
 ---------23.246537600251443
 -- Custo: 
 ---------49.0
 ---------48.0
 ---------54.0
 ---------48.0
 - Execucao 28
 -- BestCostGenaration: [-446.34448540690687, -559.058782371522, -606.2151760320826, -754.6578724181941, -807.529257349544, -858.3477087378371, -933.0091715178247, -1073.6574394284933, -1152.0308086350717, -1175.3467297340312, -1209.296079172341, -1248.5679865288398, -1254.5652526180793, -1293.4058285892913, -1316.0452540362517, -1341.9198679103781, -1350.1881524010394, -1363.1994229118839, -1383.2479084600732, -1413.0842829696876, -1425.760902811096, -1441.7616872406402, -1460.8796751791272, -1478.7403422972648, -1484.624334112225, -1492.2599072243686, -1508.3054476914876, -1529.63414941071, -1546.0818956198646, -1568.8599565190198, -1568.9452222954346, -1569.0166446572227, -1576.3987093216065, -1585.6098201537457, -1600.9909935303644, -1611.1180373628947, -1611.3760177718787, -1619.0652688500243, -1623.0652688500243, -1623.1024497103658, -1627.7515603510396]
 -- BestCostElement: [-1627.75156035 -1627.75156035 -1627.75156035 -1627.75156035]
 -- BestRoute: [array([ 0,  6,  5,  4,  7,  9, 12, 10, 11,  8,  0]), array([ 1, 21, 18, 14, 15, 13, 16, 17, 19, 20, 22,  1]), array([ 2, 29, 28, 26, 25, 23, 24, 27, 30, 32, 31,  2]), array([ 3, 42, 37, 34, 33, 35, 36, 38, 39, 41, 40,  3])]
 -- Premio: 
 ---------20.536631057245557
 ---------24.556395895082645
 ---------23.97060945745574
 ---------21.49847350245616
 -- Custo: 
 ---------49.0
 ---------48.0
 ---------54.0
 ---------48.0
 - Execucao 29
 -- BestCostGenaration: [-597.2555142942024, -640.9495087573623, -816.6249315423754, -824.8101983710852, -875.2307590575579, -911.4214795901888, -950.5988530635547, -1049.2036858322099, -1108.187611807084, -1148.4441906894122, -1210.8109003966572, -1225.7474636645884, -1227.8611762627988, -1311.8019699920312, -1331.3026386430502, -1341.3867621681156, -1354.51464020527, -1379.9504021196867, -1401.5464983373413, -1425.061567198804, -1443.7195642430956, -1452.528915804969, -1454.5249482673953, -1458.1809720480744, -1470.1494056882343, -1485.7886654243557, -1487.1268200890254, -1504.967338306147, -1517.346873975529, -1533.291604515823, -1534.9283126844189, -1541.6366115015467, -1542.6040076187437, -1551.016113640203, -1568.1473741795267, -1573.3908652778969, -1577.9156846090207, -1582.9390158703682, -1585.006480748002, -1587.0544652291842, -1589.538711465366, -1595.3273935790771, -1597.5090671596934, -1607.5351942071784, -1608.0467216203654, -1611.1024497103663, -1625.013127399035, -1626.9870003515503, -1628.580382902223]
 -- BestCostElement: [-1628.5803829 -1628.5803829 -1628.5803829 -1628.5803829]
 -- BestRoute: [array([ 0,  8,  6,  5,  4,  7,  9, 12, 10, 11,  0]), array([ 1, 21, 18, 14, 15, 13, 16, 17, 19, 20, 22,  1]), array([ 2, 32, 31, 30, 27, 24, 23, 25, 26, 28, 29,  2]), array([ 3, 39, 38, 36, 35, 33, 34, 37, 42, 40, 41,  3])]
 -- Premio: 
 ---------21.36505818199175
 ---------24.556395895082645
 ---------21.950844619618653
 ---------22.482605577751233
 -- Custo: 
 ---------49.0
 ---------48.0
 ---------54.0
 ---------48.0
