 - Execucao 0
 -- BestCostGenaration: [-314.8063646909236, -512.11331650061345, -664.24422807963197, -807.48249617918623, -887.47224522266481, -1009.2415509161913, -1035.692421710703, -1120.4719295625082, -1155.833358316791, -1236.6289479957109, -1270.4431956860924, -1309.1459087368751, -1345.5231872281083, -1374.414735815973, -1387.6644745496972, -1398.8104863769511, -1419.9367220662757, -1452.1359860912219, -1458.429474775153, -1459.7168924356597, -1490.8260127748367, -1505.115184405023, -1532.7409637843491, -1544.6720383922088, -1558.3274368422335, -1567.875587434705, -1568.9504204354223, -1580.4390568132285, -1589.9872074056998, -1591.5805899563725, -1592.1514320985721, -1597.2746250662067, -1597.5590831495833, -1600.614811239584]
 -- BestCostElement: [-1600.61481124 -1600.61481124 -1600.61481124 -1600.61481124]
 -- BestRoute: [array([ 0,  9,  7,  4,  5,  6,  8, 11, 10, 12,  0]), array([ 1, 18, 14, 15, 13, 16, 17, 20, 22, 19,  1]), array([ 2, 32, 29, 28, 26, 25, 23, 24, 30, 31, 27,  2]), array([ 3, 42, 37, 34, 33, 35, 36, 38, 39, 40, 41,  3])]
 -- Custo: 
 ---------22.5366310572
 ---------23.3110327025
 ---------24.0160278526
 ---------22.4826055778
 ---- Total: 92.3462971901
 -- Premio: 
 ---------49.0
 ---------46.0
 ---------54.0
 ---------48.0
 ---- Total: 197.0
 - Execucao 1
 -- BestCostGenaration: [-300.83330463213082, -468.78980899072178, -732.63424011382403, -849.20430238344716, -961.63440621942334, -1076.1828277753957, -1105.5659160832811, -1146.3193405536383, -1189.123716939137, -1237.1608113984551, -1270.047347423407, -1340.8832307339226, -1406.9669654448317, -1414.7352758743257, -1417.0526000135205, -1442.459595001452, -1452.3180185951514, -1469.0043100961668, -1502.0236482672931, -1504.8989186960525, -1514.7816715467163, -1525.0525035590774, -1534.0238572490218, -1544.7944779593579, -1561.0119692315413, -1572.4472330795172, -1591.0855400993505, -1594.8538505288448, -1600.3210805347519, -1603.3768086247528, -1606.6114577723893, -1611.244980760534, -1616.1892526705333]
 -- BestCostElement: [-1616.18925267 -1616.18925267 -1616.18925267 -1616.18925267]
 -- BestRoute: [array([ 0,  8,  6,  5,  4,  7,  9, 10, 11, 12,  0]), array([ 1, 21, 18, 14, 15, 13, 16, 17, 19, 20, 22,  1]), array([ 2, 32, 31, 30, 27, 24, 23, 25, 26, 29, 28,  2]), array([ 3, 42, 37, 34, 33, 35, 36, 38, 39, 40, 41,  3])]
 -- Custo: 
 ---------23.3005630797
 ---------24.5563958951
 ---------23.1131222798
 ---------22.4826055778
 ---- Total: 93.4526868324
 -- Premio: 
 ---------49.0
 ---------48.0
 ---------54.0
 ---------48.0
 ---- Total: 199.0
 - Execucao 2
 -- BestCostGenaration: [-276.33913853782599, -482.816425424626, -701.10527145938613, -786.7175754104361, -951.33393494796496, -1011.5387296899013, -1035.8816950278244, -1173.2471983227438, -1197.6233806135242, -1242.0234970374454, -1322.4325228061757, -1398.4036438819876, -1411.2324664331709, -1435.9814387801316, -1464.2091351718234, -1467.4852480558895, -1473.9919914373882, -1487.7140853148012, -1495.7485436021748, -1515.2077611327866, -1528.8008408350113, -1531.2001859555535, -1535.5397140129826, -1548.1738518539191, -1564.4953039617226, -1567.9350012144796, -1580.7638237656629, -1584.0886865123953, -1584.2001426923971, -1597.0289652435804, -1602.7532843707068, -1607.1754894725623, -1609.7455407618877, -1614.1677458637434]
 -- BestCostElement: [-1614.16774586 -1614.16774586 -1614.16774586 -1614.16774586]
 -- BestRoute: [array([ 0,  7,  4,  5,  6,  8, 11, 10, 12,  9,  0]), array([ 1, 15, 16, 17, 19, 20, 22, 21, 18, 14, 13,  1]), array([ 2, 32, 29, 28, 26, 25, 23, 24, 27, 30, 31,  2]), array([ 3, 40, 42, 37, 34, 33, 35, 36, 38, 39, 41,  3])]
 -- Custo: 
 ---------22.1289902045
 ---------25.6251184001
 ---------23.1355629141
 ---------23.0683920154
 ---- Total: 93.9580635341
 -- Premio: 
 ---------49.0
 ---------48.0
 ---------54.0
 ---------48.0
 ---- Total: 199.0
 - Execucao 3
 -- BestCostGenaration: [-265.49014517220752, -427.98469110003725, -650.37711745041156, -906.29733197868677, -937.1768065837955, -1007.3726771648894, -1135.191146931297, -1161.3509242115435, -1204.9269069787529, -1291.9327434315026, -1312.5370369156958, -1335.2173095105331, -1353.004264905431, -1404.6762515182891, -1463.6020193731924, -1493.590424899478, -1498.0699957099785, -1503.2844600093122, -1503.6404604388629, -1529.2682548501471, -1547.1579568376392, -1570.5646314587011, -1575.1281008372246, -1587.9569233884079, -1597.5050739808792, -1602.2332439729009, -1606.9195354739163, -1607.6995826910434, -1611.6995826910434, -1616.3858741920585]
 -- BestCostElement: [-1616.38587419 -1616.38587419 -1616.38587419 -1616.38587419]
 -- BestRoute: [array([ 0,  6,  5,  4,  7,  9, 12, 10,  8, 11,  0]), array([ 1, 16, 13, 15, 14, 18, 21, 22, 20, 17, 19,  1]), array([ 2, 29, 28, 26, 25, 23, 24, 27, 30, 31, 32,  2]), array([ 3, 42, 37, 34, 33, 35, 36, 38, 39, 40, 41,  3])]
 -- Custo: 
 ---------22.6011261595
 ---------26.3689550951
 ---------21.9508446196
 ---------22.4826055778
 ---- Total: 93.403531452
 -- Premio: 
 ---------49.0
 ---------48.0
 ---------54.0
 ---------48.0
 ---- Total: 199.0
 - Execucao 4
 -- BestCostGenaration: [-288.53301937927267, -502.76774184846755, -622.32874131462552, -785.5982245330116, -862.6708862544051, -917.30033960833612, -1006.8850314748192, -1086.3640065350305, -1155.92810437143, -1232.2977556941275, -1275.1364683439783, -1319.3801620919473, -1352.3425485741359, -1379.6036753961646, -1402.3278123279692, -1408.3209801884541, -1429.5238282646878, -1448.0475124732393, -1474.4398833607625, -1481.2145068345817, -1503.7297029173424, -1504.0859339894146, -1520.2310923941341, -1532.2521203523931, -1553.5172046585762, -1557.9394097604322, -1561.0803031919568, -1564.2560778365475, -1568.1100295281917, -1575.1923990835783, -1580.6689017109411, -1591.0329584223946, -1597.8415097242519, -1604.6223477942531, -1604.6627957207656]
 -- BestCostElement: [-1604.66279572 -1604.66279572 -1604.66279572 -1604.66279572]
 -- BestRoute: [array([ 0,  7,  4,  5,  6,  8, 11, 10, 12,  9,  0]), array([ 1, 16, 13, 15, 14, 18, 21, 22, 20, 19, 17,  1]), array([ 2, 25, 26, 28, 29, 32, 27, 24, 30, 31,  2]), array([ 3, 42, 37, 34, 33, 35, 36, 38, 39, 41, 40,  3])]
 -- Custo: 
 ---------22.1289902045
 ---------24.9349766949
 ---------25.2718606679
 ---------21.4984735025
 ---- Total: 93.8343010698
 -- Premio: 
 ---------49.0
 ---------48.0
 ---------53.0
 ---------48.0
 ---- Total: 198.0
 - Execucao 5
 -- BestCostGenaration: [-275.81840772203725, -474.18364210644006, -651.97033432022386, -725.02674333213213, -840.24082498086796, -944.27506215510175, -986.59408500718018, -1069.6874120095736, -1122.2830084752381, -1194.2935478701943, -1273.0917292314787, -1331.4840844302935, -1332.2707552535323, -1355.1912270075065, -1372.5885000691981, -1385.9695299867312, -1393.9392007787033, -1437.4798600072413, -1439.9020651090973, -1444.8570402050459, -1468.0135212890991, -1475.2218795982576, -1488.1785107171779, -1508.1924423467349, -1524.87873384775, -1534.4268844402213, -1543.8271270328964, -1547.2557069914046, -1553.3752776253682, -1562.1036344533043, -1566.7554976169586, -1570.0538687807211, -1576.8425076312756, -1583.9510042341467, -1593.4991548266182, -1596.5548829166191, -1601.678075884254, -1602.10344761739, -1611.3612209722244]
 -- BestCostElement: [-1611.36122097 -1611.36122097 -1611.36122097 -1611.36122097]
 -- BestRoute: [array([ 0,  9,  7,  4,  5,  6,  8, 10, 11, 12,  0]), array([ 1, 22, 21, 18, 14, 15, 13, 16, 17, 19, 20,  1]), array([ 2, 32, 31, 30, 27, 24, 23, 25, 26, 29, 28,  2]), array([ 3, 40, 41, 42, 37, 34, 33, 35, 36, 38, 39,  3])]
 -- Custo: 
 ---------23.365058182
 ---------24.9349766949
 ---------23.1131222798
 ---------23.2465376003
 ---- Total: 94.6596947569
 -- Premio: 
 ---------49.0
 ---------48.0
 ---------54.0
 ---------48.0
 ---- Total: 199.0
 - Execucao 6
 -- BestCostGenaration: [-287.45327234532431, -454.13411884825598, -666.90577938951765, -813.6052917434248, -863.89802067067046, -1008.0899467177242, -1124.5121518195801, -1163.7771301752443, -1254.1877360379056, -1308.3046465266896, -1337.1698590853402, -1361.797583162115, -1407.6715353090294, -1435.4033909908248, -1453.4256378849561, -1466.433381493775, -1473.1894375788684, -1485.4913666958037, -1510.7382112613682, -1545.8870553558613, -1554.3794778583319, -1572.823376602892, -1578.293898408509, -1583.4766703310402, -1596.3715271953633, -1603.0700528817129, -1606.4985710278938, -1611.5015306050241]
 -- BestCostElement: [-1611.50153061 -1611.50153061 -1611.50153061 -1611.50153061]
 -- BestRoute: [array([ 0,  7,  9, 12, 10, 11,  8,  6,  5,  4,  0]), array([ 1, 21, 18, 14, 15, 13, 16, 17, 19, 20, 22,  1]), array([ 2, 24, 23, 25, 26, 28, 29, 27, 30, 31, 32,  2]), array([ 3, 42, 37, 34, 33, 35, 36, 38, 39, 40, 41,  3])]
 -- Custo: 
 ---------23.1421823327
 ---------24.5563958951
 ---------24.4434335432
 ---------22.4826055778
 ---- Total: 94.6246173487
 -- Premio: 
 ---------49.0
 ---------48.0
 ---------54.0
 ---------48.0
 ---- Total: 199.0
 - Execucao 7
 -- BestCostGenaration: [-306.69716568604861, -516.28869512341885, -699.99503393261296, -804.85991890927755, -870.946651601089, -968.47095823092889, -1109.5545488158309, -1156.2837540487835, -1209.1990238076119, -1233.6258951246723, -1296.8975761355264, -1314.112596987191, -1344.6794593304328, -1388.3161661181603, -1408.7980652671092, -1438.8392393062652, -1442.3175127245124, -1447.8247499956515, -1458.8443935143566, -1475.9359558583467, -1489.8277667445159, -1498.4081317593568, -1515.5063146367124, -1515.8690919249266, -1528.6180642718873, -1529.0577182614877, -1541.2693511391931, -1543.757635744925, -1552.0297732419438, -1566.8458610984701, -1577.5556909149825, -1584.2750189562707, -1587.4125589206008, -1591.7604887027969, -1598.0401627544848, -1603.697017003977]
 -- BestCostElement: [-1603.697017 -1603.697017 -1603.697017 -1603.697017]
 -- BestRoute: [array([ 0,  8,  6,  5,  4,  7,  9, 12, 11, 10,  0]), array([ 1, 18, 14, 15, 13, 16, 17, 20, 19, 22,  1]), array([ 2, 32, 29, 28, 26, 25, 23, 24, 30, 27, 31,  2]), array([ 3, 39, 41, 40, 42, 37, 34, 33, 35, 38, 36,  3])]
 -- Custo: 
 ---------21.365058182
 ---------23.2912678647
 ---------24.8444549774
 ---------22.074964725
 ---- Total: 91.575745749
 -- Premio: 
 ---------49.0
 ---------46.0
 ---------54.0
 ---------48.0
 ---- Total: 197.0
 - Execucao 8
 -- BestCostGenaration: [-288.84298658813839, -496.90143338675318, -657.32540164963928, -874.16894632362778, -932.07173183593363, -1066.8711602734609, -1070.4118195019989, -1150.0759561336959, -1232.8413440056793, -1270.1509493948834, -1290.5895552365494, -1332.190974762621, -1364.1616595116568, -1386.5714651644635, -1434.1477527409281, -1464.7597689222835, -1483.0501913506564, -1483.1616475306582, -1497.8752202086785, -1505.794730204243, -1514.8721601966572, -1517.6016521471661, -1537.4413215823461, -1552.6463264243098, -1559.467612420824, -1561.6385828154912, -1572.4180907558894, -1576.4443815943673, -1577.1488480071771, -1583.279949847346, -1593.701614199751, -1593.9546467860537, -1598.9016712190337, -1604.5585254685257, -1607.6192013812079, -1607.8722339675105]
 -- BestCostElement: [-1607.87223397 -1607.87223397 -1607.87223397 -1607.87223397]
 -- BestRoute: [array([ 0,  6,  5,  4,  7,  9, 12, 10, 11,  8,  0]), array([ 1, 18, 14, 15, 13, 16, 17, 19, 20, 22,  1]), array([ 2, 32, 31, 30, 27, 24, 23, 25, 26, 29, 28,  2]), array([ 3, 35, 36, 38, 39, 41, 42, 33, 34, 37, 40,  3])]
 -- Custo: 
 ---------20.5366310572
 ---------20.7147766421
 ---------23.1131222798
 ---------26.167411529
 ---- Total: 90.5319415081
 -- Premio: 
 ---------49.0
 ---------46.0
 ---------54.0
 ---------48.0
 ---- Total: 197.0
 - Execucao 9
 -- BestCostGenaration: [-345.76145114914868, -483.05834141068487, -663.95989013273083, -772.99689621079597, -836.50035783418116, -931.09451043296235, -1005.3475430192648, -1054.9676303914252, -1135.5211344611184, -1187.2301388954336, -1211.3685472863253, -1272.7126058902654, -1328.9917363976219, -1338.6922392158253, -1365.7123822145245, -1394.8349258858707, -1414.4931556328879, -1443.0098537646918, -1464.3511555111463, -1470.0216357430609, -1475.0552109799155, -1480.0978727328275, -1490.9334409858056, -1496.8707601398601, -1503.9013376123257, -1518.613669759802, -1534.6247235726589, -1544.086905320994, -1553.6350559134653, -1558.2685789016105, -1577.0233903590176, -1579.7407567301993, -1585.3659598131767, -1588.6533774736836, -1600.7757236755492, -1607.1552182232363, -1610.7338039742544, -1616.4695085933665, -1619.9840407744196, -1623.5618356725638, -1627.9840407744196]
 -- BestCostElement: [-1627.98404077 -1627.98404077 -1627.98404077 -1627.98404077]
 -- BestRoute: [array([ 0,  7,  4,  5,  6,  8, 11, 10, 12,  9,  0]), array([ 1, 22, 21, 18, 14, 15, 13, 16, 17, 19, 20,  1]), array([ 2, 25, 23, 24, 27, 30, 31, 32, 29, 28, 26,  2]), array([ 3, 42, 40, 41, 39, 38, 36, 35, 33, 34, 37,  3])]
 -- Custo: 
 ---------22.1289902045
 ---------24.9349766949
 ---------22.705481427
 ---------20.73454148
 ---- Total: 90.5039898064
 -- Premio: 
 ---------49.0
 ---------48.0
 ---------54.0
 ---------48.0
 ---- Total: 199.0
 - Execucao 10
 -- BestCostGenaration: [-308.41943362382409, -471.67920018905124, -632.92219364910125, -748.76696527250579, -895.47915875342642, -948.24849185721837, -1016.7434176818183, -1069.7998445309315, -1172.1588281259844, -1228.2916373752021, -1237.3798708998631, -1272.9792352656568, -1334.3329506493396, -1350.4375259693393, -1373.5124206268879, -1398.4178404385832, -1426.1676454288527, -1449.7183781851402, -1468.4412783191897, -1472.3234437520127, -1489.3592593907106, -1513.5434954970542, -1535.4591210969979, -1542.0150152982883, -1544.3229030025618, -1554.3778066203699, -1557.5517365035741, -1565.3226095473885, -1569.3809077540859, -1581.42009547527, -1582.0212216347613, -1585.3194429161085, -1587.9205690755998, -1588.2529112052673, -1592.8648409855991, -1596.3155920512127, -1598.7377971530686, -1603.3078484423938, -1607.218689922056, -1611.7887412113812, -1616.7330131213803]
 -- BestCostElement: [-1616.73301312 -1616.73301312 -1616.73301312 -1616.73301312]
 -- BestRoute: [array([ 0,  8,  6,  5,  4,  7,  9, 10, 11, 12,  0]), array([ 1, 22, 21, 18, 14, 15, 13, 16, 17, 19, 20,  1]), array([ 2, 24, 23, 25, 26, 28, 29, 32, 27, 30, 31,  2]), array([ 3, 37, 34, 33, 35, 36, 38, 39, 41, 40, 42,  3])]
 -- Custo: 
 ---------23.3005630797
 ---------24.9349766949
 ---------24.346665465
 ---------20.73454148
 ---- Total: 93.3167467197
 -- Premio: 
 ---------49.0
 ---------48.0
 ---------54.0
 ---------48.0
 ---- Total: 199.0
 - Execucao 11
 -- BestCostGenaration: [-277.70115102741988, -559.57982084414016, -666.91792000080545, -852.0984939334204, -879.74285507958973, -984.91452451394775, -1061.4724536795632, -1129.0358409311975, -1180.365048432466, -1248.2182623154142, -1258.8827073486673, -1297.1328899197408, -1358.8943018223817, -1381.5583986136858, -1429.8106583827182, -1447.8643085395161, -1462.7533040087951, -1482.5743829511594, -1516.4737755827337, -1532.6284537844283, -1548.949905892232, -1553.8569969418893, -1555.513211479762, -1569.2491250806027, -1570.6588025419514, -1580.206953134423, -1591.0702040229673, -1600.6183546154386, -1603.6740827054396, -1605.7193146636407, -1608.7750427536416]
 -- BestCostElement: [-1608.77504275 -1608.77504275 -1608.77504275 -1608.77504275]
 -- BestRoute: [array([ 0,  9,  7,  4,  5,  6,  8, 10, 12, 11,  0]), array([ 1, 22, 21, 18, 14, 15, 13, 16, 17, 19, 20,  1]), array([ 2, 29, 32, 31, 30, 27, 24, 23, 25, 26, 28,  2]), array([ 3, 33, 34, 37, 42, 40, 41, 35, 36, 38, 39,  3])]
 -- Custo: 
 ---------23.4295532842
 ---------24.9349766949
 ---------23.9415494045
 ---------23.0001599279
 ---- Total: 95.3062393116
 -- Premio: 
 ---------49.0
 ---------48.0
 ---------54.0
 ---------48.0
 ---- Total: 199.0
 - Execucao 12
 -- BestCostGenaration: [-285.57137450081592, -416.17405823761544, -589.78235197472213, -716.34699462865512, -947.86687056672758, -983.92220476666432, -1083.9849308033456, -1168.8920218530029, -1211.2196663520056, -1267.3583047468433, -1306.7319414801998, -1399.6973472989769, -1412.5991850897808, -1425.5068317676269, -1454.5850032315111, -1476.6614697818309, -1485.779923908513, -1505.0688340119614, -1514.9724895638619, -1524.9978738995846, -1533.580776792287, -1533.9901302907656, -1554.7466391923954, -1563.701614288344, -1564.2947897848671, -1573.2497648808157, -1584.1291344389081, -1588.762657427053, -1589.1896465605973, -1596.1993518395229, -1598.3932208380675, -1607.941371430539, -1609.0232265680247, -1610.9970995205399]
 -- BestCostElement: [-1610.99709952 -1610.99709952 -1610.99709952 -1610.99709952]
 -- BestRoute: [array([ 0,  9,  7,  4,  5,  6,  8, 10, 11, 12,  0]), array([ 1, 21, 18, 14, 15, 13, 16, 17, 19, 20, 22,  1]), array([ 2, 24, 23, 25, 26, 28, 29, 32, 27, 30, 31,  2]), array([ 3, 39, 38, 36, 35, 33, 34, 37, 42, 40, 41,  3])]
 -- Custo: 
 ---------23.365058182
 ---------24.5563958951
 ---------24.346665465
 ---------22.4826055778
 ---- Total: 94.7507251199
 -- Premio: 
 ---------49.0
 ---------48.0
 ---------54.0
 ---------48.0
 ---- Total: 199.0
 - Execucao 13
 -- BestCostGenaration: [-322.17566682063028, -525.05020627896283, -675.1978043423178, -804.64314433887785, -888.84208002093578, -983.92434296076135, -1018.0523378405052, -1078.8103959068862, -1236.5718577732259, -1254.3183240313233, -1263.8671975352904, -1288.4677742842382, -1331.9045913578091, -1411.4388580187876, -1436.1933600595753, -1449.7031913124897, -1470.8332851036218, -1471.8987451365856, -1481.7549631996378, -1509.8099538422741, -1516.0524470336204, -1536.4746521354764, -1538.0135546951888, -1546.3253753835133, -1553.5233740640228, -1562.1317565769855, -1566.4904899800217, -1573.8521829601887, -1590.2946892613832, -1598.5370186617361, -1606.9330967161072, -1607.144414602396, -1617.6780758842538, -1621.8156591117404, -1622.1589686532411, -1623.7895320642556, -1624.0475124732393]
 -- BestCostElement: [-1624.04751247 -1624.04751247 -1624.04751247 -1624.04751247]
 -- BestRoute: [array([ 0, 12,  9,  7,  4,  5,  6,  8, 10, 11,  0]), array([ 1, 21, 18, 14, 15, 13, 16, 17, 19, 20, 22,  1]), array([ 2, 26, 25, 23, 24, 27, 30, 31, 32, 29, 28,  2]), array([ 3, 33, 34, 37, 42, 40, 41, 39, 38, 36, 35,  3])]
 -- Custo: 
 ---------23.365058182
 ---------24.5563958951
 ---------23.8677590872
 ---------19.6989087174
 ---- Total: 91.4881218817
 -- Premio: 
 ---------49.0
 ---------48.0
 ---------54.0
 ---------48.0
 ---- Total: 199.0
 - Execucao 14
 -- BestCostGenaration: [-299.81324541537469, -489.64685903681823, -662.86583931046084, -807.9952177321577, -854.75142322408396, -933.00830327498079, -1067.3106092617802, -1118.9448829288021, -1204.1645422789645, -1294.6469009008388, -1316.556894182012, -1357.6658599234549, -1361.4354511897413, -1396.9632969862205, -1408.2084472689019, -1463.902604385826, -1485.586100100704, -1502.5139935053003, -1519.1862930934026, -1538.4465933678975, -1540.6020007579014, -1553.2071601885727, -1566.3682601291921, -1575.4178822290178, -1577.0578186963785, -1586.6059692888502, -1595.0694131700932, -1595.9049814230714, -1603.2031022695276, -1607.8678005627296, -1620.6966231139129, -1620.9546035228966]
 -- BestCostElement: [-1620.95460352 -1620.95460352 -1620.95460352 -1620.95460352]
 -- BestRoute: [array([ 0,  8,  6,  5,  4,  7,  9, 10, 11, 12,  0]), array([ 1, 16, 13, 15, 14, 18, 21, 22, 20, 19, 17,  1]), array([ 2, 29, 28, 26, 25, 23, 24, 27, 30, 31, 32,  2]), array([ 3, 39, 41, 40, 42, 37, 34, 33, 35, 38, 36,  3])]
 -- Custo: 
 ---------23.3005630797
 ---------24.9349766949
 ---------21.9508446196
 ---------22.074964725
 ---- Total: 92.2613491193
 -- Premio: 
 ---------49.0
 ---------48.0
 ---------54.0
 ---------48.0
 ---- Total: 199.0
 - Execucao 15
 -- BestCostGenaration: [-326.92667383763774, -506.28417748138133, -673.42044292509775, -788.37432922503763, -905.57115780071251, -999.32894555316852, -1101.1221518627135, -1142.7346488124447, -1187.0430218967242, -1230.1414733159218, -1264.2882262451171, -1307.8244133659146, -1323.2280260473758, -1348.1095719206937, -1384.7977902162647, -1399.9610830712286, -1446.1771189200899, -1453.775889608004, -1481.2937326899366, -1486.9011305581757, -1490.9241544557724, -1507.8480394665644, -1518.0997404505417, -1526.8065839891897, -1534.9077772978017, -1555.0653552510478, -1557.2873129671839, -1576.6850286401982, -1581.3185516283434, -1594.5912277333509, -1600.1953586607085, -1604.1318869618888, -1607.1876150518897, -1616.2170523034126, -1619.9000336003896, -1625.1876150518897]
 -- BestCostElement: [-1625.18761505 -1625.18761505 -1625.18761505 -1625.18761505]
 -- BestRoute: [array([ 0,  9,  7,  4,  5,  6,  8, 11, 12, 10,  0]), array([ 1, 21, 18, 14, 15, 13, 16, 17, 19, 20, 22,  1]), array([ 2, 24, 23, 25, 26, 28, 29, 32, 27, 30, 31,  2]), array([ 3, 35, 36, 38, 39, 41, 40, 42, 37, 34, 33,  3])]
 -- Custo: 
 ---------22.6011261595
 ---------24.5563958951
 ---------24.346665465
 ---------19.6989087174
 ---- Total: 91.203096237
 -- Premio: 
 ---------49.0
 ---------48.0
 ---------54.0
 ---------48.0
 ---- Total: 199.0
 - Execucao 16
 -- BestCostGenaration: [-269.07380951207506, -457.74024758621204, -624.61048572505501, -750.05707594686714, -892.62656450169993, -1001.0252217997164, -1050.6605824745138, -1116.3106910222111, -1178.5303916487917, -1271.410532510263, -1274.8211799859648, -1345.3940572033196, -1382.2949496321087, -1415.1133809425176, -1435.8764100095245, -1448.6571616785025, -1465.6205479875603, -1483.5786694965536, -1486.2426416771129, -1502.4028536416752, -1513.5584434379634, -1523.4429940791474, -1528.2346357699889, -1547.6002214940788, -1550.2055924085303, -1570.0597078911676, -1573.2721241193713, -1581.6558429648212, -1586.6001148748203, -1589.6530904418403]
 -- BestCostElement: [-1589.65309044 -1589.65309044 -1589.65309044 -1589.65309044]
 -- BestRoute: [array([ 0,  8,  6,  5,  4,  7,  9, 10, 11, 12,  0]), array([ 1, 18, 14, 15, 13, 16, 17, 22, 19, 20,  1]), array([ 2, 32, 29, 28, 26, 25, 23, 24, 30, 27, 31,  2]), array([ 3, 33, 34, 37, 42, 40, 41, 35, 36, 38, 39,  3])]
 -- Custo: 
 ---------23.3005630797
 ---------23.9415494045
 ---------24.8444549774
 ---------23.0001599279
 ---- Total: 95.0867273895
 -- Premio: 
 ---------49.0
 ---------46.0
 ---------54.0
 ---------48.0
 ---- Total: 197.0
 - Execucao 17
 -- BestCostGenaration: [-258.76189017728393, -423.51078589011956, -593.75703519621538, -700.5009616708312, -923.34160082008259, -956.714183822113, -1044.848622652727, -1106.4621316506809, -1160.9167335811901, -1223.7587061864356, -1279.0994163990786, -1294.1028065808105, -1341.6891546812283, -1383.4082209481194, -1419.244411622386, -1458.1154881914808, -1462.8187423874981, -1475.9662114395178, -1482.0380491607111, -1518.6344364792501, -1523.5456718489763, -1536.9964820139035, -1545.6827735149186, -1553.8940914012076, -1558.7620399204166, -1578.3398348185606, -1586.7539888225574, -1591.4402803235726, -1597.1375824995778, -1597.5340360396842, -1600.1933105895785, -1606.3953558544119, -1609.4510839444129, -1609.8879854110323, -1614.5742769120475, -1617.2339269476774]
 -- BestCostElement: [-1617.23392695 -1617.23392695 -1617.23392695 -1617.23392695]
 -- BestRoute: [array([ 0,  8,  6,  5,  4,  7,  9, 11, 10, 12,  0]), array([ 1, 18, 21, 14, 15, 13, 16, 17, 19, 20, 22,  1]), array([ 2, 32, 31, 30, 27, 24, 23, 25, 26, 28, 29,  2]), array([ 3, 42, 37, 34, 33, 35, 36, 38, 39, 40, 41,  3])]
 -- Custo: 
 ---------23.7082039325
 ---------25.0498641332
 ---------21.9508446196
 ---------22.4826055778
 ---- Total: 93.1915182631
 -- Premio: 
 ---------49.0
 ---------48.0
 ---------54.0
 ---------48.0
 ---- Total: 199.0
 - Execucao 18
 -- BestCostGenaration: [-285.51368348770472, -514.20985339751303, -661.55210360476531, -747.73899537662555, -912.42811046542761, -998.43136414400874, -1023.5861167884161, -1118.1834744897203, -1183.4692368651063, -1195.4260364156128, -1285.6350107227297, -1343.27810382712, -1360.729746180499, -1369.5274938615159, -1385.7133141000154, -1393.8011253677237, -1429.4862803171027, -1440.2036466882842, -1460.218897064799, -1462.6897674811512, -1469.4747087495264, -1474.4221004971262, -1502.8637859068408, -1504.2823687636185, -1526.0309701768433, -1531.5385476743727, -1549.8671608511102, -1558.8594172422911, -1568.9493214247675, -1573.3715265266235, -1586.5122135727381, -1586.6689017109411, -1590.9344186745941, -1591.5085278829647, -1593.990146764595, -1594.4075678347626, -1596.6689017109411, -1604.0353787227964, -1604.2961116547608, -1604.4527997929638]
 -- BestCostElement: [-1604.45279979 -1604.45279979 -1604.45279979 -1604.45279979]
 -- BestRoute: [array([ 0,  8,  6,  5,  4,  7,  9, 12, 10, 11,  0]), array([ 1, 18, 14, 15, 13, 16, 22, 20, 17, 19,  1]), array([ 2, 27, 30, 24, 23, 25, 26, 28, 29, 32, 31,  2]), array([ 3, 37, 34, 33, 35, 36, 38, 39, 41, 40, 42,  3])]
 -- Custo: 
 ---------21.365058182
 ---------25.206677435
 ---------24.0805229549
 ---------20.73454148
 ---- Total: 91.3868000518
 -- Premio: 
 ---------49.0
 ---------46.0
 ---------54.0
 ---------48.0
 ---- Total: 197.0
 - Execucao 19
 -- BestCostGenaration: [-314.41287416022277, -440.17410951143222, -676.14248107929029, -759.58693165569923, -857.56767352417125, -995.1486391140412, -1065.4858426653668, -1119.882169345507, -1169.7310716695092, -1216.3135851903705, -1279.9523249337944, -1300.3009235842469, -1319.6589448558702, -1339.6293005501975, -1361.5445755232338, -1418.1593828501336, -1421.9754491409922, -1461.8213883573408, -1486.1645341078486, -1502.4226783078257, -1523.693251186141, -1530.6209807111509, -1540.1691313036222, -1541.6324671814778, -1544.1758770054175, -1558.8360414589479, -1561.7065787101446, -1568.3928702111598, -1571.8180348901465, -1583.0758082449806, -1587.2959680820031, -1594.1315363349813, -1596.3007088505351, -1597.9196777878351, -1603.4766703310402, -1615.0389780115465, -1619.8678005627298, -1624.5169112034032]
 -- BestCostElement: [-1624.5169112 -1624.5169112 -1624.5169112 -1624.5169112]
 -- BestRoute: [array([ 0,  8,  6,  5,  4,  7,  9, 12, 11, 10,  0]), array([ 1, 22, 20, 21, 18, 14, 15, 13, 16, 17, 19,  1]), array([ 2, 32, 31, 30, 27, 24, 23, 25, 26, 28, 29,  2]), array([ 3, 42, 37, 34, 33, 35, 36, 38, 39, 41, 40,  3])]
 -- Custo: 
 ---------21.365058182
 ---------26.5563958951
 ---------21.9508446196
 ---------21.4984735025
 ---- Total: 91.3707721991
 -- Premio: 
 ---------49.0
 ---------48.0
 ---------54.0
 ---------48.0
 ---- Total: 199.0
 - Execucao 20
 -- BestCostGenaration: [-304.09423350478266, -545.95617753724628, -738.90086380373657, -827.84204912627001, -938.50695242075312, -991.15263577844371, -1066.2064760141263, -1129.9889395512073, -1159.6422417555541, -1232.655447904511, -1246.6241091551819, -1290.3123884664335, -1351.8391879388951, -1363.3467654364244, -1371.2462821761505, -1415.3467654364244, -1421.080282860049, -1437.3379234856909, -1441.8019066436627, -1471.7663912946355, -1482.3612547470384, -1487.5144521355955, -1510.623607999582, -1521.8002187763755, -1538.5573285336259, -1549.0254218677255, -1553.8325507762047, -1557.8927306753149, -1563.7534914248563, -1573.2766565749143, -1574.01147183384, -1579.473917808059, -1582.2689129660953, -1583.0037282250214, -1583.1599018200338, -1594.6418281907049, -1596.9477930808707, -1601.1600022549246, -1603.7611284144164, -1606.816856504417]
 -- BestCostElement: [-1606.8168565 -1606.8168565 -1606.8168565 -1606.8168565]
 -- BestRoute: [array([ 0,  8, 11, 10, 12,  9,  7,  4,  5,  6,  0]), array([ 1, 18, 14, 15, 13, 16, 17, 20, 19, 22,  1]), array([ 2, 31, 30, 27, 24, 23, 25, 26, 28, 29, 32,  2]), array([ 3, 38, 36, 35, 33, 34, 37, 42, 41, 39, 40,  3])]
 -- Custo: 
 ---------20.5366310572
 ---------23.2912678647
 ---------23.1355629141
 ---------23.8323240379
 ---- Total: 90.7957858739
 -- Premio: 
 ---------49.0
 ---------46.0
 ---------54.0
 ---------48.0
 ---- Total: 197.0
 - Execucao 21
 -- BestCostGenaration: [-269.83842619462848, -478.87971416762866, -674.22121735200449, -841.52942931165308, -901.08540945594257, -960.59084099452548, -1085.6763581967166, -1154.5935483267704, -1209.8772782446349, -1302.283281623583, -1358.1194107556544, -1378.4923876477487, -1378.9783286743086, -1412.6723637841424, -1433.3320138197721, -1440.4594095129701, -1463.3759173369876, -1482.521549609465, -1515.2604227874363, -1521.9535298288474, -1528.7212025995905, -1538.2181569774571, -1558.5076246733697, -1569.1470502166565, -1577.0673650989631, -1584.0454644907024, -1590.3744531531752, -1595.0079761413201, -1597.3187250631743, -1599.3875118107021, -1601.9522480513192, -1601.992695977832, -1602.7317559917176, -1603.1227209596921, -1603.1631688862049, -1608.4844139398588, -1608.5248618663718, -1609.2639218802574]
 -- BestCostElement: [-1609.26392188 -1609.26392188 -1609.26392188 -1609.26392188]
 -- BestRoute: [array([ 0,  7,  4,  5,  6,  8, 11, 10,  9, 12,  0]), array([ 1, 21, 18, 14, 15, 13, 16, 17, 19, 20, 22,  1]), array([ 2, 31, 32, 29, 28, 26, 25, 23, 24, 30, 27,  2]), array([ 3, 39, 38, 36, 35, 33, 34, 37, 42, 40, 41,  3])]
 -- Custo: 
 ---------24.0644951022
 ---------24.5563958951
 ---------24.0805229549
 ---------22.4826055778
 ---- Total: 95.1840195299
 -- Premio: 
 ---------49.0
 ---------48.0
 ---------54.0
 ---------48.0
 ---- Total: 199.0
 - Execucao 22
 -- BestCostGenaration: [-322.13990104012862, -534.92237346100569, -701.25674262578718, -827.13178465858766, -940.02762437039598, -1044.7604366789499, -1095.4535740216397, -1187.3061306662637, -1216.7615215220681, -1250.0083700313842, -1263.8539613338389, -1312.3360272168218, -1352.6652857093998, -1383.7689982805825, -1394.5188619153082, -1407.9440265942947, -1421.7427074421046, -1444.6580365479056, -1445.0011822984131, -1470.7340313352329, -1475.1562364370886, -1493.4459092228753, -1495.8473119697924, -1508.2160440183343, -1522.9003293047845, -1540.3638902058033, -1557.6992923474922, -1566.32176152278, -1588.698734666435, -1597.690991057616, -1603.1689242494726, -1604.5265593105942]
 -- BestCostElement: [-1604.52655931 -1604.52655931 -1604.52655931 -1604.52655931]
 -- BestRoute: [array([ 0,  4,  7,  9, 12, 10, 11,  8,  6,  5,  0]), array([ 1, 18, 21, 22, 20, 19, 17, 16, 13, 15, 14,  1]), array([ 2, 24, 23, 25, 26, 28, 29, 32, 30, 31, 27,  2]), array([ 3, 35, 36, 38, 39, 41, 42, 33, 34, 37, 40,  3])]
 -- Custo: 
 ---------22.3782503102
 ---------23.7186735553
 ---------24.1040247779
 ---------26.167411529
 ---- Total: 96.3683601724
 -- Premio: 
 ---------49.0
 ---------48.0
 ---------54.0
 ---------48.0
 ---- Total: 199.0
 - Execucao 23
 -- BestCostGenaration: [-304.015714169489, -488.81544416445877, -636.10035983025375, -887.47385389870794, -913.84512484120751, -961.91011565370775, -1019.9808924337956, -1101.6420918113947, -1158.8832219434371, -1214.4030587682457, -1294.2901555470009, -1336.006899496894, -1357.867950445145, -1399.7150493658107, -1424.6523776468141, -1438.8335034924928, -1461.4670264806377, -1479.3381214128917, -1487.7419616913728, -1506.6565892956994, -1516.239168225532, -1527.544926061548, -1545.0045190778956, -1555.8159094290465, -1563.946759479187, -1576.3771020799259, -1591.3018935934733, -1603.7415475830735, -1606.2413814717841, -1608.1002809861097, -1616.2264335308751, -1616.2792020437455, -1620.9127250318902]
 -- BestCostElement: [-1620.91272503 -1620.91272503 -1620.91272503 -1620.91272503]
 -- BestRoute: [array([ 0,  8,  6,  5,  4,  7,  9, 12, 10, 11,  0]), array([ 1, 21, 18, 14, 15, 13, 16, 17, 19, 20, 22,  1]), array([ 2, 26, 25, 23, 24, 27, 30, 31, 32, 29, 28,  2]), array([ 3, 42, 37, 34, 33, 35, 36, 38, 39, 40, 41,  3])]
 -- Custo: 
 ---------21.365058182
 ---------24.5563958951
 ---------23.8677590872
 ---------22.4826055778
 ---- Total: 92.271818742
 -- Premio: 
 ---------49.0
 ---------48.0
 ---------54.0
 ---------48.0
 ---- Total: 199.0
 - Execucao 24
 -- BestCostGenaration: [-264.5010824175057, -516.87339082768267, -617.03624006551729, -819.58635507624126, -855.24730135395373, -957.12127383277607, -1038.42078005299, -1108.4917153951319, -1174.8983676346779, -1272.0748983419244, -1308.0838920801898, -1355.0104382321565, -1402.4288929040079, -1419.4846209940088, -1429.9407151564969, -1435.4395306809861, -1477.8805352573866, -1496.1894395064478, -1497.7016141997512, -1523.7501791679495, -1538.6119582817121, -1550.8355103533349, -1581.8737895555914, -1591.4219401480632, -1597.5705771884066, -1597.5861648409352, -1598.7276979840792, -1605.4508197185287, -1609.0336628742452, -1612.0738033117173, -1612.3473713732299, -1615.9468599140782, -1619.2605684130626, -1623.8940914012078]
 -- BestCostElement: [-1623.8940914 -1623.8940914 -1623.8940914 -1623.8940914]
 -- BestRoute: [array([ 0,  9,  7,  4,  5,  6,  8, 11, 10, 12,  0]), array([ 1, 21, 18, 14, 15, 13, 16, 17, 19, 20, 22,  1]), array([ 2, 29, 28, 26, 25, 23, 24, 27, 30, 31, 32,  2]), array([ 3, 42, 37, 34, 33, 35, 36, 38, 39, 40, 41,  3])]
 -- Custo: 
 ---------22.5366310572
 ---------24.5563958951
 ---------21.9508446196
 ---------22.4826055778
 ---- Total: 91.5264771497
 -- Premio: 
 ---------49.0
 ---------48.0
 ---------54.0
 ---------48.0
 ---- Total: 199.0
 - Execucao 25
 -- BestCostGenaration: [-312.30346902511832, -530.51228362965719, -673.8177444804744, -839.53055940166178, -947.89262390568729, -1005.1373721337202, -1071.0860838493672, -1141.6642878023758, -1176.5458336756938, -1246.3310988183459, -1285.9147094222831, -1299.3961598723274, -1338.5110967408218, -1373.4066397663396, -1390.092931267355, -1409.1631879506781, -1431.5034561623513, -1449.3437721730729, -1482.0818956198648, -1506.133567843689, -1543.9683279534618, -1561.4462611453187, -1578.4986357681248, -1581.3079131826253, -1583.7292269967159, -1590.0995548734668, -1594.7330778616117, -1617.3768086247528, -1620.0364586603823, -1621.7199543752606, -1622.0103316128975, -1623.0397688644205, -1626.3534773634053]
 -- BestCostElement: [-1626.35347736 -1626.35347736 -1626.35347736 -1626.35347736]
 -- BestRoute: [array([ 0,  8,  6,  5,  4,  7,  9, 10, 12, 11,  0]), array([ 1, 21, 18, 14, 15, 13, 16, 17, 19, 20, 22,  1]), array([ 2, 32, 31, 30, 27, 24, 23, 25, 26, 28, 29,  2]), array([ 3, 33, 34, 37, 42, 40, 41, 39, 36, 38, 35,  3])]
 -- Custo: 
 ---------23.365058182
 ---------24.5563958951
 ---------21.9508446196
 ---------21.0393319625
 ---- Total: 90.9116306591
 -- Premio: 
 ---------49.0
 ---------48.0
 ---------54.0
 ---------48.0
 ---- Total: 199.0
 - Execucao 26
 -- BestCostGenaration: [-264.30229119785224, -479.38494386490913, -615.88486822727646, -781.14625927518932, -868.66116434565902, -998.37179414199443, -1050.6170645041868, -1129.9193232473817, -1215.4741943316258, -1253.5855856828034, -1307.5634713636282, -1392.5260282935747, -1407.3763576515476, -1420.413141460486, -1439.0210133217724, -1450.4955549253064, -1455.4619727074373, -1475.5549032234476, -1503.4199951656688, -1505.4727636785387, -1525.4434470434458, -1531.3042693718794, -1556.1250960693583, -1568.9539186205416, -1578.5020692130129, -1581.1955657148583, -1582.5548377258833, -1590.74371630733, -1598.4485550380043, -1602.5013235508745]
 -- BestCostElement: [-1602.50132355 -1602.50132355 -1602.50132355 -1602.50132355]
 -- BestRoute: [array([ 0,  9,  7,  4,  5,  6,  8, 10, 11, 12,  0]), array([ 1, 22, 21, 18, 14, 15, 13, 16, 17, 19, 20,  1]), array([ 2, 25, 26, 28, 29, 32, 31, 30, 27, 24,  2]), array([ 3, 42, 37, 34, 33, 35, 36, 38, 41, 39, 40,  3])]
 -- Custo: 
 ---------23.365058182
 ---------24.9349766949
 ---------21.9706094575
 ---------24.1040247779
 ---- Total: 94.3746691123
 -- Premio: 
 ---------49.0
 ---------48.0
 ---------53.0
 ---------48.0
 ---- Total: 198.0
 - Execucao 27
 -- BestCostGenaration: [-274.43675842543962, -494.91349870978007, -664.41966161812957, -730.38871616036022, -851.3741074487067, -963.68784907420115, -1006.4816029638419, -1074.167186255107, -1161.3360514955029, -1237.5322327024687, -1259.5623311426857, -1334.178651256093, -1357.5138925269594, -1403.0326491310643, -1423.9286062648816, -1428.2717520153892, -1430.6468575299227, -1447.0545517554974, -1463.106053494867, -1479.134090564957, -1485.9189225516238, -1498.5362537816873, -1516.5253637598234, -1525.1586776409499, -1534.7068282334212, -1541.3285517465711, -1552.5514906820188, -1563.3167963436467, -1569.5065662128582, -1579.0547168053295, -1580.8642012739795, -1581.4977242621244, -1586.0469731965106, -1590.8797889265081, -1600.5704706577408, -1604.0104732580764]
 -- BestCostElement: [-1604.01047326 -1604.01047326 -1604.01047326 -1604.01047326]
 -- BestRoute: [array([ 0,  6,  5,  4,  7,  9, 12, 10, 11,  8,  0]), array([ 1, 18, 14, 15, 13, 16, 17, 22, 19, 20,  1]), array([ 2, 32, 29, 28, 26, 25, 23, 24, 27, 30, 31,  2]), array([ 3, 37, 34, 33, 35, 36, 38, 42, 40, 41, 39,  3])]
 -- Custo: 
 ---------20.5366310572
 ---------23.9415494045
 ---------23.1355629141
 ---------23.8836383096
 ---- Total: 91.4973816855
 -- Premio: 
 ---------49.0
 ---------46.0
 ---------54.0
 ---------48.0
 ---- Total: 197.0
 - Execucao 28
 -- BestCostGenaration: [-294.71799956593412, -501.92492642306684, -672.28362452404031, -811.3528894230169, -895.34987681581595, -972.31887203532403, -1056.0737799070639, -1115.9173203000851, -1208.2531163318381, -1230.2531163318381, -1285.1067194127468, -1301.571053197626, -1306.3796044994833, -1351.6534403749288, -1377.4711463891963, -1395.4711463006033, -1439.8185972117963, -1444.4440473189197, -1448.8108536029774, -1476.0813563431359, -1495.6639352729683, -1505.2120858654398, -1521.5335379732435, -1529.7976243724029, -1537.9543125106056, -1543.5989713421698, -1546.6376646527256, -1554.8983975846904, -1560.3115536816631, -1562.9126798411546, -1568.6485934419952, -1571.308243477625, -1573.0005811432366, -1582.5487317357081, -1587.530184506049, -1589.8361493962148]
 -- BestCostElement: [-1589.8361494 -1589.8361494 -1589.8361494 -1589.8361494]
 -- BestRoute: [array([ 0, 10,  8, 11, 12,  9,  7,  4,  6,  5,  0]), array([ 1, 16, 17, 19, 20, 21, 18, 14, 13, 15,  1]), array([ 2, 23, 24, 27, 30, 31, 32, 29, 28, 26, 25,  2]), array([ 3, 38, 36, 35, 22, 33, 34, 37, 42, 41, 39, 40,  3])]
 -- Custo: 
 ---------24.6011261595
 ---------23.3005630797
 ---------23.365058182
 ---------28.7742152297
 ---- Total: 100.040962651
 -- Premio: 
 ---------49.0
 ---------44.0
 ---------54.0
 ---------52.0
 ---- Total: 199.0
 - Execucao 29
 -- BestCostGenaration: [-284.69549952311559, -462.84296435727151, -639.76473342897907, -778.23864431155539, -835.41026198633858, -948.8877917748664, -1050.3353036919025, -1118.4100934294634, -1178.9637598819095, -1196.6629462494584, -1251.9766547484433, -1311.7993281348879, -1329.3977615083843, -1342.9683743779574, -1379.4181980214257, -1392.0803240564696, -1413.0181617480296, -1441.8833743066805, -1456.1942940936078, -1466.400570556822, -1470.7437163073298, -1501.5107092740877, -1506.041937588677, -1518.8271702960533, -1544.4967263551005, -1554.7950542557064, -1559.5104137660458, -1589.8406184364865, -1596.8328748276676, -1597.6616973788509, -1599.8886029176685, -1602.4641839008207, -1605.7948472015566, -1607.8623120791906, -1608.5748944186839, -1610.9180401691915]
 -- BestCostElement: [-1610.91804017 -1610.91804017 -1610.91804017 -1610.91804017]
 -- BestRoute: [array([ 0,  8,  6,  5,  4,  7,  9, 12, 11, 10,  0]), array([ 1, 20, 22, 21, 18, 14, 15, 13, 16, 17, 19,  1]), array([ 2, 24, 23, 25, 26, 28, 29, 32, 27, 30, 31,  2]), array([ 3, 42, 37, 34, 33, 35, 36, 38, 41, 39, 40,  3])]
 -- Custo: 
 ---------21.365058182
 ---------24.9547415328
 ---------24.346665465
 ---------24.1040247779
 ---- Total: 94.7704899577
 -- Premio: 
 ---------49.0
 ---------48.0
 ---------54.0
 ---------48.0
 ---- Total: 199.0
