 - Execucao 0
 -- BestCostGenaration: [-281.76804620360997, -418.42326283445885, -600.39697199598083, -711.79476589890317, -803.93359285496899, -908.85159347598551, -931.32049673602751, -995.34470396997096, -1060.4509182258405, -1109.2906134986138, -1123.0449670044084, -1224.6698551551381, -1252.147788346995, -1296.4118747461541, -1323.889807938011, -1325.4048767994739, -1383.8370846158764, -1392.8293410070576, -1425.8370846158762, -1435.3852352083479, -1440.0343458490213, -1465.6616808164285, -1471.0233737965953, -1488.3396710275676, -1500.8472052619404, -1514.1826074036289, -1523.7307579961007, -1528.8539509637355, -1529.7719320352564]
 -- BestCostElement: [-1529.77193204 -1529.77193204 -1529.77193204 -1529.77193204]
 -- BestRoute: [array([ 0,  6,  5,  4,  7,  9, 12, 10, 11,  0]), array([ 1, 22, 20, 19, 17, 16, 13, 15, 18,  1]), array([ 2, 29, 28, 26, 25, 23, 24, 27, 31,  2]), array([ 3, 40, 41, 39, 38, 36, 35, 33, 34, 37,  3])]
 -- Custo: 
 ---------19.365058182
 ---------18.3071357894
 ---------18.7147766421
 ---------18.6700463777
 ---- Total: 75.0570169912
 -- Premio: 
 ---------46.0
 ---------42.0
 ---------49.0
 ---------46.0
 ---- Total: 183.0
 - Execucao 1
 -- BestCostGenaration: [-254.80514567966674, -392.6280992448369, -559.3971790501306, -691.02865191427668, -887.43812241006879, -935.33736941601637, -970.18709466843643, -1012.6395711378459, -1059.6572722704757, -1104.3622545739079, -1136.7040980040169, -1154.8666856583923, -1191.4907974690623, -1210.3457770177429, -1267.2471127041326, -1284.4849284830493, -1334.0974420621055, -1403.4935633796331, -1404.4222476371037, -1428.4729846412665, -1431.9887384050846, -1447.3876122455931, -1451.074110800758, -1464.3613646702715, -1473.9095152627431, -1476.0445097582419, -1483.8131708146436, -1487.2383354936301, -1496.103548052281, -1506.8835952694078, -1511.3085528942447, -1516.4317458618796]
 -- BestCostElement: [-1516.43174586 -1516.43174586 -1516.43174586 -1516.43174586]
 -- BestRoute: [array([ 0,  6,  5,  4,  7,  9, 12, 10, 11,  0]), array([ 1, 18, 14, 15, 13, 16, 17, 19, 20,  1]), array([ 2, 25, 26, 28, 29, 32, 30, 31, 27,  2]), array([ 3, 37, 34, 33, 35, 36, 38, 39, 41, 40,  3])]
 -- Custo: 
 ---------19.365058182
 ---------18.5366310572
 ---------19.3203279176
 ---------18.6700463777
 ---- Total: 75.8920635345
 -- Premio: 
 ---------46.0
 ---------42.0
 ---------48.0
 ---------46.0
 ---- Total: 182.0
 - Execucao 2
 -- BestCostGenaration: [-291.68925107814573, -419.80884475703039, -590.59765152514467, -685.91216343814904, -808.5361108115485, -927.35333379064741, -970.34513598116337, -986.86720278930659, -1060.5640290446854, -1109.5556998621385, -1144.6720670172613, -1199.6277696099819, -1204.9366940772782, -1215.8857500189656, -1262.8625825486115, -1272.8887482186601, -1295.0184245897849, -1325.39123127529, -1345.1942437563714, -1364.2383773726579, -1371.073945625636, -1389.0037282250214, -1398.713350987384, -1405.8392964779996, -1411.5373895068788, -1420.8950245680003, -1424.2087330669851, -1436.3837613806973, -1443.3124456381679, -1453.7346507400239, -1469.6182467373405, -1486.3045382383561, -1503.1552182232365, -1512.1474746144174]
 -- BestCostElement: [-1512.14747461 -1512.14747461 -1512.14747461 -1512.14747461]
 -- BestRoute: [array([ 0,  4,  5,  6,  8, 11, 12, 10,  0]), array([ 1, 18, 15, 13, 16, 17, 19, 20, 22,  1]), array([ 2, 31, 30, 27, 24, 23, 25, 26, 28, 29,  2]), array([ 3, 34, 33, 36, 38, 39, 41, 40, 37,  3])]
 -- Custo: 
 ---------19.1421823327
 ---------18.3071357894
 ---------19.5432037669
 ---------19.9706094575
 ---- Total: 76.9631313464
 -- Premio: 
 ---------44.0
 ---------42.0
 ---------51.0
 ---------45.0
 ---- Total: 182.0
 - Execucao 3
 -- BestCostGenaration: [-288.04651333807789, -445.09543587000314, -610.84065792783508, -732.72997338676328, -837.8077546298897, -943.07252470497997, -986.62580351024531, -1026.7068562491727, -1058.0899467177242, -1146.1484279994456, -1168.4014605857481, -1206.1447017595292, -1228.128416585974, -1238.6712223043608, -1254.9084638031011, -1293.0199199831029, -1300.4733602155952, -1317.1379580739062, -1342.6471299269228, -1345.169196735066, -1346.9137788518092, -1369.5487324044479, -1372.9365524320997, -1379.1792958154624, -1381.8608032847892, -1385.3276826637889, -1394.1928952224398, -1399.2050473772117, -1404.5360409729474, -1415.8913388782269, -1417.0435752073204]
 -- BestCostElement: [-1417.04357521 -1417.04357521 -1417.04357521 -1417.04357521]
 -- BestRoute: [array([ 0,  4,  5,  6,  8, 11, 10, 12,  0]), array([ 1, 18, 14, 15, 13, 16, 17, 19,  1]), array([ 2, 27, 30, 31, 32, 29, 28, 26, 25,  2]), array([ 3, 37, 40, 35, 36, 38, 39, 41,  3])]
 -- Custo: 
 ---------19.0776872305
 ---------17.9061143552
 ---------17.365058182
 ---------18.8902464305
 ---- Total: 73.2391061982
 -- Premio: 
 ---------44.0
 ---------39.0
 ---------48.0
 ---------40.0
 ---- Total: 171.0
 - Execucao 4
 -- BestCostGenaration: [-273.09911482215978, -427.10132995827905, -580.71800342731331, -733.80557348002117, -826.59798173155139, -896.08357714794215, -971.33629608329852, -1023.3779036549595, -1067.6281291204034, -1137.5270166159294, -1138.3061739294203, -1197.7022406490703, -1223.5092171012775, -1254.9265949968817, -1256.8837617734148, -1290.1974702723996, -1304.8764342004745, -1310.6612870149575, -1342.5036441442944, -1384.2216330253573, -1408.601168694739, -1412.5945029706381, -1419.277361115358, -1457.8431906060516, -1467.3913411985232, -1478.0075790899168, -1479.6973060886892, -1496.3835975897043, -1516.204676532069, -1533.0553565169494, -1542.5216952350918]
 -- BestCostElement: [-1542.52169524 -1542.52169524 -1542.52169524 -1542.52169524]
 -- BestRoute: [array([ 0,  6,  5,  4,  7,  9, 12, 10, 11,  0]), array([ 1, 18, 15, 13, 16, 17, 19, 20, 22,  1]), array([ 2, 31, 30, 27, 24, 23, 25, 26, 28, 29,  2]), array([ 3, 37, 34, 33, 35, 36, 38, 39, 40, 41,  3])]
 -- Custo: 
 ---------19.365058182
 ---------18.3071357894
 ---------19.5432037669
 ---------19.654178453
 ---- Total: 76.8695761912
 -- Premio: 
 ---------46.0
 ---------42.0
 ---------51.0
 ---------46.0
 ---- Total: 185.0
 - Execucao 5
 -- BestCostGenaration: [-290.6367881057119, -403.31980045529269, -583.56340662339699, -815.99867538602507, -830.13810029923184, -944.36738845009154, -1001.3969894926075, -1049.6663198687677, -1102.5571131285674, -1179.0375104274328, -1216.2101831809744, -1218.246910553049, -1232.8964746819897, -1271.9231594105318, -1291.8242042955926, -1298.8847164172821, -1337.9114011458241, -1377.6162398764984, -1391.6534207368402, -1397.4746634701978, -1405.0941730683553, -1409.8697868807017, -1418.4078815673399, -1435.2585615522203, -1444.7249002703627, -1446.9978286202559, -1453.9448530532356, -1455.9900850114368, -1462.9371094444168, -1470.6054934273927, -1476.4217883380688, -1485.888127056211]
 -- BestCostElement: [-1485.88812706 -1485.88812706 -1485.88812706 -1485.88812706]
 -- BestRoute: [array([ 0,  6,  5,  4,  7,  9, 12, 10, 11,  0]), array([ 1, 15, 13, 16, 17, 20, 19, 18,  1]), array([ 2, 29, 28, 26, 25, 23, 24, 27, 31,  2]), array([ 3, 37, 34, 33, 35, 36, 38, 39, 41, 40,  3])]
 -- Custo: 
 ---------19.365058182
 ---------19.2780870341
 ---------18.7147766421
 ---------18.6700463777
 ---- Total: 76.0279682359
 -- Premio: 
 ---------46.0
 ---------38.0
 ---------49.0
 ---------46.0
 ---- Total: 179.0
 - Execucao 6
 -- BestCostGenaration: [-304.72939151561792, -442.32017333084173, -563.02495488978184, -725.21452903956492, -861.35906297012741, -929.46967305309954, -989.72286943039512, -1087.5145322385788, -1095.0952687448394, -1130.2930267294082, -1157.6439160887344, -1167.3223840032374, -1197.8899717290042, -1233.5772159463074, -1264.7360341862029, -1269.8369942344048, -1303.854488312885, -1333.9005111239603, -1343.9407087331667, -1358.5670706523781, -1372.0112216418236, -1383.7609415785018, -1408.0969262600761, -1423.3435205083344, -1432.8322573210314, -1441.1570628960296, -1441.5593722342951, -1455.8879854110323, -1465.3543241291748, -1467.8763909373179]
 -- BestCostElement: [-1467.87639094 -1467.87639094 -1467.87639094 -1467.87639094]
 -- BestRoute: [array([ 0,  4,  5,  6,  8, 11, 10, 12,  0]), array([ 1, 15, 13, 16, 17, 19, 22, 20, 18,  1]), array([ 2, 29, 28, 26, 25, 23, 24, 27, 31,  2]), array([ 3, 37, 34, 33, 35, 36, 38, 39, 40,  3])]
 -- Custo: 
 ---------19.0776872305
 ---------19.2465376003
 ---------18.7147766421
 ---------18.4919007928
 ---- Total: 75.5309022657
 -- Premio: 
 ---------44.0
 ---------42.0
 ---------49.0
 ---------42.0
 ---- Total: 177.0
 - Execucao 7
 -- BestCostGenaration: [-237.02074644204379, -364.02459739553251, -522.38595939341178, -661.90716353184689, -735.33968434518442, -854.59785643783243, -916.72136703686112, -1025.8443962135027, -1054.6571838165835, -1076.8839707551435, -1127.0752510217005, -1138.452267428512, -1179.3709077611479, -1201.4411251617626, -1259.7842709122704, -1275.6417398621024, -1287.5520858716425, -1296.4968984424993, -1327.4891960439681, -1336.4814524351493, -1344.1754875449835, -1356.2388728427795, -1372.1824422285072, -1376.7773181563257, -1381.1746986196886, -1401.6231945600221, -1408.8475355569403, -1432.3512641171533, -1439.0003747578266, -1447.9926311490078, -1457.7765704413182, -1471.8028612797962, -1474.1302143764945, -1488.4891527808118, -1490.9808943613748, -1502.9692998876603, -1510.1892526705333, -1519.6555913886757]
 -- BestCostElement: [-1519.65559139 -1519.65559139 -1519.65559139 -1519.65559139]
 -- BestRoute: [array([ 0,  4,  5,  6,  8, 11, 12, 10,  0]), array([ 1, 15, 13, 16, 17, 19, 22, 20, 18,  1]), array([ 2, 31, 30, 27, 24, 23, 25, 26, 28, 29,  2]), array([ 3, 37, 34, 33, 35, 36, 38, 39, 40, 41,  3])]
 -- Custo: 
 ---------19.1421823327
 ---------19.2465376003
 ---------19.5432037669
 ---------19.654178453
 ---- Total: 77.5861021528
 -- Premio: 
 ---------44.0
 ---------42.0
 ---------51.0
 ---------46.0
 ---- Total: 183.0
 - Execucao 8
 -- BestCostGenaration: [-276.35995492663233, -399.04620123691188, -656.562566087297, -750.32548782186552, -840.32548782186564, -901.09002476783871, -986.30909024339439, -1009.1598367327053, -1035.3357749719364, -1062.7904001437196, -1076.8047476128022, -1126.8047476128022, -1161.3258174481257, -1180.9126180879962, -1218.4904129861402, -1244.0757444389537, -1285.3313415671557, -1302.1491103054818, -1306.6566445398548, -1333.1116219560995, -1343.3152228090139, -1391.7590763628384, -1408.4453678638536, -1417.9935184563251, -1431.4342707878402, -1438.0833814285138, -1453.9253079165528, -1460.5744185572264, -1466.9330515253716]
 -- BestCostElement: [-1466.93305153 -1466.93305153 -1466.93305153 -1466.93305153]
 -- BestRoute: [array([ 0,  6,  5,  4,  7,  9, 12, 11, 10,  0]), array([ 1, 15, 13, 16, 17, 20, 19, 18,  1]), array([ 2, 27, 30, 31, 32, 29, 28, 26, 25,  2]), array([ 3, 33, 34, 37, 40, 41, 39, 36, 38,  3])]
 -- Custo: 
 ---------19.365058182
 ---------19.2780870341
 ---------17.365058182
 ---------19.7585337205
 ---- Total: 75.7667371187
 -- Premio: 
 ---------46.0
 ---------38.0
 ---------48.0
 ---------45.0
 ---- Total: 177.0
 - Execucao 9
 -- BestCostGenaration: [-299.59549536203383, -358.51994631274169, -561.19471967699781, -812.46737273708413, -867.42218404203936, -946.26479350485454, -986.27174559205935, -1018.3512007610511, -1067.959674711718, -1094.9252095345305, -1113.7175321472796, -1140.0143247917119, -1169.9290138245617, -1185.2585615522205, -1219.2804439333386, -1252.9955907261385, -1283.4549314976005, -1295.5292520079961, -1314.9329098801929, -1317.3503309503603, -1354.9625541858654, -1361.7387086590693, -1379.0886433745284, -1381.5137647903584, -1410.8509342148704, -1421.9441073910971, -1426.2872531416047, -1457.0143680548683, -1466.0066244460495, -1466.5625186473399, -1475.554775038521, -1475.8959591189218, -1490.909886107886, -1498.0183827107571, -1498.1001945850862, -1507.5665333032287, -1509.4220405829542, -1516.4317458618796, -1518.510805213228, -1524.1676594627202, -1525.8354037340764, -1529.7719320352567]
 -- BestCostElement: [-1529.77193204 -1529.77193204 -1529.77193204 -1529.77193204]
 -- BestRoute: [array([ 0,  6,  5,  4,  7,  9, 12, 10, 11,  0]), array([ 1, 18, 15, 13, 16, 17, 19, 20, 22,  1]), array([ 2, 29, 28, 26, 25, 23, 24, 27, 31,  2]), array([ 3, 37, 34, 33, 35, 36, 38, 39, 41, 40,  3])]
 -- Custo: 
 ---------19.365058182
 ---------18.3071357894
 ---------18.7147766421
 ---------18.6700463777
 ---- Total: 75.0570169912
 -- Premio: 
 ---------46.0
 ---------42.0
 ---------49.0
 ---------46.0
 ---- Total: 183.0
 - Execucao 10
 -- BestCostGenaration: [-373.65580835733147, -486.3154583929612, -633.99047314691097, -778.0643204496937, -936.86685216239903, -944.57169089307342, -1010.0792683906027, -1042.2932357997299, -1093.3297141724966, -1143.3587576225486, -1192.1558007631218, -1243.5782129191275, -1244.0443445831202, -1282.9233469151861, -1283.6259717308683, -1286.3197545958171, -1312.8869117169827, -1343.4635901078454, -1344.4713337166645, -1345.9267824129429, -1364.5983775491948, -1365.0005615937412, -1375.9711243422184, -1380.5783564918852, -1383.5487554493691, -1408.8359862739615, -1409.1958159660439, -1409.6757992818993, -1427.3591081608629, -1444.514534166158, -1454.5000015923874, -1464.3356131085222, -1469.1491122330613, -1476.843147342895, -1485.8354037340764, -1486.3094860610374, -1495.3017424522188, -1495.8980845800218]
 -- BestCostElement: [-1495.89808458 -1495.89808458 -1495.89808458 -1495.89808458]
 -- BestRoute: [array([ 0,  4,  5,  6,  8, 10, 11, 12,  0]), array([ 1, 18, 14, 15, 13, 16, 17, 19,  1]), array([ 2, 31, 30, 27, 24, 23, 25, 26, 28, 29,  2]), array([ 3, 37, 34, 33, 35, 36, 38, 39, 41, 40,  3])]
 -- Custo: 
 ---------19.9061143552
 ---------17.9061143552
 ---------19.5432037669
 ---------18.6700463777
 ---- Total: 76.025478855
 -- Premio: 
 ---------44.0
 ---------39.0
 ---------51.0
 ---------46.0
 ---- Total: 180.0
 - Execucao 11
 -- BestCostGenaration: [-270.318658306771, -380.77205687905081, -541.18683249542107, -736.32017268456434, -826.33776321748746, -891.20537767221151, -1023.3556707355269, -1083.3556707355269, -1110.5456285858195, -1142.5299761930601, -1178.2838246222552, -1207.1673767101379, -1244.4473747246959, -1299.5593722342951, -1302.4520171112058, -1309.4630277861954, -1341.9183753788434, -1344.6853824651416, -1349.3602663283568, -1359.6224684473793, -1402.6451599971072, -1419.3314514981223, -1420.3769704881668, -1429.2791589058784, -1436.4202161283961, -1438.984887540189, -1443.4433835987506, -1456.3953106636764, -1460.1346229224473, -1475.4172565512658, -1477.9731507525562, -1480.9126386308669, -1484.9654071437371]
 -- BestCostElement: [-1484.96540714 -1481.90967905 -1480.91263863 -1479.84221418]
 -- BestRoute: [array([ 0,  6,  5,  4,  7,  9, 12, 10, 11,  0]), array([ 1, 18, 14, 15, 13, 16, 17, 19, 20,  1]), array([ 2, 27, 30, 31, 32, 29, 28, 26, 25,  2]), array([ 3, 37, 34, 33, 35, 36, 38, 39, 40,  3])]
 -- Custo: 
 ---------19.365058182
 ---------18.5366310572
 ---------17.365058182
 ---------18.4919007928
 ---- Total: 73.7586482141
 -- Premio: 
 ---------46.0
 ---------42.0
 ---------48.0
 ---------42.0
 ---- Total: 178.0
 - Execucao 12
 -- BestCostGenaration: [-231.84279914299009, -346.5916444971383, -571.88105861797021, -637.86432060214577, -752.37981662679465, -858.26199704997737, -903.02680724148343, -972.67836304138655, -1072.3618288062521, -1098.3843653976573, -1135.0481502572798, -1138.0928245344237, -1202.8666816779446, -1248.3101905128883, -1249.9876833263263, -1292.3101905128883, -1320.9964820139035, -1324.6877646007567, -1343.6897695340199, -1368.6877646007567, -1373.5480293367259, -1378.2359151932283, -1405.5480293367259, -1406.7837335631207, -1432.3784010526606, -1434.6266947980102, -1441.7697835292356, -1450.3133801890895, -1453.669172180362, -1493.2015301190238, -1499.6503314955298, -1500.3926033314312, -1519.8616945725541, -1528.8539509637355]
 -- BestCostElement: [-1528.85395096 -1528.85395096 -1528.85395096 -1528.85395096]
 -- BestRoute: [array([ 0,  6,  5,  4,  7,  9, 12, 10, 11,  0]), array([ 1, 18, 14, 15, 13, 16, 17, 19, 20,  1]), array([ 2, 29, 28, 26, 25, 23, 24, 27, 31,  2]), array([ 3, 37, 34, 33, 35, 36, 38, 39, 41, 40,  3])]
 -- Custo: 
 ---------19.365058182
 ---------18.5366310572
 ---------18.7147766421
 ---------18.6700463777
 ---- Total: 75.2865122591
 -- Premio: 
 ---------46.0
 ---------42.0
 ---------49.0
 ---------46.0
 ---- Total: 183.0
 - Execucao 13
 -- BestCostGenaration: [-294.03761153106359, -483.4529603314179, -635.88586861922317, -784.59904249578813, -887.94993185511464, -949.43321570908188, -994.14526136816551, -1066.2243207195138, -1124.7153126574906, -1162.8764342004743, -1180.2927569287272, -1224.7024609655202, -1269.8667930125216, -1290.7052135770941, -1304.6445591414863, -1330.9292027133447, -1341.7553367439268, -1360.4180028821443, -1389.9661534746156, -1404.5409887956289, -1421.2272802966443, -1421.4803128829467, -1428.0702599358626, -1429.3015556163043, -1437.0625163270436, -1441.4657803091764, -1450.4580367003575, -1459.9243754184999, -1463.1524657002558, -1465.7271141853548, -1466.4661741992404, -1469.0625163270436, -1475.4584305904216]
 -- BestCostElement: [-1475.45843059 -1475.45843059 -1475.45843059 -1475.45843059]
 -- BestRoute: [array([ 0,  4,  5,  6,  8, 11, 10, 12,  0]), array([ 1, 18, 14, 15, 13, 16, 17, 19,  1]), array([ 2, 31, 30, 27, 24, 23, 25, 26, 28, 29,  2]), array([ 3, 37, 34, 35, 36, 38, 40, 41, 39,  3])]
 -- Custo: 
 ---------19.0776872305
 ---------17.9061143552
 ---------19.5432037669
 ---------19.6083869999
 ---- Total: 76.1353923524
 -- Premio: 
 ---------44.0
 ---------39.0
 ---------51.0
 ---------44.0
 ---- Total: 178.0
 - Execucao 14
 -- BestCostGenaration: [-337.60992750091333, -440.85914910372321, -614.63453553001204, -726.6474766100788, -912.85454829395951, -956.76861785077062, -999.4913897407248, -1032.1100770567421, -1099.555542935067, -1108.9388996079254, -1162.2092738164358, -1189.6448749404258, -1210.7225887082191, -1222.5358771819542, -1269.6060759672778, -1269.660870890486, -1286.1889273377685, -1300.0404518391967, -1307.4966461976137, -1329.3122818471747, -1356.739641825862, -1359.6793165400873, -1367.9292458512118, -1372.1713884156502, -1398.6195952712721, -1407.6118516624531, -1418.3654212051881, -1438.1412681893512, -1447.6076069074936, -1451.4766703310397, -1456.5998632986746, -1461.2861547996899, -1463.8569969418891, -1472.8492533330705, -1477.9724463007053, -1479.9041905701972, -1483.9569590830677, -1495.640104171038, -1509.2605684130626, -1514.3837613806975, -1523.3760177718787]
 -- BestCostElement: [-1523.37601777 -1523.37601777 -1523.37601777 -1523.37601777]
 -- BestRoute: [array([ 0,  4,  5,  6,  8, 10, 11, 12,  0]), array([ 1, 18, 14, 15, 13, 16, 17, 19, 20,  1]), array([ 2, 31, 30, 27, 24, 23, 25, 26, 28, 29,  2]), array([ 3, 37, 34, 33, 35, 36, 38, 39, 41, 40,  3])]
 -- Custo: 
 ---------19.9061143552
 ---------18.5366310572
 ---------19.5432037669
 ---------18.6700463777
 ---- Total: 76.655995557
 -- Premio: 
 ---------44.0
 ---------42.0
 ---------51.0
 ---------46.0
 ---- Total: 183.0
 - Execucao 15
 -- BestCostGenaration: [-277.41467490861203, -368.70318707816341, -632.49025179146633, -744.69710072607654, -794.83542395231154, -862.1538943371703, -929.22527343580214, -964.48640025783084, -1031.0827875763696, -1124.9055732817853, -1141.3792708041822, -1176.7315043269791, -1190.7829665390032, -1236.3151250732694, -1242.7037529739948, -1253.0014165742846, -1273.2125839318808, -1318.2468693427613, -1339.1387233667976, -1356.0034347698481, -1369.5980641382598, -1382.9332606323899, -1406.7716246715054, -1416.6752802234059, -1426.6519056989018, -1438.566576566385, -1441.1677027258768, -1444.7126248747409, -1454.127086367778, -1466.48768100603, -1470.5404495189002, -1479.4056620775511, -1487.2267410199156, -1488.9538126700227, -1496.7748916123871]
 -- BestCostElement: [-1496.77489161 -1496.77489161 -1496.77489161 -1496.77489161]
 -- BestRoute: [array([ 0,  6,  5,  4,  7,  9, 12, 10, 11,  0]), array([ 1, 18, 14, 15, 13, 16, 17, 19,  1]), array([ 2, 27, 30, 31, 32, 29, 28, 26, 25,  2]), array([ 3, 37, 34, 33, 35, 36, 38, 39, 41, 40,  3])]
 -- Custo: 
 ---------19.365058182
 ---------17.9061143552
 ---------17.365058182
 ---------18.6700463777
 ---- Total: 73.3062770969
 -- Premio: 
 ---------46.0
 ---------39.0
 ---------48.0
 ---------46.0
 ---- Total: 179.0
 - Execucao 16
 -- BestCostGenaration: [-281.30828475567677, -426.96564016076945, -642.38740393260412, -908.53945785541327, -911.22096532474006, -982.93858394080712, -1025.7127933063268, -1100.4253756458202, -1125.9329531433496, -1158.5787515271161, -1178.8166943163681, -1221.8867665412808, -1237.8051184579449, -1269.4522241653553, -1298.8433976602014, -1322.0750439675508, -1364.4667134759693, -1377.5441352086737, -1389.6493216075069, -1428.3074792001953, -1433.9643334496877, -1455.3335629845233, -1457.2009894581665, -1465.8398371388571, -1478.265559498901, -1485.2125839318808, -1486.6270454249179, -1493.4922579835688, -1498.6154509512035, -1499.2117930790066]
 -- BestCostElement: [-1499.21179308 -1499.21179308 -1499.21179308 -1499.21179308]
 -- BestRoute: [array([ 0,  4,  5,  6,  8, 11, 10, 12,  0]), array([ 1, 18, 14, 15, 13, 16, 17, 19,  1]), array([ 2, 29, 28, 26, 25, 23, 24, 27, 30, 31,  2]), array([ 3, 37, 34, 33, 35, 36, 38, 39, 41, 40,  3])]
 -- Custo: 
 ---------19.0776872305
 ---------17.9061143552
 ---------19.5432037669
 ---------18.6700463777
 ---- Total: 75.1970517302
 -- Premio: 
 ---------44.0
 ---------39.0
 ---------51.0
 ---------46.0
 ---- Total: 180.0
 - Execucao 17
 -- BestCostGenaration: [-325.37868899220587, -467.95560384205089, -627.18701933133548, -825.09918145225811, -933.80600974570996, -969.54217353856734, -992.88121823216284, -1055.5458160904741, -1107.2605232223273, -1161.5388160909249, -1209.7690338866491, -1242.3729125691216, -1255.1164059877879, -1306.6262957823315, -1309.3171844791207, -1322.0777512997959, -1338.9692998876603, -1361.1862479026672, -1389.2969584205302, -1395.6555913886757, -1410.4209422410395, -1411.9878471173197, -1412.0561028478278, -1416.0406156301899, -1432.7269071312053, -1441.4922579835686, -1444.0143247917119, -1453.0065811828931, -1454.0143247917119]
 -- BestCostElement: [-1454.01432479 -1454.01432479 -1454.01432479 -1454.01432479]
 -- BestRoute: [array([ 0,  4,  5,  6,  8, 11, 10, 12,  0]), array([ 1, 13, 15, 18, 22, 20, 19, 17,  1]), array([ 2, 31, 30, 27, 24, 23, 25, 26, 28, 29,  2]), array([ 3, 35, 36, 38, 39, 40, 41, 37,  3])]
 -- Custo: 
 ---------19.0776872305
 ---------19.4246831851
 ---------19.5432037669
 ---------15.9508446196
 ---- Total: 73.9964188021
 -- Premio: 
 ---------44.0
 ---------40.0
 ---------51.0
 ---------40.0
 ---- Total: 175.0
 - Execucao 18
 -- BestCostGenaration: [-271.29563646204332, -390.61528716021024, -543.9898832842581, -730.11091955711765, -821.69115490777801, -872.4624402437189, -959.86668373081318, -991.21862816889791, -1056.7022519837915, -1105.2441147669117, -1167.7035007291095, -1214.6301899103835, -1222.6855693896491, -1270.2506542410017, -1308.1377674079131, -1340.1377674079131, -1361.3211237979085, -1368.8137533545289, -1375.9849308033456, -1385.7583955295243, -1403.1554685405426, -1403.8945285544282, -1436.6347871061575, -1446.1829376986291, -1456.0865932505296, -1465.0788496417106, -1472.1973037683927, -1476.5477770918408, -1476.883595269408, -1478.9207761297496, -1492.2344846287344, -1493.5698867704234, -1498.1710129299147, -1517.9920918722794, -1521.0478199622801, -1521.7868799761657]
 -- BestCostElement: [-1521.78687998 -1521.78687998 -1521.78687998 -1521.78687998]
 -- BestRoute: [array([ 0,  6,  5,  4,  7,  9, 12, 10, 11,  0]), array([ 1, 18, 14, 15, 13, 16, 17, 19, 20,  1]), array([ 2, 31, 30, 27, 24, 23, 25, 26, 28, 29,  2]), array([ 3, 37, 34, 35, 36, 38, 40, 41, 39,  3])]
 -- Custo: 
 ---------19.365058182
 ---------18.5366310572
 ---------19.5432037669
 ---------19.6083869999
 ---- Total: 77.053280006
 -- Premio: 
 ---------46.0
 ---------42.0
 ---------51.0
 ---------44.0
 ---- Total: 183.0
 - Execucao 19
 -- BestCostGenaration: [-246.56097102231905, -417.46495950628969, -575.60810326514741, -724.98306751526115, -814.10328607561837, -927.41119177137807, -1018.3637047764901, -1080.9641263955377, -1115.6875123558714, -1145.5232876629993, -1168.6363814616445, -1222.4878308223247, -1243.0356491922171, -1252.961373872557, -1284.3630156065321, -1297.3747370236795, -1320.6771026250951, -1359.3437073442487, -1369.3437073442487, -1389.1647862866134, -1397.8508909517143, -1400.3994354342497, -1404.172343059518, -1410.564074235421, -1426.0487531290728, -1442.5344299297487, -1455.5638671812712, -1465.1120177737428, -1470.7688720232352, -1474.08258052222, -1481.5186352230703, -1484.8323437220552, -1492.1414550252657, -1495.4551635242506]
 -- BestCostElement: [-1495.45516352 -1495.45516352 -1494.53718245 -1494.53718245]
 -- BestRoute: [array([ 0, 11, 10, 12,  9,  7,  4,  5,  6,  0]), array([ 1, 18, 15, 13, 16, 17, 19, 20, 22,  1]), array([ 2, 31, 30, 27, 24, 23, 25, 26, 28,  2]), array([ 3, 33, 34, 37, 40, 41, 39, 38, 36,  3])]
 -- Custo: 
 ---------19.365058182
 ---------18.3071357894
 ---------19.4694134495
 ---------18.994601698
 ---- Total: 76.1362091189
 -- Premio: 
 ---------46.0
 ---------42.0
 ---------47.0
 ---------45.0
 ---- Total: 180.0
 - Execucao 20
 -- BestCostGenaration: [-298.28069286507821, -426.78216002848831, -689.51173838002057, -745.73253792866285, -869.33356298452361, -945.67395621205037, -1024.9523681308303, -1044.9258904564379, -1057.7596156395671, -1103.3324666954775, -1147.5389617165515, -1169.516522411709, -1183.860413824355, -1222.3034212811501, -1228.7624154061523, -1243.4900447373166, -1275.6648088251447, -1315.6737498266407, -1320.0599322356486, -1335.8968490225584, -1351.7802581839608, -1395.6171297801347, -1411.5009347591804, -1417.3172296698563, -1426.7835683879987, -1431.3220137015448, -1434.4181897180583, -1440.9106122205292, -1451.0700528817129, -1456.1932458493475]
 -- BestCostElement: [-1456.19324585 -1456.19324585 -1456.19324585 -1456.19324585]
 -- BestRoute: [array([ 0,  4,  5,  6,  8, 10, 11, 12,  0]), array([ 1, 18, 14, 15, 13, 16, 17, 19,  1]), array([ 2, 31, 30, 27, 24, 23, 25, 26, 28,  2]), array([ 3, 37, 34, 33, 35, 36, 38, 39, 41, 40,  3])]
 -- Custo: 
 ---------19.9061143552
 ---------17.9061143552
 ---------19.4694134495
 ---------18.6700463777
 ---- Total: 75.9516885377
 -- Premio: 
 ---------44.0
 ---------39.0
 ---------47.0
 ---------46.0
 ---- Total: 176.0
 - Execucao 21
 -- BestCostGenaration: [-264.14863704034337, -377.83329092271515, -491.50214036663135, -712.50503658765956, -846.48779270119621, -900.61510032429601, -959.03132445956385, -1019.472200031929, -1100.599428647505, -1117.1100109129004, -1166.5311176728417, -1200.3619039470004, -1235.8578869708153, -1268.9430090491824, -1287.7298913562008, -1314.1118290102493, -1343.6599796027208, -1345.9410042412087, -1374.507952255356, -1383.5002086465372, -1407.4891548336802, -1408.5976514365516, -1428.7765724941871, -1431.2986393023305, -1458.3247230866587, -1475.175403071539, -1494.9964820139035, -1497.9926311490078, -1502.3357768995154, -1506.984887540189, -1510.9214158413693]
 -- BestCostElement: [-1510.92141584 -1510.92141584 -1510.92141584 -1510.92141584]
 -- BestRoute: [array([ 0,  4,  5,  6,  8, 11, 10, 12,  0]), array([ 1, 18, 15, 13, 16, 17, 19, 20, 22,  1]), array([ 2, 29, 28, 26, 25, 23, 24, 27, 31,  2]), array([ 3, 37, 34, 33, 35, 36, 38, 39, 41, 40,  3])]
 -- Custo: 
 ---------19.0776872305
 ---------18.3071357894
 ---------18.7147766421
 ---------18.6700463777
 ---- Total: 74.7696460397
 -- Premio: 
 ---------44.0
 ---------42.0
 ---------49.0
 ---------46.0
 ---- Total: 181.0
 - Execucao 22
 -- BestCostGenaration: [-312.80863770288067, -489.6418200105403, -588.40033825378998, -748.69231660579499, -821.04999493007313, -927.4483110895244, -948.73658053253905, -1008.0342002233947, -1024.716103510365, -1096.716103510365, -1130.8941940991874, -1195.2917938119219, -1196.0444093233509, -1254.7192701416452, -1283.189459724683, -1296.465823572333, -1312.2780605639637, -1329.4934177540067, -1352.0154845621496, -1355.7944800122266, -1367.6460479731641, -1377.7944800122266, -1396.8128786960885, -1417.4882801752401, -1434.2536310276037, -1443.507394574299, -1444.1572865795042, -1446.6300482652048, -1462.8801413673223, -1467.5292520079959, -1474.8255116192363, -1487.3503309503603, -1496.8166696685028, -1500.1520718101915, -1505.8089260596839]
 -- BestCostElement: [-1505.80892606 -1505.80892606 -1505.80892606 -1505.80892606]
 -- BestRoute: [array([ 0,  4,  5,  6,  8, 11, 12, 10,  0]), array([ 1, 18, 14, 15, 13, 16, 17, 19, 20,  1]), array([ 2, 29, 28, 26, 25, 23, 24, 27, 31,  2]), array([ 3, 37, 34, 33, 35, 36, 38, 39, 40, 41,  3])]
 -- Custo: 
 ---------19.1421823327
 ---------18.5366310572
 ---------18.7147766421
 ---------19.654178453
 ---- Total: 76.0477684851
 -- Premio: 
 ---------44.0
 ---------42.0
 ---------49.0
 ---------46.0
 ---- Total: 181.0
 - Execucao 23
 -- BestCostGenaration: [-255.62228735611214, -417.16849678506424, -606.02095349619344, -796.93209848444826, -853.58454611556692, -956.48003004177144, -969.17355322636115, -1029.0825785946408, -1112.7815203168686, -1153.0422944591212, -1209.4198685469896, -1264.5428760628388, -1293.0420895464333, -1303.9849308033456, -1323.7546718859267, -1361.1899356453096, -1363.216413319702, -1379.2635065131187, -1420.1713884156504, -1420.4293688246341, -1437.1156603256495, -1443.8545335036208, -1448.540825004636, -1453.7581890555211, -1474.8578437076587, -1491.5441352086739, -1500.5363915998553, -1511.3652141510386, -1520.3574705422195]
 -- BestCostElement: [-1520.35747054 -1520.35747054 -1520.35747054 -1520.35747054]
 -- BestRoute: [array([ 0,  4,  5,  6,  8, 10, 11, 12,  0]), array([ 1, 18, 15, 13, 16, 17, 19, 20, 22,  1]), array([ 2, 31, 30, 27, 24, 23, 25, 26, 28, 29,  2]), array([ 3, 37, 34, 33, 35, 36, 38, 39, 40, 41,  3])]
 -- Custo: 
 ---------19.9061143552
 ---------18.3071357894
 ---------19.5432037669
 ---------19.654178453
 ---- Total: 77.4106323644
 -- Premio: 
 ---------44.0
 ---------42.0
 ---------51.0
 ---------46.0
 ---- Total: 183.0
 - Execucao 24
 -- BestCostGenaration: [-313.87040787370557, -502.268974350463, -634.46002301832937, -786.23448462873444, -970.11203799197824, -980.94760624495643, -1030.7611486326516, -1091.0003747578266, -1145.041568346478, -1178.9150004345743, -1229.6914050997946, -1250.304626888601, -1265.9567722471531, -1304.9834569756952, -1305.2807944716531, -1313.3354446769365, -1333.9812882514389, -1358.3864933608079, -1368.0805284706419, -1384.318328011771, -1397.1989825973239, -1421.8480932379975, -1426.6975131428389, -1446.5185920852032, -1451.5570350784528, -1454.6193450792557, -1459.1613076509893, -1471.4700250641361, -1480.9363637822785, -1490.48451437475, -1499.5557296823883, -1504.2048403230619]
 -- BestCostElement: [-1504.20484032 -1504.20484032 -1504.20484032 -1504.20484032]
 -- BestRoute: [array([ 0,  6,  5,  4,  7,  9, 12, 10, 11,  0]), array([ 1, 18, 21, 22, 20, 19, 17, 16, 13, 15,  1]), array([ 2, 29, 28, 26, 25, 23, 24, 27, 31,  2]), array([ 3, 37, 34, 33, 35, 36, 38, 39, 40,  3])]
 -- Custo: 
 ---------19.365058182
 ---------19.8770543023
 ---------18.7147766421
 ---------18.4919007928
 ---- Total: 76.4487899192
 -- Premio: 
 ---------46.0
 ---------44.0
 ---------49.0
 ---------42.0
 ---- Total: 181.0
 - Execucao 25
 -- BestCostGenaration: [-350.41151459417023, -419.51633557579464, -784.98911196324104, -843.23866578862987, -916.2464093974487, -921.38539899934096, -1031.1491276035467, -1042.0792683906027, -1123.7471352426642, -1168.0298991819402, -1181.7311748174136, -1197.9924673580149, -1232.1446398810813, -1275.6062397582709, -1297.4463216988065, -1334.5457728273175, -1359.8594813263021, -1399.5643200569766, -1406.21343069765, -1406.9631938974849, -1415.9554502886663, -1420.3317837207014, -1426.0345096400144, -1430.0366224513759, -1439.0288788425569, -1445.8245137122126, -1447.2050473772117, -1467.0261263195762, -1468.8990824870457, -1476.5742769120475, -1488.1642672281198, -1493.0633071799177, -1497.7124178205911, -1506.7046742117725, -1513.6516986447525]
 -- BestCostElement: [-1513.65169864 -1513.65169864 -1509.002588   -1509.002588  ]
 -- BestRoute: [array([ 0, 11, 10, 12,  9,  7,  4,  5,  6,  0]), array([ 1, 18, 14, 15, 13, 16, 17, 19, 20,  1]), array([ 2, 29, 28, 26, 25, 23, 24, 27, 31,  2]), array([ 3, 34, 33, 36, 38, 39, 41, 40, 37,  3])]
 -- Custo: 
 ---------19.365058182
 ---------18.5366310572
 ---------18.7147766421
 ---------19.9706094575
 ---- Total: 76.5870753388
 -- Premio: 
 ---------46.0
 ---------42.0
 ---------49.0
 ---------45.0
 ---- Total: 182.0
 - Execucao 26
 -- BestCostGenaration: [-311.4874175080547, -448.67629542076133, -628.54691443238869, -750.06927534198257, -798.86393313541157, -902.89821649342343, -946.75626731440059, -993.26509827228654, -1042.5435569847464, -1065.201693910017, -1128.0943349317693, -1151.7973315859695, -1153.4918621659253, -1208.5221093433911, -1242.65710383889, -1263.638511418495, -1271.2933146097844, -1298.8124865810282, -1321.5925337981555, -1361.8959361625939, -1394.9027250389524, -1395.5939643626493, -1415.4150433050136, -1444.9631938974849, -1455.843354397045, -1457.7237607181603, -1459.59671688563, -1471.3543241291745, -1485.8089260596839, -1499.4394894706982, -1502.4952175606993, -1511.4874739518802]
 -- BestCostElement: [-1511.48747395 -1511.48747395 -1511.48747395 -1511.48747395]
 -- BestRoute: [array([ 0,  4,  5,  6,  8, 11, 10, 12,  0]), array([ 1, 18, 14, 15, 13, 16, 17, 19, 20,  1]), array([ 2, 31, 30, 27, 24, 23, 25, 26, 28, 29,  2]), array([ 3, 34, 33, 36, 38, 39, 41, 40, 37,  3])]
 -- Custo: 
 ---------19.0776872305
 ---------18.5366310572
 ---------19.5432037669
 ---------19.9706094575
 ---- Total: 77.128131512
 -- Premio: 
 ---------44.0
 ---------42.0
 ---------51.0
 ---------45.0
 ---- Total: 182.0
 - Execucao 27
 -- BestCostGenaration: [-313.90315858395417, -386.62149518822059, -578.07133038510631, -778.25383985675717, -831.58420255826672, -875.7044658987835, -938.67871366829434, -1040.3444098685202, -1045.5449813057032, -1083.5597228612025, -1145.5597228612025, -1156.6590710837932, -1204.0622793228815, -1230.6701707336633, -1263.6875123558714, -1288.9488348973287, -1312.066929513589, -1328.8129625016545, -1351.8736384143369, -1357.369458905998, -1372.8129625016545, -1394.6603322824969, -1399.8061735367032, -1426.6603322824969, -1436.1452613681654, -1452.8947743759838, -1469.4021448193635, -1472.7158533183483, -1482.6195088702489, -1499.0328720213711, -1502.088600111372, -1503.3760177718787]
 -- BestCostElement: [-1503.37601777 -1503.37601777 -1503.37601777 -1503.37601777]
 -- BestRoute: [array([ 0,  4,  5,  6,  8, 10, 11, 12,  0]), array([ 1, 18, 14, 15, 13, 16, 17, 19, 20,  1]), array([ 2, 23, 25, 26, 28, 29, 32, 31, 30, 27,  2]), array([ 3, 37, 34, 33, 35, 36, 38, 39, 41, 40,  3])]
 -- Custo: 
 ---------19.9061143552
 ---------18.5366310572
 ---------19.5432037669
 ---------18.6700463777
 ---- Total: 76.655995557
 -- Premio: 
 ---------44.0
 ---------42.0
 ---------49.0
 ---------46.0
 ---- Total: 181.0
 - Execucao 28
 -- BestCostGenaration: [-273.5433874057274, -361.87806233077555, -628.94763153909912, -724.82988028378622, -825.43526936360399, -915.90545894664183, -987.69140509979468, -1074.8096502447479, -1083.9330070033759, -1098.9082547327791, -1121.9448684237213, -1158.3962870936257, -1212.4753464449741, -1214.993420074303, -1219.9722841126563, -1267.2988443036113, -1273.4521789746195, -1295.854488312885, -1296.7569269226133, -1315.9924221672791, -1321.4589246764144, -1327.0483140482731, -1332.9998151491905, -1349.8504951340708, -1370.1012896152929, -1371.40216298473, -1380.7032066276588, -1384.0169151266437, -1393.4860063677668, -1402.4782627589477, -1405.5339908489486, -1411.9446014770901, -1416.5937121177637, -1424.4511258234404, -1441.5967168856298, -1459.290751995464, -1468.2830083866452, -1473.011178378667, -1478.5889732768112]
 -- BestCostElement: [-1478.58897328 -1478.58897328 -1478.58897328 -1478.58897328]
 -- BestRoute: [array([ 0,  4,  5,  6,  8, 11, 10, 12,  0]), array([ 1, 18, 14, 15, 13, 16, 17, 19,  1]), array([ 2, 29, 28, 26, 25, 23, 24, 27, 31,  2]), array([ 3, 37, 34, 33, 35, 36, 38, 39, 40, 41,  3])]
 -- Custo: 
 ---------19.0776872305
 ---------17.9061143552
 ---------18.7147766421
 ---------19.654178453
 ---- Total: 75.3527566808
 -- Premio: 
 ---------44.0
 ---------39.0
 ---------49.0
 ---------46.0
 ---- Total: 178.0
 - Execucao 29
 -- BestCostGenaration: [-265.22221914761872, -452.92004869214668, -556.93058808710293, -752.70935793385945, -867.85178098063989, -945.37769865367864, -968.70150632165303, -1048.5716908930735, -1125.3177251399784, -1162.867061144128, -1180.6571838165835, -1250.3620225472578, -1254.8693929906376, -1267.3206632400343, -1284.4288295479055, -1287.7844577481846, -1296.8396039670401, -1318.9144611578454, -1332.7943915583346, -1342.4661290085046, -1362.0700961448692, -1374.6154057604676, -1392.8982916341715, -1414.4444353658007, -1440.4725692741279, -1442.2722600099601, -1450.3762248260284, -1457.3232492590082, -1461.6663950095158, -1466.7895879771506]
 -- BestCostElement: [-1466.78958798 -1466.78958798 -1466.78958798 -1466.78958798]
 -- BestRoute: [array([ 0,  4,  5,  6,  8, 10, 11, 12,  0]), array([ 1, 18, 14, 15, 13, 16, 17, 19,  1]), array([ 2, 25, 26, 28, 29, 32, 30, 31, 27,  2]), array([ 3, 37, 34, 33, 35, 36, 38, 39, 41, 40,  3])]
 -- Custo: 
 ---------19.9061143552
 ---------17.9061143552
 ---------19.3203279176
 ---------18.6700463777
 ---- Total: 75.8026030057
 -- Premio: 
 ---------44.0
 ---------39.0
 ---------48.0
 ---------46.0
 ---- Total: 177.0
