 - Execucao 0
 -- BestCostGenaration: [-234.36470142097687, -427.43471351411472, -631.69090179535647, -773.07893309255428, -841.46383449609857, -864.97729516772017, -944.20172014535524, -957.81461163311258, -1016.6338778053671, -1070.1896907432269, -1092.3925792340056, -1116.5271317819527, -1153.1528243134976, -1185.1590647909311, -1201.3488136005828, -1232.3546371121042, -1278.7939518969217, -1286.6479368082078, -1286.7840845562521, -1318.4488417555604, -1319.7445939790653, -1338.6202944740137, -1351.4836670557315, -1352.9833486697914, -1353.4120609471884, -1369.3252231088632, -1376.8776818123965, -1396.4400070097595, -1405.5584611364416, -1409.1309464665183, -1416.9196766544392, -1436.8106640479141, -1442.8458787969485, -1450.1088494042383, -1454.5310545060943, -1467.3172076248038, -1476.783546342946, -1484.36134124109, -1493.3535976322712, -1494.9841610432857, -1501.0956172232873, -1501.3535976322712, -1502.1211832226904, -1504.2143996620737, -1504.464328973198, -1510.6518189136184, -1511.4194045040376, -1513.7625502545452]
 -- BestCostElement: [-1513.76255025 -1513.76255025 -1513.76255025 -1513.76255025]
 -- BestRoute: [array([ 0,  6,  5,  4,  7,  9, 12, 10, 11,  8, 16, 17, 19,  0]), array([ 1, 15, 13, 14, 18, 20, 22, 33, 35, 36, 38, 39, 41, 40,  1]), array([ 2, 24, 23, 25, 26, 28, 29, 32, 27, 34, 37, 42, 30, 31,  2])]
 -- Custo: 
 ---------35.5666177255
 ---------39.8520888757
 ---------38.6406558352
 ---- Total: 114.059362436
 -- Premio: 
 ---------64.0
 ---------67.0
 ---------66.0
 ---- Total: 197.0
 - Execucao 1
 -- BestCostGenaration: [-257.42046704832154, -524.74405404528204, -590.4712401968518, -696.97393844921771, -739.96789708074562, -806.79743958935705, -879.74433659437773, -891.0891376754671, -972.77908712409931, -1009.326997591863, -1047.2279848063004, -1117.9783139327544, -1163.0424241167696, -1173.877992369748, -1205.7655030621572, -1243.7337103390566, -1258.3266602322594, -1267.9793399426076, -1276.1642480958824, -1302.2362550728972, -1319.0832926311605, -1342.4328765944224, -1365.4629154364366, -1377.9209089552689, -1386.781484710802, -1398.3314331823869, -1420.3756113206689, -1433.1617644393782, -1453.3698761756366, -1471.4639909329499, -1489.4171561163748, -1490.7897391184051, -1501.1444793426272, -1509.2382350587391, -1510.6108180607696]
 -- BestCostElement: [-1510.61081806 -1510.61081806 -1510.61081806 -1510.61081806]
 -- BestRoute: [array([ 0,  8, 11, 10, 12,  9,  7,  4,  5,  6,  0]), array([ 1, 18, 14, 15, 13, 16, 17, 19, 20, 22, 33, 35, 36, 38, 39,  1]), array([ 2, 26, 28, 29, 27, 31, 30, 40, 41, 37, 34, 24, 25,  2])]
 -- Custo: 
 ---------20.5366310572
 ---------39.8990134427
 ---------39.4116509848
 ---- Total: 99.8472954848
 -- Premio: 
 ---------49.0
 ---------70.0
 ---------72.0
 ---- Total: 191.0
 - Execucao 2
 -- BestCostGenaration: [-229.2638704369362, -475.13299418629919, -629.07804475496903, -679.31047998761346, -815.35971526698222, -843.16218980795315, -954.0834743458953, -969.93531722487251, -1025.9353172248725, -1054.6216087258877, -1092.7769286367227, -1110.0149369457595, -1173.4709442432093, -1206.5830596381782, -1234.4520226268337, -1278.5598873200743, -1312.1005465486121, -1351.9887397417028, -1358.0605774628962, -1360.980996132884, -1373.4392252448142, -1377.2123197059966, -1384.4760252184217, -1407.1479567194119, -1416.7785201304264, -1422.2564533222831, -1425.8430901711608, -1430.0775322646475, -1437.2853761559052, -1446.7263786794369, -1448.0245999607841, -1448.7927042236602]
 -- BestCostElement: [-1448.79270422 -1448.79270422 -1448.79270422 -1448.79270422]
 -- BestRoute: [array([ 0,  8, 17, 16,  6,  5,  4,  7,  9, 12, 11, 10,  0]), array([ 1, 13, 15, 18, 22, 20, 19, 34, 37, 40, 41, 39, 38,  1]), array([ 2, 32, 31, 30, 27, 24, 23, 25, 26, 29, 28,  2])]
 -- Custo: 
 ---------32.9223331697
 ---------39.2663684946
 ---------23.1131222798
 ---- Total: 95.3018239441
 -- Premio: 
 ---------55.0
 ---------74.0
 ---------54.0
 ---- Total: 183.0
 - Execucao 3
 -- BestCostGenaration: [-267.86348541702216, -439.94779894929917, -628.86722574854184, -721.05243048507248, -769.08933462486596, -868.29838100383995, -943.0004505437214, -1015.9974204817127, -1043.083759827422, -1113.1719643208896, -1155.50924165527, -1169.8928353322904, -1170.4897873960974, -1222.473729838749, -1254.5511751965219, -1277.2840428192085, -1308.9436908019695, -1310.6597790649294, -1342.2419120833165, -1353.7757804193238, -1370.4958994020794, -1383.2820525207887, -1402.6221935034303, -1404.3951464080271, -1409.5779183305581, -1419.3140821234156, -1427.9145052151853, -1432.8853181556792, -1442.4334687481505, -1448.6759619394968, -1457.668218330678, -1458.8440340969632, -1459.2088734901749, -1465.0865272883095, -1465.451366681521, -1465.8822212286711, -1472.0549364144895, -1494.907606230674, -1498.6233349832119, -1503.9177128535355, -1516.7465354047188, -1517.193780546866, -1530.7344397754041, -1531.0992791686158]
 -- BestCostElement: [-1531.09927917 -1531.09927917 -1531.09927917 -1531.09927917]
 -- BestRoute: [array([ 0,  6,  5,  4,  7,  9, 12, 10, 11,  8, 16, 17, 19,  0]), array([ 1, 15, 13, 14, 18, 21, 22, 35, 36, 38, 39, 41, 40, 20,  1]), array([ 2, 26, 28, 29, 32, 31, 27, 30, 42, 37, 34, 33, 24, 25,  2])]
 -- Custo: 
 ---------35.5666177255
 ---------39.1339491457
 ---------37.5246133367
 ---- Total: 112.225180208
 -- Premio: 
 ---------64.0
 ---------67.0
 ---------67.0
 ---- Total: 198.0
 - Execucao 4
 -- BestCostGenaration: [-267.12052174730752, -470.88560062324848, -589.71639066749776, -651.25225328974545, -704.19336305625166, -830.33160666740787, -898.5633827075477, -900.26530448812832, -910.18967963419959, -951.48281002965223, -1022.1637241819058, -1055.024202557835, -1073.4357968800496, -1114.2551879329112, -1156.725528044642, -1178.5611395607766, -1197.9104509882559, -1234.9686610955137, -1251.7027961520243, -1296.5375736395245, -1299.537943185727, -1338.6546129775065, -1377.9420306380134, -1391.971648093886, -1408.1621131387069, -1416.7813902706375, -1425.7926765497214, -1446.2386708053684, -1456.2162962407569, -1481.8405193857243, -1493.0176864736807, -1496.6477899393826, -1502.1602177233683, -1504.5564551924122, -1506.024739812422, -1513.7845842415741, -1517.4008653961241, -1523.9289218434069, -1529.314394658536, -1529.471082796739, -1533.5238513096092, -1533.5400430676909, -1536.4677725927008]
 -- BestCostElement: [-1536.46777259 -1536.46777259 -1536.46777259 -1536.46777259]
 -- BestRoute: [array([ 0,  6,  5,  4,  7,  9, 12, 10,  8, 17, 16, 20, 19, 11,  0]), array([ 1, 15, 13, 14, 18, 33, 34, 37, 40, 41, 39, 36, 38, 22,  1]), array([ 2, 27, 30, 24, 23, 25, 26, 28, 29, 32, 31,  2])]
 -- Custo: 
 ---------37.3756564092
 ---------39.4268774878
 ---------24.0805229549
 ---- Total: 100.883056852
 -- Premio: 
 ---------67.0
 ---------73.0
 ---------54.0
 ---- Total: 194.0
 - Execucao 5
 -- BestCostGenaration: [-195.15655109128426, -398.73102169326796, -540.56092317895786, -634.19006239382702, -722.73120058988297, -860.6474862255634, -900.74114452835568, -915.85324379927317, -990.91291562712831, -1007.8248535918815, -1061.3342969845951, -1158.0351848106125, -1201.2070526774125, -1240.7221767830306, -1243.1596712661058, -1257.3025843183677, -1304.8345215805582, -1306.1352585130298, -1322.8028628825975, -1350.7874724288813, -1379.6526849875322, -1394.8950509613837, -1398.7074584336656, -1418.4425861404793, -1419.6270696570652, -1432.2224676597357, -1449.6167469293948, -1457.9860197273874, -1467.6588499425723, -1470.1482530925232, -1474.7138119620131, -1489.7004616926331, -1494.2008348580723, -1494.4963014749767, -1494.5293832059854, -1495.6378346181207, -1497.5613222307882, -1498.9983219908365, -1499.1097781708384, -1499.8607811389747, -1499.9722373189763, -1506.2144662844387, -1507.5281747834233, -1507.6396309634249, -1508.7745821957674, -1509.5909054783356, -1514.4724466934224, -1520.5839028734242]
 -- BestCostElement: [-1520.58390287 -1520.58390287 -1520.58390287 -1520.58390287]
 -- BestRoute: [array([ 0,  9,  7,  4,  5,  6,  8, 17, 19, 12, 10, 11,  0]), array([ 1, 15, 13, 16, 20, 33, 34, 37, 40, 41, 39, 38, 36, 35, 22, 18,  1]), array([ 2, 24, 23, 25, 29, 28, 26, 27, 30, 31, 32,  2])]
 -- Custo: 
 ---------33.5351455075
 ---------37.4733216603
 ---------26.3455571138
 ---- Total: 97.3540242816
 -- Premio: 
 ---------62.0
 ---------75.0
 ---------54.0
 ---- Total: 191.0
 - Execucao 6
 -- BestCostGenaration: [-262.68273394162992, -420.63069639111853, -563.32421593471793, -644.04806448222246, -752.04567762023157, -818.30893683600891, -884.31274025990763, -896.15050726592074, -961.07686896465634, -993.27517275722948, -1026.9620140900279, -1101.9787079337452, -1126.6571716682802, -1141.3499423502303, -1166.327726667535, -1190.5572643584151, -1223.2530179498158, -1285.8298796811669, -1301.8681568305547, -1309.6145849675236, -1326.9850348262853, -1364.0304192407584, -1368.1205324049636, -1374.3431304452811, -1388.0483721490534, -1401.4369822917279, -1428.4800816383429, -1435.8360130925839, -1453.2391106260266, -1470.9619585831997, -1490.3871232621859, -1491.5061399183337, -1509.4326765155806, -1510.625979418774, -1511.168601043807, -1519.618235809955, -1521.9885706336436, -1542.3308290768339, -1547.9674984780236, -1549.7415918998431, -1551.4519260609943, -1551.519500958188, -1552.4433815458817, -1556.0327709177402, -1566.0887512526265]
 -- BestCostElement: [-1566.08875125 -1566.08875125 -1566.08875125 -1566.08875125]
 -- BestRoute: [array([ 0, 11, 10, 12,  9,  7,  4,  5,  6,  8,  0]), array([ 1, 18, 14, 15, 13, 16, 17, 19, 33, 34, 35, 38, 36, 21, 22, 20,  1]), array([ 2, 29, 28, 26, 25, 23, 24, 37, 39, 41, 40, 42, 30, 27, 31,  2])]
 -- Custo: 
 ---------21.365058182
 ---------39.5367909852
 ---------37.5759630197
 ---- Total: 98.4778121868
 -- Premio: 
 ---------49.0
 ---------67.0
 ---------80.0
 ---- Total: 196.0
 - Execucao 7
 -- BestCostGenaration: [-211.98441234747136, -471.47829822178028, -596.4384652381259, -692.4015409702447, -765.21180253724162, -816.06250083271277, -872.28728528719819, -915.19590797607498, -1047.2146061515091, -1066.5193652347041, -1124.1478396095147, -1156.4260498331519, -1180.0811920220406, -1197.9410990565261, -1223.8763605842059, -1268.8061478241841, -1275.8417684558519, -1309.9097477513865, -1328.5782397377498, -1374.2396238464662, -1388.6626954111646, -1389.4243021949487, -1407.9390414301517, -1415.3426993023481, -1427.3326001333587, -1432.1782675553266, -1441.5626088220645, -1450.4434090332441, -1454.6418752275627, -1465.8205892310486, -1467.6562570731205, -1474.8641009643782, -1475.5771977217721, -1484.1176047054248, -1485.1253483142436, -1488.2804236926313, -1490.6032815061003, -1497.8111253973584, -1510.7934680713352, -1525.6858627562292, -1536.5477218476854, -1537.8459431290325]
 -- BestCostElement: [-1537.84594313 -1537.84594313 -1537.84594313 -1537.84594313]
 -- BestRoute: [array([ 0,  9,  7,  4,  5,  6,  8, 16, 17, 11, 10, 12,  0]), array([ 1, 13, 15, 18, 21, 36, 38, 39, 41, 40, 37, 34, 33, 19, 20, 22,  1]), array([ 2, 30, 31, 32, 29, 28, 26, 25, 23, 24, 27,  2])]
 -- Custo: 
 ---------33.0498641332
 ---------39.1973822199
 ---------23.2912678647
 ---- Total: 95.5385142177
 -- Premio: 
 ---------55.0
 ---------83.0
 ---------54.0
 ---- Total: 192.0
 - Execucao 8
 -- BestCostGenaration: [-246.27672315181957, -479.06185514006472, -612.58202826343256, -664.51103045472803, -717.80578613335388, -872.00688530158163, -975.3294455211568, -1001.6768069842462, -1052.2004880657842, -1080.0759130849419, -1133.1449652924662, -1196.9747993477843, -1231.4778176597413, -1239.2609660105845, -1252.621033829319, -1252.6742280950243, -1300.4158053038807, -1310.5710756508256, -1311.2071278512285, -1332.5006274330926, -1341.6757767616195, -1396.3303213765475, -1413.4638580197102, -1426.3121617099494, -1429.0102108216611, -1434.488144013518, -1449.3363038302291, -1459.0303389400633, -1463.5363125843242, -1463.7893451706268, -1473.4833802804608, -1479.1952284909357, -1484.3302754142449, -1486.107470798308, -1492.9974799072372, -1497.9294108131235, -1502.3516159149794, -1514.3516159149794, -1518.6826660361726]
 -- BestCostElement: [-1518.68266604 -1518.68266604 -1518.68266604 -1518.68266604]
 -- BestRoute: [array([ 0,  7,  4,  5,  6,  8, 16, 17, 19, 11, 10, 12,  9,  0]), array([ 1, 13, 15, 14, 18, 20, 22, 35, 36, 38, 39, 40, 41,  1]), array([ 2, 29, 28, 26, 25, 23, 24, 33, 34, 37, 42, 30, 27, 32, 31,  2])]
 -- Custo: 
 ---------34.6422232805
 ---------39.7312193788
 ---------38.4558908317
 ---- Total: 112.829333491
 -- Premio: 
 ---------64.0
 ---------65.0
 ---------68.0
 ---- Total: 197.0
 - Execucao 9
 -- BestCostGenaration: [-278.16385098427588, -458.9613976480552, -600.42569615840796, -660.46098581152989, -706.6795364496038, -822.37682601452616, -843.9882123179807, -905.73196502876306, -969.94070513593124, -1006.1751369180759, -1052.0654167387397, -1095.7243660962201, -1130.2438703786361, -1158.9853238743008, -1191.1665490808223, -1224.3497808893878, -1264.3776047055026, -1280.8501488515926, -1308.6779024500765, -1351.8930712012611, -1368.5584251222278, -1390.8158662544831, -1423.3384723393551, -1446.772620614254, -1461.3718561756259, -1473.0436616969371, -1474.0156168887795, -1492.1702343747231, -1493.1724282755661, -1499.9533827255661, -1508.9846645245927, -1514.5185881047553, -1521.5587326112686, -1526.7414040989088, -1529.3418809621116, -1533.9897962262805, -1535.3606812308394, -1536.2583160302208, -1541.1062434921205, -1541.7411970447592, -1542.463878553242, -1546.6854689547583, -1550.2849574956062]
 -- BestCostElement: [-1550.2849575 -1550.2849575 -1550.2849575 -1550.2849575]
 -- BestRoute: [array([ 0,  6,  5,  4,  7,  9, 12, 10, 11, 20, 16, 17,  8,  0]), array([ 1, 13, 15, 14, 18, 22, 36, 38, 39, 41, 40, 37, 34, 33, 19,  1]), array([ 2, 24, 23, 25, 26, 28, 29, 32, 31, 30, 27,  2])]
 -- Custo: 
 ---------35.2832096052
 ---------39.9967959785
 ---------22.1487550423
 ---- Total: 97.4287606261
 -- Premio: 
 ---------58.0
 ---------82.0
 ---------54.0
 ---- Total: 194.0
 - Execucao 10
 -- BestCostGenaration: [-246.4464172388727, -467.31285486261908, -607.56781113952798, -697.6747259319186, -734.36706772673688, -823.77649887791881, -881.97129421485681, -967.90504453600511, -1008.4549192656997, -1101.1333669861656, -1131.5408579949494, -1133.1333669861656, -1179.0401274776627, -1189.7793512825415, -1193.4536774646995, -1224.0274002563478, -1267.2026065485036, -1281.8589846778495, -1292.1112875773274, -1307.7383359202067, -1338.2879354815004, -1359.7864201900022, -1364.8284671125946, -1380.902037980404, -1406.5278878446084, -1465.3714745254781, -1476.1106983303569, -1493.6733363058629, -1516.4650231874405, -1524.4126053014775, -1530.2633285495144, -1543.1251876409708, -1544.7185701916435]
 -- BestCostElement: [-1544.71857019 -1544.71857019 -1544.71857019 -1544.71857019]
 -- BestRoute: [array([ 0,  6,  5,  4,  7,  9, 12, 10, 11,  8, 16, 17, 19,  0]), array([ 1, 15, 13, 14, 18, 20, 22, 33, 34, 37, 40, 41, 39, 38, 36,  1]), array([ 2, 24, 23, 25, 26, 28, 29, 27, 30, 31, 32,  2])]
 -- Custo: 
 ---------35.5666177255
 ---------38.8103061834
 ---------24.4434335432
 ---- Total: 98.8203574521
 -- Premio: 
 ---------64.0
 ---------76.0
 ---------54.0
 ---- Total: 194.0
 - Execucao 11
 -- BestCostGenaration: [-262.04328685051712, -395.45524037757207, -602.51852734497209, -677.69918621243323, -785.06384645664639, -835.67460249738508, -884.15472776923116, -952.62971929908963, -992.48610706083741, -1025.2798530407206, -1038.1855814440742, -1115.2005015340787, -1129.4289027295365, -1163.301694955454, -1183.2393480354972, -1221.3752060610691, -1236.3545592137712, -1250.3133699147847, -1282.905614737741, -1291.8863921301399, -1321.067351711373, -1391.2084078745713, -1392.4793330876487, -1397.3099065307622, -1414.4810652609631, -1424.1062852825551, -1431.5746778322766, -1452.8726348877397, -1463.987933518343, -1477.5806311666604, -1490.3343688266939, -1503.3900969166948, -1508.8680301085515, -1513.2902352104074, -1514.5369799873588, -1517.633380960915, -1518.9591850892148, -1520.9813181270056, -1521.1380062652083, -1526.5445165420278, -1527.5542217279249, -1528.8800258562246]
 -- BestCostElement: [-1528.88002586 -1528.88002586 -1528.88002586 -1528.88002586]
 -- BestRoute: [array([ 0,  7,  4,  5,  6,  8, 17, 16, 20, 11, 10, 12,  9,  0]), array([ 1, 13, 15, 18, 21, 35, 36, 38, 39, 41, 40, 37, 34, 33, 22, 19,  1]), array([ 2, 31, 32, 29, 28, 26, 25, 23, 24, 30, 27,  2])]
 -- Custo: 
 ---------36.8755687525
 ---------39.3239018286
 ---------24.0805229549
 ---- Total: 100.279993536
 -- Premio: 
 ---------58.0
 ---------81.0
 ---------54.0
 ---- Total: 193.0
 - Execucao 12
 -- BestCostGenaration: [-311.37627516128191, -503.59784920075799, -632.47878920869084, -691.95672240054773, -784.45814180838215, -844.14427102963839, -881.84546729699912, -987.10112290387269, -1068.705395476409, -1093.9991827066979, -1103.6068420274446, -1163.8138882640483, -1168.8674939931618, -1190.8379240658398, -1215.5712684665498, -1226.3104922714285, -1250.4608252523203, -1296.8436993301486, -1310.0749182668983, -1313.6798334789582, -1320.3769019817112, -1338.5269244844058, -1343.950703701041, -1388.044615244105, -1388.3750262999556, -1397.738650353939, -1415.2138966400209, -1420.9931571733789, -1424.7620472324925, -1426.0494648929991, -1434.6244473433137, -1440.6630973907131, -1441.7702015502189, -1450.2144305897787, -1455.267326700093, -1457.5358465040331, -1462.0061998780643, -1464.2747196820042, -1464.7219648241517, -1472.7285307596394, -1475.2297952128438, -1476.2747196820042, -1478.2626240526895, -1480.2955384793729]
 -- BestCostElement: [-1480.29553848 -1480.29553848 -1480.29553848 -1480.29553848]
 -- BestRoute: [array([ 0,  6,  5,  4,  7,  9, 12, 19, 20, 16, 17,  8, 11, 10,  0]), array([ 1, 13, 15, 18, 22, 33, 34, 35, 36, 38, 39, 40, 41,  1]), array([ 2, 25, 26, 28, 29, 23, 24, 37, 42, 30, 27, 31, 32,  2])]
 -- Custo: 
 ---------37.2832096052
 ---------39.2237970047
 ---------35.9191087702
 ---- Total: 112.42611538
 -- Premio: 
 ---------67.0
 ---------64.0
 ---------62.0
 ---- Total: 193.0
 - Execucao 13
 -- BestCostGenaration: [-240.38703661798451, -394.00876739015212, -577.7782020785595, -753.10653012108355, -799.18472399469397, -898.65077470733127, -954.56011232127071, -992.41156184445651, -1012.9353656415141, -1036.4109373780329, -1118.7748151418903, -1137.5973582680672, -1144.2464689087406, -1170.8041087320621, -1187.2151535389862, -1202.8297050468193, -1229.6266152694859, -1231.3301470215308, -1251.2764432889987, -1257.785845241086, -1267.181785585281, -1319.5223351382751, -1341.6986935815903, -1354.4687832749069, -1376.6592988948498, -1384.4424472456931, -1394.3115106692394, -1399.1807615974403, -1406.4451832948444, -1407.4975712301411, -1416.1736672849099, -1421.2220003768271, -1433.0590780043535, -1451.0969786870317, -1457.026761286417, -1466.4931000045594, -1466.5749118788885, -1480.9855225070301]
 -- BestCostElement: [-1480.98552251 -1480.98552251 -1480.98552251 -1480.98552251]
 -- BestRoute: [array([ 0,  8,  6,  5,  4,  7,  9, 12, 10, 11, 19,  0]), array([ 1, 18, 14, 15, 13, 16, 17, 20, 22, 33, 35, 36, 38, 39,  1]), array([ 2, 29, 28, 26, 25, 23, 24, 27, 30, 34, 37, 41, 40, 31,  2])]
 -- Custo: 
 ---------31.2514236767
 ---------38.7274405675
 ---------39.774755129
 ---- Total: 109.753619373
 -- Premio: 
 ---------58.0
 ---------61.0
 ---------73.0
 ---- Total: 192.0
 - Execucao 14
 -- BestCostGenaration: [-247.61059294156487, -414.77419233770132, -555.74311873946294, -666.50830562444867, -753.65027465421599, -824.80783726134041, -890.48104001838715, -919.73367634746955, -977.15798076345527, -1034.1022526734544, -1040.1628248451075, -1059.7981270970747, -1071.7795320713176, -1101.6688667441899, -1110.9529973827639, -1119.5311197257104, -1128.035261814076, -1138.0007329532309, -1160.0681401097995, -1170.8525562143409, -1191.1965323050877, -1265.718599113231, -1300.8306123796201, -1320.8306123796201, -1339.4064012627193, -1414.0713450897072, -1425.0106691770247, -1425.3431750976852, -1444.3154282602197, -1453.1070699510612, -1469.8784308603194, -1483.5857494737966, -1494.4306907831212, -1497.0588986339649, -1500.9271727977593, -1519.3506676686902, -1532.9563395896835, -1540.7342180825542, -1548.143895543903, -1552.9092463962666, -1554.8653198341297, -1561.1620286652624, -1561.7008880871081]
 -- BestCostElement: [-1561.70088809 -1561.70088809 -1561.70088809 -1561.70088809]
 -- BestRoute: [array([ 0,  5,  4,  7,  9, 12, 10, 11, 22, 20, 16,  8,  6,  0]), array([ 1, 15, 13, 14, 18, 21, 36, 38, 39, 41, 40, 37, 34, 33, 19, 17,  1]), array([ 2, 29, 28, 26, 25, 23, 24, 27, 30, 31, 32,  2])]
 -- Custo: 
 ---------37.831469486
 ---------39.7924638726
 ---------21.9508446196
 ---- Total: 99.5747779782
 -- Premio: 
 ---------58.0
 ---------84.0
 ---------54.0
 ---- Total: 196.0
 - Execucao 15
 -- BestCostGenaration: [-224.46684013833661, -498.12845219204075, -579.20687841151266, -705.84651999896732, -768.23092947628311, -839.25357043153986, -925.27459523407049, -953.38855316306922, -1008.6937239798127, -1100.9176151885506, -1128.4746077317559, -1138.0545441581671, -1192.7128632377494, -1220.2272893870263, -1266.8014504342825, -1315.1473877164312, -1327.1531758421875, -1364.2177459715149, -1383.8632515638799, -1384.7696577111819, -1408.6198252943341, -1434.9491168463624, -1451.3960049934296, -1474.6942262747768, -1475.9579155339397, -1493.748413692131, -1512.7744974764589, -1523.5415647575205, -1525.541216276984, -1535.8502821706672, -1541.2048162282713, -1556.9731266577653, -1562.0336387794546]
 -- BestCostElement: [-1562.03363878 -1562.03363878 -1562.03363878 -1562.03363878]
 -- BestRoute: [array([ 0,  6,  5,  4,  7,  9, 12, 10, 11,  8, 13, 16, 17, 19,  0]), array([ 1, 15, 14, 18, 20, 22, 33, 35, 36, 38, 39, 41, 40, 42, 37, 34,  1]), array([ 2, 26, 25, 23, 24, 27, 30, 31, 32, 28, 29,  2])]
 -- Custo: 
 ---------39.0827955923
 ---------39.1901211576
 ---------23.7186735553
 ---- Total: 101.991590305
 -- Premio: 
 ---------71.0
 ---------72.0
 ---------54.0
 ---- Total: 197.0
 - Execucao 16
 -- BestCostGenaration: [-276.50721457000009, -410.93223170872585, -606.59916918078579, -689.00973452959852, -717.95988935775028, -773.87594692285234, -822.98376435872729, -915.53395208154279, -961.80633366006612, -975.36899904681275, -1047.9787851380624, -1099.2440513516408, -1138.6848448934434, -1168.1371917872661, -1184.2786189128992, -1234.1291232935978, -1270.1597407596926, -1304.7499673326665, -1346.8367689557199, -1356.2777714792514, -1385.1843029202726, -1392.2074703906269, -1410.3437463965674, -1413.3796024833109, -1441.1843481110081, -1441.3461505758994, -1465.9425378944384, -1472.5916485351117, -1482.7932178793189, -1493.5913161872431, -1498.0135212890991, -1502.1507117305764, -1505.9759898018497, -1506.6817616993171, -1510.8088055318472, -1513.3308723399905, -1517.7530774418465]
 -- BestCostElement: [-1517.75307744 -1517.75307744 -1517.75307744 -1517.75307744]
 -- BestRoute: [array([ 0,  7,  4,  5,  6,  8, 17, 19, 11, 10,  9, 12,  0]), array([ 1, 18, 15, 13, 16, 20, 33, 34, 37, 40, 41, 39, 35, 36, 38, 22,  1]), array([ 2, 32, 29, 28, 26, 25, 23, 24, 30, 31, 27,  2])]
 -- Custo: 
 ---------34.2625341294
 ---------39.7831686575
 ---------24.0160278526
 ---- Total: 98.0617306395
 -- Premio: 
 ---------62.0
 ---------75.0
 ---------54.0
 ---- Total: 191.0
 - Execucao 17
 -- BestCostGenaration: [-263.12784580691573, -447.61826433645285, -600.19656165014749, -668.01155629568643, -799.5100234404199, -807.01911410867115, -885.22616694753492, -908.58147163814419, -947.60701800285574, -981.63529999012667, -1027.352783964632, -1035.8668130625056, -1079.4286808043989, -1092.399599685923, -1145.3780142680364, -1166.5168014054025, -1175.0954884013242, -1183.9156752459107, -1225.8360563651688, -1259.06553137642, -1281.0938702860281, -1325.5191786630619, -1342.5107583230038, -1347.1598689636771, -1372.4209957857061, -1376.9451435137512, -1391.8210752336654, -1403.8583405535842, -1412.6443680910218, -1423.4936428055512, -1428.2268769712905, -1441.0713120338305, -1449.324483552298, -1458.998497228677, -1459.5153745693835, -1466.1492481844359, -1470.9615417015236, -1475.1415045756171, -1476.0652542727066]
 -- BestCostElement: [-1476.06525427 -1476.06525427 -1475.82267468 -1475.82267468]
 -- BestRoute: [array([ 0,  5,  4,  7,  9, 25, 23, 24, 12, 10, 11,  8,  6,  0]), array([ 1, 18, 14, 15, 13, 16, 17, 19, 20, 22, 33, 34, 21,  1]), array([ 2, 26, 28, 29, 27, 31, 30, 37, 35, 36, 38, 39, 40,  2])]
 -- Custo: 
 ---------33.1377572167
 ---------32.967886952
 ---------39.8780422631
 ---- Total: 105.983686432
 -- Premio: 
 ---------61.0
 ---------54.0
 ---------75.0
 ---- Total: 190.0
 - Execucao 18
 -- BestCostGenaration: [-283.8182340760444, -412.32738174192059, -590.49776733625799, -686.76016153864816, -786.10995265938436, -825.45260559394933, -943.11448294024513, -966.88142461757241, -1037.5833219364829, -1102.3960217687227, -1136.7724390312942, -1156.9129299408985, -1200.0768473622923, -1203.5743611679295, -1255.5331226061048, -1268.7445125867355, -1290.5360821832355, -1314.5438840187037, -1363.8599545914408, -1379.8719526845307, -1390.9469973799901, -1403.7265686764908, -1424.1371925669328, -1435.5701447641723, -1451.0978429823349, -1468.2198505382914, -1478.911943480842, -1487.0250149148806, -1498.9470106422907, -1518.2517697254857, -1523.7442354911129, -1534.4834592959917, -1537.6074431165005, -1538.9056643978477, -1544.5746142766548]
 -- BestCostElement: [-1544.57461428 -1544.57461428 -1544.57461428 -1544.57461428]
 -- BestRoute: [array([ 0,  7,  4,  5,  6,  8, 16, 17, 11, 10,  9, 12,  0]), array([ 1, 15, 13, 18, 21, 35, 36, 38, 39, 41, 40, 37, 34, 33, 22, 20, 19,
        1]), array([ 2, 32, 31, 30, 27, 24, 23, 25, 26, 28, 29,  2])]
 -- Custo: 
 ---------34.5777281782
 ---------39.827773633
 ---------21.9508446196
 ---- Total: 96.3563464308
 -- Premio: 
 ---------55.0
 ---------84.0
 ---------54.0
 ---- Total: 193.0
 - Execucao 19
 -- BestCostGenaration: [-275.77005535552746, -437.78660661610979, -591.59105848591298, -666.24626697325084, -721.77462782056386, -831.00799685778907, -869.97758415733665, -918.42683144528769, -965.60558220944631, -1002.0137651830755, -1053.9114674005923, -1091.475201672878, -1132.8549336808796, -1174.1260827669505, -1174.9517925468799, -1247.2718059053648, -1255.0437396436764, -1290.5923045620098, -1291.922758881017, -1309.8970636452048, -1324.3766262845891, -1332.1828989312232, -1367.0148908870631, -1384.8592688217836, -1428.028172463127, -1434.7670456410981, -1448.5095863434763, -1478.3680099371757, -1494.4949533348151, -1504.4580591920296, -1510.0247637517773, -1522.4794661171773, -1523.0697886558287, -1525.9985733481901, -1527.4237380271766, -1527.8039782370024]
 -- BestCostElement: [-1527.80397824 -1527.80397824 -1527.80397824 -1527.80397824]
 -- BestRoute: [array([ 0,  6,  5,  4,  7,  9,  8, 16, 17, 11, 10, 12,  0]), array([ 1, 15, 13, 14, 18, 21, 36, 38, 39, 41, 40, 37, 34, 33, 19, 20,  1]), array([ 2, 27, 24, 23, 25, 26, 28, 29, 32, 30, 31,  2])]
 -- Custo: 
 ---------34.6935729635
 ---------39.0285318501
 ---------24.3269006272
 ---- Total: 98.0490054407
 -- Premio: 
 ---------55.0
 ---------83.0
 ---------54.0
 ---- Total: 192.0
 - Execucao 20
 -- BestCostGenaration: [-285.45835244910711, -426.23457576160285, -565.68854501459509, -679.82495402677228, -736.92321399542811, -811.00685217839509, -836.58585435794362, -892.47929972739928, -964.02689711576284, -1015.8636540619214, -1043.642780906993, -1073.9935986556347, -1141.0387255135006, -1144.6750259256519, -1152.2517551322858, -1183.793480052334, -1195.9049362323358, -1215.2442009892206, -1241.7501701032552, -1275.2017792369923, -1285.4225359939071, -1358.715377486315, -1359.4171562049678, -1370.8615562160549, -1404.5296459866533, -1429.8341619079968, -1445.5734289760321, -1445.6848851560337, -1450.8729422658535, -1463.6760431167072, -1492.7378607230537, -1501.0738014727312, -1508.9998507846813, -1516.9811447672744, -1534.9692999762538, -1543.9615563674347, -1562.573527269461, -1571.5657836606422, -1572.5363464091195]
 -- BestCostElement: [-1572.53634641 -1572.53634641 -1572.53634641 -1572.53634641]
 -- BestRoute: [array([ 0,  6,  5,  4,  7,  9, 12, 10, 11,  8,  0]), array([ 1, 15, 13, 16, 17, 19, 20, 33, 34, 37, 40, 41, 39, 38, 36, 35, 22,
       18,  1]), array([ 2, 24, 23, 25, 26, 28, 29, 32, 30, 31, 27,  2])]
 -- Custo: 
 ---------20.5366310572
 ---------39.7252575626
 ---------24.1040247779
 ---- Total: 84.3659133977
 -- Premio: 
 ---------49.0
 ---------88.0
 ---------54.0
 ---- Total: 191.0
 - Execucao 21
 -- BestCostGenaration: [-270.65931576018193, -495.09317423639931, -583.70025363294042, -747.55814673025111, -830.46668377162462, -886.77470727852346, -995.5633119489554, -1024.8295434120191, -1074.5459406562841, -1104.9153772452696, -1153.3183701339769, -1171.0649869207671, -1193.029005662592, -1236.4271980504163, -1265.9356689784815, -1283.4643388913917, -1305.4908123544988, -1327.6569216136727, -1387.4991620706662, -1407.2585230843704, -1417.8019349660881, -1443.6014841453348, -1482.5937405365162, -1497.0348867580951, -1509.8637093092784, -1517.6468576601214, -1523.7594120518393, -1527.4717873371828, -1536.5882346030226, -1540.233145898264, -1546.6527050546633, -1549.7812964907353, -1554.3445372494416, -1558.1607869693819, -1560.0134871282485, -1562.2135554822521, -1571.6657823030955, -1571.8224704412983]
 -- BestCostElement: [-1571.82247044 -1571.82247044 -1571.82247044 -1571.82247044]
 -- BestRoute: [array([ 0,  5,  4,  7,  9, 12, 11, 17, 16, 13,  8, 10,  6,  0]), array([ 1, 15, 14, 18, 21, 36, 38, 39, 41, 40, 42, 37, 34, 33, 22, 19, 20,
        1]), array([ 2, 27, 30, 24, 23, 25, 26, 28, 29, 32, 31,  2])]
 -- Custo: 
 ---------38.6305371022
 ---------39.3333223326
 ---------24.0805229549
 ---- Total: 102.04438239
 -- Premio: 
 ---------62.0
 ---------82.0
 ---------54.0
 ---- Total: 198.0
 - Execucao 22
 -- BestCostGenaration: [-277.99155071734145, -485.82614056366572, -577.72159693704771, -642.21600210990653, -721.26194191198272, -751.83322139379038, -851.25897866524429, -899.54197637770517, -957.14368002542233, -1031.7302898011715, -1101.7870943608787, -1124.7315455155281, -1187.1861474460375, -1194.2850264154313, -1232.5158242355974, -1266.7790794881607, -1274.0675101576505, -1332.2165394667172, -1346.1718885487815, -1348.9701959637246, -1380.3540362564836, -1393.6490308877642, -1407.9921766382718, -1413.2014351187092, -1464.5837799251224, -1475.5232678034331, -1490.6317644063042, -1496.0199984169653, -1499.0102931380402, -1510.293402687485, -1519.6980152921424, -1519.7344052110166, -1521.1231799711286, -1528.7000201368123, -1533.1222252386683, -1540.1970582393856, -1547.4916618276538]
 -- BestCostElement: [-1547.49166183 -1547.49166183 -1547.49166183 -1547.49166183]
 -- BestRoute: [array([ 0,  6,  5,  4,  7,  9, 12, 10, 11,  8, 17, 19,  0]), array([ 1, 15, 14, 13, 16, 20, 22, 33, 34, 37, 40, 41, 39, 38, 36, 18,  1]), array([ 2, 24, 23, 25, 26, 28, 29, 32, 30, 27, 31,  2])]
 -- Custo: 
 ---------33.2514236767
 ---------39.9432089637
 ---------24.9324519027
 ---- Total: 98.1270845431
 -- Premio: 
 ---------62.0
 ---------78.0
 ---------54.0
 ---- Total: 194.0
 - Execucao 23
 -- BestCostGenaration: [-216.50606044910518, -449.04946394234878, -637.07080496718106, -690.13082821913872, -787.88925111453, -822.24813719081703, -890.02706294198629, -968.99503436215684, -986.93450744804181, -1042.076737898441, -1092.3535972681416, -1150.4070474408798, -1151.9607563325039, -1175.4169105055139, -1206.2892495997028, -1226.0338032905338, -1249.1693235729495, -1271.0474867863934, -1278.8306351372366, -1310.5241691800634, -1348.1019640782074, -1350.7989949867006, -1360.6692277961697, -1374.6680584102469, -1389.9251146216452, -1398.3992331701352, -1413.1058710612247, -1430.8254061566624, -1434.0756429568276, -1450.6464850990269, -1456.5830134002072, -1467.9339027595338, -1471.3739053598692, -1478.5195417013874, -1480.3661617510504, -1480.7310011442619, -1491.305694820097, -1493.6535794115571, -1500.7720335382392]
 -- BestCostElement: [-1500.77203354 -1500.77203354 -1500.77203354 -1500.77203354]
 -- BestRoute: [array([ 0,  4,  5,  6,  8, 11, 10, 12,  9,  7,  0]), array([ 1, 18, 15, 13, 16, 17, 19, 20, 22, 33, 35, 36, 38, 39, 41,  1]), array([ 2, 32, 29, 28, 26, 25, 23, 24, 34, 37, 40, 30, 27, 31,  2])]
 -- Custo: 
 ---------23.1421823327
 ---------39.7668408437
 ---------39.3979684391
 ---- Total: 102.306991615
 -- Premio: 
 ---------49.0
 ---------70.0
 ---------72.0
 ---- Total: 191.0
 - Execucao 24
 -- BestCostGenaration: [-304.24487995453319, -434.2206450087138, -681.90622567368814, -725.72309677415342, -768.00150381283493, -838.86337887663615, -887.51414865341076, -934.799115354881, -1063.8227772873743, -1101.114583161926, -1137.124540685737, -1176.7579564083455, -1194.5676307856561, -1210.5304499253143, -1260.4957478737269, -1268.6977765092354, -1309.2794674630106, -1326.7318296020294, -1338.6319512664172, -1351.8519040492902, -1373.0880249717081, -1400.2773628297273, -1412.904966663611, -1421.8972230547922, -1446.5719848223243, -1460.7206599837959, -1462.2282374813253, -1469.0793933868322, -1480.1405070990127, -1489.1327634901936, -1498.1182741795799, -1507.6664247720514, -1510.1998504608109, -1515.9347488565631]
 -- BestCostElement: [-1515.93474886 -1515.93474886 -1515.93474886 -1515.93474886]
 -- BestRoute: [array([ 0,  6,  5,  4,  7,  9, 12, 10, 11,  8,  0]), array([ 1, 18, 15, 13, 16, 17, 19, 20, 22, 36, 38, 39, 40, 41,  1]), array([ 2, 27, 30, 37, 34, 33, 24, 23, 25, 26, 28, 29, 32, 31,  2])]
 -- Custo: 
 ---------20.5366310572
 ---------39.651818218
 ---------35.8278635106
 ---- Total: 96.0163127859
 -- Premio: 
 ---------49.0
 ---------75.0
 ---------66.0
 ---- Total: 190.0
 - Execucao 25
 -- BestCostGenaration: [-201.47810530711604, -429.0080838191459, -591.59249600647126, -656.10217682751511, -752.26907628540266, -841.97494019865258, -854.5527327239879, -966.59936843026946, -972.99215666782675, -1038.6073008911749, -1067.3567316294689, -1100.7462432861594, -1129.3994530561658, -1142.2143193299273, -1175.4872676908985, -1255.9999754173939, -1270.6142516309474, -1278.3192993433506, -1281.4696704567805, -1293.1571855342604, -1313.3817731351464, -1325.8389724701947, -1364.9711625070049, -1377.9789061158237, -1384.7922414493692, -1401.4785329503845, -1404.7922414493694, -1407.9729381232435, -1413.68744977148, -1429.8862626155678]
 -- BestCostElement: [-1429.88626262 -1429.88626262 -1429.88626262 -1429.88626262]
 -- BestRoute: [array([ 0,  5,  4,  7,  9, 12, 10, 11, 20, 18,  8,  6,  0]), array([ 1, 15, 13, 16, 17, 19, 34, 37, 40, 41, 36, 38, 39,  1]), array([ 2, 31, 30, 27, 24, 23, 25, 26, 28, 29, 32,  2])]
 -- Custo: 
 ---------39.7352617207
 ---------39.6576097113
 ---------23.1355629141
 ---- Total: 102.528434346
 -- Premio: 
 ---------59.0
 ---------71.0
 ---------54.0
 ---- Total: 184.0
 - Execucao 26
 -- BestCostGenaration: [-252.26146502779878, -479.09486901558193, -679.91089837314053, -731.99866212372467, -750.90738139156542, -848.67246612153326, -918.71027330060008, -1003.5198275682208, -1047.298046105507, -1064.6928670786976, -1075.1979953140838, -1108.1329746468655, -1137.5449474074912, -1149.8373075637087, -1181.1224778446185, -1213.8646233095003, -1241.7335862981558, -1243.3443795268513, -1279.7441358871015, -1316.4720192501604, -1325.1741672040046, -1343.8229086094868, -1354.2778797751873, -1360.6735885943672, -1400.2590234826375, -1420.6577133023429, -1423.3896122472947, -1449.3386063349208, -1459.0988586363901, -1461.8179561018146, -1476.2831783619829, -1481.1509226974097, -1482.8549105331081, -1485.7439113580183, -1492.906373649914, -1512.2463729873766, -1517.9471615840253]
 -- BestCostElement: [-1517.94716158 -1517.94716158 -1517.94716158 -1517.94716158]
 -- BestRoute: [array([ 0,  8,  6,  5,  4,  7,  9, 12, 10, 17, 16, 19, 11,  0]), array([ 1, 15, 13, 14, 18, 20, 22, 33, 34, 35, 36, 38, 39,  1]), array([ 2, 29, 28, 26, 25, 23, 24, 37, 41, 40, 42, 30, 27, 31, 32,  2])]
 -- Custo: 
 ---------36.1233314484
 ---------38.5499831134
 ---------38.3398950422
 ---- Total: 113.013209604
 -- Premio: 
 ---------64.0
 ---------59.0
 ---------74.0
 ---- Total: 197.0
 - Execucao 27
 -- BestCostGenaration: [-244.05524162166805, -384.16525330218042, -560.11718297734342, -723.31236999981775, -734.11325592715957, -798.94535474425084, -896.86858464077068, -925.69254670486589, -982.68168146019889, -1005.2115936819466, -1058.7436027956819, -1087.3092973052776, -1108.7615055467541, -1110.7239985820806, -1137.4988275378068, -1167.7472411931831, -1181.5439996397276, -1214.3733139130577, -1251.5911539991939, -1298.4430666213675, -1316.1896834081576, -1320.1149969003686, -1347.3105259576496, -1360.7906938875622, -1363.6936183460468, -1380.4632995805764, -1401.4862127531765, -1401.8730634429485, -1429.7306575612097, -1445.6934767008679, -1461.3097578554182, -1463.4191177864811, -1470.9929029433886, -1516.5120101744014, -1527.4184615124391, -1532.0357311636105, -1543.1226345586688, -1550.9733578067057, -1552.2465802580491, -1552.9409609780523]
 -- BestCostElement: [-1552.94096098 -1552.94096098 -1552.94096098 -1552.94096098]
 -- BestRoute: [array([ 0,  8,  6,  5,  4,  7,  9, 10, 11, 24, 23, 12,  0]), array([ 1, 15, 14, 13, 16, 17, 19, 20, 22, 33, 34, 37, 35, 38, 36, 21, 18,
        1]), array([ 2, 29, 28, 26, 25, 27, 30, 42, 39, 41, 40, 31, 32,  2])]
 -- Custo: 
 ---------32.472135955
 ---------39.6504414678
 ---------37.1421823327
 ---- Total: 109.264759755
 -- Premio: 
 ---------55.0
 ---------73.0
 ---------71.0
 ---- Total: 199.0
 - Execucao 28
 -- BestCostGenaration: [-306.35995492663233, -419.39970820927346, -612.13782930092839, -667.80653204392775, -777.30174397461906, -868.38372345625714, -877.98041880692097, -937.40360970149902, -993.66083233404277, -1059.3734190174798, -1062.6988861950199, -1113.5185355597464, -1138.2107462150225, -1187.6210708332651, -1216.683190862313, -1261.580288152687, -1267.6238092790759, -1276.5588661197617, -1307.7662509532388, -1323.6501974888699, -1331.8902371141689, -1351.6477187764422, -1355.3716419606355, -1386.1433379136893, -1394.8318426609565, -1412.8897227875016, -1416.1984834638047, -1424.2396823617887, -1444.8823979275749, -1444.9071325316941, -1449.5406555198392, -1454.7860534794752, -1465.5075876974083, -1468.1672377330378, -1471.7365247449334, -1473.1260422168075, -1476.2522512870296, -1476.6230803193805, -1480.6327416888721, -1481.0558248161929, -1483.029697768708, -1483.9534474657974]
 -- BestCostElement: [-1483.95344747 -1483.95344747 -1483.50620232 -1483.50159806]
 -- BestRoute: [array([ 0,  6,  5,  4,  7,  9, 25, 23, 24, 12, 10, 11,  8,  0]), array([ 1, 21, 18, 14, 15, 13, 16, 17, 19, 34, 33, 22, 20,  1]), array([ 2, 26, 28, 29, 31, 27, 30, 37, 35, 36, 38, 39, 40,  2])]
 -- Custo: 
 ---------32.6656212617
 ---------31.4679746087
 ---------39.8780422631
 ---- Total: 104.011638134
 -- Premio: 
 ---------61.0
 ---------54.0
 ---------75.0
 ---- Total: 190.0
 - Execucao 29
 -- BestCostGenaration: [-274.30888096787913, -384.95923842629139, -568.25847537947004, -696.94103116534893, -736.41559479785053, -787.84703580252301, -834.13586670972416, -903.23487057354191, -954.75009723570633, -993.92482178019782, -1029.6119766763072, -1091.8538112743204, -1153.4216486486534, -1176.6098464191193, -1186.3002131295111, -1219.2595967714124, -1234.8924310912341, -1236.4785752273624, -1244.9190974154476, -1249.6585497438173, -1276.6512186403536, -1277.8811535949026, -1297.0733724506952, -1311.6504739124193, -1344.9980409021068, -1352.9385417461895, -1362.0175197132528, -1395.9137396266262, -1404.1017534732896, -1413.684332403122, -1429.1153362811481, -1433.9252693601097, -1435.677601760075, -1446.9330129689283, -1449.2345444543134, -1452.5108078670723, -1454.6644931649885, -1456.9330129689283]
 -- BestCostElement: [-1456.93301297 -1456.93301297 -1456.93301297 -1456.93301297]
 -- BestRoute: [array([ 0,  7,  4,  5,  6,  8, 17, 16, 20, 19, 11, 10, 12,  9,  0]), array([ 1, 13, 15, 18, 22, 33, 34, 37, 40, 41, 38, 39,  1]), array([ 2, 27, 30, 31, 32, 29, 28, 26, 25, 23, 24,  2])]
 -- Custo: 
 ---------36.9035204542
 ---------39.2144712612
 ---------22.1487550423
 ---- Total: 98.2667467578
 -- Premio: 
 ---------67.0
 ---------64.0
 ---------54.0
 ---- Total: 185.0
