 - Execucao 0
 -- BestCostGenaration: [-134.11145618000168, -205.60787770890482, -272.1320838165617, -375.77825737737726, -420.76938073534279, -459.01958604300478, -573.81096266469444, -632.76266697062442, -638.79364140589973, -672.93299775972389, -730.07825927654494, -747.07175218358634, -814.39208133956845, -890.77398574470817, -951.31951811031104, -970.05585227092467, -997.40674163025119, -1009.9836485523382, -1032.1124476565549, -1070.4109726306835, -1110.4614233276388, -1120.3069764407746, -1127.1657588761555, -1165.6538424446874, -1218.5212844982423, -1261.5889708006512, -1273.7334457068255, -1292.3618141873233, -1315.301302065634, -1316.1720525029368, -1366.318474694084, -1373.7614871541241, -1378.2360618755411, -1391.1102349851831, -1414.0961664396334, -1421.3903945421664, -1426.4189956614864, -1438.6230724350273, -1462.8047460156436, -1466.7345286150289, -1481.0776743655367, -1489.6740616840755, -1490.6818052928943, -1499.5950023327271, -1507.3633127622213, -1516.0525910620888, -1517.3771443922017, -1522.218567797061, -1523.3046250950899, -1528.1553050799703, -1531.379996703796, -1536.1553050799703, -1541.5872154607518, -1546.0438488999687, -1548.0744484957859, -1551.0651486526085, -1556.998134283524, -1559.0651486526085, -1560.695712063623, -1561.0654992795162]
 -- BestCostElement: [-1561.06549928 -1561.06549928 -1560.95369247 -1560.95369247]
 -- BestRoute: [array([ 0,  9,  7,  4,  5,  6,  8, 11, 10, 12, 19, 17, 16, 13, 15, 14, 18,
       21, 22, 20, 33, 35, 36, 38, 39, 41, 40, 37, 34, 24, 23, 25, 26, 28,
       29, 32, 30, 27, 31,  0])]
 -- Custo: 
 ---------102.23362518
 ---- Total: 102.23362518
 -- Premio: 
 ---------197.0
 ---- Total: 197.0
 - Execucao 1
 -- BestCostGenaration: [-134.11145618000168, -211.05197643800719, -290.30549948991654, -353.99761549722905, -397.66478956654504, -439.78777548003012, -490.9021912371623, -548.81467669515587, -573.53304514071579, -631.44695071545186, -658.30351953818149, -721.87988540616539, -749.38746290369477, -760.81362940633903, -827.25146257429105, -871.15741801393165, -902.80147697092139, -945.89919536023217, -971.17419043808525, -1063.7684905162396, -1107.1981993786073, -1142.1647190993035, -1164.9361759418425, -1170.6974540271074, -1179.1493034346358, -1196.9532511286768, -1290.9323995485079, -1298.1462464297983, -1300.4535331898583, -1317.396666863935, -1327.8310920467984, -1350.2905112702115, -1366.9702849492935, -1374.3816395386975, -1392.9856517960407, -1410.21334399326, -1419.0931255891448, -1421.4524630977339, -1438.0748703945742, -1448.9364157901496, -1455.4498742771532, -1456.7968709811496, -1465.3648906731742, -1465.7870957750301, -1479.172885411896, -1495.0349967482375, -1497.7721090667151, -1505.9261246596309, -1512.9183810508121, -1516.0875968295222, -1517.4790592837908, -1530.9931745831682, -1531.4587880344648, -1534.6280038131749, -1537.2876538488044, -1540.5413251756397, -1549.0848354344703, -1549.771172126221, -1551.4307337079586, -1554.7589747807137, -1555.1962916144719]
 -- BestCostElement: [-1555.19629161 -1554.8748847  -1554.75897478 -1554.42303529]
 -- BestRoute: [array([ 0, 10,  8,  6,  5,  4,  7,  9, 12, 11, 17, 16, 13, 15, 14, 18, 21,
       22, 20, 19, 33, 34, 35, 36, 38, 39, 41, 40, 37, 30, 32, 29, 28, 26,
       25, 23, 24, 27, 31,  0])]
 -- Custo: 
 ---------103.700927096
 ---- Total: 103.700927096
 -- Premio: 
 ---------197.0
 ---- Total: 197.0
 - Execucao 2
 -- BestCostGenaration: [-134.11145618000168, -229.97731429789042, -286.50223341762791, -318.71862442031727, -368.97119039545214, -430.97119039545214, -490.39490156806073, -515.50013349936762, -557.78685045427403, -592.71615252002437, -692.11268081654157, -695.23791426378841, -737.09072452850796, -768.4990769606286, -769.31522325261881, -824.25272945130041, -915.01653294381367, -918.33471153221899, -945.07425289079163, -960.53740074041798, -989.85423800402202, -1009.0413963865478, -1050.361034536988, -1068.6165605975521, -1108.1676837758089, -1124.6294787989423, -1154.9976399332054, -1170.3932759038485, -1184.7080657429963, -1204.5234517459273, -1243.1699950330174, -1251.2934388563135, -1288.704885670993, -1311.2212907520068, -1334.4431427349818, -1377.5925716436609, -1384.9543653035537, -1409.5481044206667, -1420.5177387315366, -1431.6828633413538, -1456.5160581614743, -1463.3643909705288, -1473.6655265971012, -1480.5664189372974, -1500.1489978671298, -1503.7223181502054, -1506.6470092288616, -1518.8499445226207, -1524.5727492796873, -1527.8317993978001, -1536.6263924509979, -1543.5112917915105, -1543.7706026723708, -1546.9841454436369, -1550.0502767240587, -1568.1741675577339, -1571.343383336444, -1571.7906284785913, -1579.3284353955351, -1582.126183076552, -1582.8360128930644, -1583.2832580352115, -1583.3947142152133, -1583.8437565018833, -1585.8871367176839, -1588.6848843987009, -1589.3947142152133, -1589.5061703952149, -1591.4695358812091, -1591.9167810233564, -1595.8917409830651, -1596.0175792081445, -1596.3389861252124]
 -- BestCostElement: [-1596.33898613 -1596.01757921 -1595.90166929 -1595.89174098]
 -- BestRoute: [array([ 0,  7,  4,  5,  6, 11, 10,  9, 12, 24, 23, 25, 26, 28, 29, 32, 31,
       27, 30, 37, 40, 41, 39, 38, 36, 35, 34, 33, 19, 20, 22, 21, 18, 14,
       15, 13, 16, 17,  8,  0])]
 -- Custo: 
 ---------93.4152534687
 ---- Total: 93.4152534687
 -- Premio: 
 ---------197.0
 ---- Total: 197.0
 - Execucao 3
 -- BestCostGenaration: [-134.11145618000168, -222.19655761217408, -275.34952353506378, -345.11831636348887, -370.65963008185037, -433.58412225115069, -487.40997523944122, -533.73153623333826, -546.99444979556938, -691.86832091732322, -708.95966977383785, -725.64596127485311, -757.04957395631425, -779.41772691995754, -823.89342065779374, -847.28164376642553, -886.7290672105255, -933.46458308598403, -938.79635804625184, -970.86819576744529, -1014.9281989433732, -1023.144732434509, -1064.5323541529235, -1068.4589289107407, -1118.7450232722902, -1123.7937988058659, -1181.6377076544577, -1194.000674555009, -1200.4162978346565, -1240.3698352192273, -1247.5237750404337, -1258.8675445516196, -1292.1347543189027, -1301.0239701862915, -1321.2456227789007, -1321.2868615582879, -1335.2758115414204, -1358.6146924440227, -1370.5303180439662, -1392.9160435392955, -1408.0971332325944, -1417.6849663700941, -1419.9081130945624, -1433.3279760373309, -1448.483565833619, -1457.0543914133959, -1466.9128605259925, -1483.2064206883397, -1492.1986770795208, -1495.9642349860342, -1497.7737194546842, -1502.133603955607, -1510.4596603287919, -1514.764374420771, -1515.4770019509999, -1524.4739971831339, -1526.996063991277, -1531.5565624579485, -1538.1619263027926, -1538.6696562565937, -1538.6983401962241, -1543.0872641626756, -1547.1615776920571]
 -- BestCostElement: [-1547.16157769 -1547.11890826 -1545.59688471 -1545.14503531]
 -- BestRoute: [array([ 0,  9,  7,  4,  5,  6,  8, 12, 10, 11, 17, 13, 15, 14, 18, 21, 16,
       19, 20, 22, 33, 35, 36, 38, 39, 41, 40, 37, 34, 24, 23, 25, 26, 28,
       29, 32, 30, 31, 27,  0])]
 -- Custo: 
 ---------105.709605577
 ---- Total: 105.709605577
 -- Premio: 
 ---------197.0
 ---- Total: 197.0
 - Execucao 4
 -- BestCostGenaration: [-134.11145618000168, -226.72467796880795, -273.3610532685471, -340.9201627319693, -406.88710246999597, -439.03082032044387, -505.91719000730541, -551.3753699229153, -615.74760801644675, -660.96195596474456, -668.12042497613447, -712.42863035664482, -737.50917920601592, -787.47176859728586, -795.9743347827083, -855.21726939111625, -899.99290267657636, -901.7314797494746, -987.96359603066026, -997.00731553864739, -1035.0584539712072, -1057.2624056387833, -1072.5252846448554, -1115.9394734117795, -1135.9941031598655, -1183.2587956970031, -1213.6117151359733, -1231.286600526548, -1248.1566914026796, -1261.6546528676051, -1293.712849218856, -1295.1546221336366, -1306.9923784734779, -1327.3928431010311, -1338.938269777585, -1353.8456019616913, -1357.2512666947305, -1358.3887850727965, -1381.4916582091644, -1408.6720100308137, -1411.310317050647, -1418.2651162937245, -1429.3933236513492, -1443.7756221671057, -1454.9667634206185, -1472.3504574881192, -1473.9455088587142, -1481.2615869073265, -1498.1795322841879, -1507.2264526035776, -1508.9526680000688, -1512.1687839075028, -1520.4314574455416, -1522.1576728420325, -1528.9360964299728, -1531.5957464656026, -1536.6279730165479, -1537.5324837485118, -1539.6837011065488, -1541.5895488118917, -1548.4251170648699, -1549.2318516990204, -1551.3263982680064, -1555.6930543289247, -1558.1699171839532, -1560.2179016651353, -1563.273629755136, -1565.305963227687, -1567.8757728722574, -1570.86647302908]
 -- BestCostElement: [-1570.86647303 -1570.41462362 -1570.05973839 -1569.60788899]
 -- BestRoute: [array([ 0,  9,  7,  4,  5,  6,  8, 10, 11, 17, 16, 13, 15, 14, 18, 21, 22,
       20, 19, 33, 34, 37, 35, 36, 38, 39, 41, 40, 30, 32, 29, 28, 26, 25,
       23, 24, 27, 31, 12,  0])]
 -- Custo: 
 ---------99.7833817427
 ---- Total: 99.7833817427
 -- Premio: 
 ---------197.0
 ---- Total: 197.0
 - Execucao 5
 -- BestCostGenaration: [-134.11145618000168, -229.24674477695118, -287.75812974828989, -334.28019655643311, -472.53157373406447, -511.04519774498488, -527.73148924600014, -565.43960616528875, -603.489374916928, -635.76013623320523, -679.93437297528294, -704.58765428591687, -766.20475854482606, -819.8479426522058, -847.73613584529653, -869.39489526876741, -948.71377695050228, -1002.6990189808014, -1028.6990189808014, -1037.7547470708023, -1045.837011243543, -1097.5032578742771, -1164.7974410780621, -1197.909556473031, -1202.2934407312021, -1218.1172555672224, -1233.051428396825, -1264.1034151351357, -1273.1207567573438, -1330.0022979724308, -1344.3454437229384, -1352.5333705223006, -1378.6979715167131, -1387.4693166318375, -1392.9007577854538, -1410.7418934206187, -1449.4924195811525, -1460.8887046896734, -1480.3927649290151, -1490.624147917923, -1501.6128815028812, -1524.0040117345707, -1525.2914293950776, -1528.6733936245705, -1528.8978622189322, -1536.832834285754, -1538.3298723883272, -1551.1586949395105, -1554.2968358480541, -1557.2816808529956, -1560.854286283703, -1563.8449864405256, -1569.9679723540107, -1572.3111181045183]
 -- BestCostElement: [-1572.3111181  -1569.96797235 -1569.32041795 -1569.25539001]
 -- BestRoute: [array([ 0,  9,  7,  4,  5,  6,  8, 10, 11, 19, 17, 16, 13, 15, 14, 18, 21,
       22, 20, 33, 37, 40, 41, 39, 38, 36, 35, 34, 24, 23, 25, 26, 28, 29,
       32, 27, 30, 31, 12,  0])]
 -- Custo: 
 ---------99.4222204739
 ---- Total: 99.4222204739
 -- Premio: 
 ---------197.0
 ---- Total: 197.0
 - Execucao 6
 -- BestCostGenaration: [-134.11145618000168, -226.72467796880795, -280.20376227468495, -331.34970109129972, -369.67751969358312, -434.84464505975018, -459.50509311311657, -520.74711152900306, -575.91560478352426, -628.93744954747069, -650.04354934464732, -697.5511268421767, -726.80376317125922, -767.47434630092437, -832.83441712570175, -852.0084664095765, -859.46356396167903, -931.35292682643296, -955.46438300643467, -973.73198411170301, -1006.4992261345697, -1044.6400191766299, -1056.3626932295144, -1094.2574152313027, -1130.3545210608852, -1173.0715826884032, -1184.0213105997809, -1185.6568068756801, -1219.8285083555338, -1258.8341928772438, -1275.520484378259, -1282.7370565001947, -1302.6184175537705, -1321.3383464506794, -1327.630305180543, -1347.5878165880583, -1365.8598988409219, -1378.6954670939001, -1388.3752750661356, -1395.962362541497, -1412.0616106985672, -1415.2794245076766, -1434.9890472700392, -1435.132719187427, -1444.7657842831281, -1464.2764649305459, -1480.9627564315613, -1486.8820244948183, -1490.7394934446504, -1503.5683159958337, -1510.1257664314826, -1513.1164665883052, -1518.5945414253406, -1521.855690393184, -1522.0369585380522, -1525.0276586948748, -1527.3337652302193, -1530.4123925703752, -1530.8596377125225]
 -- BestCostElement: [-1530.85963771 -1530.41239257 -1528.55353118 -1528.10628604]
 -- BestRoute: [array([ 0,  6,  5,  4,  7,  9, 12, 24, 23, 25, 26, 28, 29, 32, 31, 27, 30,
       37, 34, 33, 21, 18, 14, 15, 13, 16, 17,  8, 10, 11, 19, 20, 22, 35,
       36, 38, 41, 39, 40,  0])]
 -- Custo: 
 ---------109.785090572
 ---- Total: 109.785090572
 -- Premio: 
 ---------197.0
 ---- Total: 197.0
 - Execucao 7
 -- BestCostGenaration: [-134.11145618000168, -223.86281887735171, -279.10022054796889, -328.37554257916099, -385.00550075122658, -428.51456184359012, -506.30976405577599, -547.38735695544506, -595.01851357369253, -656.89920463147632, -687.76401588574151, -746.70958479167473, -775.46301910892555, -777.35663624388621, -817.69834925035639, -849.36459370511955, -857.71795148767626, -898.12927233811183, -941.71284282986346, -977.96360657751688, -993.26675418200693, -1020.1633478778758, -1080.2355313784644, -1098.4450176736339, -1149.2744253486974, -1170.0234475446248, -1199.3526100962147, -1227.5803737425435, -1249.1614285960818, -1252.1811533881453, -1279.9594631049872, -1295.6044179726564, -1328.8830020338344, -1329.5949688521619, -1342.7263329429961, -1356.2610485386742, -1368.4168620184369, -1402.7072844468098, -1428.0689061067455, -1440.0590484645766, -1452.8452015832859, -1461.9305739789593, -1469.4839717053355, -1479.9898466668042, -1488.2125952358142, -1498.3705771287496, -1515.469275340572, -1519.8124210910796, -1526.7722806536076, -1534.4318874260807, -1542.6534779161902, -1545.4293837252217, -1546.1360216163112, -1550.4366262670333, -1551.6928274121951, -1555.2490702242208, -1557.1376140442189, -1557.4556745636996, -1557.6641801079479, -1558.0291174413478, -1558.6435712211696, -1560.3722631918554, -1563.4188795973441]
 -- BestCostElement: [-1563.4188796  -1563.4188796  -1561.07573385 -1561.07573385]
 -- BestRoute: [array([ 0,  6,  5,  4,  7,  9, 12, 11, 10,  8, 19, 17, 16, 13, 15, 14, 18,
       21, 20, 22, 33, 35, 36, 38, 39, 41, 40, 37, 34, 30, 31, 32, 27, 24,
       23, 25, 26, 28, 29,  0])]
 -- Custo: 
 ---------101.645280101
 ---- Total: 101.645280101
 -- Premio: 
 ---------197.0
 ---- Total: 197.0
 - Execucao 8
 -- BestCostGenaration: [-134.11145618000168, -226.72467796880795, -301.52253573170617, -326.76722381541759, -405.88612310869564, -430.1749158188772, -504.86978242394076, -541.44979927508598, -613.64904008312885, -634.63110498297215, -731.63751095573559, -760.81334469838418, -774.59216697266731, -849.52841719510366, -883.99776068111225, -902.7671834187413, -982.92549020612228, -997.14119383245838, -1017.2874388034434, -1106.8313063501082, -1115.0886470474725, -1177.2161834254271, -1184.8129123263952, -1209.9238110685133, -1220.3276609611714, -1243.1430949060468, -1270.0863853405895, -1294.5733554926892, -1314.5510626802793, -1323.294980135375, -1349.717185237231, -1362.4021162233162, -1375.1949226652941, -1390.7915774469043, -1396.1284903523967, -1398.0347381141396, -1408.2228290388609, -1426.3858702116108, -1436.0911032166141, -1447.9505652742059, -1459.3993279734095, -1464.1370228865107, -1481.7777467741789, -1487.7725931893142, -1494.1776542163709, -1494.9659045068015, -1497.9404405268351, -1503.0324588126393, -1508.4039488828448, -1513.6766249878524, -1525.5505910433446, -1526.8104577853342, -1534.7082575390762, -1538.8831854178975, -1545.1422209942327, -1550.6360086297539, -1551.839051801611, -1555.0423592879456, -1557.0739652637246, -1557.5596420644004, -1563.3375205572711, -1568.815453749128, -1572.2615212179442, -1572.3729773979458, -1573.4121631029577, -1575.4287054879467, -1593.3172493079451]
 -- BestCostElement: [-1593.31724931 -1593.31724931 -1592.87000417 -1592.87000417]
 -- BestRoute: [array([ 0,  6,  5,  4,  7,  9, 24, 23, 25, 26, 28, 29, 32, 31, 27, 30, 37,
       40, 41, 39, 38, 36, 35, 34, 33, 22, 20, 21, 18, 14, 15, 13, 16, 17,
       19,  8, 11, 10, 12,  0])]
 -- Custo: 
 ---------94.170687673
 ---- Total: 94.170687673
 -- Premio: 
 ---------197.0
 ---- Total: 197.0
 - Execucao 9
 -- BestCostGenaration: [-134.11145618000168, -232.22291236000336, -305.77497138811509, -345.74338180695878, -400.82164308933824, -449.35200614339254, -454.49763853507613, -547.23083224726224, -574.5455555429387, -620.23063731027537, -675.5807340386848, -723.86250763943349, -734.57547679178322, -774.54567838516448, -795.79749199561127, -820.7250046694819, -909.47554839058103, -941.78709554115812, -985.40847402354746, -994.81049158861958, -1024.696157447496, -1046.5427576045497, -1087.5119702092627, -1120.1975947939995, -1138.7475545383199, -1194.6612375364746, -1214.1017261018667, -1238.3658125010259, -1247.8174548544048, -1265.2704745311707, -1280.3595481186819, -1304.9113370593473, -1311.8217111859185, -1330.8371347835423, -1335.1352391116004, -1347.3842267902558, -1370.3491420697633, -1390.4779909720439, -1403.7973742767128, -1420.5627251290764, -1424.8544598873523, -1438.8809571112401, -1447.9101879773532, -1459.854873326912, -1462.7554727487232, -1464.8060999204349, -1474.2840331122916, -1489.4512173822941, -1490.4216163397782, -1500.3252718916788, -1507.7910096656074, -1517.3391602580787, -1522.5575102711707, -1524.1880736821852, -1528.2539013254402, -1536.8817149019551, -1538.5122783129696, -1538.5268108867399, -1540.4035746559484, -1540.8554240634771]
 -- BestCostElement: [-1540.85542406 -1540.85542406 -1540.40357466 -1540.40357466]
 -- BestRoute: [array([ 0,  6,  5,  4,  7,  9, 10,  8, 11, 12, 26, 28, 29, 25, 23, 24, 19,
       17, 16, 13, 15, 14, 18, 21, 22, 20, 33, 34, 37, 35, 36, 38, 39, 41,
       40, 30, 32, 31, 27,  0])]
 -- Custo: 
 ---------107.286143984
 ---- Total: 107.286143984
 -- Premio: 
 ---------197.0
 ---- Total: 197.0
 - Execucao 10
 -- BestCostGenaration: [-134.11145618000168, -218.12952264128469, -288.31996740218858, -351.46150391558695, -397.39153266694854, -500.45523819086139, -542.54225953790421, -561.22855103891948, -590.19744833031609, -626.1209157038586, -679.58565879909861, -730.47068547360209, -792.73491434053938, -842.10274473351978, -866.77893715413859, -911.81960502931429, -937.71156015454847, -1015.4787506169683, -1038.7233514284428, -1123.3084367139056, -1157.332176442269, -1172.897662294771, -1199.7196794925376, -1207.3377815004767, -1237.5955018501318, -1253.7497932619003, -1282.6918625615936, -1315.981252786645, -1318.3366783752158, -1319.4652919686771, -1345.756217801872, -1365.2873701330827, -1367.3988263130846, -1381.6535428201564, -1411.8941912501164, -1425.9406194969397, -1427.5356216380733, -1443.5050220422559, -1458.6488317877543, -1460.217604381749, -1486.6026286232634, -1496.4081199130992, -1498.1553834811161, -1505.9385318319592, -1506.1553834811161, -1509.6952929784745, -1515.3642428572816, -1518.766103584956, -1528.0471808911025, -1532.4013100287573, -1537.514365706274, -1543.2086105324279, -1546.8572592118962, -1547.0625162987455, -1547.5797990752005, -1552.5141134613887, -1556.5500023132558, -1558.8931480637636, -1560.5436979480014, -1561.0887883300525, -1561.7315946054714]
 -- BestCostElement: [-1561.73159461 -1561.08878833 -1560.75220349 -1560.54369795]
 -- BestRoute: [array([ 0,  6,  5,  4,  7,  9, 12, 10, 11,  8, 17, 16, 13, 15, 14, 18, 21,
       22, 20, 19, 35, 36, 38, 39, 41, 40, 37, 33, 34, 30, 31, 32, 27, 24,
       23, 25, 29, 28, 26,  0])]
 -- Custo: 
 ---------102.067101349
 ---- Total: 102.067101349
 -- Premio: 
 ---------197.0
 ---- Total: 197.0
 - Execucao 11
 -- BestCostGenaration: [-134.11145618000168, -230.22291236000336, -302.43274996926101, -359.96004136312229, -437.12179399325703, -454.10406756648456, -502.83081216007014, -551.78978095783714, -594.9751827169739, -632.07038760585124, -694.43027054894628, -724.42596018549568, -742.97750876715759, -775.45934939261565, -821.08340270465237, -847.90056081596981, -865.66793458207258, -915.53646665249789, -965.17985673619887, -975.3543906570178, -995.87855965040342, -1017.9530675863118, -1062.798369038075, -1102.7630504694994, -1104.8342613783834, -1148.5671190583171, -1158.2327845919845, -1174.7277165697683, -1221.5223510467008, -1231.3402058636254, -1247.8175123160263, -1275.5249112535462, -1285.0433674166784, -1304.0901216360248, -1343.3775392965317, -1351.6197270517059, -1375.2078011798724, -1389.2382200683794, -1397.8310449379949, -1403.8475873229841, -1411.6382324087385, -1426.9452884898399, -1441.2884342403477, -1455.0276496608815, -1467.3306181752596, -1469.3095900839774, -1474.4026243280389, -1484.1900396682493, -1486.6604794433038, -1495.1461562439795, -1500.6194377674742, -1521.4057707410836, -1535.2270134744413, -1539.1183098174204, -1544.7751640669128, -1546.9068121648243, -1557.0640395797559, -1557.8034298886414, -1560.2133595948756, -1567.6429328198149, -1568.927334377734, -1574.2252595047619, -1577.089124810783, -1581.7382354514564, -1582.8730228928057, -1583.1626544683045, -1584.2974419096536]
 -- BestCostElement: [-1584.29744191 -1583.87523681 -1583.16265447 -1583.16041322]
 -- BestRoute: [array([ 0,  8,  6,  5,  4,  7,  9, 10, 11, 17, 16, 13, 15, 14, 18, 21, 22,
       20, 19, 33, 37, 40, 41, 39, 38, 36, 35, 34, 24, 27, 30, 31, 32, 29,
       28, 26, 25, 12,  0])]
 -- Custo: 
 ---------93.9256395226
 ---- Total: 93.9256395226
 -- Premio: 
 ---------196.0
 ---- Total: 196.0
 - Execucao 12
 -- BestCostGenaration: [-134.11145618000168, -239.24959708854544, -308.80294544481296, -329.74201959101606, -435.91587262855421, -505.16811913935709, -562.53651757115597, -580.91648274197314, -634.29329820437601, -674.0663926655584, -774.17445292342245, -807.7304467684778, -868.6560351551575, -889.23041016171169, -934.37299814793255, -973.92908177924164, -976.37782791159225, -992.59467839037416, -1024.6376377854513, -1065.2370263153132, -1069.3654110820044, -1107.5642132013436, -1108.9255282369363, -1142.8253400233723, -1143.4712610206097, -1217.4176468101377, -1225.9397136182811, -1234.931970009462, -1256.6758351177136, -1260.1689816639755, -1297.1961713173032, -1309.2946608966527, -1324.4965119740464, -1349.892058787836, -1379.513817082207, -1387.6536349265571, -1399.0013463321743, -1422.9147617485858, -1431.9070181397669, -1443.5060034811431, -1459.2040317697913, -1475.4581827909542, -1489.4216290810868, -1490.9351613389438, -1496.5782739561332, -1508.9686353400773, -1516.1252802151237, -1516.4445848566986, -1521.6857900165164, -1526.1195896806801, -1526.607829007083, -1531.0300341089389, -1532.6233271521064, -1536.5572929275595, -1537.0455322539624, -1542.7477853079361, -1542.9516520156985, -1543.0307113670469, -1543.2786940668129, -1543.4825607745754]
 -- BestCostElement: [-1543.48256077 -1543.27869407 -1543.04524394 -1543.03071137]
 -- BestRoute: [array([ 0,  9,  7,  4,  5,  6,  8, 11, 10, 24, 27, 30, 31, 32, 29, 28, 26,
       25, 23, 37, 40, 41, 39, 38, 36, 35, 34, 33, 19, 17, 16, 13, 14, 15,
       20, 22, 21, 18, 12,  0])]
 -- Custo: 
 ---------106.629359806
 ---- Total: 106.629359806
 -- Premio: 
 ---------197.0
 ---- Total: 197.0
 - Execucao 13
 -- BestCostGenaration: [-134.11145618000168, -214.0444815305824, -286.50223341762791, -334.60817115428426, -403.6278812633015, -415.93636901982461, -444.07781672735848, -479.20043743711665, -508.43116798881124, -536.81381098404199, -623.28389962564438, -635.44722991783465, -698.99735287995372, -732.59024404480135, -789.35865553829103, -839.67737870495387, -920.75900896954658, -940.61708193633831, -1018.502071030313, -1051.9537133836918, -1079.4856250389735, -1085.9234953767768, -1140.4740251621886, -1161.2984204420163, -1210.4673869254498, -1230.1196434259191, -1258.6946297402812, -1281.3240505808817, -1288.5481055112991, -1320.4650445668426, -1335.8513244642945, -1345.4769400526272, -1361.9688173791369, -1374.7390517802733, -1381.4435661477473, -1405.6252397283636, -1411.7250439071545, -1428.5125777413909, -1461.1802880514165, -1463.5683058313919, -1466.7967069630474, -1480.2627494350018, -1489.884810116514, -1497.1620787590643, -1501.2148472719348, -1510.207103663116, -1520.6668556227069, -1521.4011316049041, -1525.7705681938896, -1529.5916471362541, -1530.1137139443972, -1532.7733639800269, -1539.5916471362541, -1539.6707064876025, -1539.9610837252396, -1544.0138522381101, -1544.7148401038887, -1549.1370452057447, -1550.2598721759864, -1550.5476495657067, -1552.1951607088652, -1554.9698546675627, -1555.41709980971, -1557.2758195577285, -1558.4728278997106]
 -- BestCostElement: [-1558.4728279  -1558.02558276 -1557.7230647  -1557.7230647 ]
 -- BestRoute: [array([ 0,  9,  7,  4,  5,  6, 16, 13, 15, 14, 18, 21, 22, 33, 34, 35, 36,
       38, 39, 41, 40, 37, 30, 27, 31, 32, 29, 28, 26, 25, 23, 24, 12,  8,
       17, 20, 19, 10, 11,  0])]
 -- Custo: 
 ---------102.881793025
 ---- Total: 102.881793025
 -- Premio: 
 ---------197.0
 ---- Total: 197.0
 - Execucao 14
 -- BestCostGenaration: [-134.11145618000168, -225.61001700841854, -304.1780373159047, -407.46378157627083, -416.78814422828464, -443.21242795070856, -478.34451971686588, -551.86393319887679, -581.33857651526114, -659.3425557152168, -677.78209016830908, -721.47149630361605, -760.92040167155585, -781.64687724086912, -824.30398082647957, -872.51945984869167, -936.45972596374691, -993.4893270062629, -998.99163057879355, -1023.3299033098074, -1045.4845990552169, -1073.955136668485, -1081.0768148698266, -1117.8559666402402, -1123.4878882569442, -1195.1587378826011, -1229.5018836331087, -1246.1772851122603, -1266.2777974411135, -1313.3836559736205, -1343.7530925626061, -1354.1814036546375, -1364.2822261142328, -1386.7608361714249, -1393.7977933482921, -1404.1704193073238, -1415.3152998082214, -1417.6740332112577, -1435.0837210484806, -1449.6687084301186, -1466.5602118272475, -1477.385566341723, -1496.5899013236558, -1501.9961954563905, -1509.4187238748391, -1513.9816628826202, -1520.7763589359606, -1524.4448076591675, -1526.3860748013003, -1527.6295658996705, -1531.5342738669449, -1533.3783311924815, -1537.4310997053519, -1538.416610394738, -1541.8533048072077, -1542.9326013611173, -1547.9647609872095]
 -- BestCostElement: [-1547.96476099 -1546.98536987 -1546.77686433 -1546.45880381]
 -- BestRoute: [array([ 0,  9,  7,  4,  5,  6,  8, 10, 12, 11, 19, 17, 16, 13, 15, 14, 18,
       21, 20, 22, 35, 36, 38, 39, 41, 40, 37, 33, 34, 30, 32, 29, 28, 26,
       25, 23, 24, 27, 31,  0])]
 -- Custo: 
 ---------105.508809753
 ---- Total: 105.508809753
 -- Premio: 
 ---------197.0
 ---- Total: 197.0
