 - Execucao 0
 -- BestCostGenaration: [-134.11145618000168, -232.22291236000336, -294.1049428330183, -366.70856541770615, -414.52936023636664, -457.30363225239847, -511.60578865329342, -560.79976405477134, -584.87548330592222, -625.44849016789601, -687.9163309968518, -744.35077827512555, -750.18160143937484, -764.29805495299092, -809.44764225576273, -841.65770279952721, -901.69286325951612, -913.96928086947401, -951.79191287043886, -959.21553276099462, -984.37486171477917, -999.20669493302898, -1007.1843867358746, -1021.2839492247617, -1041.3193812313734, -1044.1208166550327, -1064.0680933328981, -1080.4934357469417, -1081.9959736702385, -1106.2317591995459, -1115.7799097920174, -1130.9470940620199, -1131.7998055556079, -1137.9807406250652, -1141.3130735875809, -1143.0254036821889, -1143.6730508077897, -1158.5981929482446, -1167.8589691433658, -1170.6011957885316, -1172.1813028950967, -1174.5660629107267, -1186.999071633423, -1204.6296350444372, -1207.6853631344381]
 -- BestCostElement: [-1207.68536313 -1204.62963504 -1203.63259462 -1202.74109122]
 -- BestRoute: [array([ 0,  5,  4,  3,  6,  8,  9, 10,  7, 16, 15, 12, 14, 13, 17, 20, 21,
       19, 18, 23, 22, 24, 25, 27, 28, 31, 30, 29, 26, 11,  0])]
 -- Custo: 
 ---------75.5786592164
 ---- Total: 75.5786592164
 -- Premio: 
 ---------151.0
 ---- Total: 151.0
 - Execucao 1
 -- BestCostGenaration: [-134.11145618000168, -235.74201959101609, -279.11192044533368, -336.01561926039068, -436.40633557128314, -487.67529875654174, -549.67529875654168, -565.04417618731281, -612.20724457634401, -651.45744117520508, -695.65533954028342, -738.07227827311158, -751.54621166436118, -821.7194831608557, -849.48001352300707, -883.94935700901567, -927.86874142330885, -937.09238941430385, -954.26010195042204, -965.66054632499674, -971.81735591704069, -990.46587440398616, -1002.810926494772, -1019.8490124846144, -1026.8394598715417, -1044.5498734069001, -1045.6846608482492, -1050.8118387212803, -1059.5958538423508, -1070.2405559370716, -1078.0090532024801, -1079.1585370085927, -1083.4577561969636, -1083.6667965933664, -1086.9127986585554, -1100.6297244986545, -1104.0847669602463, -1105.6600508915712, -1106.8969965679828, -1107.1404950502472, -1116.6886456427187, -1119.5513472345506, -1121.3099092105556, -1122.735073889542, -1124.1255816113503, -1124.2535801763411, -1127.5226576613384, -1136.0992907728723, -1139.9928472443764, -1150.3697174380786, -1156.4687273618579, -1166.0992907728723, -1166.2272893378631]
 -- BestCostElement: [-1166.22728934 -1166.09929077 -1166.09929077 -1164.80212466]
 -- BestRoute: [array([ 0,  5,  4,  3,  6,  8,  7, 18, 19, 21, 20, 17, 13, 14, 12, 15, 16,
       10,  9, 11, 23, 22, 24, 25, 28, 31, 30, 29, 26, 27,  0])]
 -- Custo: 
 ---------85.9431776655
 ---- Total: 85.9431776655
 -- Premio: 
 ---------151.0
 ---- Total: 151.0
 - Execucao 2
 -- BestCostGenaration: [-134.11145618000168, -229.24674477695118, -277.50266495007844, -335.35865783839046, -384.48441123954825, -441.20596575934115, -482.8783518601839, -530.72019952498863, -561.95397244414596, -605.27803205547264, -678.6062742508318, -714.89363841057343, -732.05339559696245, -773.97269653011153, -803.47692056044639, -824.11154005082676, -876.9312756201773, -916.63420396220954, -935.23659878123885, -940.07273293004857, -1008.9689272035315, -1011.3093204310583, -1017.5357499606563, -1043.4101367812129, -1059.8214589308125, -1100.5686246375153, -1118.162007188188, -1121.0388142205531, -1126.162007188188, -1132.6371445939076, -1139.7456411967787, -1140.9831293937091, -1147.7727229767238, -1148.51674741241, -1148.9426814671961, -1151.8626889490549, -1155.0541376471979, -1155.8152188857737, -1168.554092063745, -1169.1444146023962, -1178.7809976025624, -1184.8492533330705, -1185.3011027405992, -1186.1365072025842, -1189.3538712534694, -1198.950006327123, -1201.5511324866145]
 -- BestCostElement: [-1201.55113249 -1198.95000633 -1197.49836397 -1197.05870998]
 -- BestRoute: [array([ 0,  8,  6,  3,  4,  5,  7, 10,  9, 11, 22, 24, 25, 27, 28, 31, 30,
       29, 26, 23, 18, 19, 21, 20, 17, 13, 12, 15, 14, 16,  0])]
 -- Custo: 
 ---------77.1122168783
 ---- Total: 77.1122168783
 -- Premio: 
 ---------151.0
 ---- Total: 151.0
 - Execucao 3
 -- BestCostGenaration: [-134.11145618000168, -226.72467796880795, -323.36409250908412, -349.49967042813807, -377.20739273491063, -441.18919729645432, -463.10072571839692, -524.44285576727179, -556.28737042493219, -614.6946961514036, -634.95593359658869, -682.5046411212636, -726.89776702295194, -758.42582366975444, -790.52559290607451, -838.99028169483154, -886.78321791389885, -900.52226527841185, -924.78635167757113, -957.7569144260483, -967.23484761790496, -981.75691442604818, -990.52226527841185, -998.81264251604898, -1035.0875066547974, -1048.4723942678716, -1057.2760358681755, -1068.8526756879851, -1073.4630944246942, -1075.5745506046958, -1085.5421537760424, -1105.9851612328373, -1111.6907908163857, -1115.9851612328373, -1119.1679331553682, -1122.5715910275653, -1128.9410276165509, -1133.627319117566, -1136.9410276165509, -1144.8957956583497, -1146.4891782090224, -1151.8508711891891, -1156.7951430991882, -1170.83232395953, -1174.047943219264, -1181.0592294983476, -1184.1149575883483]
 -- BestCostElement: [-1184.11495759 -1181.0592295  -1180.80124909 -1180.06218908]
 -- BestRoute: [array([ 0,  5,  4,  3,  6,  8, 11,  9, 10,  7, 16, 15, 12, 14, 13, 17, 20,
       21, 19, 18, 23, 22, 24, 25, 27, 28, 31, 29, 26, 30,  0])]
 -- Custo: 
 ---------81.4712606029
 ---- Total: 81.4712606029
 -- Premio: 
 ---------151.0
 ---- Total: 151.0
 - Execucao 4
 -- BestCostGenaration: [-134.11145618000168, -221.85347577101777, -284.46669755982407, -362.81583474410479, -374.27949326291167, -432.46229160895757, -480.05630741891673, -523.78114937823773, -605.78114937823773, -658.82823430022836, -712.82823430022836, -736.47234198892806, -785.63470237374258, -844.70697284873256, -856.88814924740166, -880.36382709822487, -908.15993795953705, -926.09554561256516, -938.91362954130307, -980.6872319071033, -1004.2317756807306, -1007.690972774315, -1027.4585975885316, -1032.6431811466671, -1053.4356445787107, -1062.5029211907881, -1078.640836256589, -1082.8490453088511, -1097.3945717366878, -1102.3232559941584, -1109.3356972336423, -1110.0747572475279, -1121.7204572492724, -1126.1091846973568, -1134.367165106341, -1138.0503101943114, -1152.1497782100541, -1159.7949305207762, -1169.3430811132475, -1170.1523585277478, -1175.3284922135401, -1181.2080866177487, -1195.5775232067344]
 -- BestCostElement: [-1195.57752321 -1192.52179512 -1192.40909917 -1192.26381471]
 -- BestRoute: [array([ 0,  5,  4,  3,  6,  8, 23, 26, 29, 30, 31, 28, 27, 25, 24, 22, 11,
        9, 10,  7, 15, 12, 14, 13, 17, 20, 21, 19, 16, 18,  0])]
 -- Custo: 
 ---------78.6056191983
 ---- Total: 78.6056191983
 -- Premio: 
 ---------151.0
 ---- Total: 151.0
 - Execucao 5
 -- BestCostGenaration: [-134.11145618000168, -222.11145618000168, -296.14110048567426, -327.28817550630151, -380.55796837053526, -408.06301698497026, -460.22995029498253, -482.22743603426761, -523.76536405589707, -563.3548861546235, -633.40194774584052, -648.47431746193411, -676.835694249261, -778.72690510359894, -796.05020528224054, -838.97564985224938, -853.40755188398089, -855.45328469557899, -910.99841615292053, -921.40309646519484, -935.24597827378807, -955.10777205260001, -970.35151998249478, -985.69883091758402, -1002.7298237571879, -1036.9257155918888, -1042.4007964721513, -1069.8962783403658, -1082.5012108427572, -1086.5825698413812, -1106.1685410058139, -1108.7696671653057, -1122.5352250718188, -1126.761779983729, -1129.6172440002977, -1142.7723507841488, -1144.4895487237445, -1164.310627666109, -1164.4780189902613, -1171.4515210976335, -1177.108375347126, -1187.9702344385821, -1199.8352399430833, -1209.5183850310536, -1214.2046765320688, -1216.8058026915603, -1219.8615307815612]
 -- BestCostElement: [-1219.86153078 -1216.80580269 -1216.54782228 -1214.20467653]
 -- BestRoute: [array([ 0,  7, 10, 16, 15, 12, 14, 13, 17, 20, 21, 19, 18, 23, 26, 29, 30,
       31, 28, 27, 25, 24, 22, 11,  9,  8,  6,  3,  4,  5,  0])]
 -- Custo: 
 ---------72.5346173046
 ---- Total: 72.5346173046
 -- Premio: 
 ---------151.0
 ---- Total: 151.0
 - Execucao 6
 -- BestCostGenaration: [-134.11145618000168, -235.74201959101609, -313.10390883982393, -368.53186109017361, -389.82630436394811, -459.5812362435193, -497.58676808909104, -551.96630375847315, -584.84548911821798, -648.40725655714709, -658.23572942271426, -709.69594539517846, -746.61770193166944, -779.98565980918875, -849.63645952848378, -875.94011335139396, -897.52149535566878, -899.89093194465431, -940.64077924289961, -954.41493047289168, -960.51574942219099, -975.98227161486079, -1019.7563357786587, -1019.8677919586603, -1029.0907048049505, -1064.3613662355867, -1065.4265793256918, -1080.7725208623369, -1085.7203361481911, -1100.7757149148588, -1105.6783173155802, -1111.2963772761755, -1113.8475788200969, -1117.3133782615105, -1126.985456149034, -1135.5274639115034, -1143.1254436579502, -1144.2508498718369, -1144.6405125194128, -1145.0195541913949, -1152.8188943003197, -1154.5973872106676, -1160.3670448927912, -1182.253557204082, -1185.2999882660165, -1187.4929903834068, -1204.8547285543093, -1207.9154044669917]
 -- BestCostElement: [-1207.91540447 -1204.85967638 -1204.85472855 -1203.86263595]
 -- BestRoute: [array([ 0,  5,  4,  3,  6,  8, 11, 23, 26, 29, 30, 31, 28, 27, 25, 24, 22,
        9, 10, 15, 12, 14, 13, 17, 20, 21, 19, 18, 16,  7,  0])]
 -- Custo: 
 ---------75.5211488833
 ---- Total: 75.5211488833
 -- Premio: 
 ---------151.0
 ---- Total: 151.0
 - Execucao 7
 -- BestCostGenaration: [-134.11145618000168, -235.74201959101609, -294.74641520508919, -383.06770352189972, -400.11729861879525, -479.93562643748749, -539.88290311535286, -586.66962985047121, -590.74479826847301, -643.79596661599476, -665.76520255561513, -670.57569250231518, -693.63473856441885, -760.00861377905301, -789.63421534805389, -831.77885770590865, -875.99263574952442, -912.45197652098648, -935.61392418312334, -949.72538036312494, -969.74707400582906, -993.93402972036506, -1010.7593927516089, -1016.9424169190254, -1022.2035546000477, -1032.2957577468471, -1047.7666481167641, -1054.4177745779411, -1096.236655948944, -1098.8658075174972, -1114.1081263669334, -1117.5541938357499, -1119.8062193958131, -1126.5078869432075, -1127.9952701777074, -1139.2517367279575, -1152.783345024033, -1159.8967894495856, -1162.9525175395866, -1163.6192879075211, -1164.9633211604269, -1180.3621950009351, -1180.9175091888683, -1181.0289653688699, -1182.7728056290766, -1183.4395759970114, -1183.8090125859972, -1184.8060530088665, -1187.8617810988674]
 -- BestCostElement: [-1187.8617811  -1187.19501073 -1185.51863535 -1184.85186498]
 -- BestRoute: [array([ 0,  6,  3,  4,  5,  7, 16, 15, 12, 14, 13, 17, 20, 21, 19, 18, 10,
        9,  8, 11, 22, 24, 25, 27, 28, 31, 26, 29, 30, 23,  0])]
 -- Custo: 
 ---------80.5345547253
 ---- Total: 80.5345547253
 -- Premio: 
 ---------151.0
 ---- Total: 151.0
 - Execucao 8
 -- BestCostGenaration: [-134.11145618000168, -221.74201959101609, -316.73667551111464, -350.8716700066135, -428.2554618637206, -445.40230234120196, -470.11488468069518, -533.69384283457669, -594.65999449174615, -615.7264898364873, -671.6600451675348, -703.54391842274708, -705.39482600354302, -793.18809874788803, -809.55756338395645, -824.48641756545999, -854.56509458450262, -873.24377897079262, -927.65014908690205, -949.79263494633437, -962.31393603559604, -986.16440896632685, -991.90790433464531, -1017.5537753404474, -1032.4188902780543, -1054.5123295069106, -1059.2934747313852, -1073.1656399573876, -1080.6082432251196, -1106.3657500337733, -1108.0118559065806, -1109.518783193847, -1120.2648884928831, -1134.0969718934623, -1138.5893943959329, -1144.8041409575389, -1149.2962379712772, -1153.1519090419956, -1155.3228794366628, -1160.979733686155, -1162.3381245956305, -1171.886275188102, -1177.5431294375944, -1178.3524068520946, -1183.8038623695591, -1185.1472151742164, -1199.0912800300657, -1202.1470081200666, -1203.7775715310811]
 -- BestCostElement: [-1203.77757153 -1203.02487335 -1202.14700812 -1201.39430994]
 -- BestRoute: [array([ 0,  5,  4,  3,  6,  8,  9, 10, 11, 23, 26, 29, 30, 31, 28, 27, 25,
       24, 22, 19, 21, 20, 17, 13, 14, 12, 15, 16, 18,  7,  0])]
 -- Custo: 
 ---------76.5556071172
 ---- Total: 76.5556071172
 -- Premio: 
 ---------151.0
 ---- Total: 151.0
 - Execucao 9
 -- BestCostGenaration: [-134.11145618000168, -223.86281887735171, -294.1049428330183, -350.07050173154482, -407.22149424346583, -473.91587262855421, -493.27834562280259, -556.8138217153803, -620.49681393974311, -661.15486662513524, -707.84461058745501, -794.55590208274884, -814.10060679082062, -897.35958955393835, -902.87017667708483, -911.42232024885061, -931.0858577014327, -948.80769490074954, -973.52027724024288, -981.48555767179869, -993.41124214700994, -1023.7806787359955, -1032.476492104493, -1047.8514752947419, -1060.6802978459252, -1065.8390899681535, -1076.836195131254, -1077.1899793274799, -1088.7304294856958, -1093.9917200987179, -1105.4992975962473, -1108.7570709510815, -1117.7425816404675, -1120.9386463684675, -1124.2754790746501, -1124.9062495398143, -1125.3608514703235, -1129.5370191174466, -1131.061881711727, -1135.6484752974482, -1141.5955429935846]
 -- BestCostElement: [-1141.59554299 -1141.14094106 -1140.5101706  -1140.05556867]
 -- BestRoute: [array([ 0,  8,  6,  3,  4,  5,  7, 16, 15, 12, 14, 13, 17, 20, 21, 19, 18,
       10,  9, 11, 23, 29, 26, 22, 24, 25, 28, 27, 30,  0])]
 -- Custo: 
 ---------84.6011142516
 ---- Total: 84.6011142516
 -- Premio: 
 ---------148.0
 ---- Total: 148.0
 - Execucao 10
 -- BestCostGenaration: [-134.11145618000168, -230.22291236000336, -278.9299071651954, -344.94546274368457, -387.32838711563977, -437.81202216999935, -474.65661471513181, -498.03163199483896, -538.32299082415216, -587.52076063988875, -665.01589803969796, -665.63135691773323, -779.08569850221897, -804.20388252962641, -830.50954667903352, -864.87985107725194, -886.11377003286759, -919.23939374739507, -936.99200905930456, -958.98259394005163, -1002.3823001998337, -1002.9150004345743, -1022.1055945800965, -1034.7258567106778, -1042.0832856844543, -1049.1351602715968, -1071.6646836567156, -1075.0721819510914, -1092.7852450589608, -1097.0721819510914, -1100.901276288922, -1113.4899179457734, -1118.5767660966762, -1121.2377745008648, -1130.6281841480359, -1137.746638274718, -1142.3959816574538, -1148.5629597608386, -1152.9851648626943, -1153.8999181368858, -1155.4389759403296, -1160.9851648626945, -1164.1781997452083, -1165.8358448475749, -1169.700850352076, -1176.7038099292065, -1192.0702869410616, -1192.5565653322285]
 -- BestCostElement: [-1192.55656533 -1192.07028694 -1192.07028694 -1190.41264184]
 -- BestRoute: [array([ 0,  6,  3,  4,  5, 15, 12, 14, 13, 17, 20, 21, 19, 18, 16,  7, 10,
       11, 22, 24, 25, 27, 28, 31, 30, 29, 26, 23,  9,  8,  0])]
 -- Custo: 
 ---------79.3608586669
 ---- Total: 79.3608586669
 -- Premio: 
 ---------151.0
 ---- Total: 151.0
 - Execucao 11
 -- BestCostGenaration: [-134.11145618000168, -239.24959708854544, -286.60928884290666, -330.79564810116841, -379.3791479150492, -411.74812558119146, -475.73376672894091, -525.72245522660069, -539.13394087328606, -608.68403508074721, -649.40781104209793, -689.3012250323261, -710.4824253894476, -745.5381534794484, -768.08651112606958, -818.62261887791078, -840.41148246617763, -903.14335003529561, -916.36173858527843, -920.53700055439958, -976.76515706136911, -985.54831763462494, -1009.4523904827622, -1031.9940482646014, -1046.183060554647, -1070.056155278136, -1085.8596775525523, -1088.1363567969581, -1106.5869126445355, -1109.4919073566612, -1119.3172944986807, -1120.0313656791902, -1130.9576063631839, -1134.2038499845348, -1141.5330457011573, -1150.3653221544259, -1157.6945178710484, -1160.531395683998, -1163.2021999673755, -1170.9536007858537, -1175.0181276520248, -1176.8401130971445, -1177.3524314517988, -1177.4771105570067, -1190.8303646436557, -1197.1880428793406, -1197.6054639495082, -1201.2525697455117]
 -- BestCostElement: [-1201.25256975 -1197.60546395 -1197.18804288 -1196.85110355]
 -- BestRoute: [array([ 0,  5,  4,  3,  6,  8, 22, 24, 25, 27, 28, 31, 30, 29, 26, 23, 19,
       21, 20, 17, 13, 14, 12, 15, 16, 18,  7, 10, 11,  9,  0])]
 -- Custo: 
 ---------77.1868575636
 ---- Total: 77.1868575636
 -- Premio: 
 ---------151.0
 ---- Total: 151.0
 - Execucao 12
 -- BestCostGenaration: [-134.11145618000168, -225.70413510970343, -324.80686558013946, -372.50720505522804, -415.59898778425804, -448.16673721313839, -487.71556336438653, -560.66705367519705, -583.93373688343718, -600.07447994898666, -646.85837582944737, -681.56200875315085, -698.02671038932681, -744.17141451376517, -826.17141451376517, -836.55865943926892, -891.64051457675441, -903.1480920742838, -925.80809273682121, -942.70667839014527, -965.25777250352758, -1005.0374589795365, -1007.9004727251545, -1014.6572317280662, -1038.7080073470593, -1070.5610044025698, -1076.0365323959838, -1084.1464104273359, -1101.4033497805372, -1109.8662145036483, -1111.4217764823595, -1116.4935062078989, -1120.969927074831, -1128.5002337241572, -1129.0153883264989, -1134.8255981455495, -1138.8290972182008, -1146.4256077775897, -1150.7776936420612, -1154.1688081172288, -1160.8696703131427, -1164.3180848691918]
 -- BestCostElement: [-1164.31808487 -1164.0627052  -1161.00437637 -1160.86967031]
 -- BestRoute: [array([ 0,  4,  5, 15, 12, 14, 13, 17, 20, 21, 19, 18, 16, 10,  9, 22, 24,
       25, 27, 28, 30, 29, 26, 23, 11,  8,  6,  3,  7,  0])]
 -- Custo: 
 ---------78.9204787827
 ---- Total: 78.9204787827
 -- Premio: 
 ---------148.0
 ---- Total: 148.0
 - Execucao 13
 -- BestCostGenaration: [-134.11145618000168, -230.22291236000336, -276.72443276555072, -346.25841405695667, -359.77966133739369, -417.02528292143097, -468.534852115543, -512.86459803156345, -532.07216067523541, -593.17971057003911, -647.08410279255281, -680.31160968300014, -702.45607124573667, -752.55935734777847, -776.40983541578953, -806.18985698177153, -872.50708006508933, -879.88643280312897, -912.13503741410227, -938.89847478363686, -969.52745730165702, -989.06327455096493, -998.49350590128074, -1031.3056872678826, -1033.2585885502033, -1046.7261056408033, -1062.1580481345632, -1078.9278282148773, -1083.2330433738639, -1089.4640520224623, -1098.8407169714862, -1106.0903140600317, -1121.1988106629028, -1123.4263448388576, -1133.8485499407136, -1140.8596857841328, -1142.9448511256567, -1151.3464177521598, -1157.197141000197, -1172.7922209064991, -1177.3675618471534, -1182.4227843175133, -1191.7369984361389, -1194.6647279611489]
 -- BestCostElement: [-1194.66472796 -1191.73699844 -1191.60899987 -1189.72045605]
 -- BestRoute: [array([ 0,  7,  5,  4,  3,  6,  8, 11,  9, 10, 18, 16, 15, 12, 14, 13, 17,
       20, 21, 19, 22, 24, 25, 27, 28, 31, 30, 29, 26, 23,  0])]
 -- Custo: 
 ---------78.8338180097
 ---- Total: 78.8338180097
 -- Premio: 
 ---------151.0
 ---- Total: 151.0
 - Execucao 14
 -- BestCostGenaration: [-134.11145618000168, -230.22291236000336, -285.78698467044285, -358.8716700066135, -381.91333746302251, -442.01706932630566, -488.22850393227799, -528.55427989004158, -580.07438942633712, -600.16993180180907, -629.85982848064327, -663.96099881657619, -698.42661353042604, -728.92199129250594, -773.7880974214379, -817.55656414628334, -824.20902753625342, -878.35929386594785, -904.72865681637893, -907.32358520392927, -959.9791745575119, -1014.841469914657, -1028.5885181169622, -1048.9673239922308, -1063.0558261729841, -1078.7963347203772, -1081.6958892153657, -1086.7113783605823, -1093.7646227443774, -1108.8218798967168, -1109.9613638872231, -1116.4208050935758, -1127.6709866495858, -1132.9219525217791, -1142.3571199153121, -1144.8791867234552, -1148.2572582090247, -1152.1458020290231, -1152.2092738164361, -1155.0563154500128, -1163.0563154500128, -1167.4785205518688, -1173.1353748013612, -1178.0796467113603, -1179.4677169310285, -1192.1168275717018, -1192.7131696995052, -1202.3437331105197, -1204.5079578033915, -1210.1648120528839]
 -- BestCostElement: [-1210.16481205 -1209.05794614 -1208.7639242  -1206.11204354]
 -- BestRoute: [array([ 0,  6,  3,  4,  5,  7,  9, 10, 16, 15, 12, 14, 13, 17, 20, 21, 19,
       18, 22, 24, 25, 27, 28, 31, 30, 29, 26, 23, 11,  8,  0])]
 -- Custo: 
 ---------74.9587969868
 ---- Total: 74.9587969868
 -- Premio: 
 ---------151.0
 ---- Total: 151.0
