 - Execucao 0
 -- BestCostGenaration: [-134.11145618000168, -235.74201959101609, -285.74201959101606, -334.9916166795615, -369.25510302203884, -436.41622251215381, -447.50405535740305, -507.0841318284331, -555.53852401631138, -583.0891622355291, -623.29022177738307, -649.33441496677142, -685.45915741795261, -704.22450827031616, -713.91299389423023, -733.27055123101627, -735.52527398097129, -745.24646873485744, -759.93583919967091, -772.43430571993008, -783.66767045556787, -785.76436553057499, -793.73788785618262, -804.62622462203126, -809.36509780000233]
 -- BestCostElement: [-809.3650978  -808.57345611 -806.34655057 -804.71598716]
 -- BestRoute: [array([ 0,  6,  4,  3,  2,  5,  7, 11, 13, 14, 16, 17,  1, 20, 19, 18, 15,
       12,  8,  9, 10,  0])]
 -- Custo: 
 ---------52.65872555
 ---- Total: 52.65872555
 -- Premio: 
 ---------102.0
 ---- Total: 102.0
 - Execucao 1
 -- BestCostGenaration: [-134.11145618000168, -232.11145618000168, -285.74201959101606, -325.56110038064168, -358.51182908313433, -414.723927206285, -446.18268220893805, -545.58783860994879, -572.93872796927531, -604.94616408905358, -646.74902305332444, -698.07638901855307, -716.54877566760445, -748.54877566760445, -752.97098076946043, -759.29773450742971, -770.64109723080776, -798.21200013315638, -805.04756838613457, -810.78348198697529, -813.50084835815687, -818.14995899883047]
 -- BestCostElement: [-818.149959   -817.35831731 -815.13141177 -814.8362505 ]
 -- BestRoute: [array([ 0,  5,  2,  3,  4,  6,  9,  8, 10, 11, 13, 14, 16, 17,  1, 20, 19,
       18, 15, 12,  7,  0])]
 -- Custo: 
 ---------50.4625102503
 ---- Total: 50.4625102503
 -- Premio: 
 ---------102.0
 ---- Total: 102.0
 - Execucao 2
 -- BestCostGenaration: [-134.11145618000168, -232.11145618000168, -297.77166389668866, -356.62218009057591, -380.62218009057591, -424.54192785771704, -461.51872766957405, -506.42663909173075, -544.92675869928189, -581.86568775136845, -607.14635971008033, -658.76568247232342, -694.80827304210572, -710.98217899260203, -714.12574364445379, -735.32812419333027, -741.94396334691021, -751.53023210891467, -770.30143946478825, -782.86873823113251, -791.91641522327393, -807.97324165518955, -814.95249071153569, -822.73638879355838]
 -- BestCostElement: [-822.73638879 -822.47840838 -821.9447471  -819.42268029]
 -- BestRoute: [array([ 0,  4,  3,  2,  5,  7, 13, 14, 16, 17,  1, 20, 19, 18, 15, 12, 11,
       10,  8,  9,  6,  0])]
 -- Custo: 
 ---------49.3159028016
 ---- Total: 49.3159028016
 -- Premio: 
 ---------102.0
 ---- Total: 102.0
 - Execucao 3
 -- BestCostGenaration: [-134.11145618000168, -226.72467796880795, -297.85347577101777, -344.24097882128638, -355.76119961418271, -417.64693705564667, -478.17320452703268, -529.54319879707555, -545.30328484937468, -595.73439525033302, -641.80623297152636, -656.50801169017939, -676.86196106152727, -700.14672740896469, -700.71947520209483, -727.40576670311009, -735.09162965239284, -748.5769893426625, -751.92787870198902, -758.24459196884004, -767.86169457255426, -771.84258017349555, -776.42890748095965, -779.92163952484395, -795.35446577435334, -795.88812705621092, -799.76568041945461, -801.62772839969398, -804.67976874705255, -807.58675936181908]
 -- BestCostElement: [-807.58675936 -805.9447471  -804.93774916 -804.67976875]
 -- BestRoute: [array([ 0,  3,  4,  6,  2,  5,  7, 11, 13, 14, 16, 17, 20, 19, 18, 15,  1,
       12, 10,  8,  9,  0])]
 -- Custo: 
 ---------53.1033101595
 ---- Total: 53.1033101595
 -- Premio: 
 ---------102.0
 ---- Total: 102.0
 - Execucao 4
 -- BestCostGenaration: [-134.11145618000168, -232.11145618000168, -283.24959708854544, -334.14110048567426, -358.72169501238199, -393.18710056373152, -440.39997843292178, -478.62783868992216, -532.57165714826544, -552.00473326529425, -577.45267368383929, -643.14373248081836, -658.56889715980481, -692.55361494344811, -722.52258526401738, -732.45727049534867, -742.00542108782008, -778.23986318130687, -779.93795621018626, -803.15234934921966, -815.03155006288398, -815.64477185169039]
 -- BestCostElement: [-815.64477185 -815.03155006 -811.59200334 -811.59200334]
 -- BestRoute: [array([ 0,  7,  5,  2,  3,  4,  6,  9,  8, 12, 15, 18, 19, 20, 17, 16, 14,
        1, 13, 11, 10,  0])]
 -- Custo: 
 ---------51.0888070371
 ---- Total: 51.0888070371
 -- Premio: 
 ---------102.0
 ---- Total: 102.0
 - Execucao 5
 -- BestCostGenaration: [-134.11145618000168, -223.86281887735171, -285.77166389668866, -317.16718427000251, -360.54409914290409, -386.54531289266981, -418.58541452789541, -467.69629194966342, -514.23425364962986, -558.99759367343518, -597.96476483358924, -666.3940161925517, -671.03672789434995, -682.10470587563509, -736.27563148298384, -743.54691514462604, -760.54097786824343, -767.80421251287396, -785.85948132630222, -798.37755495563124, -800.79976005748722, -808.30929922512314, -813.56511090985077, -816.32567773052597, -817.95624114154043, -820.97478837119945]
 -- BestCostElement: [-820.97478837 -817.95624114 -816.32567773 -816.23591519]
 -- BestRoute: [array([ 0,  4,  6,  8,  9, 11, 13, 14, 16, 17,  1, 20, 19, 18, 15, 12, 10,
        7,  5,  2,  3,  0])]
 -- Custo: 
 ---------49.7563029072
 ---- Total: 49.7563029072
 -- Premio: 
 ---------102.0
 ---- Total: 102.0
 - Execucao 6
 -- BestCostGenaration: [-134.11145618000168, -232.11145618000168, -277.48403918203218, -319.4059582343603, -399.09103100423073, -425.59642725525845, -481.18857556569407, -501.85647861130479, -561.66966000919433, -578.98741194061563, -623.49948219731084, -647.76784224684889, -672.33109341952149, -713.40788223608001, -737.20715072018481, -751.25426124546561, -771.79122559579423, -797.91826942832449, -802.22875412429471, -808.73549750579332, -810.78348198697529, -815.79201644866839, -819.84478496153861, -821.54308589036509, -822.86333219119774]
 -- BestCostElement: [-822.86333219 -821.54308589 -819.84478496 -818.21422155]
 -- BestRoute: [array([ 0,  6,  4,  3,  2,  5,  7, 11, 13, 14, 16, 17,  1, 20, 19, 18, 15,
       12, 10,  9,  8,  0])]
 -- Custo: 
 ---------49.2841669522
 ---- Total: 49.2841669522
 -- Premio: 
 ---------102.0
 ---- Total: 102.0
 - Execucao 7
 -- BestCostGenaration: [-134.11145618000168, -232.11145618000168, -274.22880860754776, -318.62218009057591, -375.51506886146285, -384.14239249414874, -441.46395421368265, -505.86288601426872, -519.52682324157013, -563.4573977166466, -650.65417460737865, -657.74906696275843, -697.53886129232546, -706.70371240304257, -721.94854079587799, -725.8129549162486, -753.88513245316062, -759.85536297905878, -766.26999290368167, -781.42663777872804, -791.3630656450174, -806.90051305153952, -808.48236586872883, -813.72179904805353, -821.26994964052506, -824.28849687018419]
 -- BestCostElement: [-824.28849687 -823.49685518 -821.26994964 -820.97478837]
 -- BestRoute: [array([ 0,  3,  2,  5,  7, 11, 13, 14, 16, 17,  1, 20, 19, 18, 15, 12, 10,
        8,  9,  6,  4,  0])]
 -- Custo: 
 ---------48.9278757825
 ---- Total: 48.9278757825
 -- Premio: 
 ---------102.0
 ---- Total: 102.0
 - Execucao 8
 -- BestCostGenaration: [-134.11145618000168, -210.22291236000336, -283.85347577101777, -322.63481499661935, -360.98876436796724, -402.73949835727149, -468.69284080631655, -524.47207181853526, -537.42002765323468, -602.73608869576742, -630.599992430302, -637.67206907013008, -676.59999243030211, -710.4467692148587, -733.11485842598074, -737.1514328264808, -760.99387937333802, -776.56309654663255, -784.3841754889969, -798.88138202315599, -801.55218630653349, -810.52550157799146, -815.22117430646904, -822.63085176781772]
 -- BestCostElement: [-822.63085177 -819.61230454 -817.98174113 -817.89197859]
 -- BestRoute: [array([ 0,  4,  6,  9,  8, 10, 11, 13, 14, 16, 17,  1, 20, 19, 18, 15, 12,
        7,  5,  2,  3,  0])]
 -- Custo: 
 ---------49.342287058
 ---- Total: 49.342287058
 -- Premio: 
 ---------102.0
 ---- Total: 102.0
 - Execucao 9
 -- BestCostGenaration: [-134.11145618000168, -226.72467796880795, -287.61903367753104, -325.61903367753104, -348.7630456294296, -393.02586205300264, -456.29905051543915, -472.08271448849018, -522.37623940298022, -564.5649285030421, -591.91581786236861, -618.78351999164283, -653.82099250005956, -703.586235455576, -709.9933121962049, -725.81490638734977, -730.37886035169572, -754.88074231153632, -759.8648858516998, -766.94441432688882, -774.30385891939272, -784.0060321743872, -786.94991039384217, -791.57316200771027, -793.24692586821834, -798.98283946905894, -809.58671815153139, -811.03555165599221, -811.12088078850911, -815.97599417817037, -822.96825056935154]
 -- BestCostElement: [-822.96825057 -818.91548206 -817.864538   -815.97599418]
 -- BestRoute: [array([ 0,  3,  2,  5,  7, 14, 16, 17, 20, 19, 18, 15,  1, 13, 11, 12, 10,
        8,  9,  6,  4,  0])]
 -- Custo: 
 ---------49.2579373577
 ---- Total: 49.2579373577
 -- Premio: 
 ---------102.0
 ---- Total: 102.0
 - Execucao 10
 -- BestCostGenaration: [-134.11145618000168, -239.24959708854544, -285.77166389668866, -315.24959708854544, -357.649743434181, -395.29348948983164, -422.20871650456269, -473.1582844787946, -516.73182512916378, -546.73132063939295, -594.48775149090841, -628.62274598640727, -656.46774580408464, -673.66924192228566, -701.93065008500866, -713.97979593378693, -735.3119142249152, -761.32740144255297, -768.64307161164436, -781.51094752714641, -788.36146372103372, -789.88516814782042, -801.35831730798884, -803.99662432782213, -811.81770327018648, -815.38679144270645]
 -- BestCostElement: [-815.38679144 -812.74848442 -811.97582197 -811.81770327]
 -- BestRoute: [array([ 0,  7,  5,  2,  3,  4,  6,  9, 10, 11, 13,  1, 14, 16, 17, 20, 19,
       18, 15, 12,  8,  0])]
 -- Custo: 
 ---------51.1533021393
 ---- Total: 51.1533021393
 -- Premio: 
 ---------102.0
 ---- Total: 102.0
 - Execucao 11
 -- BestCostGenaration: [-134.11145618000168, -232.11145618000168, -298.37554257916099, -333.78129107089035, -383.6025797558857, -408.79774768101692, -443.35811222358893, -499.72947030386359, -535.44331885851943, -568.32716348865642, -608.63400335035089, -633.77802625145091, -673.07112421848854, -680.8676404275493, -708.37779801652118, -744.32587804705872, -759.24977827284079, -773.6429400132381, -781.15633181084297, -788.80596648255346, -791.82451371221259, -792.27911564272188, -799.64559265457694, -801.87738210672478, -805.53688988508793, -806.58651198491339, -808.3573541911835, -811.03886166051041]
 -- BestCostElement: [-811.03886166 -810.55258327 -809.16929708 -809.12741859]
 -- BestRoute: [array([ 0,  5,  7, 10, 12,  1, 15, 18, 19, 20, 17, 16, 14, 13, 11,  8,  9,
        6,  4,  2,  3,  0])]
 -- Custo: 
 ---------52.2402845849
 ---- Total: 52.2402845849
 -- Premio: 
 ---------102.0
 ---- Total: 102.0
 - Execucao 12
 -- BestCostGenaration: [-134.11145618000168, -235.74201959101609, -282.12952264128467, -351.77166389668866, -367.7481255811914, -411.12712740448399, -467.09166918204102, -482.10682417709972, -529.09433685934846, -558.7868684017044, -602.63018026350153, -631.58256738836462, -642.67795365505981, -677.33433324602333, -708.13135459743694, -728.21617298302237, -736.32762916302408, -767.8792970136833, -780.98213501720829, -781.32004934519841, -788.60439713834649, -792.26401258337103, -806.55796889152316, -809.2584556017016, -817.8716773905079, -821.92444590337823, -825.87167739050778]
 -- BestCostElement: [-825.87167739 -821.9244459  -821.81890888 -821.3016261 ]
 -- BestRoute: [array([ 0,  4,  3,  2,  5,  7, 10, 11, 13, 14, 16, 17, 20, 19, 18, 15,  1,
       12,  8,  9,  6,  0])]
 -- Custo: 
 ---------48.5320806524
 ---- Total: 48.5320806524
 -- Premio: 
 ---------102.0
 ---- Total: 102.0
 - Execucao 13
 -- BestCostGenaration: [-134.11145618000168, -221.24674477695118, -315.31981448916014, -322.11145618000171, -358.43385671266816, -417.08682883447659, -453.52391713701047, -492.6067177317662, -503.10781170051587, -554.25239287468276, -590.3034038306713, -611.33315125710874, -661.34933818785453, -675.98286117599935, -693.75970679260547, -705.98450503568984, -722.50497317487827, -735.55568449165276, -738.78591560052109, -744.38850022165025, -766.059109359084, -768.07798404133393, -776.70154950566791, -792.15811604720875, -799.79201644866828, -803.84478496153872, -804.15548869265717, -806.42326283445891, -809.22101051547577, -820.53471901446051, -823.98313357050961]
 -- BestCostElement: [-823.98313357 -821.3016261  -820.53471901 -819.93036506]
 -- BestRoute: [array([ 0,  4,  3,  2,  5,  7, 10, 12,  1, 15, 18, 19, 20, 17, 16, 14, 13,
       11,  8,  9,  6,  0])]
 -- Custo: 
 ---------49.0042166074
 ---- Total: 49.0042166074
 -- Premio: 
 ---------102.0
 ---- Total: 102.0
 - Execucao 14
 -- BestCostGenaration: [-134.11145618000168, -229.24674477695118, -289.24959708854544, -331.61903367753104, -367.58193921821282, -394.11274818847619, -452.53773194144833, -506.0820153225701, -561.37111674287689, -609.3748041760407, -633.6675294206392, -648.00832716418552, -662.70822340088512, -709.91961603467666, -713.19114427745239, -727.02469443012228, -737.59953933580482, -760.04581377017757, -762.33975915094402, -762.45599936263409, -771.57952666806557, -782.34656959297013, -788.91900678043362, -795.20551237045242, -796.04443409062515, -797.46720063606153, -804.83607578146677, -805.9737802265671]
 -- BestCostElement: [-805.97378023 -804.83607578 -803.70600608 -803.0980246 ]
 -- BestRoute: [array([ 0,  7, 10, 13, 14, 16, 17, 20, 19, 18, 15,  1, 12, 11,  5,  2,  3,
        4,  6,  9,  8,  0])]
 -- Custo: 
 ---------53.5065549434
 ---- Total: 53.5065549434
 -- Premio: 
 ---------102.0
 ---- Total: 102.0
