 - Execucao 0
 -- BestRoute: [[ 0  9  7  4  5  6  8 11 10 12 19 17 16 13 15 14 18 21 22 20 33 35 36 38
  39 41 40 37 34 24 23 25 26 28 29 32 30 27 31  0]]
 -- Custo: 
 ---------102.23362518
 ---- Total: 102.23362518
 -- Premio: 
 ---------197.0
 ---- Total: 197.0
 - Execucao 1
 -- BestRoute: [[ 0 10  8  6  5  4  7  9 12 11 17 16 13 15 14 18 21 22 20 19 33 34 35 36
  38 39 41 40 37 30 32 29 28 26 25 23 24 27 31  0]]
 -- Custo: 
 ---------103.700927096
 ---- Total: 103.700927096
 -- Premio: 
 ---------197.0
 ---- Total: 197.0
 - Execucao 2
 -- BestRoute: [[ 0  7  4  5  6 11 10  9 12 24 23 25 26 28 29 32 31 27 30 37 40 41 39 38
  36 35 34 33 19 20 22 21 18 14 15 13 16 17  8  0]]
 -- Custo: 
 ---------93.4152534687
 ---- Total: 93.4152534687
 -- Premio: 
 ---------197.0
 ---- Total: 197.0
 - Execucao 3
 -- BestRoute: [[ 0  9  7  4  5  6  8 12 10 11 17 13 15 14 18 21 16 19 20 22 33 35 36 38
  39 41 40 37 34 24 23 25 26 28 29 32 30 31 27  0]]
 -- Custo: 
 ---------105.709605577
 ---- Total: 105.709605577
 -- Premio: 
 ---------197.0
 ---- Total: 197.0
 - Execucao 4
 -- BestRoute: [[ 0  9  7  4  5  6  8 10 11 17 16 13 15 14 18 21 22 20 19 33 34 37 35 36
  38 39 41 40 30 32 29 28 26 25 23 24 27 31 12  0]]
 -- Custo: 
 ---------99.7833817427
 ---- Total: 99.7833817427
 -- Premio: 
 ---------197.0
 ---- Total: 197.0
 - Execucao 5
 -- BestRoute: [[ 0  9  7  4  5  6  8 10 11 19 17 16 13 15 14 18 21 22 20 33 37 40 41 39
  38 36 35 34 24 23 25 26 28 29 32 27 30 31 12  0]]
 -- Custo: 
 ---------99.4222204739
 ---- Total: 99.4222204739
 -- Premio: 
 ---------197.0
 ---- Total: 197.0
 - Execucao 6
 -- BestRoute: [[ 0  6  5  4  7  9 12 24 23 25 26 28 29 32 31 27 30 37 34 33 21 18 14 15
  13 16 17  8 10 11 19 20 22 35 36 38 41 39 40  0]]
 -- Custo: 
 ---------109.785090572
 ---- Total: 109.785090572
 -- Premio: 
 ---------197.0
 ---- Total: 197.0
 - Execucao 7
 -- BestRoute: [[ 0  6  5  4  7  9 12 11 10  8 19 17 16 13 15 14 18 21 20 22 33 35 36 38
  39 41 40 37 34 30 31 32 27 24 23 25 26 28 29  0]]
 -- Custo: 
 ---------101.645280101
 ---- Total: 101.645280101
 -- Premio: 
 ---------197.0
 ---- Total: 197.0
 - Execucao 8
 -- BestRoute: [[ 0  6  5  4  7  9 24 23 25 26 28 29 32 31 27 30 37 40 41 39 38 36 35 34
  33 22 20 21 18 14 15 13 16 17 19  8 11 10 12  0]]
 -- Custo: 
 ---------94.170687673
 ---- Total: 94.170687673
 -- Premio: 
 ---------197.0
 ---- Total: 197.0
 - Execucao 9
 -- BestRoute: [[ 0  6  5  4  7  9 10  8 11 12 26 28 29 25 23 24 19 17 16 13 15 14 18 21
  22 20 33 34 37 35 36 38 39 41 40 30 32 31 27  0]]
 -- Custo: 
 ---------107.286143984
 ---- Total: 107.286143984
 -- Premio: 
 ---------197.0
 ---- Total: 197.0
 - Execucao 10
 -- BestRoute: [[ 0  6  5  4  7  9 12 10 11  8 17 16 13 15 14 18 21 22 20 19 35 36 38 39
  41 40 37 33 34 30 31 32 27 24 23 25 29 28 26  0]]
 -- Custo: 
 ---------102.067101349
 ---- Total: 102.067101349
 -- Premio: 
 ---------197.0
 ---- Total: 197.0
 - Execucao 11
 -- BestRoute: [[ 0  8  6  5  4  7  9 10 11 17 16 13 15 14 18 21 22 20 19 33 37 40 41 39
  38 36 35 34 24 27 30 31 32 29 28 26 25 12  0]]
 -- Custo: 
 ---------93.9256395226
 ---- Total: 93.9256395226
 -- Premio: 
 ---------196.0
 ---- Total: 196.0
 - Execucao 12
 -- BestRoute: [[ 0  9  7  4  5  6  8 11 10 24 27 30 31 32 29 28 26 25 23 37 40 41 39 38
  36 35 34 33 19 17 16 13 14 15 20 22 21 18 12  0]]
 -- Custo: 
 ---------106.629359806
 ---- Total: 106.629359806
 -- Premio: 
 ---------197.0
 ---- Total: 197.0
 - Execucao 13
 -- BestRoute: [[ 0  9  7  4  5  6 16 13 15 14 18 21 22 33 34 35 36 38 39 41 40 37 30 27
  31 32 29 28 26 25 23 24 12  8 17 20 19 10 11  0]]
 -- Custo: 
 ---------102.881793025
 ---- Total: 102.881793025
 -- Premio: 
 ---------197.0
 ---- Total: 197.0
 - Execucao 14
 -- BestRoute: [[ 0  9  7  4  5  6  8 10 12 11 19 17 16 13 15 14 18 21 20 22 35 36 38 39
  41 40 37 33 34 30 32 29 28 26 25 23 24 27 31  0]]
 -- Custo: 
 ---------105.508809753
 ---- Total: 105.508809753
 -- Premio: 
 ---------197.0
 ---- Total: 197.0
