 - Execucao 0
 -- BestRoute: [[ 0  5  4  3  6  8  9 10  7 16 15 12 14 13 17 20 21 19 18 23 22 24 25 27
  28 31 30 29 26 11  0]]
 -- Custo: 
 ---------75.5786592164
 ---- Total: 75.5786592164
 -- Premio: 
 ---------151.0
 ---- Total: 151.0
 - Execucao 1
 -- BestRoute: [[ 0  5  4  3  6  8  7 18 19 21 20 17 13 14 12 15 16 10  9 11 23 22 24 25
  28 31 30 29 26 27  0]]
 -- Custo: 
 ---------85.9431776655
 ---- Total: 85.9431776655
 -- Premio: 
 ---------151.0
 ---- Total: 151.0
 - Execucao 2
 -- BestRoute: [[ 0  8  6  3  4  5  7 10  9 11 22 24 25 27 28 31 30 29 26 23 18 19 21 20
  17 13 12 15 14 16  0]]
 -- Custo: 
 ---------77.1122168783
 ---- Total: 77.1122168783
 -- Premio: 
 ---------151.0
 ---- Total: 151.0
 - Execucao 3
 -- BestRoute: [[ 0  5  4  3  6  8 11  9 10  7 16 15 12 14 13 17 20 21 19 18 23 22 24 25
  27 28 31 29 26 30  0]]
 -- Custo: 
 ---------81.4712606029
 ---- Total: 81.4712606029
 -- Premio: 
 ---------151.0
 ---- Total: 151.0
 - Execucao 4
 -- BestRoute: [[ 0  5  4  3  6  8 23 26 29 30 31 28 27 25 24 22 11  9 10  7 15 12 14 13
  17 20 21 19 16 18  0]]
 -- Custo: 
 ---------78.6056191983
 ---- Total: 78.6056191983
 -- Premio: 
 ---------151.0
 ---- Total: 151.0
 - Execucao 5
 -- BestRoute: [[ 0  7 10 16 15 12 14 13 17 20 21 19 18 23 26 29 30 31 28 27 25 24 22 11
   9  8  6  3  4  5  0]]
 -- Custo: 
 ---------72.5346173046
 ---- Total: 72.5346173046
 -- Premio: 
 ---------151.0
 ---- Total: 151.0
 - Execucao 6
 -- BestRoute: [[ 0  5  4  3  6  8 11 23 26 29 30 31 28 27 25 24 22  9 10 15 12 14 13 17
  20 21 19 18 16  7  0]]
 -- Custo: 
 ---------75.5211488833
 ---- Total: 75.5211488833
 -- Premio: 
 ---------151.0
 ---- Total: 151.0
 - Execucao 7
 -- BestRoute: [[ 0  6  3  4  5  7 16 15 12 14 13 17 20 21 19 18 10  9  8 11 22 24 25 27
  28 31 26 29 30 23  0]]
 -- Custo: 
 ---------80.5345547253
 ---- Total: 80.5345547253
 -- Premio: 
 ---------151.0
 ---- Total: 151.0
 - Execucao 8
 -- BestRoute: [[ 0  5  4  3  6  8  9 10 11 23 26 29 30 31 28 27 25 24 22 19 21 20 17 13
  14 12 15 16 18  7  0]]
 -- Custo: 
 ---------76.5556071172
 ---- Total: 76.5556071172
 -- Premio: 
 ---------151.0
 ---- Total: 151.0
 - Execucao 9
 -- BestRoute: [[ 0  8  6  3  4  5  7 16 15 12 14 13 17 20 21 19 18 10  9 11 23 29 26 22
  24 25 28 27 30  0]]
 -- Custo: 
 ---------84.6011142516
 ---- Total: 84.6011142516
 -- Premio: 
 ---------148.0
 ---- Total: 148.0
 - Execucao 10
 -- BestRoute: [[ 0  6  3  4  5 15 12 14 13 17 20 21 19 18 16  7 10 11 22 24 25 27 28 31
  30 29 26 23  9  8  0]]
 -- Custo: 
 ---------79.3608586669
 ---- Total: 79.3608586669
 -- Premio: 
 ---------151.0
 ---- Total: 151.0
 - Execucao 11
 -- BestRoute: [[ 0  5  4  3  6  8 22 24 25 27 28 31 30 29 26 23 19 21 20 17 13 14 12 15
  16 18  7 10 11  9  0]]
 -- Custo: 
 ---------77.1868575636
 ---- Total: 77.1868575636
 -- Premio: 
 ---------151.0
 ---- Total: 151.0
 - Execucao 12
 -- BestRoute: [[ 0  4  5 15 12 14 13 17 20 21 19 18 16 10  9 22 24 25 27 28 30 29 26 23
  11  8  6  3  7  0]]
 -- Custo: 
 ---------78.9204787827
 ---- Total: 78.9204787827
 -- Premio: 
 ---------148.0
 ---- Total: 148.0
 - Execucao 13
 -- BestRoute: [[ 0  7  5  4  3  6  8 11  9 10 18 16 15 12 14 13 17 20 21 19 22 24 25 27
  28 31 30 29 26 23  0]]
 -- Custo: 
 ---------78.8338180097
 ---- Total: 78.8338180097
 -- Premio: 
 ---------151.0
 ---- Total: 151.0
 - Execucao 14
 -- BestRoute: [[ 0  6  3  4  5  7  9 10 16 15 12 14 13 17 20 21 19 18 22 24 25 27 28 31
  30 29 26 23 11  8  0]]
 -- Custo: 
 ---------74.9587969868
 ---- Total: 74.9587969868
 -- Premio: 
 ---------151.0
 ---- Total: 151.0
