 - Execucao 0
 -- BestCostGenaration: [-273.0854680407875, -1286.188428868063, -1397.842675077406, -1422.7917421542952, -1448.1575340718773, -1450.7958410917106, -1454.1426140236392, -1478.9453527904943, -1479.556291401419, -1492.9453527904943, -1511.9551652419275, -1513.6501915211686, -1519.1685726395383, -1529.490024747342, -1530.2141368203183, -1539.9005921123266, -1557.0639255174337, -1564.2514814716533, -1564.5466427409788, -1604.5388991321602, -1604.8340604014857, -1640.5466427409788, -1648.2514814716533, -1650.1400252916515, -1657.0197919011475, -1667.8340604014857, -1669.4274429521583, -1670.1400252916515, -1675.5388991321602]
 -- BestCostElement: [-1675.53889913 -1675.53889913 -1675.53889913 -1675.53889913]
 -- BestRoute: [array([ 0, 56, 58, 63, 71, 70, 62, 61, 57, 53, 49, 44, 39,  0])
 array([ 0,  8,  7, 15, 14,  6, 13, 18, 23, 30, 33,  0])
 array([ 0, 46, 50, 59, 64, 72, 74, 65, 66, 67, 60, 51, 47, 41,  0])
 array([ 0, 29, 32, 26, 17, 10,  5,  9, 22, 21, 12, 16, 20, 19, 25, 28,  0])]
 -- Custo: 
 ---------23.878979388702824
 ---------25.96565149389593
 ---------26.413685359532803
 ---------29.85695897482842
 ---- Total: 106.11527521695997
 -- Premio: 
 ---------84.0
 ---------55.0
 ---------76.0
 ---------85.0
 ---- Total: 300.0
 - Execucao 1
 -- BestCostGenaration: [-211.4946493402884, -1331.568604084823, -1334.703391526172, -1385.2771151066936, -1424.0074262188502, -1427.0631543088512, -1459.5326929408031, -1476.9256134569891, -1506.3394239989407, -1510.3131331604627, -1517.3131331604627, -1527.547782308099, -1532.790879516405, -1547.6033235621853, -1552.2014901445464, -1560.0139341903268, -1578.4128080308355, -1588.8907412226922, -1639.3453431532016, -1645.5242642108371, -1647.9464693126931, -1652.5242642108371, -1654.9464693126931, -1696.7675482550576, -1703.7675482550576, -1715.2454814469143, -1716.7675482550576, -1721.2454814469143, -1735.2454814469143, -1736.2160441953915]
 -- BestCostElement: [-1736.2160442 -1736.2160442 -1736.2160442 -1736.2160442]
 -- BestRoute: [array([ 0, 29, 32, 35, 26, 17, 10,  5,  9, 22,  0])
 array([ 0, 41, 47, 51, 60, 67, 66, 65, 74, 72, 64, 58, 56, 46,  0])
 array([ 0, 45, 54, 62, 70, 61, 57, 53, 49, 44, 39, 43, 48, 52,  0])
 array([ 0, 28, 25, 20, 19,  8,  7, 15, 14,  6, 13, 18, 24, 23, 30, 31, 33,
       34, 38,  0])]
 -- Custo: 
 ---------23.70549272471736
 ---------25.76340381965992
 ---------28.66995661740959
 ---------30.307135789365265
 ---- Total: 108.44598895115213
 -- Premio: 
 ---------53.0
 ---------80.0
 ---------84.0
 ---------93.0
 ---- Total: 310.0
 - Execucao 2
 -- BestCostGenaration: [-201.86669849891035, -1439.3881293967236, -1442.4438574867245, -1463.4870798038153, -1466.5428078938162, -1475.2073626137649, -1477.8084887732564, -1485.6127492750325, -1491.0906824668891, -1526.6127492750325, -1529.6684773650331, -1532.2696035245249, -1533.6127492750325, -1536.6684773650331, -1580.198287781995, -1590.1609431306606, -1592.6955910800762, -1603.1609431306606, -1605.6955910800762, -1608.3820463720845, -1626.765269203962, -1627.1085787454626, -1633.877076010871, -1639.7996542781661, -1647.1380159969854, -1653.0605942642806]
 -- BestCostElement: [-1653.06059426 -1653.06059426 -1653.06059426 -1653.06059426]
 -- BestRoute: [array([ 0, 46, 50, 56, 58, 63, 71, 70, 62, 61, 57, 53, 49, 44, 39,  0])
 array([ 0, 45, 55, 64, 72, 74, 65, 73, 66,  0])
 array([ 0, 29, 22, 17, 27, 26, 32, 35, 40, 51, 47, 41,  0])
 array([ 0, 28, 25, 20, 19,  8,  7, 15, 14,  6, 13, 18, 24, 23, 30, 31, 33,
       34, 38,  0])]
 -- Custo: 
 ---------24.820368865331147
 ---------24.634036416567618
 ---------28.473310362665803
 ---------30.307135789365265
 ---- Total: 108.23485143392983
 -- Premio: 
 ---------91.0
 ---------46.0
 ---------68.0
 ---------93.0
 ---- Total: 298.0
 - Execucao 3
 -- BestCostGenaration: [-212.22462020637943, -1333.1162048044032, -1443.1624990323667, -1446.2182271223676, -1493.6938749736307, -1496.7496030636316, -1499.3507292231232, -1522.5392307426514, -1525.140356902143, -1527.1960849921438, -1536.2518130821445, -1538.890120101978, -1552.8529392416362, -1555.4912462614693, -1578.4307341397803, -1578.9655347550483, -1603.5854319162668, -1609.5854319162668, -1611.6861397195835, -1620.5668846866074, -1625.3838020108383, -1634.734691370165, -1641.734691370165, -1648.734691370165]
 -- BestCostElement: [-1648.73469137 -1648.73469137 -1648.73469137 -1648.73469137]
 -- BestRoute: [array([ 0, 41, 66, 73, 65, 59, 64, 72, 55, 45,  0])
 array([ 0, 47, 51, 42, 40, 35, 27, 26, 32, 29,  0])
 array([ 0, 46, 50, 56, 58, 63, 71, 70, 62, 69, 61, 57, 53, 49, 43, 44,  0])
 array([ 0, 28, 25, 20, 19,  8,  7, 15, 14,  6, 13, 18, 24, 23, 30, 31, 33,
       34, 38,  0])]
 -- Custo: 
 ---------24.95721959387133
 ---------25.547111977681137
 ---------28.504859796541034
 ---------30.307135789365265
 ---- Total: 109.31632715745876
 -- Premio: 
 ---------52.0
 ---------55.0
 ---------98.0
 ---------93.0
 ---- Total: 298.0
 - Execucao 4
 -- BestCostGenaration: [-319.0772282917618, -1301.0857213601023, -1365.5706993552085, -1372.5354591009404, -1383.3838110052793, -1401.3897816377278, -1418.0664168165208, -1434.0466358872202, -1435.6771992982344, -1456.459184666854, -1457.6752865848314, -1484.5452831751704, -1515.018432335339, -1528.282725788648, -1530.2680294238842, -1530.44695048152, -1532.2419023763994, -1541.6147082083735, -1559.0774706293778, -1572.0697270205587, -1579.2100976198885, -1585.4643902862304, -1601.0986414398872, -1629.0986414398872, -1653.7477520805605, -1656.1699571824165, -1670.3084303135392, -1685.0614605795454, -1687.8297710090394, -1694.9577480083626, -1701.0962211394854, -1718.0134760983635, -1723.3038533360007]
 -- BestCostElement: [-1723.30385334 -1723.30385334 -1723.30385334 -1723.30385334]
 -- BestRoute: [array([ 0, 45, 49, 53, 57, 61, 69, 68, 52, 48, 43, 44, 39,  0])
 array([ 0, 38, 34, 33, 31, 24, 18, 13,  6, 14, 15,  7,  8, 19, 20,  0])
 array([ 0, 55, 62, 70, 71, 63, 72, 64, 58, 56, 59, 51, 47, 41,  0])
 array([ 0, 29, 32, 35, 27, 26, 17, 10,  5,  9, 12, 21, 25, 28,  0])]
 -- Custo: 
 ---------24.820368865331147
 ---------25.863873471753582
 ---------28.66363359599538
 ---------30.57616073291973
 ---- Total: 109.92403666599984
 -- Premio: 
 ---------77.0
 ---------70.0
 ---------81.0
 ---------81.0
 ---- Total: 309.0
 - Execucao 5
 -- BestCostGenaration: [-239.1056140191293, -1369.011120626786, -1403.8836797428526, -1433.6926065304451, -1493.3386571590972, -1493.954895050491, -1504.641186551506, -1538.4700091026893, -1591.6876587077634, -1592.3038965991573, -1594.2742522934846, -1601.856831223317, -1610.1655918996203, -1622.2709757389712, -1637.6141214894787, -1642.0052517211684, -1657.27871934779, -1661.6698495794794, -1677.6823772199868, -1677.9431101519517, -1705.2305278124584, -1708.8647184048937, -1727.2635922454022, -1744.9498837464175]
 -- BestCostElement: [-1744.94988375 -1744.94988375 -1744.94988375 -1744.94988375]
 -- BestRoute: [array([ 0, 46, 50, 56, 58, 63, 71, 70, 62, 61, 57, 53, 49, 44, 39,  0])
 array([ 0, 38, 34, 33, 31, 24, 18, 13,  6, 14, 15,  7,  8, 19, 20,  0])
 array([ 0, 29, 26, 27, 17, 10,  5,  9, 22, 21, 12, 16, 25, 28,  0])
 array([ 0, 41, 32, 35, 40, 47, 51, 60, 66, 73, 72, 64, 45,  0])]
 -- Custo: 
 ---------24.820368865331147
 ---------25.863873471753582
 ---------28.725246264870524
 ---------30.353040461440386
 ---- Total: 109.76252906339563
 -- Premio: 
 ---------91.0
 ---------70.0
 ---------74.0
 ---------77.0
 ---- Total: 312.0
 - Execucao 6
 -- BestCostGenaration: [-274.74070168974424, -1387.7591632137865, -1418.7446460105018, -1464.3571429602334, -1472.3571429602334, -1478.8988532870817, -1483.7560168007417, -1496.2125617860665, -1521.7903566842106, -1533.159793273196, -1540.1892305247188, -1552.015048308036, -1579.1335024347181, -1592.1335024347181, -1593.4766481852257, -1593.8940692553933, -1606.7375881713401, -1621.7151481977576]
 -- BestCostElement: [-1621.7151482 -1621.7151482 -1621.7151482 -1621.7151482]
 -- BestRoute: [array([ 0, 63, 71, 70, 69, 61, 57, 53, 49, 44, 39,  0])
 array([ 0, 45, 64, 72, 74, 65, 59, 58, 56, 50, 41, 46,  0])
 array([ 0, 28, 29, 22,  9,  5, 10, 17, 26, 27, 36, 40, 35, 32,  0])
 array([ 0, 38, 34, 33, 31, 30, 23, 24, 18, 13,  6, 14, 15,  7,  8, 19, 20,
        0])]
 -- Custo: 
 ---------24.75587376308517
 ---------25.672193971357018
 ---------28.77927174436485
 ---------29.863873471753582
 ---- Total: 109.07121295056061
 -- Premio: 
 ---------74.0
 ---------63.0
 ---------78.0
 ---------79.0
 ---- Total: 294.0
 - Execucao 7
 -- BestCostGenaration: [-182.00215465252126, -1387.3558825927264, -1548.1788144669395, -1551.3136019082885, -1554.9998934093037, -1592.4496743719715, -1613.5432662970902, -1626.8042062832046, -1627.2216273533722, -1631.125658391008, -1641.2216273533722, -1644.5353358523569, -1651.5353358523569, -1657.527592243538, -1676.1844464930305]
 -- BestCostElement: [-1676.18444649 -1676.18444649 -1676.18444649 -1676.18444649]
 -- BestRoute: [array([ 0, 35, 32, 26, 17, 10,  5,  9, 12,  0])
 array([ 0, 46, 41, 50, 56, 58, 63, 71, 70, 62, 61, 57, 53, 49,  0])
 array([ 0, 45, 55, 64, 72, 74, 65, 73, 66, 67, 60, 51, 47,  0])
 array([ 0, 38, 34, 33, 31, 30, 23, 18, 13,  6, 14, 15,  7,  8, 19, 20, 25,
       28, 29,  0])]
 -- Custo: 
 ---------24.57772817821186
 ---------25.365058181991753
 ---------28.598414951709533
 ---------30.912687064829257
 ---- Total: 109.4538883767424
 -- Premio: 
 ---------49.0
 ---------85.0
 ---------70.0
 ---------98.0
 ---- Total: 302.0
 - Execucao 8
 -- BestCostGenaration: [-206.1247988214145, -1402.3883248914922, -1435.874001692168, -1446.065378295969, -1478.2216725441076, -1516.1214772311127, -1533.2186125320864, -1543.4088948916196, -1561.8868280834763, -1562.1819893528018, -1570.9649961470595, -1580.5808631933105, -1586.841803179425, -1605.2406770199332, -1628.6628821217892, -1637.976590620774, -1665.5247412132453, -1667.1553046242598, -1683.211032714261, -1683.923615053754, -1686.5247412132453, -1704.211032714261, -1717.2032891054419]
 -- BestCostElement: [-1717.20328911 -1717.20328911 -1717.20328911 -1717.20328911]
 -- BestRoute: [array([ 0, 46, 50, 56, 58, 63, 71, 70, 62, 69, 61, 57, 53, 49,  0])
 array([ 0, 41, 47, 51, 60, 66, 65, 74, 72, 64, 55, 45,  0])
 array([ 0, 40, 35, 32, 26, 27, 11, 10,  5,  9, 22, 29,  0])
 array([ 0, 38, 33, 31, 24, 18, 13,  6, 14, 15,  7,  8, 19, 20, 16, 12, 25,
       28,  0])]
 -- Custo: 
 ---------24.88362701190674
 ---------25.783168657497004
 ---------28.734541479955947
 ---------30.297840574279835
 ---- Total: 109.69917772363952
 -- Premio: 
 ---------84.0
 ---------65.0
 ---------68.0
 ---------91.0
 ---- Total: 308.0
 - Execucao 9
 -- BestCostGenaration: [-203.5265689544321, -1480.095421307842, -1500.6857973472581, -1532.893016323006, -1535.9487444130068, -1538.5498705724983, -1548.3707626789485, -1550.97188883844, -1551.506689453708, -1553.0265012251648, -1553.3952332737065, -1582.360848199502, -1589.360848199502, -1604.1732922452825, -1604.1810358541013, -1606.6032409559573, -1637.311642135555, -1639.733847237411]
 -- BestCostElement: [-1639.73384724 -1639.73384724 -1639.73384724 -1639.73384724]
 -- BestRoute: [array([ 0, 46, 50, 56, 58, 63, 71, 70, 62, 61, 57, 53, 49, 44, 39,  0])
 array([ 0, 41, 59, 64, 72, 74, 65, 66, 51,  0])
 array([ 0, 34, 20, 19,  8,  7, 15, 14,  6, 13, 18, 23, 30, 33, 38,  0])
 array([ 0, 29, 32, 35, 26, 17, 10,  5,  9, 22, 21, 12, 16, 25, 28,  0])]
 -- Custo: 
 ---------24.820368865331147
 ---------24.934976694913733
 ---------28.926369610573495
 ---------29.384823019828836
 ---- Total: 108.06653819064721
 -- Premio: 
 ---------91.0
 ---------51.0
 ---------74.0
 ---------80.0
 ---- Total: 296.0
 - Execucao 10
 -- BestCostGenaration: [-180.21140913452095, -1392.4134350927166, -1400.234514035081, -1402.8356401945725, -1420.0074565092114, -1433.3371219029236, -1435.6802676534312, -1448.6802676534312, -1459.545480212082, -1483.859188711067, -1508.3153830694841, -1527.2023344615745, -1533.8786886570142, -1536.7769829466736, -1539.117169120051, -1549.2218344075218, -1557.114022707006, -1575.5128965475144, -1578.5686246375153, -1583.4130348412273, -1596.9674984780238, -1597.6436908986425, -1598.0528708736972, -1614.6567495561694, -1631.2433864050472, -1653.6010214661687, -1661.3136038056618, -1667.8884391266754, -1683.231584877183, -1688.1786525733196, -1691.4923610723042]
 -- BestCostElement: [-1691.49236107 -1691.49236107 -1691.49236107 -1691.49236107]
 -- BestRoute: [array([ 0, 45, 54, 49, 44, 39, 43, 48, 52, 53, 57, 61,  0])
 array([ 0, 46, 56, 58, 63, 71, 64, 72, 74, 66, 51, 47, 41,  0])
 array([ 0, 35, 32, 26, 27, 11, 17, 10,  5,  9, 22, 21,  0])
 array([ 0, 29, 28, 25, 20, 19,  8,  7, 15, 14,  6, 13, 23, 18, 24, 31, 33,
       34, 38,  0])]
 -- Custo: 
 ---------24.346665465039436
 ---------25.718673555251023
 ---------28.148883646804222
 ---------30.912687064829257
 ---- Total: 109.12690973192393
 -- Premio: 
 ---------69.0
 ---------77.0
 ---------61.0
 ---------97.0
 ---- Total: 304.0
 - Execucao 11
 -- BestCostGenaration: [-216.1556699921872, -1322.0156769460996, -1358.0858943467142, -1377.6508375528879, -1486.4801119645283, -1489.6148994058776, -1511.9580451563852, -1512.5343758707168, -1515.280870700863, -1525.1709099141794, -1537.7933699549635, -1541.1161954994418, -1542.034176570963, -1550.4299039984262, -1551.3478850699476, -1551.924215784279]
 -- BestCostElement: [-1551.92421578 -1551.92421578 -1551.92421578 -1551.92421578]
 -- BestRoute: [array([ 0, 26, 27, 11, 10,  5,  9, 22, 21,  0])
 array([ 0, 40, 35, 32, 29, 28, 25, 20, 15, 19,  0])
 array([ 0, 45, 59, 64, 72, 74, 73, 66, 67, 60, 51, 47, 41,  0])
 array([ 0, 46, 50, 56, 58, 63, 71, 70, 62, 61, 57, 53, 49, 44, 52, 48, 43,
       39,  0])]
 -- Custo: 
 ---------24.566638853271613
 ---------25.37415566171036
 ---------28.600928424124717
 ---------30.47722311482353
 ---- Total: 109.01894605393022
 -- Premio: 
 ---------44.0
 ---------59.0
 ---------77.0
 ---------104.0
 ---- Total: 284.0
 - Execucao 12
 -- BestCostGenaration: [-242.10043906846417, -1535.204288546275, -1538.2600166362759, -1540.8611427957674, -1541.9815823528895, -1587.6678738539047, -1600.074491303232, -1608.0822349120508, -1610.842801732726, -1615.0822349120508, -1631.585208144199, -1634.3457749648742, -1638.585208144199, -1641.3457749648742, -1645.585208144199, -1648.3457749648742, -1648.7631960350418, -1649.1806171052094, -1649.4708305518534, -1651.3593743718518, -1652.5842297866704, -1652.8793910559962, -1655.185355946162, -1657.907732018473, -1685.359538162845, -1701.8635984021867, -1703.7521422221848, -1736.7787836875705, -1756.148220276556]
 -- BestCostElement: [-1756.14822028 -1756.14822028 -1756.14822028 -1756.14822028]
 -- BestRoute: [array([ 0, 38, 39, 44, 43, 48, 52, 53, 69, 61, 57, 49,  0])
 array([ 0, 45, 54, 62, 70, 63, 71, 72, 64, 58, 56, 50, 41, 46,  0])
 array([ 0, 28, 25, 20, 19,  8,  7, 15, 14,  6, 13, 18, 23, 30, 31, 33, 34,
        0])
 array([ 0, 47, 40, 35, 32, 26, 17, 10,  5,  9, 12, 21, 22, 29,  0])]
 -- Custo: 
 ---------24.06449510224598
 ---------25.073262114491122
 ---------27.469413449533644
 ---------30.35577426459024
 ---- Total: 106.96294493086098
 -- Premio: 
 ---------70.0
 ---------80.0
 ---------86.0
 ---------76.0
 ---- Total: 312.0
 - Execucao 13
 -- BestCostGenaration: [-219.44513061674107, -1372.8150704652662, -1417.3714066675268, -1425.1924856098913, -1477.5913594503998, -1480.351926271075, -1527.0202661152448, -1531.9645380252439, -1555.3154273845703, -1556.3231709933893, -1577.0280097240636, -1590.0202661152448]
 -- BestCostElement: [-1590.02026612 -1590.02026612 -1590.02026612 -1590.02026612]
 -- BestRoute: [array([ 0, 46, 50, 56, 58, 63, 71, 70, 62, 61, 57, 53, 49, 44, 39,  0])
 array([ 0, 41, 47, 51, 42, 40, 35, 32, 26, 17,  0])
 array([ 0, 27, 11, 10,  5,  9, 22, 21, 12, 16,  0])
 array([ 0, 45, 38, 34, 33, 31, 24, 18, 13,  6, 14, 15,  7,  8, 19, 20, 25,
       28, 29,  0])]
 -- Custo: 
 ---------24.820368865331147
 ---------25.337585518066785
 ---------28.859796920715635
 ---------30.977182167075235
 ---- Total: 109.9949334711888
 -- Premio: 
 ---------91.0
 ---------52.0
 ---------48.0
 ---------99.0
 ---- Total: 290.0
 - Execucao 14
 -- BestCostGenaration: [-235.85149357260485, -1359.630024074255, -1364.122446576726, -1367.117491203278, -1405.9996677173904, -1410.492090219861, -1413.7636700358225, -1415.394233446837, -1422.1412008605348, -1458.1891853417164, -1460.82749236155, -1462.7564935964033, -1463.173914666571, -1482.5920618493815, -1484.7413386013445, -1486.9133069030354, -1487.0699950412384, -1502.398192850837, -1509.3904492420181, -1516.0952879726924, -1519.1510160626933, -1551.3532683816766, -1554.4089964716773, -1558.8869296635341, -1559.7085023776044, -1575.92938832727, -1592.4896458837775, -1603.7986588049662, -1607.832791634285, -1610.8865829895703, -1637.7221512425485, -1638.0173125118743]
 -- BestCostElement: [-1638.01731251 -1638.01731251 -1638.01731251 -1638.01731251]
 -- BestRoute: [array([ 0, 41, 35, 32, 26, 27, 36, 40, 47,  0])
 array([ 0, 38, 34, 33, 31, 24, 18, 13,  6, 14, 15,  7,  8, 19, 20,  0])
 array([ 0, 28, 29, 22, 21, 25, 16, 12,  9,  5, 10,  0])
 array([ 0, 46, 56, 58, 64, 72, 71, 70, 62, 69, 61, 57, 53, 49, 44, 43, 39,
       45,  0])]
 -- Custo: 
 ---------23.676432671794846
 ---------25.863873471753582
 ---------28.081033931661704
 ---------30.874331796821313
 ---- Total: 108.49567187203144
 -- Premio: 
 ---------49.0
 ---------70.0
 ---------57.0
 ---------120.0
 ---- Total: 296.0
 - Execucao 15
 -- BestCostGenaration: [-296.3145398412113, -1268.2441724101716, -1305.9554769250806, -1454.3790848873455, -1503.3790848873455, -1516.3790848873455, -1542.4723219849539, -1571.5118583168733, -1576.1981498178884, -1591.0530395240748, -1605.765621863568]
 -- BestCostElement: [-1605.76562186 -1605.76562186 -1605.76562186 -1605.76562186]
 -- BestRoute: [array([ 0, 41, 60, 66, 73, 65, 59, 64, 72,  0])
 array([ 0, 46, 56, 58, 63, 71, 70, 62, 61, 57, 53, 49, 43, 44, 39,  0])
 array([ 0, 34, 24, 18, 13,  6, 14, 15,  7,  8, 19, 20, 16, 12, 21,  0])
 array([ 0, 47, 51, 42, 40, 35, 32, 26, 17, 10,  5,  9, 22, 29, 28,  0])]
 -- Custo: 
 ---------24.170309610806754
 ---------25.81379615571165
 ---------28.995838653717115
 ---------30.578650113872445
 ---- Total: 109.55859453410795
 -- Premio: 
 ---------46.0
 ---------93.0
 ---------70.0
 ---------83.0
 ---- Total: 292.0
 - Execucao 16
 -- BestCostGenaration: [-222.47750336528887, -1433.508657905512, -1436.6434453468614, -1442.6956395493494, -1482.2134966361864, -1485.3482840775357, -1514.8226833818799, -1516.453246792894, -1516.5276271223497, -1519.421982831073, -1543.363195375328, -1543.7806164454955, -1553.518284016016, -1555.1488474270302, -1568.7314263568626, -1589.0188440173692, -1609.0111004085504, -1609.428521478718, -1615.0931193370293]
 -- BestCostElement: [-1615.09311934 -1615.09311934 -1615.09311934 -1615.09311934]
 -- BestRoute: [array([ 0, 35, 26, 17, 10,  5,  9, 12,  0])
 array([ 0, 38, 34, 33, 24, 18, 14, 15, 19, 20, 25, 28, 29, 32,  0])
 array([ 0, 59, 64, 72, 74, 65, 73, 66, 67, 60, 51, 47,  0])
 array([ 0, 46, 41, 50, 56, 58, 63, 71, 70, 62, 61, 57, 53, 49, 44, 43, 39,
       45,  0])]
 -- Custo: 
 ---------23.927446638338978
 ---------25.941549404533227
 ---------27.173534031217958
 ---------30.184190091652514
 ---- Total: 107.22672016574268
 -- Premio: 
 ---------43.0
 ---------73.0
 ---------65.0
 ---------111.0
 ---- Total: 292.0
 - Execucao 17
 -- BestCostGenaration: [-226.1026051728467, -1418.144573869491, -1457.5434477099996, -1485.7032995593122, -1487.889757171617, -1501.1477375806007, -1501.8603199200938, -1541.0920094906, -1562.3527424225647, -1618.30001910043, -1622.9568733499225, -1641.3557471904307, -1641.5346682480665, -1650.25424853424, -1650.527176884133, -1676.7967517668314, -1678.6852955868296, -1680.949381985989, -1708.4975325784606, -1730.9197376803165]
 -- BestCostElement: [-1730.91973768 -1730.91973768 -1730.91973768 -1730.91973768]
 -- BestRoute: [array([ 0, 39, 44, 43, 48, 52, 68, 69, 61, 57, 53, 49,  0])
 array([ 0, 46, 56, 58, 64, 72, 63, 71, 70, 62, 45, 38, 33, 34,  0])
 array([ 0, 41, 47, 51, 40, 35, 32, 26, 17, 10,  5,  9, 22, 29,  0])
 array([ 0, 24, 18, 13,  6, 14, 15,  7,  8, 19, 20, 25, 16, 12, 21, 28,  0])]
 -- Custo: 
 ---------24.75587376308517
 ---------25.69890871741394
 ---------28.547100679997214
 ---------30.768182419424598
 ---- Total: 109.77006557992092
 -- Premio: 
 ---------70.0
 ---------80.0
 ---------79.0
 ---------81.0
 ---- Total: 310.0
 - Execucao 18
 -- BestCostGenaration: [-359.4942312102928, -1361.9689155737274, -1365.1037030150765, -1377.7977381249107, -1383.6371406134595, -1418.2448035007508, -1441.9168082321842, -1474.656032037063, -1493.207230660557, -1497.9697405360475, -1541.471905363825, -1544.0730315233166, -1568.6694188418553, -1571.7251469318562, -1574.3262730913477, -1588.521572654386, -1629.0280518100008, -1670.8491307523652, -1688.830583522706]
 -- BestCostElement: [-1688.83058352 -1688.83058352 -1688.83058352 -1688.83058352]
 -- BestRoute: [array([ 0, 45, 39, 44, 43, 48, 52, 53, 49, 54, 57, 61,  0])
 array([ 0, 41, 40, 35, 32, 26, 17, 10,  5,  9, 22, 21,  0])
 array([ 0, 28, 25, 20, 19,  8,  7, 15, 14,  6, 13, 18, 23, 30, 31, 33, 34,
        0])
 array([ 0, 47, 51, 60, 66, 73, 65, 59, 64, 72, 74, 71, 63, 58, 56, 50, 46,
        0])]
 -- Custo: 
 ---------24.858661585334932
 ---------25.552565038421506
 ---------27.469413449533644
 ---------30.161714046033417
 ---- Total: 108.0423541193235
 -- Premio: 
 ---------69.0
 ---------62.0
 ---------86.0
 ---------86.0
 ---- Total: 303.0
 - Execucao 19
 -- BestCostGenaration: [-184.48861146131452, -1248.7925178473374, -1361.9756277920817, -1367.0168386787977, -1371.9611105887968, -1396.8118338368338, -1424.3599844293053, -1425.368016718873, -1429.2621276562813, -1429.5572889256068, -1432.2884184947593, -1432.5835797640848, -1467.5835797640848, -1468.5916120536526, -1472.3617747250046, -1472.7914711907938, -1499.6491923855112, -1500.0788888513007, -1519.820908442317, -1520.3617747250046, -1523.1346169413016, -1529.1268733324828]
 -- BestCostElement: [-1529.12687333 -1529.12687333 -1529.12687333 -1529.12687333]
 -- BestRoute: [array([ 0, 38, 33, 31, 24, 18, 13,  6, 14, 15,  7,  8, 19,  0])
 array([ 0, 26, 27, 11, 17, 10,  5,  9,  0])
 array([ 0, 22, 21, 12, 16, 20, 25, 28, 29, 32, 35, 40,  0])
 array([ 0, 41, 46, 56, 58, 64, 72, 71, 70, 62, 61, 57, 53, 49, 44, 43, 39,
        0])]
 -- Custo: 
 ---------24.72387412183747
 ---------25.08339244554274
 ---------27.34258213637266
 ---------30.568432963126433
 ---- Total: 107.7182816668793
 -- Premio: 
 ---------64.0
 ---------41.0
 ---------61.0
 ---------114.0
 ---- Total: 280.0
 - Execucao 20
 -- BestCostGenaration: [-225.68655534428007, -1305.8494494708107, -1386.4034927398714, -1386.820913810039, -1413.1620053541112, -1465.6826496606452, -1495.3132130716594, -1497.1518406903815, -1498.7168257531207, -1504.1518406903815, -1506.0073027793715, -1514.4422179280189, -1564.9810119408935, -1568.2947204398783, -1572.5291625333648, -1575.8428710323496, -1592.9810119408935, -1600.499725281842, -1607.499725281842]
 -- BestCostElement: [-1607.49972528 -1607.49972528 -1607.49972528 -1607.49972528]
 -- BestRoute: [array([ 0, 26, 17, 10,  5,  9, 12, 21, 22,  0])
 array([ 0, 56, 58, 64, 72, 71, 70, 62, 61, 57, 53, 49, 44, 39,  0])
 array([ 0, 20, 19, 15,  8,  7, 14,  6, 13, 18, 23, 30, 31, 33, 34,  0])
 array([ 0, 38, 45, 46, 41, 47, 51, 42, 40, 35, 32, 29, 28, 25,  0])]
 -- Custo: 
 ---------23.852784146813335
 ---------25.878979388702824
 ---------27.268791819041244
 ---------30.37451332498209
 ---- Total: 107.3750686795395
 -- Premio: 
 ---------43.0
 ---------97.0
 ---------72.0
 ---------79.0
 ---- Total: 291.0
 - Execucao 21
 -- BestCostGenaration: [-284.80446048007514, -1325.2993877524523, -1387.4912812016205, -1437.9633112810375, -1440.7238781017127, -1441.1412991718803, -1456.9086905119595, -1459.2146554021256, -1461.4463449726316, -1483.6107767196534, -1487.8502098989782, -1499.2490837394867, -1506.2413401306678, -1520.102866999545, -1557.6002929863698, -1560.735080427719, -1561.4589490462956, -1574.96226157063, -1588.3022609080929]
 -- BestCostElement: [-1588.30226091 -1588.30226091 -1588.30226091 -1588.30226091]
 -- BestRoute: [array([ 0, 45, 38, 34, 33, 31, 24, 18, 13,  6, 14, 15,  0])
 array([ 0, 28, 25, 20, 19,  8, 16, 12,  5,  9, 22, 29,  0])
 array([ 0, 41, 55, 62, 70, 69, 61, 57, 53, 49, 44, 43, 39,  0])
 array([ 0, 46, 50, 56, 58, 63, 71, 72, 64, 59, 65, 73, 66, 67, 60, 51,  0])]
 -- Custo: 
 ---------24.754306317793034
 ---------25.85764710557361
 ---------28.568432963126433
 ---------29.494048386483712
 ---- Total: 108.67443477297678
 -- Premio: 
 ---------56.0
 ---------67.0
 ---------83.0
 ---------83.0
 ---- Total: 289.0
 - Execucao 22
 -- BestCostGenaration: [-182.23331645567032, -1491.6650778512446, -1494.7208059412455, -1512.3003801032116, -1515.3561081932125, -1561.0052188338861, -1564.060946923887, -1592.8862252116833, -1596.0636820855066, -1604.9191009113397, -1611.9191009113397, -1617.325718360667, -1620.0862851813422, -1621.7168485923564, -1629.004266252863, -1636.004266252863, -1636.4216873230307, -1643.4216873230307, -1656.4216873230307, -1658.3956035387027, -1663.0524577881952]
 -- BestCostElement: [-1663.05245779 -1663.05245779 -1663.05245779 -1663.05245779]
 -- BestRoute: [array([ 0, 45, 54, 62, 70, 61, 57, 53, 49, 44, 43, 39, 38,  0])
 array([ 0, 29, 41, 46, 56, 58, 63, 71, 72, 64, 59,  0])
 array([ 0, 28, 25, 20, 19,  8,  7, 15, 14,  6, 13, 18, 23, 30, 31, 33, 34,
        0])
 array([ 0, 47, 51, 42, 40, 36, 35, 32, 26, 17, 10,  5,  9, 22,  0])]
 -- Custo: 
 ---------23.429553284237734
 ---------25.624103898172933
 ---------27.469413449533644
 ---------30.96381492100695
 ---- Total: 107.48688555295126
 -- Premio: 
 ---------80.0
 ---------64.0
 ---------86.0
 ---------69.0
 ---- Total: 299.0
 - Execucao 23
 -- BestCostGenaration: [-250.00863952684765, -1349.23052958704, -1405.0923243747288, -1416.0034712905626, -1460.7433352245785, -1468.564414166943, -1470.9075599174505, -1502.3786374765455, -1510.19971641891, -1530.7156772368776, -1550.2894789562076, -1552.6326247067154, -1613.5474593651916, -1627.130038295024, -1629.4731840455315, -1639.3383966041824, -1641.68154235469, -1641.7928458688389, -1642.505428208332, -1644.670792234615, -1664.5468084141057, -1668.9883516870882, -1673.9326235970875, -1680.9326235970875, -1692.3314974375958, -1717.7303712781045, -1723.927884756135, -1724.143986674112, -1724.898447504612, -1737.8907038957932, -1738.1068058137703]
 -- BestCostElement: [-1738.10680581 -1738.10680581 -1738.10680581 -1738.10680581]
 -- BestRoute: [array([ 0, 46, 50, 47, 51, 66, 74, 72, 64, 59,  0])
 array([ 0, 41, 40, 35, 32, 26, 17, 10,  5,  9, 22, 21,  0])
 array([ 0, 45, 56, 58, 63, 71, 70, 62, 69, 61, 57, 53, 49, 44, 39,  0])
 array([ 0, 29, 28, 25, 20, 19,  8,  7, 15, 14,  6, 13, 18, 23, 30, 31, 33,
       34, 38,  0])]
 -- Custo: 
 ---------24.49170305746984
 ---------25.552565038421506
 ---------28.76634338583682
 ---------30.912687064829257
 ---- Total: 109.72329854655742
 -- Premio: 
 ---------53.0
 ---------62.0
 ---------98.0
 ---------98.0
 ---- Total: 311.0
 - Execucao 24
 -- BestCostGenaration: [-225.81961416027514, -1340.504686550492, -1483.1871355790254, -1486.3219230203747, -1503.5448674040686, -1528.6795580814962, -1553.8802695457573, -1556.4813957052488, -1581.4284201382288, -1594.7640293340673, -1598.7110537670474, -1604.188986958904, -1606.7901131183955, -1612.7901131183955, -1614.3796662812472, -1617.5144537225965, -1620.9545016022607, -1624.0892890436098, -1640.145017133611, -1647.251974058027, -1653.7369051965638, -1660.145017133611, -1662.5052156260576, -1673.7369051965638, -1683.4261562747097, -1694.6578458452154, -1700.47892478758, -1703.0800509470714, -1716.8220705380877]
 -- BestCostElement: [-1716.82207054 -1716.82207054 -1716.82207054 -1716.82207054]
 -- BestRoute: [array([ 0, 40, 35, 32, 26, 17, 10,  5,  9, 22,  0])
 array([ 0, 29, 28, 25, 20, 19,  8,  7, 15, 14, 18, 23, 31, 34,  0])
 array([ 0, 46, 56, 63, 71, 70, 62, 61, 57, 53, 49, 44, 43, 39, 33, 38, 45,
        0])
 array([ 0, 50, 58, 59, 64, 72, 74, 65, 73, 66, 67, 60, 51, 47, 41,  0])]
 -- Custo: 
 ---------24.514155011626464
 ---------25.48917828737073
 ---------28.84376684661083
 ---------29.1973822198701
 ---- Total: 108.04448236547813
 -- Premio: 
 ---------51.0
 ---------69.0
 ---------107.0
 ---------80.0
 ---- Total: 307.0
 - Execucao 25
 -- BestCostGenaration: [-113.48325939282128, -1362.7882053164058, -1370.6092842587705, -1418.3218665982636, -1420.6650123487711, -1471.4795890437404, -1505.7628691217951, -1527.7416253189008, -1531.703453289152, -1563.454207658394, -1579.2194580758667, -1580.070053549591, -1581.6075490670194, -1582.6711797090825, -1599.8497347693249, -1600.0286558269606, -1602.6075490670194, -1608.8500422583656, -1620.3160734874673, -1622.659219237975, -1633.5508230699947, -1635.8939688205023, -1648.8862252116833, -1650.4160356286457, -1652.0465990396597, -1653.5508230699947, -1655.181386481009, -1668.1736428721902]
 -- BestCostElement: [-1668.17364287 -1668.17364287 -1668.17364287 -1668.17364287]
 -- BestRoute: [array([ 0, 41, 40, 35, 32, 26, 17, 10,  5,  9, 22,  0])
 array([ 0, 28, 25,  8,  7, 14, 15, 19, 20, 16, 12, 21, 29,  0])
 array([ 0, 46, 50, 56, 58, 64, 72, 63, 71, 70, 62, 61, 57, 53, 49, 44, 39,
        0])
 array([ 0, 45, 43, 48, 37, 30, 23, 13,  6, 18, 24, 31, 33, 34, 38,  0])]
 -- Custo: 
 ---------24.838710331963224
 ---------24.754306317793034
 ---------28.056436842830934
 ---------30.307135789365265
 ---- Total: 107.95658928195245
 -- Premio: 
 ---------59.0
 ---------65.0
 ---------108.0
 ---------68.0
 ---- Total: 300.0
 - Execucao 26
 -- BestCostGenaration: [-225.24712141095233, -1343.897115233547, -1395.0494077409999, -1400.5840021896504, -1433.1395641683616, -1467.5229924569694, -1479.64178040365, -1498.5044452273103, -1502.5307360657882, -1506.9439467606387, -1519.9516903694575, -1523.9779812079355, -1524.0819460240036, -1525.5558212968153, -1526.2684036363084, -1527.8695297958, -1531.2204191551266, -1532.2606600274894, -1535.611549386816, -1554.2684036363084, -1556.8695297958, -1557.9397471964146, -1560.5408733559061, -1560.697561494109, -1571.0886917257985, -1573.6898178852903, -1594.697561494109, -1605.1899839965797, -1609.8468382460721]
 -- BestCostElement: [-1609.84683825 -1609.84683825 -1609.84683825 -1609.84683825]
 -- BestRoute: [array([ 0, 38, 34, 33, 31, 30, 39, 44, 43, 48, 52, 53, 49,  0])
 array([ 0, 24, 18, 23, 13,  6, 14, 15,  7,  8, 19, 20,  0])
 array([ 0, 28, 29, 22, 21, 25, 16, 12,  9,  5, 10, 17, 26,  0])
 array([ 0, 45, 54, 57, 61, 69, 70, 62, 63, 71, 72, 64, 59, 58, 56, 46, 41,
        0])]
 -- Custo: 
 ---------24.848191962583275
 ---------25.85278414681333
 ---------28.881832902051926
 ---------30.705481427033433
 ---- Total: 110.28829043848197
 -- Premio: 
 ---------65.0
 ---------59.0
 ---------67.0
 ---------102.0
 ---- Total: 293.0
 - Execucao 27
 -- BestCostGenaration: [-233.3232468496098, -1310.931287850827, -1327.6101303635335, -1335.7939367145793, -1345.5256102415237, -1382.7773943295904, -1414.0264253227847, -1464.5414941842473, -1467.142620343739, -1471.5414941842473, -1481.0041472126163, -1481.6247661670754, -1508.5522978050876, -1515.5522978050876, -1522.3955296891913, -1542.9436802816626, -1549.9436802816626, -1550.5642992361222, -1565.1174409144314, -1566.1251845232505, -1626.0694564332498, -1631.905024686228]
 -- BestCostElement: [-1631.90502469 -1631.90502469 -1631.90502469 -1631.90502469]
 -- BestRoute: [array([ 0, 35, 32, 26, 17, 10,  5,  9, 22, 29, 28,  0])
 array([ 0, 49, 44, 39, 43, 48, 52, 53, 57, 69, 61,  0])
 array([ 0, 54, 62, 70, 71, 63, 72, 64, 58, 56, 46, 50, 47, 41,  0])
 array([ 0, 25, 20, 19,  8,  7, 15, 14,  6, 13, 18, 23, 30, 31, 33, 34, 38,
       45,  0])]
 -- Custo: 
 ---------23.81379615571165
 ---------25.518238340293244
 ---------28.861186377582317
 ---------30.080522954855812
 ---- Total: 108.27374382844302
 -- Premio: 
 ---------62.0
 ---------66.0
 ---------79.0
 ---------88.0
 ---- Total: 295.0
 - Execucao 28
 -- BestCostGenaration: [-216.69001339507483, -1317.9298454432142, -1498.0923202993301, -1520.3564066984893, -1523.4911941398386, -1581.3552008915185, -1592.961478308725, -1595.3552008915185, -1597.3947372234377, -1606.639839365007, -1620.639839365007, -1624.655677209552, -1625.0730982797197, -1634.1288263697206, -1634.5462474398882, -1640.5385038310696, -1667.4085004214085, -1667.825921491576]
 -- BestCostElement: [-1667.82592149 -1667.82592149 -1667.82592149 -1667.82592149]
 -- BestRoute: [array([ 0, 38, 33, 31, 23, 18, 13,  6, 14, 15,  8, 19,  0])
 array([ 0, 46, 41, 50, 56, 58, 63, 71, 70, 62, 61, 57, 53, 49,  0])
 array([ 0, 45, 55, 64, 72, 74, 65, 73, 66, 67, 60, 51, 47,  0])
 array([ 0, 29, 32, 26, 27, 17, 10,  5,  9, 22, 21, 12, 16, 20, 25, 28,  0])]
 -- Custo: 
 ---------24.96651480895676
 ---------25.365058181991753
 ---------28.598414951709533
 ---------30.863531684447914
 ---- Total: 109.79351962710595
 -- Premio: 
 ---------63.0
 ---------85.0
 ---------70.0
 ---------83.0
 ---- Total: 301.0
 - Execucao 29
 -- BestCostGenaration: [-195.09179661821855, -1303.832542125597, -1463.6385676551638, -1509.1095314617507, -1527.4859653286767, -1564.1095314617507, -1591.973279836589, -1607.3164255870965, -1615.4951395905828, -1628.1597374488938, -1643.2077219300759, -1647.4394115005816, -1660.431667891763, -1672.3187810586746, -1682.3450718971526, -1689.3450718971526, -1690.975635308167]
 -- BestCostElement: [-1690.97563531 -1690.97563531 -1690.97563531 -1690.97563531]
 -- BestRoute: [array([ 0, 38, 33, 31, 24, 18, 13,  6, 14, 15,  8, 19, 20,  0])
 array([ 0, 46, 56, 58, 63, 71, 70, 62, 61, 57, 53, 49, 44, 43, 39,  0])
 array([ 0, 28, 25, 16, 12, 21, 22, 29, 32, 35, 40, 36, 42,  0])
 array([ 0, 45, 50, 59, 64, 72, 74, 65, 73, 66, 67, 60, 51, 47, 41,  0])]
 -- Custo: 
 ---------24.69230059649977
 ---------25.406155302958055
 ---------28.61427157873053
 ---------30.543363694769962
 ---- Total: 109.25609117295832
 -- Premio: 
 ---------64.0
 ---------93.0
 ---------64.0
 ---------83.0
 ---- Total: 304.0
