 - Execucao 0
 -- BestCostGenaration: [-202.35775264529974, -1377.748994329516, -1410.2296803788106, -1513.562088136241, -1554.1885484374748, -1564.158904131802, -1586.4837097068003, -1635.3528183210824, -1673.4152921128782, -1686.539275933387, -1700.1278744523713, -1729.0241618811883, -1729.441582951356, -1746.396744883219, -1772.7558915070226, -1780.834950858371, -1781.8426944671899, -1785.4050021476962, -1786.412745756515, -1789.487747188818, -1789.9051682589857, -1799.412745756515, -1820.9393443514614, -1840.0508005314628, -1845.237510388653, -1847.4644159274706, -1847.5512188876378, -1849.7781244264554, -1850.311785708313, -1853.2857019239848, -1866.990540654659, -1870.699065075107, -1876.3414300139855, -1887.4301946442595, -1887.963855926117, -1912.6501474271322, -1912.9081278361161, -1942.9932931776398, -1945.3364389281473, -1948.0970057488225, -1948.3549861578065, -1968.9807655371324]
 -- BestCostElement: [-1968.98076554 -1968.98076554 -1968.98076554 -1968.98076554]
 -- BestRoute: [array([ 0, 28, 25, 21, 12, 16, 20, 19,  8,  7, 15, 14, 18, 23, 13,  6,  1])
 array([ 0, 29, 32, 35, 40, 36, 27, 26, 17,  9,  5, 10, 11,  2])
 array([ 0, 45, 54, 62, 70, 61, 57, 53, 49, 44, 39, 43, 48, 52, 69, 68,  3])
 array([ 0, 46, 41, 47, 51, 59, 64, 58, 56, 63, 71, 72, 74, 73, 66, 67,  4])]
 -- Custo: 
 ---------24.957417329238154
 ---------25.562968604702142
 ---------27.627463706948124
 ---------29.85695897482842
 ---- Total: 108.00480861571684
 -- Premio: 
 ---------83.0
 ---------71.0
 ---------95.0
 ---------94.0
 ---- Total: 343.0
 - Execucao 1
 -- BestCostGenaration: [-179.51726148189982, -1293.5991010063499, -1388.3764005460134, -1420.3328149088627, -1442.1230173328033, -1455.7290991298516, -1459.0519246743297, -1461.6530508338212, -1482.4858150856312, -1489.7343652218563, -1531.0761376242824, -1541.1759992419766, -1552.4448696728243, -1594.4448696728243, -1597.7676952173024, -1599.673580459989, -1605.8544981774694, -1607.760383420156, -1617.5336416723317, -1622.1827523130053, -1657.190495921824, -1707.786674258634, -1728.4915129893086, -1729.6559447363304, -1733.600173383173, -1734.6855457788463, -1740.6855457788463, -1761.6855457788463, -1788.9729634393532]
 -- BestCostElement: [-1788.97296344 -1788.97296344 -1788.97296344 -1788.97296344]
 -- BestRoute: [array([ 0, 29, 22, 21, 28, 25, 20, 19,  8,  7, 15, 14, 18, 23, 13,  6,  1])
 array([ 0, 26, 27, 11, 10,  9, 12,  5,  2])
 array([ 0, 46, 56, 58, 63, 71, 70, 62, 57, 53, 49, 44, 39, 43, 48, 52, 69,
        3])
 array([ 0, 41, 32, 35, 40, 47, 51, 60, 67, 66, 59, 64, 72, 65, 73,  4])]
 -- Custo: 
 ---------24.91268706482926
 ---------26.52622986305051
 ---------28.72524626487052
 ---------30.842595947411457
 ---- Total: 111.00675914016175
 -- Premio: 
 ---------85.0
 ---------45.0
 ---------103.0
 ---------86.0
 ---- Total: 319.0
 - Execucao 2
 -- BestCostGenaration: [-19.555995770238354, -1294.8579219375663, -1598.980234520113, -1609.4800684088234, -1646.0639692085497, -1649.1196972985504, -1685.798245190747, -1691.4550994402393, -1694.51082753024, -1744.6154732682157, -1757.4288086017614, -1763.0856628512538, -1764.974206671252, -1774.0299347612531, -1776.6310609207444, -1781.5753328307437, -1782.545895579221, -1795.5830764395628, -1797.7695340518674, -1807.2476742978738, -1816.4263883013596, -1827.1204234111938, -1839.056951712374, -1858.721549570685, -1871.4186446925405, -1871.7138059618665, -1877.7138059618665, -1882.47915681423, -1884.8300461735566, -1885.2846481040658]
 -- BestCostElement: [-1885.2846481 -1885.2846481 -1885.2846481 -1885.2846481]
 -- BestRoute: [array([ 0, 28, 29, 22, 21, 12, 25, 20, 19, 15,  7, 14, 18, 13,  6,  1])
 array([ 0, 41, 47, 51, 40, 35, 32, 26, 27, 17, 10,  5, 11,  2])
 array([ 0, 45, 55, 54, 49, 44, 39, 43, 48, 52, 53, 57, 62, 70, 61, 69, 68,
        3])
 array([ 0, 34, 33, 38, 46, 50, 56, 58, 63, 72, 74, 64, 59, 65, 73, 66,  4])]
 -- Custo: 
 ---------24.883627011906743
 ---------26.696186211948007
 ---------28.436125993857228
 ---------29.66289875627159
 ---- Total: 109.67883797398356
 -- Premio: 
 ---------82.0
 ---------76.0
 ---------97.0
 ---------77.0
 ---- Total: 332.0
 - Execucao 3
 -- BestCostGenaration: [-95.24910578268242, -1299.6425186533165, -1337.824388360697, -1363.7236462940305, -1395.216068796501, -1430.2138548815092, -1441.9171700656707, -1496.587292043012, -1499.643020133013, -1548.2926527523503, -1555.0842944431918, -1584.861448839592, -1585.2138023827308, -1622.547740340607, -1639.4022496247155, -1644.8908860911147, -1668.0401628430777, -1711.0793485480895, -1711.6955864394831, -1717.6541838691032, -1718.270421760497, -1733.3406391611115, -1735.0675470202254, -1735.6837849116191, -1754.1617181034758, -1756.5048638539834, -1774.4664208607337, -1784.6692956010052, -1790.874136651976, -1795.2874998030982, -1797.8886259625897, -1803.8886259625897, -1831.7097049049542, -1856.142963819667, -1877.142963819667]
 -- BestCostElement: [-1877.14296382 -1877.14296382 -1877.14296382 -1877.14296382]
 -- BestRoute: [array([ 0, 41, 28, 25, 20, 19,  8,  7, 15, 14, 18, 23, 13,  6,  1])
 array([ 0, 32, 26, 27, 17, 22, 12,  9,  5, 10, 11,  2])
 array([ 0, 46, 50, 56, 58, 63, 71, 70, 62, 61, 57, 53, 49, 44, 39, 43, 48,
       52, 68,  3])
 array([ 0, 29, 35, 40, 47, 51, 60, 67, 66, 73, 65, 59, 64, 72, 74,  4])]
 -- Custo: 
 ---------24.233345472033857
 ---------26.76997652927942
 ---------27.96399003885765
 ---------30.996947004912325
 ---- Total: 109.96425904508325
 -- Premio: 
 ---------78.0
 ---------59.0
 ---------108.0
 ---------86.0
 ---- Total: 331.0
 - Execucao 4
 -- BestCostGenaration: [-341.58212113146453, -1403.053820089668, -1421.8662641354485, -1440.0340511886507, -1544.346707462927, -1548.1514530906245, -1550.752579250116, -1640.1948403760323, -1640.6122614462, -1681.482258036539, -1691.9244044208826, -1712.9941804849568, -1728.6421078334786, -1733.9121615564782, -1740.9488038088311, -1745.102884141978, -1748.6611790941745, -1754.2097437949456, -1756.3815050424867, -1763.4049981672483, -1774.922119080289, -1791.2260771096126, -1814.3149301937788, -1816.9160563532703, -1826.6843667827643, -1835.1582420555758, -1837.7593682150673, -1847.5276786445613, -1852.5572796870777, -1855.1584058465692, -1862.7889692575834, -1882.2669024494403, -1889.8974658604545, -1890.8680286089316, -1910.2374651979171, -1910.3165245492655, -1937.524882858424, -1937.6039422097724, -1938.5894528991585, -1941.4884928509566, -1955.3577633286527, -1957.2463071486509]
 -- BestCostElement: [-1957.24630715 -1957.24630715 -1957.24630715 -1957.24630715]
 -- BestRoute: [array([ 0, 28, 29, 22, 21, 25, 20, 19,  8,  7, 15, 14, 18, 23, 13,  6,  1])
 array([ 0, 47, 51, 40, 35, 32, 26, 27, 17, 10,  5, 11,  2])
 array([ 0, 41, 46, 56, 58, 63, 71, 70, 62, 61, 57, 53, 49, 44, 43, 48, 52,
       68,  3])
 array([ 0, 38, 34, 33, 39, 45, 50, 59, 64, 72, 74, 65, 73, 66, 60, 67,  4])]
 -- Custo: 
 ---------24.892922226992173
 ---------26.68300538141434
 ---------28.883627011906743
 ---------30.478868592523984
 ---- Total: 110.93842321283724
 -- Premio: 
 ---------85.0
 ---------68.0
 ---------108.0
 ---------82.0
 ---- Total: 343.0
 - Execucao 5
 -- BestCostGenaration: [-92.02729631086548, -973.4853669018197, -1439.9463431290214, -1445.6031973785139, -1486.409435552477, -1492.0662898019693, -1521.3009389496058, -1530.435726390955, -1539.2515239039303, -1560.2515239039303, -1599.729457095787, -1602.785185185788, -1610.458418029276, -1618.9422055465695, -1632.8409132757886, -1659.6764815287668, -1660.8551955322528, -1670.8892299795496, -1678.0326524060758, -1685.3200700665827, -1691.2487543240532, -1698.3200700665827, -1704.2487543240532, -1711.3200700665827, -1714.0063615675979, -1728.0063615675979, -1729.3612441057387, -1732.5958932533752, -1806.3612441057387]
 -- BestCostElement: [-1806.36124411 -1806.36124411 -1806.36124411 -1806.36124411]
 -- BestRoute: [array([ 0, 28, 25, 20, 19, 15,  8,  7, 14, 18, 24, 30, 23, 13,  6,  1])
 array([ 0, 38, 33, 16, 12,  9,  5, 10, 17, 26, 27, 11,  2])
 array([ 0, 41, 50, 56, 58, 64, 72, 71, 70, 62, 61, 57, 49, 44, 53, 68,  3])
 array([ 0, 21, 22, 29, 32, 35, 40, 36, 42, 47, 51, 60, 67, 66, 73,  4])]
 -- Custo: 
 ---------24.142135623730955
 ---------26.902019706710778
 ---------28.66075116262454
 ---------30.45478248049911
 ---- Total: 110.15968897356538
 -- Premio: 
 ---------77.0
 ---------62.0
 ---------107.0
 ---------75.0
 ---- Total: 321.0
 - Execucao 6
 -- BestCostGenaration: [-157.8079111510955, -1350.560099907209, -1410.6808652203313, -1432.8256218434058, -1464.7432801500381, -1465.6861214069504, -1509.6196037741593, -1510.5624450310715, -1512.2207299336508, -1559.5624450310715, -1570.0431655947716, -1612.2380333461374, -1614.424490958442, -1627.4042010938247, -1636.2954974368038, -1656.7206621157902, -1690.374763842302, -1720.8968306504453, -1736.2399764009529, -1740.04472202865, -1742.5667888367932, -1754.3845575751197, -1756.681636405598, -1761.5183462636478, -1768.2748551652776, -1810.0959341076418, -1818.0959341076418, -1850.4653706966274, -1855.4949717391437, -1881.5698093804533, -1890.4688493322515, -1891.5773007443868, -1898.2452088067362, -1927.4984503747673, -1935.4984503747673, -1948.4984503747673, -1953.9763835666242, -1963.3272729259506, -1973.0955833554447, -1973.174642706793]
 -- BestCostElement: [-1973.17464271 -1973.17464271 -1973.17464271 -1973.17464271]
 -- BestRoute: [array([ 0, 28, 29, 22, 21, 25, 20, 19,  8,  7, 15, 14, 18, 23, 13,  6,  1])
 array([ 0, 41, 47, 51, 40, 35, 32, 26, 27, 17, 10,  5, 11,  2])
 array([ 0, 46, 56, 58, 63, 71, 70, 62, 69, 61, 57, 53, 49, 44, 43, 48, 52,
       68,  3])
 array([ 0, 34, 33, 39, 38, 45, 55, 50, 59, 64, 72, 74, 65, 66, 67,  4])]
 -- Custo: 
 ---------24.892922226992173
 ---------26.696186211948007
 ---------28.297840574279842
 ---------30.56939031008169
 ---- Total: 110.4563393233017
 -- Premio: 
 ---------85.0
 ---------76.0
 ---------107.0
 ---------77.0
 ---- Total: 345.0
 - Execucao 7
 -- BestCostGenaration: [-167.23455142763706, -1336.4826380855302, -1340.9750605880008, -1356.6251692242915, -1384.976058583618, -1403.3671888153074, -1407.859611317778, -1410.4607374772697, -1440.4079689643993, -1443.0090951238908, -1570.5231309416135, -1618.6538604639175, -1641.6301816003543, -1644.685909690355, -1647.2870358498467, -1658.4012878159856, -1662.5365896752355, -1666.0320150179932, -1671.3049001047298, -1685.8269669128726, -1688.0134245251775, -1688.4280930723644, -1690.614550684669, -1708.9469463151013, -1726.6332378161167, -1727.603800564594, -1747.8912182251006]
 -- BestCostElement: [-1747.89121823 -1747.89121823 -1747.89121823 -1747.89121823]
 -- BestRoute: [array([ 0, 32, 29, 28, 25, 20, 19,  8,  7, 15, 14, 18, 23, 13,  6,  1])
 array([ 0, 41, 21, 12,  9,  5, 10, 17, 26, 27, 11,  2])
 array([ 0, 54, 49, 44, 39, 30, 37, 43, 48, 52, 53, 57, 61, 69, 68,  3])
 array([ 0, 34, 33, 38, 45, 46, 50, 56, 58, 63, 62, 70, 71, 64, 72, 74,  4])]
 -- Custo: 
 ---------24.77927174436485
 ---------26.965541645124215
 ---------28.326900627202352
 ---------30.705481427033437
 ---- Total: 110.77719544372485
 -- Premio: 
 ---------84.0
 ---------60.0
 ---------80.0
 ---------89.0
 ---- Total: 313.0
 - Execucao 8
 -- BestCostGenaration: [-55.00068140969203, -1215.316008932523, -1328.5396298352455, -1336.065256407161, -1339.1209844971618, -1380.7454830100064, -1391.6417704388236, -1514.6717221449435, -1517.7274502349446, -1521.6794657537625, -1549.302285555958, -1552.3580136459589, -1554.9591398054504, -1564.1378538089364, -1566.7389799684279, -1573.809819790331, -1575.461890008135, -1600.0922463649995, -1602.8655478803316, -1633.752247027537, -1634.4620768440493, -1663.0179710453397, -1675.7744799469697, -1683.8612829071367, -1707.0959320547731, -1709.401896944939, -1730.401896944939, -1749.797811208317, -1750.5103935478103, -1751.4809562962873, -1753.824102046795, -1770.8503928852729, -1773.1935386357804, -1775.730346330683, -1781.2487274490527, -1782.5918731995605, -1790.3044555390538, -1796.5918731995603, -1805.6476012895614, -1805.942762558887, -1808.9984906488876]
 -- BestCostElement: [-1808.99849065 -1808.99849065 -1808.99849065 -1808.99849065]
 -- BestRoute: [array([ 0, 45, 38, 33, 25, 20, 19,  8, 15, 14, 18, 23, 13,  6,  1])
 array([ 0, 28, 29, 32, 26, 22, 21, 12,  9,  5, 10, 17, 11,  2])
 array([ 0, 56, 58, 63, 71, 70, 62, 69, 61, 57, 53, 49, 44, 43, 48, 52, 68,
        3])
 array([ 0, 46, 64, 72, 74, 65, 59, 50, 41, 35, 40, 47, 51,  4])]
 -- Custo: 
 ---------24.792417163603837
 ---------26.34919025728683
 ---------28.18487822239771
 ---------30.17389169448969
 ---- Total: 109.50037733777808
 -- Premio: 
 ---------76.0
 ---------72.0
 ---------103.0
 ---------70.0
 ---- Total: 321.0
 - Execucao 9
 -- BestCostGenaration: [-109.3649185923997, -1207.3212635232417, -1295.2472622103562, -1304.1303238400774, -1335.1154795368732, -1356.804339945471, -1376.1573215023402, -1406.7187525114755, -1431.1573215023404, -1457.7389457883055, -1484.8474423911766, -1497.634857731387, -1517.7433543342581, -1519.3739177452726, -1534.0859424037085, -1540.1944390065796, -1551.3033064545937, -1555.0859424037085, -1569.6870253000436, -1577.429088154216, -1579.0596515652305, -1596.7985247432016, -1598.8514570470652, -1610.7985247432016, -1628.211887894324, -1642.211887894324, -1644.8130140538156, -1646.153364018186, -1665.267615984325, -1669.2090921081867, -1671.8102182676782, -1685.969658928862, -1688.133883621734, -1689.7644470327484, -1699.078155531733, -1699.3733168010588, -1699.3962160512137, -1709.5310034925628, -1727.2172949935782, -1728.1878577420553, -1729.9256667582342, -1730.8436478297554, -1732.8219541870515, -1738.1093718475581]
 -- BestCostElement: [-1738.10937185 -1738.10937185 -1738.10937185 -1738.10937185]
 -- BestRoute: [array([ 0, 28, 29, 22, 21, 12, 16, 20, 19,  8,  7, 15, 14, 18, 13,  6,  1])
 array([ 0, 41, 47, 40, 35, 32, 26, 27, 11, 17, 10,  5,  2])
 array([ 0, 45, 52, 48, 43, 44, 39, 31, 33, 34, 38, 49, 53,  3])
 array([ 0, 46, 50, 56, 58, 55, 54, 57, 61, 69, 70, 62, 63, 71, 64, 72,  4])]
 -- Custo: 
 ---------24.30713578936527
 ---------26.34919025728683
 ---------28.61851027916836
 ---------30.44782071228997
 ---- Total: 109.72265703811043
 -- Premio: 
 ---------85.0
 ---------70.0
 ---------68.0
 ---------88.0
 ---- Total: 311.0
 - Execucao 10
 -- BestCostGenaration: [-92.63366843946962, -1158.3398630177167, -1421.615204753456, -1529.5155535327972, -1532.571281622798, -1554.464831419899, -1560.464831419899, -1587.1359679258553, -1591.2474241058571, -1634.8781945710211, -1641.5907769105143, -1681.4078411969901, -1683.4263451634927, -1708.3855650144008, -1709.2409838402339, -1711.359437966916, -1728.221133267379, -1743.7288745559015, -1744.9075885593875, -1749.019044739389, -1768.508714718879, -1771.1950062198941, -1785.1950062198941, -1787.9269051648462, -1789.9798374687098, -1792.6209402746804, -1794.673872578544, -1797.9875810775288, -1811.9875810775288, -1815.0138719160068, -1827.748147898204, -1830.774438736682, -1844.774438736682, -1856.0881472356668, -1875.3755648961735, -1876.7216702238115]
 -- BestCostElement: [-1876.72167022 -1876.72167022 -1876.72167022 -1876.72167022]
 -- BestRoute: [array([ 0, 28, 25, 21, 12, 16, 20, 19,  8,  7, 15, 14, 18, 23, 13,  6,  1])
 array([ 0, 29, 32, 35, 40, 26, 27, 11, 17, 10,  5,  2])
 array([ 0, 45, 55, 63, 71, 70, 62, 61, 57, 53, 49, 44, 39, 43, 48, 52, 68,
        3])
 array([ 0, 41, 47, 51, 59, 50, 46, 56, 58, 64, 72, 74, 65, 66, 67,  4])]
 -- Custo: 
 ---------24.957417329238154
 ---------26.443433543200516
 ---------27.785844453984343
 ---------29.13288711762412
 ---- Total: 108.31958244404713
 -- Premio: 
 ---------83.0
 ---------64.0
 ---------99.0
 ---------84.0
 ---- Total: 330.0
 - Execucao 11
 -- BestCostGenaration: [-151.96519210324428, -1339.338542531197, -1411.1849144050154, -1494.3694381345138, -1513.3771817433326, -1541.0321116566251, -1579.8736233974428, -1592.5002296385899, -1603.260796459265, -1622.1125628936547, -1650.57790361618, -1661.3384704368552, -1670.126261262801, -1691.1634421231429, -1734.9162653349993, -1741.9085217261804, -1745.2222302251653, -1766.3866619721869, -1785.935019618808, -1789.7033300483022, -1790.1579319788113, -1805.4638968689774, -1808.0650230284689, -1821.0650230284689, -1825.751314529484, -1839.867554741174, -1844.5166653818478, -1846.9388704837036, -1859.2412360851195, -1873.871799496134, -1880.0845479469165]
 -- BestCostElement: [-1880.08454795 -1880.08454795 -1880.08454795 -1880.08454795]
 -- BestRoute: [array([ 0, 25, 21, 12, 16, 20, 19,  8,  7, 15, 14, 18, 23, 13,  6,  1])
 array([ 0, 45, 38, 28, 29, 32, 35, 40, 26, 27, 11,  2])
 array([ 0, 34, 33, 39, 44, 43, 48, 52, 53, 49, 54, 57, 61, 62, 70, 69,  3])
 array([ 0, 46, 41, 47, 51, 50, 56, 58, 63, 71, 72, 64, 59, 65, 73, 66, 60,
       67,  4])]
 -- Custo: 
 ---------24.66630939248272
 ---------26.908950079602004
 ---------27.21747754732893
 ---------30.43612599385723
 ---- Total: 109.22886301327088
 -- Premio: 
 ---------74.0
 ---------66.0
 ---------94.0
 ---------97.0
 ---- Total: 331.0
 - Execucao 12
 -- BestCostGenaration: [-265.89623592431167, -1230.0734468904552, -1602.4074473069259, -1619.1248136781073, -1628.6400915212992, -1665.8188487879415, -1704.6323911756367, -1711.2553747688255, -1717.3716149805155, -1752.789036050683, -1752.945724188886, -1773.5283031187184, -1780.5283031187184, -1782.9727411400072, -1783.2602020636705, -1785.7046400849592, -1803.6775798706815, -1806.4094788156335, -1806.4122313386142, -1811.2601588005139, -1827.3158868905148, -1831.8427377303462, -1839.8907222115283, -1841.5212856225428, -1848.1548086106875, -1853.8907222115283, -1855.5212856225428, -1877.5692701037246, -1887.982633254847, -1892.7961323793859, -1904.2740655712425]
 -- BestCostElement: [-1904.27406557 -1904.27406557 -1904.27406557 -1904.27406557]
 -- BestRoute: [array([ 0, 38, 34, 33, 31, 23, 18, 13,  6, 14, 15, 19,  8,  7,  1])
 array([ 0, 28, 29, 32, 35, 40, 36, 27, 26, 17,  9,  5, 10, 11,  2])
 array([ 0, 45, 55, 56, 58, 63, 71, 70, 62, 61, 57, 53, 49, 44, 43, 48, 52,
       68,  3])
 array([ 0, 46, 41, 47, 51, 50, 59, 64, 72, 74, 65, 73, 66, 60, 67,  4])]
 -- Custo: 
 ---------24.844454977356026
 ---------26.957417329238154
 ---------28.549776476484556
 ---------28.07983482411062
 ---- Total: 108.43148360718935
 -- Premio: 
 ---------69.0
 ---------80.0
 ---------105.0
 ---------80.0
 ---- Total: 334.0
 - Execucao 13
 -- BestCostGenaration: [-153.6266662459741, -1199.6140742421003, -1467.1952403678363, -1543.1771063589447, -1603.4845191749655, -1615.7028587682682, -1618.7585868582692, -1662.915607219051, -1667.4856585083762, -1674.5647178597246, -1687.3116852734222, -1690.1200304086615, -1700.6917617808479, -1705.2618130701733, -1721.9481045711884, -1741.317541160174, -1767.2046543270853, -1779.7136192145451, -1801.2792802736528, -1804.5929887726377, -1819.2057094058437, -1838.2870238824719, -1850.2792802736528, -1852.8997445156779, -1853.414067715002, -1864.8920009068588]
 -- BestCostElement: [-1864.89200091 -1864.89200091 -1864.89200091 -1864.89200091]
 -- BestRoute: [array([ 0, 29, 22, 21, 28, 25, 20, 19,  8,  7, 15, 14, 18, 23, 13,  6,  1])
 array([ 0, 41, 42, 40, 35, 32, 26, 27, 17,  9,  5, 10, 11,  2])
 array([ 0, 46, 63, 70, 62, 61, 57, 53, 49, 44, 39, 43, 48, 52, 69, 68,  3])
 array([ 0, 45, 55, 56, 58, 64, 72, 74, 65, 73, 66, 67, 60, 51, 47,  4])]
 -- Custo: 
 ---------24.91268706482926
 ---------26.948122114152724
 ---------28.686074230319804
 ---------30.7301163639835
 ---- Total: 111.27699977328528
 -- Premio: 
 ---------85.0
 ---------71.0
 ---------93.0
 ---------81.0
 ---- Total: 330.0
 - Execucao 14
 -- BestCostGenaration: [-108.59871035223644, -1291.7120047855585, -1323.5007193444883, -1327.8918495761777, -1350.5007193444883, -1441.6402764296345, -1460.190271694899, -1522.6745198586605, -1542.7937196474809, -1574.9274639910705, -1609.620753438766, -1612.2218795982576, -1633.3070449397815, -1647.8187603340496, -1663.609016651133, -1670.5532885611321, -1671.1014824167603, -1680.4774663259423, -1682.6897137097178, -1692.8669970601168, -1742.3760052107332, -1744.9771313702247, -1758.581217106847, -1783.3388243503914, -1787.831246852862, -1797.3465679592105, -1802.4944140580865, -1825.3038985267365, -1828.2920969988722, -1866.4750759755532, -1867.5202646705977, -1868.6615335878578, -1869.7067222829025, -1872.0126871730683, -1873.3930137839177, -1875.6989786740835, -1895.0684152630693, -1899.0421244245913, -1900.355832923576, -1907.3930137839177, -1907.472073135266]
 -- BestCostElement: [-1907.47207314 -1907.47207314 -1907.47207314 -1907.47207314]
 -- BestRoute: [array([ 0, 28, 29, 22, 21, 25, 20, 19,  8,  7, 15, 14, 18, 23, 13,  6,  1])
 array([ 0, 40, 36, 35, 32, 26, 27, 11, 17, 10,  5,  2])
 array([ 0, 45, 38, 34, 33, 37, 39, 44, 43, 48, 52, 53, 49, 54, 57, 61, 69,
       68,  3])
 array([ 0, 46, 50, 59, 64, 72, 71, 70, 62, 63, 58, 56, 41, 47, 51, 67,  4])]
 -- Custo: 
 ---------24.892922226992173
 ---------26.714776642118867
 ---------28.948122114152724
 ---------30.576160732919725
 ---- Total: 111.1319817161835
 -- Premio: 
 ---------85.0
 ---------59.0
 ---------97.0
 ---------95.0
 ---- Total: 336.0
 - Execucao 15
 -- BestCostGenaration: [-63.74077387751652, -1259.9193809386677, -1304.9301670080117, -1310.7522522417448, -1475.237049170268, -1506.6549855850126, -1509.256111744504, -1550.7574923492245, -1579.2762056901731, -1640.7574923492245, -1643.358618508716, -1660.7574923492245, -1663.6862131322346, -1668.7158141747507, -1695.7158141747507, -1698.7715422647516, -1700.677427507438, -1702.2639647672222, -1706.9196132097436, -1740.528150755475, -1741.5358943642937, -1741.7564935964033, -1745.0283168667645, -1746.6370415626975, -1747.3496239021906, -1750.3233330637127, -1761.5665739333697, -1762.4845550048908, -1765.356765421629, -1773.6813187517416, -1776.2297215890985, -1790.5503821752882, -1793.098785012645, -1804.1576595156907, -1811.7556392621373, -1812.4682216016306, -1824.7556392621373, -1824.8346986134857, -1825.5472809529788, -1827.3459205905008, -1869.2668612391524, -1869.5992033688199, -1883.4607302376971, -1884.1733125771902, -1886.0646089201691]
 -- BestCostElement: [-1886.06460892 -1886.06460892 -1886.06460892 -1886.06460892]
 -- BestRoute: [array([ 0, 28, 29, 22, 21, 25, 20, 19,  8,  7, 15, 14, 18, 23, 13,  6,  1])
 array([ 0, 40, 36, 35, 32, 26, 27, 17,  9,  5, 10, 11,  2])
 array([ 0, 45, 49, 52, 48, 43, 39, 33, 34, 38, 44, 53, 57, 61, 69, 68,  3])
 array([ 0, 46, 55, 62, 70, 71, 63, 72, 64, 58, 56, 50, 41, 47, 51, 67,  4])]
 -- Custo: 
 ---------24.892922226992173
 ---------26.37163089161125
 ---------28.36233567652582
 ---------29.856958974828416
 ---- Total: 109.48384776995766
 -- Premio: 
 ---------85.0
 ---------63.0
 ---------91.0
 ---------93.0
 ---- Total: 332.0
 - Execucao 16
 -- BestCostGenaration: [-107.22676900630624, -1094.6229285202317, -1199.414344607753, -1392.8509611220861, -1401.1381717284432, -1437.07716192094, -1442.8948875956298, -1594.381300041206, -1601.8553823681673, -1622.8553823681673, -1625.2775874700233, -1628.2248189571528, -1653.4983870186652, -1655.7451883210733, -1674.9483665162038, -1701.881459319627, -1733.7922815144902, -1750.5307729199328, -1754.6661180423393, -1765.3524095433547, -1783.751283383863]
 -- BestCostElement: [-1783.75128338 -1783.75128338 -1783.75128338 -1783.75128338]
 -- BestRoute: [array([ 0, 45, 38, 34, 33, 31, 23, 18, 13,  6, 14, 15,  8,  7,  1])
 array([ 0, 41, 47, 51, 42, 40, 35, 32, 26, 27, 17, 10,  5,  2])
 array([ 0, 46, 50, 56, 58, 63, 71, 70, 62, 61, 57, 53, 49, 44, 39, 43, 48,
       52, 68,  3])
 array([ 0, 28, 29, 60, 67, 66, 73, 65, 59, 64, 72, 74,  4])]
 -- Custo: 
 ---------24.908950079602004
 ---------26.76997652927942
 ---------27.96399003885765
 ---------30.91926250629518
 ---- Total: 110.56217915403425
 -- Premio: 
 ---------67.0
 ---------73.0
 ---------108.0
 ---------70.0
 ---- Total: 318.0
 - Execucao 17
 -- BestCostGenaration: [-101.60856812424804, -1241.941151682537, -1297.5859629332863, -1342.9931475520134, -1414.311964289645, -1568.7923063733183, -1579.098107472491, -1582.1538355624918, -1589.4969813129997, -1594.5265823555155, -1597.5823104455164, -1603.0539738562047, -1608.0835748987206, -1616.8518853282146, -1625.405027006524, -1634.1733374360183, -1636.4201387384264, -1638.7433887253433, -1640.9901900277514, -1650.4977675252808, -1650.5768268766292, -1665.106054753706, -1666.7588510841533, -1668.3894144951676]
 -- BestCostElement: [-1668.3894145 -1668.3894145 -1668.3894145 -1668.3894145]
 -- BestRoute: [array([ 0, 45, 38, 34, 33, 31, 23, 18, 13,  6, 14, 15,  8,  7,  1])
 array([ 0, 28, 29, 22, 21, 25, 19, 20, 16, 12,  9,  5, 10,  2])
 array([ 0, 50, 55, 54, 57, 53, 49, 44, 39, 43, 48, 52, 61, 69, 68,  3])
 array([ 0, 32, 35, 41, 46, 56, 58, 63, 62, 70, 71, 64, 72, 74,  4])]
 -- Custo: 
 ---------24.908950079602004
 ---------25.29126786466034
 ---------27.687088710081124
 ---------30.015339721864635
 ---- Total: 107.90264637620811
 -- Premio: 
 ---------67.0
 ---------69.0
 ---------78.0
 ---------86.0
 ---- Total: 300.0
 - Execucao 18
 -- BestCostGenaration: [-101.72571167415404, -1467.6618872904314, -1472.154309792902, -1523.66963089925, -1528.1620534017206, -1538.5051991522282, -1560.4960248903226, -1580.1008367395877, -1596.2879606826148, -1624.3540783076191, -1625.4145452385726, -1659.2750189562707, -1669.6972240581267, -1695.2750189562707, -1697.4392436491428, -1722.7373644955987, -1733.1595695974547, -1746.8721519369478, -1748.92013641813, -1753.4469872579616, -1756.048113417453, -1763.4655344876205, -1766.0666606471123, -1775.7529521481274, -1779.0666606471123, -1781.3013097947487, -1783.3492942759306, -1786.0666606471123, -1808.4098063976198, -1813.1751572499836, -1822.52604660931, -1824.8320114994758, -1825.2866134299852, -1827.1751572499836, -1843.7645466218419, -1854.1076923723494, -1855.996236192348, -1863.4214008713343, -1891.4214008713343, -1893.3099446913325, -1901.6530904418405]
 -- BestCostElement: [-1901.65309044 -1901.65309044 -1901.65309044 -1901.65309044]
 -- BestRoute: [array([ 0, 25, 20, 19,  8,  7, 15, 14,  6, 13, 18, 24, 23,  1])
 array([ 0, 28, 29, 22, 21, 16, 12,  9,  5, 10, 17, 26, 27, 11,  2])
 array([ 0, 46, 45, 38, 34, 33, 39, 44, 43, 48, 52, 53, 49, 54, 57, 61, 69,
       68,  3])
 array([ 0, 41, 47, 50, 56, 58, 63, 62, 70, 71, 64, 72, 74, 65, 66, 67,  4])]
 -- Custo: 
 ---------23.724919915854397
 ---------26.892922226992173
 ---------28.193485306737944
 ---------30.275399939955417
 ---- Total: 109.08672738953993
 -- Premio: 
 ---------64.0
 ---------75.0
 ---------98.0
 ---------97.0
 ---- Total: 334.0
 - Execucao 19
 -- BestCostGenaration: [-129.40956434023798, -1383.945313406778, -1387.0801008481271, -1408.6316049077932, -1432.5510646547143, -1483.225761593422, -1490.859284581567, -1500.6391247445445, -1511.6803635239312, -1512.0977845940988, -1520.1170579364011, -1520.5344790065687, -1533.1093143275823, -1534.4524600780899, -1542.165042417583, -1599.10193142569, -1604.4715750688251, -1654.2926540111894, -1672.4771710174205, -1675.0782971769117, -1691.1137050608831, -1704.8217333429652, -1724.978551622141, -1736.1911699319508, -1737.978551622141, -1746.1692094674095, -1750.0199327154464, -1760.0329578422475, -1774.0329578422475, -1792.2723910215725, -1808.5844166225847, -1837.6813187517416, -1839.0244645022492, -1855.367610252757, -1855.6627715220825, -1860.311882162756, -1862.655027913264, -1876.3148869306224, -1889.3071433218033]
 -- BestCostElement: [-1889.30714332 -1889.30714332 -1889.30714332 -1889.30714332]
 -- BestRoute: [array([ 0, 29, 22, 21, 28, 25, 20, 19,  8,  7, 15, 14, 18, 23, 13,  6,  1])
 array([ 0, 45, 38, 34, 33, 31, 24, 16, 12,  9,  5, 10, 17, 11,  2])
 array([ 0, 46, 50, 56, 58, 63, 71, 70, 62, 61, 57, 53, 49, 44, 39, 43, 48,
       52, 68,  3])
 array([ 0, 47, 51, 42, 40, 35, 32, 41, 59, 64, 72, 74, 66,  4])]
 -- Custo: 
 ---------24.91268706482926
 ---------26.843766846610826
 ---------27.96399003885765
 ---------30.702770219251427
 ---- Total: 110.42321416954917
 -- Premio: 
 ---------85.0
 ---------64.0
 ---------108.0
 ---------76.0
 ---- Total: 333.0
 - Execucao 20
 -- BestCostGenaration: [-117.53899345486344, -1282.1595474516403, -1395.9732988210644, -1429.6068218092094, -1483.4623659287613, -1502.6176254300499, -1555.6764629134755, -1560.7429946243167, -1604.2632619504022, -1734.6441830821357, -1737.6999111721364, -1783.9501479723015, -1831.6949633494546, -1831.6949633494548, -1834.4604779928115, -1836.34902181281, -1850.3567654216288, -1860.0796706135861, -1861.199745060847, -1861.9123274003402, -1863.0882888808453, -1888.9123274003402, -1895.4871627213538, -1898.782071745794, -1907.064750565348, -1926.6131082119693]
 -- BestCostElement: [-1926.61310821 -1926.61310821 -1926.61310821 -1926.61310821]
 -- BestRoute: [array([ 0, 29, 22, 21, 12, 16, 20, 19,  8,  7, 15, 14, 18, 23, 13,  6,  1])
 array([ 0, 47, 51, 42, 40, 35, 32, 26, 17,  9,  5, 10, 11,  2])
 array([ 0, 46, 50, 56, 58, 63, 71, 70, 62, 61, 57, 53, 49, 44, 39, 43, 48,
       52, 68,  3])
 array([ 0, 45, 38, 34, 28, 41, 59, 64, 72, 74, 73, 66, 60, 67,  4])]
 -- Custo: 
 ---------24.91268706482926
 ---------25.99286367624554
 ---------27.96399003885765
 ---------30.977182167075238
 ---- Total: 109.84672294700769
 -- Premio: 
 ---------81.0
 ---------68.0
 ---------108.0
 ---------81.0
 ---- Total: 338.0
 - Execucao 21
 -- BestCostGenaration: [-67.57018942944457, -1085.753648837501, -1454.4311201047576, -1499.3812382212054, -1502.5160256625545, -1534.1957128881616, -1561.7150262857922, -1615.405832952019, -1618.540620393368, -1624.3948243298978, -1636.8727575217545, -1638.9406377665273, -1671.6752440437242, -1688.3537919359205, -1709.2638877534441, -1712.0244545741193, -1719.061635434461, -1725.5106890558523, -1730.0807403451774, -1732.8413071658526, -1746.662386108217, -1759.662386108217, -1764.3192403577095, -1778.3192403577095, -1793.1171518297197, -1794.863955452424, -1815.863955452424, -1827.0983975459105]
 -- BestCostElement: [-1827.09839755 -1827.09839755 -1827.09839755 -1827.09839755]
 -- BestRoute: [array([ 0, 45, 38, 34, 33, 31, 23, 18, 13,  6, 14, 15,  8,  7,  1])
 array([ 0, 41, 29, 28, 25, 19, 20, 16, 12,  9,  5, 10,  2])
 array([ 0, 46, 55, 62, 70, 61, 57, 53, 49, 44, 39, 43, 48, 52, 69, 68,  3])
 array([ 0, 32, 35, 40, 47, 50, 56, 58, 63, 71, 72, 64, 59, 65, 73, 66, 67,
        4])]
 -- Custo: 
 ---------24.908950079602004
 ---------25.754796735319687
 ---------27.627463706948124
 ---------30.184190091652514
 ---- Total: 108.47540061352232
 -- Premio: 
 ---------67.0
 ---------70.0
 ---------91.0
 ---------95.0
 ---- Total: 323.0
 - Execucao 22
 -- BestCostGenaration: [-57.163340899104796, -1112.1047562604592, -1266.1076924609429, -1534.4167049739985, -1537.5514924153479, -1584.1420315404062, -1612.1117628935995, -1648.9857741398275, -1659.154372344999, -1666.39913729095, -1673.3703000961088, -1720.213246848045, -1723.821342392806, -1807.7056693505156, -1810.7613974405162, -1847.1045431910238, -1849.9824895568, -1871.4890691473051, -1883.8956865966325, -1886.0599112895047, -1890.8956865966325, -1893.0599112895047, -1893.3328396393977, -1895.82047811018, -1922.633813443725, -1924.5223572637237]
 -- BestCostElement: [-1924.52235726 -1924.52235726 -1924.52235726 -1924.52235726]
 -- BestRoute: [array([ 0, 28, 29, 22, 21, 12, 16, 20, 19, 15,  8,  7, 14, 18, 13,  6,  1])
 array([ 0, 46, 41, 40, 35, 32, 26, 27, 17,  9,  5, 10, 11,  2])
 array([ 0, 45, 54, 62, 70, 69, 61, 57, 53, 49, 44, 39, 43, 48, 52, 68,  3])
 array([ 0, 50, 56, 58, 63, 71, 72, 64, 59, 65, 73, 66, 67, 60, 51, 47,  4])]
 -- Custo: 
 ---------24.549776476484556
 ---------26.006044506779208
 ---------27.20005801635744
 ---------30.863531684447914
 ---- Total: 108.61941068406912
 -- Premio: 
 ---------85.0
 ---------72.0
 ---------95.0
 ---------85.0
 ---- Total: 337.0
 - Execucao 23
 -- BestCostGenaration: [-247.04370365574104, -1254.2204320951496, -1386.3047878869224, -1461.4338518979116, -1462.2404415296623, -1496.1231029760577, -1508.1808193116094, -1525.2481851384814, -1527.2961696196635, -1561.7336382556825, -1569.7336382556825, -1571.7816227368644, -1579.9028107712359, -1617.5891022722512, -1620.0285924708583, -1621.6591558818725, -1633.0285924708583, -1644.4197227025477, -1649.4493237450638, -1659.7628684530555, -1700.7628684530555, -1709.7222520949567, -1714.751853137473, -1714.830912488821, -1717.0949988879806, -1720.830912488821, -1723.1740582393288, -1727.2146745974273, -1732.7751843988203, -1734.110586540509, -1736.1585710216912, -1745.5017167721987, -1751.5017167721987, -1765.5017167721987, -1766.0499106278266, -1768.1028429316902, -1784.706764877319, -1786.7596971811827, -1787.472279520676, -1789.3707808644851, -1794.9485757626292, -1801.6697929987063, -1822.8123241374676, -1832.5583368187047, -1838.7400536624777, -1846.1064874111762, -1866.288204254949, -1870.6842823093202, -1895.3705738103354, -1914.4820299903372]
 -- BestCostElement: [-1914.48202999 -1914.48202999 -1914.48202999 -1914.48202999]
 -- BestRoute: [array([ 0, 28, 29, 22, 21, 12, 16, 20, 19,  8,  7, 15, 14, 18, 13,  1])
 array([ 0, 40, 36, 35, 32, 26, 27, 17,  9,  5, 10, 11,  2])
 array([ 0, 45, 38, 34, 33, 39, 44, 43, 53, 49, 54, 62, 70, 57, 61, 69, 68,
        3])
 array([ 0, 46, 56, 58, 63, 71, 72, 64, 59, 50, 41, 47, 51, 65, 73, 66, 67,
        4])]
 -- Custo: 
 ---------24.128990204491963
 ---------26.37163089161125
 ---------28.257980408983922
 ---------30.620890997328626
 ---- Total: 109.37949250241577
 -- Premio: 
 ---------78.0
 ---------63.0
 ---------101.0
 ---------94.0
 ---- Total: 336.0
 - Execucao 24
 -- BestCostGenaration: [-157.8670241539324, -1163.6497838215619, -1241.2016677837546, -1575.3636644061403, -1578.4984518474894, -1606.9414593042843, -1624.7179900621622, -1627.5909462296322, -1679.4197687808155, -1687.5575157992953, -1717.1508983499675, -1730.4942078914682, -1732.1247713024827, -1754.8371898509831, -1756.4677532619976, -1769.2595587438318, -1770.0984804640048, -1774.4896106956944, -1798.8901221548463, -1800.5905684722359, -1806.0685016640925, -1808.4907067659485, -1826.889580606457, -1838.2884544469655, -1842.8585057362907, -1845.2807108381467, -1870.1459233967976, -1885.4890691473051, -1894.80277764629, -1913.4968127561242, -1920.4968127561242, -1923.8105212551088, -1930.80277764629, -1934.2016514867985, -1943.80277764629, -1946.224982748146]
 -- BestCostElement: [-1946.22498275 -1946.22498275 -1946.22498275 -1946.22498275]
 -- BestRoute: [array([ 0, 29, 28, 25, 20, 19, 16, 12,  8,  7, 15, 14, 18, 13,  6,  1])
 array([ 0, 41, 47, 51, 42, 40, 35, 32, 26, 27, 17, 10,  5,  2])
 array([ 0, 46, 50, 62, 70, 61, 57, 53, 49, 44, 39, 43, 48, 52, 69, 68,  3])
 array([ 0, 34, 33, 38, 45, 54, 55, 56, 58, 63, 71, 72, 64, 59, 65, 73, 66,
       67,  4])]
 -- Custo: 
 ---------24.326900627202352
 ---------26.76997652927942
 ---------28.977182167075238
 ---------30.119694989406533
 ---- Total: 110.19375431296353
 -- Premio: 
 ---------83.0
 ---------73.0
 ---------92.0
 ---------93.0
 ---- Total: 341.0
 - Execucao 25
 -- BestCostGenaration: [-130.62365930488502, -922.8021221675252, -1308.5988591774797, -1421.3885164697854, -1424.5233039111347, -1444.6595055922144, -1500.7655515952126, -1546.6497080320455, -1564.1567270176379, -1573.3139544325693, -1621.0868851027587, -1623.1398174066223, -1648.9079640451232, -1665.1398174066223, -1690.9079640451232, -1698.9079640451232, -1710.2774006341087, -1753.359770189495, -1772.7292067784806, -1776.781975291351, -1816.1808491318595, -1816.4760104011852, -1818.8191561516928, -1827.2481502185003, -1829.1595493792197, -1843.7557277160297, -1846.5385274561377, -1850.691157675295, -1863.691157675295, -1863.964086025188, -1871.5122366176597, -1874.5385274561377, -1874.717448513773, -1888.5385274561377]
 -- BestCostElement: [-1888.53852746 -1888.53852746 -1888.53852746 -1888.53852746]
 -- BestRoute: [array([ 0, 28, 21, 22, 12, 16, 19,  8,  7, 15, 14, 18, 23, 13,  6,  1])
 array([ 0, 40, 35, 32, 29, 26, 27, 17, 10,  5, 11,  2])
 array([ 0, 46, 50, 56, 58, 63, 71, 70, 62, 61, 57, 53, 49, 44, 39, 43, 48,
       52, 68,  3])
 array([ 0, 38, 45, 41, 47, 51, 59, 64, 72, 74, 73, 66, 60, 67,  4])]
 -- Custo: 
 ---------24.95741732923815
 ---------26.04590467207512
 ---------27.96399003885765
 ---------29.89805609579472
 ---- Total: 108.86536813596564
 -- Premio: 
 ---------79.0
 ---------64.0
 ---------108.0
 ---------81.0
 ---- Total: 332.0
 - Execucao 26
 -- BestCostGenaration: [-104.6372151560625, -1268.5776082334278, -1312.6890644134292, -1370.6786147061252, -1373.7343427961262, -1413.4193481043442, -1416.2444666500182, -1458.420940532252, -1480.0255830623994, -1500.975197114899, -1504.0309252048996, -1523.7738367524207, -1525.4044001634352, -1556.9496517197674, -1570.3810689020875, -1573.352422503439, -1580.34467889462, -1597.1808472042803, -1604.9224737927643, -1605.3742799371362, -1609.5532894486641, -1617.083802264608, -1660.6090175386648, -1665.6386185811807, -1679.6175249951586, -1681.6655094763405, -1698.262642457018, -1717.0279933093816, -1718.2067073128674, -1720.807833472359, -1733.807833472359, -1741.807833472359, -1742.1029947416846, -1754.807833472359, -1759.587716898493, -1759.8828781678185, -1779.3346843121908, -1779.6298455815163, -1782.6141061189933, -1782.9092673883188, -1783.8798301367958, -1791.927814617978, -1792.2229758873036, -1810.58466886747, -1810.879830136796, -1813.1857950269618, -1814.156357775439]
 -- BestCostElement: [-1814.15635778 -1814.15635778 -1814.15635778 -1814.15635778]
 -- BestRoute: [array([ 0, 20, 19,  8,  7, 15, 14, 18, 24, 31, 30, 23, 13,  6,  1])
 array([ 0, 40, 35, 32, 29, 28, 25, 12,  9,  5, 10, 11,  2])
 array([ 0, 45, 38, 34, 33, 39, 44, 43, 48, 52, 53, 49, 57, 62, 61, 69, 68,
        3])
 array([ 0, 55, 70, 71, 63, 72, 64, 58, 56, 50, 46, 41, 47, 51, 67,  4])]
 -- Custo: 
 ---------24.627805494253792
 ---------26.883627011906743
 ---------28.19348530673794
 ---------30.25599274324178
 ---- Total: 109.96091055614025
 -- Premio: 
 ---------65.0
 ---------73.0
 ---------97.0
 ---------87.0
 ---- Total: 322.0
 - Execucao 27
 -- BestCostGenaration: [-89.30031314637151, -1428.1218324920815, -1438.4963987731142, -1438.946204273419, -1563.3824994665815, -1568.9602943647255, -1608.3809928738078, -1619.282346529211, -1658.8787338477498, -1659.1738951170755, -1703.3197363712816, -1703.614897640607, -1708.6023700000999, -1720.928606139592, -1725.9160784990847, -1730.0370575517275, -1732.9238221079036, -1735.3460272097595, -1750.6101136089187, -1760.6286608385778, -1763.852606800265, -1766.908334890266, -1778.4311925512832, -1782.5466419100992, -1784.9688470119552, -1798.5946263912813, -1811.2994651219553, -1814.3551932119565, -1816.7773983138125, -1821.6281215618494, -1842.4492005042136, -1844.2586849728636]
 -- BestCostElement: [-1844.25868497 -1844.25868497 -1844.25868497 -1844.25868497]
 -- BestRoute: [array([ 0, 25, 21, 12, 16, 20, 19,  8,  7, 15, 14, 18, 23, 13,  6,  1])
 array([ 0, 41, 47, 51, 42, 40, 35, 32, 26, 17,  9,  5, 10, 11,  2])
 array([ 0, 46, 50, 56, 58, 63, 71, 70, 62, 61, 57, 53, 49, 44, 39, 43, 48,
       52, 68,  3])
 array([ 0, 29, 28, 34, 33, 38, 45, 55, 59, 64, 72, 74,  4])]
 -- Custo: 
 ---------24.66630939248272
 ---------26.006044506779208
 ---------27.96399003885765
 ---------29.048984818664508
 ---- Total: 107.68532875678409
 -- Premio: 
 ---------74.0
 ---------76.0
 ---------108.0
 ---------67.0
 ---- Total: 325.0
 - Execucao 28
 -- BestCostGenaration: [-156.1971307524439, -875.3578397450732, -1464.713645457502, -1472.001063118009, -1534.8098430462148, -1537.4109692057064, -1562.3366486953107, -1564.9377748548022, -1589.8254306987435, -1610.3815319541836, -1620.4265568582352, -1639.6874968443494, -1664.7387915295697, -1677.5002915170376, -1714.791723833433, -1730.47470513041, -1739.784913391407, -1751.0572840602424, -1806.1915308407342, -1813.4789485012411, -1850.1509144826355, -1867.748047463313, -1872.1097404434797, -1882.1772053211134, -1902.7597842509458, -1904.924008943818, -1925.1819893528018, -1934.0019699532518, -1946.025301214599, -1948.1895259074713, -1970.6744118552724, -1972.0098139969614, -1990.52492804916, -1991.8603301908486, -2008.9238018896683, -2010.9717863708504]
 -- BestCostElement: [-2010.97178637 -2010.97178637 -2010.97178637 -2010.97178637]
 -- BestRoute: [array([ 0, 29, 22, 21, 28, 25, 20, 19,  8,  7, 15, 14, 18, 23, 13,  6,  1])
 array([ 0, 41, 47, 51, 42, 40, 35, 32, 26, 27, 17, 10,  5,  2])
 array([ 0, 38, 34, 33, 39, 44, 43, 48, 52, 53, 49, 54, 57, 62, 70, 61, 69,
       68,  3])
 array([ 0, 45, 46, 50, 56, 58, 64, 72, 74, 71, 63, 59, 65, 73, 66, 60, 67,
        4])]
 -- Custo: 
 ---------24.91268706482926
 ---------26.76997652927942
 ---------28.193485306737944
 ---------29.880904506440807
 ---- Total: 109.75705340728743
 -- Premio: 
 ---------85.0
 ---------73.0
 ---------102.0
 ---------90.0
 ---- Total: 350.0
 - Execucao 29
 -- BestCostGenaration: [-191.645738554, -1437.7968411104976, -1461.1179063978445, -1466.3776407765079, -1488.8304887373379, -1515.4053240583512, -1548.258759706133, -1581.8952937495958, -1588.1413136874721, -1596.4109297804582, -1599.9144081486545, -1623.642825517582, -1626.903810694432, -1631.4738619837572, -1654.903810694432, -1675.4492087639228, -1689.3701494125744, -1708.6558430534142, -1713.8303738808322, -1727.8381174896513, -1729.8236281790373, -1732.4324979473477, -1761.6034683420148, -1801.8908860025213, -1817.3130911043772, -1824.3130911043772]
 -- BestCostElement: [-1824.3130911 -1824.3130911 -1824.3130911 -1824.3130911]
 -- BestRoute: [array([ 0, 34, 33, 30, 23, 18, 13,  6, 14, 15, 19,  8,  7,  1])
 array([ 0, 28, 25, 20, 16, 12, 21, 22, 29, 32, 35, 26, 17, 10, 11,  2])
 array([ 0, 55, 62, 70, 61, 57, 54, 49, 44, 39, 43, 48, 52, 53, 69, 68,  3])
 array([ 0, 38, 45, 46, 56, 58, 63, 71, 72, 64, 59, 65, 73, 66, 51, 60, 67,
        4])]
 -- Custo: 
 ---------24.9263696105735
 ---------26.95741732923815
 ---------28.080522954855816
 ---------30.957417329238154
 ---- Total: 110.92172722390562
 -- Premio: 
 ---------67.0
 ---------76.0
 ---------90.0
 ---------91.0
 ---- Total: 324.0
