 - Execucao 0
 -- BestCostGenaration: [-224.01520342488368, -1167.647553847395, -1219.256389966181, -1222.3121180561816, -1251.148684216184, -1270.9421670492952, -1304.5026335875318, -1316.2418573924103, -1361.1331969985463, -1388.2446531785477, -1391.5583616775325, -1406.8720701765174, -1467.5583616775325, -1470.1594878370242, -1472.5026335875318, -1499.5026335875318, -1504.1594878370242, -1513.0480316570224, -1522.4737540170659, -1540.1600455180815, -1555.954997412961, -1561.3244340019464, -1583.5031480054326, -1588.8725845944182, -1603.5031480054324, -1605.84629375594, -1610.5031480054324, -1611.9283126844189, -1616.4954043966134, -1617.9205690755998, -1618.8385501471212, -1620.2637148261076]
 -- BestCostElement: [-1620.26371483 -1620.26371483 -1620.26371483 -1620.26371483]
 -- BestRoute: [array([ 0, 46, 56, 58, 64, 72, 71, 70, 62, 61, 57, 53, 43, 44, 49, 45,  0])
 array([ 0, 28, 25, 20, 19,  8,  7, 15, 14,  6, 13, 18, 23, 30, 31, 33, 38,
        0])
 array([ 0, 41, 47, 51, 42, 40, 35, 32, 26, 17, 10,  5,  9, 22, 21, 29,  0])]
 -- Custo: 
 ---------26.77927174436485
 ---------27.72134935173836
 ---------30.43345019736989
 ---- Total: 84.9340712934731
 -- Premio: 
 ---------108.0
 ---------87.0
 ---------85.0
 ---- Total: 280.0
 - Execucao 1
 -- BestCostGenaration: [-278.54725851318904, -1138.477189514823, -1305.3488596247607, -1308.4045877147616, -1369.7855540372307, -1372.8412821272316, -1454.1453039625821, -1456.7464301220737, -1477.4590124615668, -1480.5147405515677, -1483.1158667110592, -1487.5147405515677, -1490.1158667110592, -1535.6936616092034, -1540.186084111674, -1567.4735017721807, -1585.159793273196]
 -- BestCostElement: [-1585.15979327 -1585.15979327 -1585.15979327 -1585.15979327]
 -- BestRoute: [array([ 0, 46, 50, 56, 58, 64, 72, 71, 70, 62, 61, 57, 53, 49, 44, 39,  0])
 array([ 0, 41, 47, 51, 42, 40, 35, 32, 26, 17, 10,  5,  9, 22,  0])
 array([ 0, 29, 28, 25, 20, 19,  8,  7, 15, 14,  6, 13, 18, 23, 30, 31, 33,
       34, 38,  0])]
 -- Custo: 
 ---------26.820368865331147
 ---------28.976995751540617
 ---------30.912687064829257
 ---- Total: 86.71005168170102
 -- Premio: 
 ---------104.0
 ---------74.0
 ---------98.0
 ---- Total: 276.0
 - Execucao 2
 -- BestCostGenaration: [-305.2498233896639, -1155.570935868036, -1165.1200475199712, -1170.1896109022844, -1195.5906514370024, -1197.827079848461, -1216.750092098186, -1259.390890771559, -1301.329172842899, -1314.397428573407, -1322.0417551823925, -1347.6018489479068, -1357.6398213298626, -1370.1453039625821, -1372.9253511797092, -1381.0895758725812, -1393.933094788528, -1399.071028642922, -1421.6379335192023, -1425.8696230897083, -1438.5264773392007, -1453.4177736821798, -1453.8696230897085, -1454.164784359034, -1464.6494632526858, -1466.0746279316722, -1470.4784928580189, -1473.116799877852, -1475.281024570724, -1484.5947330697088, -1512.1428836621803]
 -- BestCostElement: [-1512.14288366 -1512.14288366 -1512.14288366 -1512.14288366]
 -- BestRoute: [array([ 0, 38, 34, 33, 31, 23, 18, 13,  6, 14, 15,  7,  8, 19, 20,  0])
 array([ 0, 46, 56, 58, 64, 72, 71, 70, 62, 69, 61, 57, 53, 49, 44, 39,  0])
 array([ 0, 41, 40, 35, 32, 26, 27, 11, 10,  5,  9, 22, 29, 28,  0])]
 -- Custo: 
 ---------26.692300596499773
 ---------28.568432963126433
 ---------30.453545524828723
 ---- Total: 85.71427908445493
 -- Premio: 
 ---------72.0
 ---------108.0
 ---------85.0
 ---- Total: 265.0
 - Execucao 3
 -- BestCostGenaration: [-259.58213182664247, -1161.0997324541377, -1197.721029187232, -1200.143234289088, -1255.950483135281, -1263.7715620776455, -1275.238853512076, -1291.845923798329, -1331.4196391166354, -1358.6474778222457, -1366.4685567646102, -1411.6110878147783, -1414.2122139742696, -1421.8937214435964, -1428.8505209941031, -1474.4283158922472]
 -- BestCostElement: [-1474.42831589 -1474.42831589 -1474.42831589 -1474.42831589]
 -- BestRoute: [array([ 0, 46, 56, 58, 63, 71, 70, 62, 69, 61, 57, 53, 49, 44, 39,  0])
 array([ 0, 41, 35, 47, 51, 60, 67, 66, 59, 64, 72,  0])
 array([ 0, 29, 28, 25, 20, 19,  8,  7, 15, 14,  6, 13, 18, 23, 30, 31, 33,
       34, 38,  0])]
 -- Custo: 
 ---------26.568432963126433
 ---------28.911800998982542
 ---------30.912687064829257
 ---- Total: 86.39292102693824
 -- Premio: 
 ---------95.0
 ---------67.0
 ---------98.0
 ---- Total: 260.0
 - Execucao 4
 -- BestCostGenaration: [-311.971834135617, -1165.6379983480265, -1222.5554561792203, -1225.6902436205696, -1226.2540884848286, -1227.0333893710772, -1274.9171943501228, -1277.5154666642109, -1320.4949892482668, -1332.9328877343785, -1344.9195392909844, -1369.6058307919998, -1397.318413131493, -1405.3261567403117, -1424.7051913426867, -1427.3434983625198, -1431.739576416891, -1442.056080702013, -1465.111808792014, -1485.5636149363859, -1489.7953045068919, -1499.8587762057116, -1500.571358545205, -1502.9145042957125, -1505.25765004622, -1518.2499064374013, -1518.5078868463852, -1531.5078868463852, -1534.5636149363859, -1536.9067606868937]
 -- BestCostElement: [-1536.90676069 -1536.90676069 -1536.90676069 -1536.90676069]
 -- BestRoute: [array([ 0, 46, 56, 58, 63, 71, 70, 62, 61, 57, 53, 49, 44, 43, 39, 45,  0])
 array([ 0, 41, 50, 59, 64, 72, 65, 73, 66, 67, 60, 51, 47,  0])
 array([ 0, 29, 28, 25, 20, 19,  8,  7, 15, 14,  6, 13, 18, 23, 30, 31, 33,
       34, 38,  0])]
 -- Custo: 
 ---------26.29784057427984
 ---------27.56278218916752
 ---------30.912687064829257
 ---- Total: 84.77330982827661
 -- Premio: 
 ---------100.0
 ---------70.0
 ---------98.0
 ---- Total: 268.0
 - Execucao 5
 -- BestCostGenaration: [-212.36478144132218, -1137.588439528207, -1188.8282491007099, -1206.841472114509, -1214.6625510568738, -1251.4602987378908, -1264.9950993531588, -1278.9950993531588, -1320.4469054975307, -1369.4469054975307, -1382.8196522905546, -1389.402231220387, -1424.402231220387, -1448.4579593103877, -1456.4657029192065, -1463.170541649881, -1469.4579593103877, -1488.11481355988]
 -- BestCostElement: [-1488.11481356 -1488.11481356 -1488.11481356 -1488.11481356]
 -- BestRoute: [array([ 0, 46, 56, 58, 63, 71, 70, 62, 69, 61, 57, 53, 49, 44, 39,  0])
 array([ 0, 32, 35, 40, 51, 60, 67, 66, 65, 59, 72, 64,  0])
 array([ 0, 45, 38, 34, 33, 31, 24, 18, 13,  6, 14, 15,  7,  8, 19, 20, 25,
       28, 29,  0])]
 -- Custo: 
 ---------26.568432963126433
 ---------28.925681479828302
 ---------30.977182167075235
 ---- Total: 86.47129661002998
 -- Premio: 
 ---------95.0
 ---------68.0
 ---------99.0
 ---- Total: 262.0
 - Execucao 6
 -- BestCostGenaration: [-271.497035807499, -1226.4466188615602, -1229.5023469515609, -1282.1592012010533, -1284.7603273605448, -1318.2109709611025, -1347.5169358512685, -1359.9235533005958, -1368.0311586157018, -1379.9158096917768, -1434.6175884104298, -1448.8706209967322, -1456.0013505190361, -1462.40047660443, -1464.2282560578537, -1467.6582047685285, -1476.5495011115077, -1477.3367526607249, -1486.228049003704, -1500.228049003704]
 -- BestCostElement: [-1500.228049 -1500.228049 -1500.228049 -1500.228049]
 -- BestRoute: [array([ 0, 20, 19,  8,  7, 15, 14,  6, 13, 18, 23, 31, 33, 38,  0])
 array([ 0, 46, 56, 58, 64, 72, 71, 70, 62, 69, 61, 57, 53, 49, 44, 39,  0])
 array([ 0, 41, 40, 35, 32, 26, 17, 10,  5,  9, 22, 21, 12, 16, 25, 28,  0])]
 -- Custo: 
 ---------26.10651415887287
 ---------28.568432963126433
 ---------30.5180406270747
 ---- Total: 85.192987749074
 -- Premio: 
 ---------69.0
 ---------108.0
 ---------86.0
 ---- Total: 263.0
 - Execucao 7
 -- BestCostGenaration: [-273.14141851360057, -1246.7391370218043, -1268.389432719703, -1268.6845939890286, -1283.302882004421, -1286.3708854900437, -1299.3708854900437, -1321.8859543515068, -1333.369789200998, -1341.206355361, -1351.1458432393108, -1364.9431345616933, -1372.6268797063456, -1394.9700254568534, -1422.5181760493247, -1447.4032843715659, -1464.8166475226883, -1464.8957068740365, -1467.4177736821798, -1475.5029390237037, -1478.104065183195, -1480.4472109337025, -1485.104065183195, -1486.7346285942094, -1509.79035668421, -1517.0483370931943]
 -- BestCostElement: [-1517.04833709 -1517.04833709 -1517.04833709 -1517.04833709]
 -- BestRoute: [array([ 0, 38, 34, 33, 31, 23, 18, 13,  6, 14, 15,  7,  8, 19, 20,  0])
 array([ 0, 41, 35, 32, 26, 17, 10,  5,  9, 12, 21, 22, 29, 28,  0])
 array([ 0, 45, 56, 58, 64, 72, 71, 63, 70, 62, 61, 57, 53, 49, 44, 43, 39,
        0])]
 -- Custo: 
 ---------26.692300596499773
 ---------28.705481427033437
 ---------30.840133703168235
 ---- Total: 86.23791572670144
 -- Premio: 
 ---------72.0
 ---------81.0
 ---------113.0
 ---- Total: 266.0
 - Execucao 8
 -- BestCostGenaration: [-259.6596614567867, -1151.4229836978502, -1364.9906659483781, -1367.5917921078697, -1391.072684876857, -1402.304374447363, -1450.3387595215672, -1452.9398856810587, -1485.0513418610603, -1487.652468020552, -1489.9956137710597, -1507.9398856810587, -1510.2830314315663, -1538.2830314315663, -1542.9398856810587, -1545.2830314315663, -1551.2752878227475]
 -- BestCostElement: [-1551.27528782 -1551.27528782 -1551.27528782 -1551.27528782]
 -- BestRoute: [array([ 0, 46, 50, 56, 58, 64, 72, 71, 70, 62, 61, 57, 53, 49, 44, 39,  0])
 array([ 0, 28, 25, 20, 19,  8,  7, 15, 14,  6, 13, 18, 23, 30, 31, 33, 38,
        0])
 array([ 0, 41, 35, 32, 26, 27, 17, 10,  5,  9, 12, 21, 22, 29,  0])]
 -- Custo: 
 ---------26.820368865331147
 ---------27.72134935173836
 ---------30.139459827243613
 ---- Total: 84.68117804431313
 -- Premio: 
 ---------104.0
 ---------87.0
 ---------79.0
 ---- Total: 270.0
 - Execucao 9
 -- BestCostGenaration: [-234.90362132150372, -1204.760819329787, -1212.5818982721514, -1240.5600595570697, -1276.7152480793993, -1327.4508986763449, -1335.2719776187096, -1348.8760633553316, -1352.2162495287087, -1407.0824167312267, -1415.0824167312267, -1415.79499907072, -1434.824436322243, -1468.9064552507216, -1469.824436322243, -1521.850727160721, -1565.6112939813959, -1567.2418573924103, -1576.667579752454, -1604.2157303449255, -1618.2157303449255]
 -- BestCostElement: [-1618.21573034 -1618.21573034 -1618.21573034 -1618.21573034]
 -- BestRoute: [array([ 0, 41, 47, 40, 35, 32, 26, 17, 10,  5,  9, 22, 29,  0])
 array([ 0, 46, 56, 58, 64, 72, 71, 70, 62, 61, 57, 53, 43, 39, 44, 49, 45,
        0])
 array([ 0, 38, 34, 33, 31, 24, 18, 13,  6, 14, 15,  7,  8, 19, 20, 16, 12,
       25, 28,  0])]
 -- Custo: 
 ---------26.36895509512391
 ---------28.193485306737944
 ---------30.883627011906743
 ---- Total: 85.44606741376859
 -- Premio: 
 ---------73.0
 ---------113.0
 ---------94.0
 ---- Total: 280.0
 - Execucao 10
 -- BestCostGenaration: [-261.7792657660476, -1107.1088332395695, -1183.8870517669511, -1186.4881779264424, -1195.0773436148265, -1197.6784697743178, -1303.5832492618317, -1306.7180367031808, -1314.7167859049941, -1317.8515733463435, -1338.8593169551623, -1356.173025454147, -1359.7169928705507, -1384.130356021673, -1425.248810148355, -1445.3573067512261]
 -- BestCostElement: [-1445.35730675 -1445.35730675 -1445.35730675 -1445.35730675]
 -- BestRoute: [array([ 0, 41, 50, 56, 58, 63, 71, 70, 62, 61, 57, 53, 49, 44, 39,  0])
 array([ 0, 38, 34, 33, 31, 30, 23, 18, 13,  6, 14, 15,  7,  8, 19, 20, 28,
        0])
 array([ 0, 46, 59, 64, 72, 74, 65, 73, 66, 67, 60, 51, 47, 40,  0])]
 -- Custo: 
 ---------26.568432963126433
 ---------28.30713578936527
 ---------30.035104559701722
 ---- Total: 84.91067331219342
 -- Premio: 
 ---------95.0
 ---------85.0
 ---------75.0
 ---- Total: 255.0
 - Execucao 11
 -- BestCostGenaration: [-260.2819717769286, -1224.1040464645794, -1255.9333382429277, -1274.6755350560154, -1319.888194738619, -1322.2388406435457, -1356.4116988488727, -1405.27322571775, -1408.5448055337115, -1433.27322571775, -1436.5448055337115, -1481.9780644484244, -1483.6086278594387, -1511.1567784519102]
 -- BestCostElement: [-1511.15677845 -1511.15677845 -1511.15677845 -1511.15677845]
 -- BestRoute: [array([ 0, 41, 35, 32, 29, 26, 17, 10,  5,  9, 22, 21,  0])
 array([ 0, 46, 56, 64, 72, 71, 70, 62, 61, 57, 53, 49, 44, 43, 39, 45,  0])
 array([ 0, 34, 33, 31, 23, 18, 13,  6, 14, 15,  7,  8, 19, 20, 16, 12, 25,
       28,  0])]
 -- Custo: 
 ---------26.966778600794598
 ---------28.119694989406533
 ---------30.874331796821313
 ---- Total: 85.96080538702245
 -- Premio: 
 ---------64.0
 ---------109.0
 ---------92.0
 ---- Total: 265.0
 - Execucao 12
 -- BestCostGenaration: [-233.7813421077786, -1174.9990171527438, -1176.016358774952, -1210.8473952411273, -1213.9031233311284, -1216.3253284329844, -1219.381056522985, -1220.0936388624782, -1220.5482407929876, -1235.3282880101146, -1256.2999355145175, -1256.7545374450267, -1372.0216956278086, -1379.842774570173, -1415.2679392491596, -1417.1564830691577, -1420.5073724284844, -1438.9062462689928, -1444.898502660174, -1481.53401389387, -1482.246596233363, -1499.9328877343783, -1505.04434391438, -1509.2837770937049, -1511.5897419838707, -1524.5819983750519]
 -- BestCostElement: [-1524.58199838 -1524.58199838 -1524.58199838 -1524.58199838]
 -- BestRoute: [array([ 0, 46, 50, 56, 58, 64, 72, 71, 70, 62, 61, 57, 53, 49, 44, 39,  0])
 array([ 0, 41, 47, 51, 42, 40, 35, 32, 26, 17, 10,  5,  9, 22,  0])
 array([ 0, 38, 34, 33, 31, 24, 18, 13,  6, 14, 15,  7,  8, 19, 20, 16, 12,
       28,  0])]
 -- Custo: 
 ---------26.820368865331147
 ---------28.976995751540617
 ---------30.30713578936527
 ---- Total: 86.10450040623704
 -- Premio: 
 ---------104.0
 ---------74.0
 ---------89.0
 ---- Total: 267.0
 - Execucao 13
 -- BestCostGenaration: [-217.68249330067474, -1187.6928978501212, -1195.5139767924857, -1198.0231911097198, -1216.2265591319788, -1216.5217204013045, -1243.960316781071, -1247.0160448710717, -1266.2907750403854, -1269.346503130386, -1373.652259038823, -1381.4733379811873, -1384.5290660711885, -1429.5995357166885, -1437.4206146590527, -1472.1331969985463, -1475.188925088547, -1477.7900512480387, -1481.103759747023, -1498.7900512480387, -1526.0774689085451, -1535.4283582678718, -1542.4283582678718, -1555.4206146590527]
 -- BestCostElement: [-1555.42061466 -1555.42061466 -1555.42061466 -1555.42061466]
 -- BestRoute: [array([ 0, 46, 50, 56, 58, 64, 72, 71, 70, 62, 61, 57, 53, 49, 44, 39,  0])
 array([ 0, 28, 25, 20, 19,  8,  7, 15, 14,  6, 13, 18, 23, 30, 31, 33, 38,
       34,  0])
 array([ 0, 41, 47, 51, 42, 40, 35, 32, 26, 17, 10,  5,  9, 22, 21,  0])]
 -- Custo: 
 ---------26.820368865331147
 ---------28.88362701190674
 ---------29.6908504579989
 ---- Total: 85.39484633523679
 -- Premio: 
 ---------104.0
 ---------90.0
 ---------77.0
 ---- Total: 271.0
 - Execucao 14
 -- BestCostGenaration: [-205.22940438357938, -1181.3389811526686, -1269.97006859472, -1273.025796684721, -1290.9778122035389, -1325.615328370498, -1333.4364073128625, -1345.9098087179163, -1350.141498288422, -1363.5961002189315, -1367.8277897894375, -1381.9949740594398, -1386.226663629946, -1393.226663629946, -1419.5961002189315, -1437.5481157377494, -1440.6038438277503, -1446.5961002189315, -1508.43166847191, -1509.402231220387]
 -- BestCostElement: [-1509.40223122 -1509.40223122 -1509.40223122 -1509.40223122]
 -- BestRoute: [array([ 0, 41, 50, 56, 58, 63, 71, 70, 62, 61, 57, 53, 49, 44, 39,  0])
 array([ 0, 28, 25, 20, 19,  8,  7, 15, 14,  6, 13, 18, 23, 30, 31, 33, 38,
        0])
 array([ 0, 29, 32, 35, 40, 47, 51, 60, 67, 66, 73, 65, 72, 64,  0])]
 -- Custo: 
 ---------26.568432963126433
 ---------27.72134935173836
 ---------30.359659880038482
 ---- Total: 84.64944219490327
 -- Premio: 
 ---------95.0
 ---------87.0
 ---------82.0
 ---- Total: 264.0
 - Execucao 15
 -- BestCostGenaration: [-186.132711179233, -1108.4037150729896, -1148.2894819567416, -1243.3974471886984, -1256.3974471886984, -1265.67515957028, -1295.2626597473493, -1298.3974471886984, -1317.9577931990982, -1330.5355880972422, -1334.9489512483647, -1338.0837386897138, -1364.4531752786993, -1371.4531752786993, -1371.986836560557, -1386.7963210292069]
 -- BestCostElement: [-1386.79632103 -1386.79632103 -1386.79632103 -1386.79632103]
 -- BestRoute: [array([ 0, 28, 25,  8,  7, 14, 15, 19, 20, 16, 12, 21, 22, 29,  0])
 array([ 0, 46, 41, 50, 56, 58, 63, 71, 70, 62, 61, 57, 53, 49, 44, 39,  0])
 array([ 0, 32, 35, 40, 47, 51, 60, 67, 66, 73, 65, 59, 72, 64,  0])]
 -- Custo: 
 ---------25.518238340293244
 ---------27.878291257957635
 ---------30.40439014444738
 ---- Total: 83.80091974269826
 -- Premio: 
 ---------69.0
 ---------99.0
 ---------78.0
 ---- Total: 246.0
 - Execucao 16
 -- BestCostGenaration: [-235.82408968156693, -1239.0088418829696, -1274.3519876334772, -1281.530908691113, -1303.2202067033845, -1306.3549941447336, -1308.8896420941492, -1315.4111696255636, -1316.1237519650567, -1317.2732357711695, -1317.690656841337, -1362.5076778646562, -1362.9250989348238, -1404.043553061506, -1424.1520496643768, -1459.1520496643768, -1459.7201392835957, -1460.137560353763, -1469.7464301220737, -1471.376993533088, -1478.376993533088]
 -- BestCostElement: [-1478.37699353 -1478.37699353 -1478.37699353 -1478.37699353]
 -- BestRoute: [array([ 0, 38, 34, 33, 31, 24, 18, 13,  6, 14, 15,  7,  8, 19, 20, 25, 28,
        0])
 array([ 0, 41, 46, 56, 58, 63, 71, 70, 62, 61, 57, 53, 49, 44, 43, 39,  0])
 array([ 0, 45, 50, 59, 64, 72, 74, 65, 73, 66, 67, 60, 51, 47,  0])]
 -- Custo: 
 ---------26.30713578936527
 ---------28.568432963126433
 ---------30.5301828642363
 ---- Total: 85.405751616728
 -- Premio: 
 ---------84.0
 ---------101.0
 ---------75.0
 ---- Total: 260.0
 - Execucao 17
 -- BestCostGenaration: [-263.74629435299386, -1183.9914904512725, -1232.6963291819468, -1288.3314897887353, -1328.442945968737, -1330.0735093797512, -1343.96501277688, -1346.387217878736, -1347.969753670206, -1348.0177812897505, -1375.9981061658032, -1395.589994228756, -1401.570720886454, -1415.1532998162866, -1429.1188714789255, -1449.9621833407225, -1468.361057181231, -1469.9916205922455, -1490.5741995220778]
 -- BestCostElement: [-1490.57419952 -1490.57419952 -1490.57419952 -1490.57419952]
 -- BestRoute: [array([ 0, 46, 56, 58, 63, 71, 70, 62, 61, 57, 53, 49, 44, 43, 39, 45,  0])
 array([ 0, 34, 33, 24, 18, 13,  6,  7,  8, 15, 19, 16, 12, 21,  0])
 array([ 0, 41, 47, 51, 42, 40, 35, 32, 26, 17, 10,  5,  9, 22, 29, 28,  0])]
 -- Custo: 
 ---------26.29784057427984
 ---------28.966778600794605
 ---------30.591830944406112
 ---- Total: 85.85645011948056
 -- Premio: 
 ---------100.0
 ---------71.0
 ---------91.0
 ---- Total: 262.0
 - Execucao 18
 -- BestCostGenaration: [-242.2907759671999, -1174.6825654207216, -1195.6097020746504, -1219.1054290876123, -1228.2773973893031, -1242.5304299756056, -1259.8441384745902, -1261.4747018856046, -1265.027160589138, -1308.6282867486295, -1324.9342516387956, -1352.9342516387956, -1353.4749108673336, -1355.8180566178412, -1370.3476147899178, -1370.8882740184558, -1373.2314197689634, -1401.0524987113276, -1414.044755102509, -1415.3963490022793, -1418.1237692631216, -1418.5306389573343]
 -- BestCostElement: [-1418.53063896 -1418.53063896 -1418.53063896 -1418.53063896]
 -- BestRoute: [array([ 0, 46, 50, 56, 58, 64, 72, 71, 70, 62, 61, 57, 53, 49, 44, 39,  0])
 array([ 0, 34, 20, 19,  8,  7, 15, 14,  6, 13, 18, 23, 30, 33, 38,  0])
 array([ 0, 41, 32, 29, 28, 25, 16, 12,  9,  5, 10, 17, 26,  0])]
 -- Custo: 
 ---------26.820368865331147
 ---------28.926369610573495
 ---------30.62060178476178
 ---- Total: 86.36734026066642
 -- Premio: 
 ---------104.0
 ---------74.0
 ---------74.0
 ---- Total: 252.0
 - Execucao 19
 -- BestCostGenaration: [-273.23316596313384, -1203.3729356140427, -1211.1940145564072, -1340.408025228691, -1343.5428126700401, -1346.598540760041, -1349.1996669195325, -1371.5428126700401, -1371.9602337402077, -1378.9602337402075, -1391.9602337402075, -1397.250610977845, -1420.3063390678458, -1424.5380286383518]
 -- BestCostElement: [-1424.53802864 -1424.53802864 -1424.53802864 -1424.53802864]
 -- BestRoute: [array([ 0, 46, 41, 50, 56, 58, 63, 71, 70, 62, 61, 57, 53, 49,  0])
 array([ 0, 45, 59, 64, 72, 74, 73, 66, 67, 60, 51, 47,  0])
 array([ 0, 29, 28, 25, 20, 19,  8,  7, 15, 14,  6, 13, 18, 23, 30, 31, 33,
       34, 38,  0])]
 -- Custo: 
 ---------25.365058181991753
 ---------28.587747593591054
 ---------30.912687064829257
 ---- Total: 84.86549284041206
 -- Premio: 
 ---------85.0
 ---------69.0
 ---------98.0
 ---- Total: 252.0
 - Execucao 20
 -- BestCostGenaration: [-193.96468906188028, -1181.4711173323487, -1184.5268454223497, -1222.0924251110075, -1225.1481532010084, -1227.7492793605, -1266.842516458108, -1269.1129524132575, -1273.842516458108, -1297.8332783615697, -1299.86507108467, -1336.4110732597137, -1345.2861778446113, -1348.4132216771416, -1369.4132216771416, -1389.7532210146042, -1414.9910165752856, -1427.9910165752856, -1448.3310159127482, -1448.4308776190355, -1469.2519565614, -1511.0730355037645, -1531.3604531642713, -1537.6640625828595]
 -- BestCostElement: [-1537.66406258 -1537.66406258 -1537.66406258 -1537.66406258]
 -- BestRoute: [array([ 0, 46, 50, 56, 58, 63, 71, 70, 62, 61, 57, 54, 53, 49, 44, 39,  0])
 array([ 0, 45, 59, 64, 72, 74, 73, 66, 67, 60, 51, 47, 41,  0])
 array([ 0, 29, 28, 25, 20, 19,  8,  7, 15, 14,  6, 13, 18, 23, 30, 31, 33,
       34, 38,  0])]
 -- Custo: 
 ---------26.820368865331147
 ---------28.600928424124717
 ---------30.912687064829257
 ---- Total: 86.33398435428512
 -- Premio: 
 ---------94.0
 ---------77.0
 ---------98.0
 ---- Total: 269.0
 - Execucao 21
 -- BestCostGenaration: [-197.90680639879145, -1135.0395474841757, -1231.5704686415684, -1242.2567601425837, -1244.4931885540425, -1274.5489166440432, -1277.150042803535, -1305.150042803535, -1310.679331241833, -1337.5148994948113, -1342.1717537443035, -1370.1273964445427]
 -- BestCostElement: [-1370.12739644 -1370.12739644 -1370.12739644 -1370.12739644]
 -- BestRoute: [array([ 0, 41, 46, 56, 58, 64, 72, 71, 70, 62, 61, 57, 53, 49,  0])
 array([ 0, 47, 51, 40, 35, 32, 26, 17, 10,  5,  9, 28,  0])
 array([ 0, 38, 33, 31, 23, 18, 13,  6, 14, 15,  7,  8, 19, 20, 16, 12, 21,
        0])]
 -- Custo: 
 ---------26.640986324787455
 ---------28.69230059649977
 ---------30.884863967577125
 ---- Total: 86.21815088886436
 -- Premio: 
 ---------95.0
 ---------68.0
 ---------82.0
 ---- Total: 245.0
 - Execucao 22
 -- BestCostGenaration: [-285.84352987129614, -1231.3452028261597, -1299.141498288422, -1306.9625772307866, -1325.0740334107882, -1325.3691946801139, -1347.1444578655528, -1354.965536807917, -1408.980026118531, -1416.8011050608955, -1419.8568331508964, -1423.8011050608955, -1432.9237587518014, -1435.9794868418023, -1453.6363410912945, -1456.6920691812954, -1459.293195340787, -1459.5883566101124, -1475.6440847001134, -1479.8757742706193]
 -- BestCostElement: [-1479.87577427 -1479.87577427 -1479.87577427 -1479.87577427]
 -- BestRoute: [array([ 0, 46, 56, 58, 63, 71, 70, 62, 69, 61, 57, 53, 49, 44, 39,  0])
 array([ 0, 28, 25, 20, 19,  8,  7, 15, 14,  6, 13, 18, 23, 30, 31, 33, 34,
        0])
 array([ 0, 29, 32, 35, 40, 47, 51, 60, 66, 73, 65, 59, 64, 72, 55,  0])]
 -- Custo: 
 ---------26.568432963126433
 ---------27.469413449533644
 ---------30.99321001968507
 ---- Total: 85.03105643234514
 -- Premio: 
 ---------95.0
 ---------86.0
 ---------79.0
 ---- Total: 260.0
 - Execucao 23
 -- BestCostGenaration: [-275.89434966137867, -1285.6428700071629, -1310.2919806478362, -1320.9782721488514, -1322.9521451013666, -1324.067533619142, -1353.0078731913675, -1360.2658536003514, -1388.1971379245308, -1395.4551183335147, -1401.189394315712, -1408.447374724696, -1436.447374724696, -1438.8695798265517, -1440.133666225711]
 -- BestCostElement: [-1440.13366623 -1440.13366623 -1440.13366623 -1440.13366623]
 -- BestRoute: [array([ 0, 41, 46, 56, 58, 64, 72, 71, 70, 62, 61, 57, 53, 49,  0])
 array([ 0, 45, 38, 34, 33, 31, 23, 18, 13,  6, 14, 15,  7,  8, 19, 20,  0])
 array([ 0, 29, 32, 35, 27, 17, 10,  5,  9, 22, 21, 12, 16, 25, 28,  0])]
 -- Custo: 
 ---------26.640986324787455
 ---------28.75679569874575
 ---------30.818801420039016
 ---- Total: 86.21658344357223
 -- Premio: 
 ---------95.0
 ---------79.0
 ---------81.0
 ---- Total: 255.0
 - Execucao 24
 -- BestCostGenaration: [-267.1252665538128, -1140.2130207089097, -1143.6558135281407, -1161.6047973898358, -1162.243808950113, -1165.0475902090668, -1207.9314571698847, -1235.6440395093778, -1244.1383512952304, -1282.1352048821857, -1286.5999058930915, -1311.5326480696071, -1329.0250705720778, -1336.737652911571, -1371.0250705720778, -1389.6819248215702, -1391.4914092902202, -1393.1219727012344, -1414.1219727012344]
 -- BestCostElement: [-1414.1219727 -1414.1219727 -1414.1219727 -1414.1219727]
 -- BestRoute: [array([ 0, 46, 50, 56, 58, 63, 71, 70, 62, 61, 57, 53, 49, 44, 43, 39,  0])
 array([ 0, 41, 47, 51, 42, 40, 35, 32, 26, 17, 10,  5,  9, 22,  0])
 array([ 0, 25, 20, 19, 15,  7,  8, 12, 21, 29, 28, 34, 33, 38, 45,  0])]
 -- Custo: 
 ---------26.23458242770424
 ---------28.976995751540617
 ---------30.507928645446494
 ---- Total: 85.71950682469135
 -- Premio: 
 ---------96.0
 ---------74.0
 ---------81.0
 ---- Total: 251.0
 - Execucao 25
 -- BestCostGenaration: [-291.98319942936143, -1202.1757929811552, -1205.3105804225045, -1208.4880372963275, -1225.2136782933476, -1254.2694063833485, -1281.117170054255, -1301.6875535661593, -1320.0864274066676, -1322.4295731571751, -1327.3738450671744, -1338.851778259031, -1342.1233580749927, -1343.7539214860071, -1374.067629984992, -1375.570216396683, -1393.5144883066823, -1396.8281968056672, -1398.4587602166814, -1426.0512966703247, -1427.681860081339, -1443.8166475226883, -1446.1597932731959, -1478.8166475226885, -1479.234068592856, -1481.159793273196, -1482.79035668421, -1492.6377264650528, -1493.0551475352204, -1494.2682898760672, -1494.6857109462348]
 -- BestCostElement: [-1494.68571095 -1494.68571095 -1494.68571095 -1494.68571095]
 -- BestRoute: [array([ 0, 38, 34, 33, 31, 24, 18, 13,  6, 14, 15,  7,  8, 19, 20, 25, 28,
        0])
 array([ 0, 45, 55, 56, 58, 63, 71, 70, 62, 61, 57, 53, 49, 44, 43, 39,  0])
 array([ 0, 46, 41, 50, 59, 64, 72, 74, 65, 73, 66, 67, 60, 51, 47,  0])]
 -- Custo: 
 ---------26.30713578936527
 ---------28.234582427704247
 ---------30.28685404637182
 ---- Total: 84.82857226344133
 -- Premio: 
 ---------84.0
 ---------98.0
 ---------80.0
 ---- Total: 262.0
 - Execucao 26
 -- BestCostGenaration: [-277.18517675573196, -1125.4153994799565, -1145.3670108711017, -1148.4227389611028, -1151.4784670511035, -1157.0533023721173, -1208.821612801611, -1211.4227389611028, -1231.1647585521189, -1233.7658847116104, -1244.7101566216095, -1285.177843105154, -1292.9989220475186, -1296.1337094888677, -1340.2039268894823, -1392.622866978036, -1395.649157816514, -1430.649157816514, -1446.6258265551664, -1456.05154891521, -1479.6381857640877, -1481.447670232738, -1482.2764927839212, -1502.2687491751021]
 -- BestCostElement: [-1502.26874918 -1502.26874918 -1502.26874918 -1502.26874918]
 -- BestRoute: [array([ 0, 32, 35, 40, 27, 26, 17, 10,  5,  9, 29,  0])
 array([ 0, 41, 50, 56, 58, 64, 72, 71, 70, 62, 61, 57, 53, 49, 44, 39,  0])
 array([ 0, 38, 34, 33, 31, 24, 18, 13,  6, 14, 15,  7,  8, 19, 20, 16, 12,
       25, 28,  0])]
 -- Custo: 
 ---------26.98075273119127
 ---------28.568432963126433
 ---------30.883627011906743
 ---- Total: 86.43281270622444
 -- Premio: 
 ---------62.0
 ---------108.0
 ---------94.0
 ---- Total: 264.0
 - Execucao 27
 -- BestCostGenaration: [-271.7875462674458, -1257.9144048319083, -1265.7354837742728, -1305.7004505741547, -1313.5215295165192, -1392.2898399460132, -1417.529273125338, -1434.8507252331417, -1441.8507252331417, -1454.9222911676877, -1475.765603029485, -1482.765603029485, -1491.0313270472877, -1498.0313270472877, -1511.023583438469]
 -- BestCostElement: [-1511.02358344 -1511.02358344 -1511.02358344 -1511.02358344]
 -- BestRoute: [array([ 0, 34, 33, 30, 23, 18, 13,  6, 14, 15,  7,  8, 19, 20,  0])
 array([ 0, 46, 56, 58, 64, 72, 71, 70, 62, 69, 61, 57, 53, 49, 44, 39,  0])
 array([ 0, 41, 40, 35, 32, 26, 17, 10,  5,  9, 12, 16, 25, 28, 29,  0])]
 -- Custo: 
 ---------26.774215229717246
 ---------28.568432963126433
 ---------30.65145594753911
 ---- Total: 85.99410414038279
 -- Premio: 
 ---------70.0
 ---------108.0
 ---------87.0
 ---- Total: 265.0
 - Execucao 28
 -- BestCostGenaration: [-260.10565729979254, -1092.1479917530653, -1188.9782104022124, -1265.115354309331, -1307.115354309331, -1330.1710823993317, -1349.4182591874753, -1352.1788260081505, -1387.1788260081505, -1389.067369828149, -1414.4662436686572, -1416.3547874886556]
 -- BestCostElement: [-1416.35478749 -1416.35478749 -1416.35478749 -1416.35478749]
 -- BestRoute: [array([ 0, 46, 56, 58, 64, 72, 71, 70, 62, 61, 57, 53, 49, 44, 39,  0])
 array([ 0, 41, 32, 35, 40, 47, 51, 60, 67, 66, 73, 65, 59,  0])
 array([ 0, 38, 34, 33, 31, 24, 18, 13,  6, 14, 15,  7,  8, 19, 20, 12, 21,
        0])]
 -- Custo: 
 ---------25.991941740584956
 ---------28.52713810679331
 ---------30.64222328045784
 ---- Total: 85.1613031278361
 -- Premio: 
 ---------101.0
 ---------69.0
 ---------81.0
 ---- Total: 251.0
 - Execucao 29
 -- BestCostGenaration: [-247.2960917806305, -1232.688555630817, -1294.176335658185, -1297.3111230995341, -1299.4853053162171, -1299.9027263863848, -1350.0523836775183, -1363.0523836775183, -1384.7649660170114, -1403.6110849996671, -1403.9062462689928, -1416.2047197952252, -1419.3456132267497, -1444.2047197952252, -1475.7825146933692, -1475.8987549050594, -1485.752870387697, -1512.752870387697, -1530.439161888712, -1534.4128710502341, -1550.726579549219]
 -- BestCostElement: [-1550.72657955 -1550.72657955 -1550.72657955 -1550.72657955]
 -- BestRoute: [array([ 0, 46, 50, 56, 58, 64, 72, 71, 70, 62, 61, 57, 53, 49, 44, 39,  0])
 array([ 0, 38, 34, 33, 31, 24, 18, 23, 13,  6, 14, 15,  7,  8, 19, 20, 25,
       28,  0])
 array([ 0, 41, 47, 51, 42, 40, 35, 32, 26, 17, 10,  5,  9, 22, 21,  0])]
 -- Custo: 
 ---------26.820368865331147
 ---------28.30713578936527
 ---------29.6908504579989
 ---- Total: 84.81835511269531
 -- Premio: 
 ---------104.0
 ---------89.0
 ---------77.0
 ---- Total: 270.0
