 - Execucao 0
 -- BestCostGenaration: [-198.40571395365754, -977.380791491643, -1120.9688652364907, -1122.4749304090954, -1135.221897822793, -1196.1134464106574, -1220.762557051331, -1239.1614308918395]
 -- BestCostElement: [-1239.16143089 -1239.16143089 -1239.16143089 -1239.16143089]
 -- BestRoute: [array([ 0, 38, 34, 33, 31, 24, 18, 13,  6, 14, 15,  7,  8, 19, 20,  0])
 array([ 0, 28, 25, 21, 22, 29, 32, 35, 40, 42, 51, 47, 41,  0])
 array([ 0, 63, 71, 70, 62, 69, 61, 57, 53, 49, 44, 39,  0])]
 -- Custo: 
 ---------25.863873471753582
 ---------25.177617382033016
 ---------25.918151423253548
 ---- Total: 76.95964227704015
 -- Premio: 
 ---------70.0
 ---------71.0
 ---------80.0
 ---- Total: 221.0
 - Execucao 1
 -- BestCostGenaration: [-198.2107248179569, -979.3711537594259, -984.3370850085935, -1022.3666860511096, -1051.5935915899272, -1106.2946246464417, -1109.4371556966096, -1123.1577870810936, -1132.3766435749203, -1154.2946246464417, -1169.8065922855951, -1209.2054661261036, -1218.5486118766112, -1271.4928837866105, -1272.3139627289747, -1299.8621133214465, -1315.205259071954, -1316.6569014253328, -1331.3694837648259, -1350.0263380143183, -1351.6569014253328, -1364.649157816514, -1369.9661765195367, -1382.9661765195367, -1405.4882433276798]
 -- BestCostElement: [-1405.48824333 -1405.48824333 -1405.48824333 -1405.48824333]
 -- BestRoute: [array([ 0., 41., 47., 51., 42., 40., 35., 32., 27., 26., 29.,  0.])
 array([ 0, 46, 56, 58, 64, 72, 71, 70, 62, 61, 57, 53, 49, 44, 39,  0])
 array([ 0, 38, 33, 31, 24, 18, 13,  6, 14, 15,  7,  8, 19, 20, 25, 28,  0])]
 -- Custo: 
 ---------25.664648075756695
 ---------25.991941740584956
 ---------25.72134935173836
 ---- Total: 77.37793916808002
 -- Premio: 
 ---------63.0
 ---------101.0
 ---------81.0
 ---- Total: 245.0
 - Execucao 2
 -- BestCostGenaration: [-314.2977555534667, -1003.8512134294926, -1019.4191865433004, -1051.8499343802675, -1072.8499343802675, -1144.3574686146403, -1171.4659652175114, -1171.7266981494763, -1182.4129896504915, -1210.4129896504915, -1237.7004073109983]
 -- BestCostElement: [-1237.70040731 -1237.70040731 -1237.70040731 -1237.70040731]
 -- BestRoute: [array([ 0, 46, 56, 58, 64, 72, 71, 70, 62, 61, 57, 53, 49, 44, 39,  0])
 array([ 0, 45, 38, 34, 33, 31, 23, 18, 13,  6, 14, 15,  0])
 array([ 0, 28, 29, 32, 26, 27, 17, 10,  5,  9, 22,  0])]
 -- Custo: 
 ---------25.991941740584956
 ---------25.582733442539226
 ---------25.750222989126254
 ---- Total: 77.32489817225044
 -- Premio: 
 ---------101.0
 ---------58.0
 ---------62.0
 ---- Total: 221.0
 - Execucao 3
 -- BestCostGenaration: [-309.75141527882744, -1003.5285706010665, -1025.9327536799692, -1043.2221500676783, -1082.9786589693083, -1094.1505820802633, -1103.6912413088014, -1138.3247642969463, -1162.9738749376197, -1164.8624187576183, -1204.7949538799844, -1215.1905175164547, -1218.5231238720062, -1246.6687561444833, -1248.557299964482, -1265.067629984992, -1266.9561738049902]
 -- BestCostElement: [-1266.9561738 -1266.9561738 -1266.9561738 -1266.9561738]
 -- BestRoute: [array([ 0, 45, 28, 29, 32, 35, 40, 42, 51, 47, 41,  0])
 array([ 0, 46, 56, 58, 63, 71, 70, 69, 61, 57, 53, 49, 44, 39,  0])
 array([ 0, 38, 34, 33, 31, 24, 18, 13,  6, 14, 15,  7,  8, 19, 20,  0])]
 -- Custo: 
 ---------25.740927774040824
 ---------25.406155302958055
 ---------25.863873471753582
 ---- Total: 77.01095654875246
 -- Premio: 
 ---------66.0
 ---------89.0
 ---------70.0
 ---- Total: 225.0
 - Execucao 4
 -- BestCostGenaration: [-1006.9029034905219, -1026.4212846088915, -1060.3420182033935, -1066.1777935105215, -1066.8674765998596, -1079.43078218739, -1086.4385257962088, -1086.639347462105, -1090.4191876250825, -1112.9335108244068, -1115.0613455984044, -1117.619802325422, -1134.43078218739, -1134.5874703255927, -1158.2470122692416, -1175.485512370367, -1177.5645717217153, -1221.790772720089, -1241.1602093090746, -1259.559083149583, -1266.7380042072186, -1267.7948306391343, -1271.1937044796427, -1271.4888657489682, -1276.1379763896418, -1279.1937044796427, -1292.9062868191359, -1294.5368502301503, -1301.7157712877859]
 -- BestCostElement: [-1301.71577129 -1301.71577129 -1301.71577129 -1301.71577129]
 -- BestRoute: [array([ 0, 46, 50, 63, 71, 70, 62, 61, 57, 53, 49, 44, 39, 33,  0])
 array([ 0, 45, 56, 58, 64, 72, 74, 65, 66, 60, 51, 47, 41,  0])
 array([ 0, 28, 29, 22, 21, 12, 16,  8,  7, 14, 15, 19, 20, 25,  0])]
 -- Custo: 
 ---------25.857647105573612
 ---------25.96131424237031
 ---------25.252095830109624
 ---- Total: 77.07105717805355
 -- Premio: 
 ---------87.0
 ---------74.0
 ---------69.0
 ---- Total: 230.0
 - Execucao 5
 -- BestCostGenaration: [-257.3177334230711, -956.7754722548991, -1051.7068289613303, -1089.810541532513, -1101.0422311030188, -1119.4411049435273, -1119.858526013695, -1134.6709700594754, -1137.0931751613314, -1147.7794666623465, -1205.2016717642025]
 -- BestCostElement: [-1205.20167176 -1205.20167176 -1205.20167176 -1205.20167176]
 -- BestRoute: [array([ 0, 38, 34, 33, 31, 23, 18, 13,  6, 14,  7, 15, 19, 20,  0])
 array([ 0, 28, 29, 32, 35, 26, 17, 10,  5,  9, 22, 21,  0])
 array([ 0, 46, 41, 50, 56, 58, 63, 71, 70, 62, 61, 57, 53, 49,  0])]
 -- Custo: 
 ---------25.52072772124596
 ---------25.81379615571165
 ---------25.365058181991753
 ---- Total: 76.69958205894936
 -- Premio: 
 ---------66.0
 ---------65.0
 ---------85.0
 ---- Total: 216.0
 - Execucao 6
 -- BestCostGenaration: [-212.54433154098473, -1082.9098927932566, -1114.7173156047875, -1122.5383945471517, -1136.119816626717, -1177.0795757543538, -1190.9558156173193, -1198.0873193631726, -1220.8478861838478, -1231.5341776848632, -1242.765867255369, -1293.82159534537]
 -- BestCostElement: [-1293.82159535 -1293.82159535 -1293.82159535 -1293.82159535]
 -- BestRoute: [array([ 0, 46, 50, 56, 58, 64, 72, 63, 71, 70, 62, 61, 57, 53, 49,  0])
 array([ 0, 34, 33, 31, 23, 18, 13,  6, 14, 15,  7,  8, 19, 20,  0])
 array([ 0, 29, 26, 17, 10,  5,  9, 22, 21, 12, 16, 25, 28,  0])]
 -- Custo: 
 ---------25.543203766865055
 ---------25.85457825666815
 ---------25.896819140124332
 ---- Total: 77.29460116365755
 -- Premio: 
 ---------94.0
 ---------68.0
 ---------67.0
 ---- Total: 229.0
 - Execucao 7
 -- BestCostGenaration: [-207.09032655826184, -972.5136815503035, -1070.5981095285151, -1071.0155305986827, -1072.627045513511, -1106.9393233594087, -1110.9352654403635, -1111.3526865105312, -1123.304702029349, -1133.9909935303644, -1134.169914588, -1154.9909935303644, -1159.9352654403638, -1160.2784111908713, -1165.4104608109853, -1192.5893818686209, -1220.5893818686209, -1248.1375324610922, -1250.854898832274, -1257.1905080281124, -1283.3511555703153, -1289.2809381697007, -1302.2809381697007, -1320.679812010209]
 -- BestCostElement: [-1320.67981201 -1320.67981201 -1320.67981201 -1320.67981201]
 -- BestRoute: [array([ 0, 46, 56, 58, 64, 72, 71, 70, 62, 61, 57, 53, 49, 44, 39,  0])
 array([ 0, 28, 29, 41, 47, 51, 42, 40, 36, 35, 32,  0])
 array([ 0, 38, 34, 33, 31, 24, 18, 13,  6, 14, 15,  7,  8, 19, 20,  0])]
 -- Custo: 
 ---------25.991941740584956
 ---------25.724231785109204
 ---------25.863873471753582
 ---- Total: 77.58004699744774
 -- Premio: 
 ---------101.0
 ---------62.0
 ---------70.0
 ---- Total: 233.0
 - Execucao 8
 -- BestCostGenaration: [-241.4810927178183, -952.7308962931494, -982.9280461134383, -987.1938998148345, -1002.5176444670255, -1037.5293019565233, -1058.08511618012, -1082.9596378718916, -1124.5077884643629, -1126.7689152863918, -1178.508514577006, -1189.900130790475, -1207.3134939415975, -1217.6127131299684, -1252.7844577481846, -1272.1538943371702, -1273.7844577481846, -1301.3326083406562]
 -- BestCostElement: [-1301.33260834 -1301.33260834 -1301.33260834 -1301.33260834]
 -- BestRoute: [array([ 0, 46, 56, 58, 63, 71, 70, 62, 61, 57, 53, 49, 44, 43, 39,  0])
 array([ 0, 38, 34, 33, 31, 24, 18, 13,  6, 14, 15,  7,  8, 19, 20,  0])
 array([ 0, 29, 26, 17, 10,  5,  9, 22, 21, 12, 16, 25, 28,  0])]
 -- Custo: 
 ---------25.406155302958055
 ---------25.863873471753582
 ---------25.896819140124332
 ---- Total: 77.16684791483597
 -- Premio: 
 ---------93.0
 ---------70.0
 ---------67.0
 ---- Total: 230.0
 - Execucao 9
 -- BestCostGenaration: [-217.13074349614084, -1077.8557095813628, -1132.8557095813628, -1160.8557095813628, -1165.885310623879, -1193.4334612163502, -1195.5082191942538, -1208.5004755854347, -1211.5082191942538, -1216.6244594059435, -1284.0155896376332, -1286.0685219414968, -1308.5913344117785, -1336.4488485523461, -1340.7703006601498, -1349.4411049435273, -1353.762557051331, -1390.5231238720062]
 -- BestCostElement: [-1390.52312387 -1390.52312387 -1390.52312387 -1390.52312387]
 -- BestRoute: [array([ 0, 38, 34, 33, 31, 24, 18, 13,  6, 14, 15,  7,  8, 19, 20,  0])
 array([ 0, 41, 47, 40, 35, 32, 29, 22, 21, 12, 16, 25, 28,  0])
 array([ 0, 46, 56, 58, 64, 72, 71, 70, 62, 61, 57, 53, 49, 44, 39,  0])]
 -- Custo: 
 ---------25.863873471753582
 ---------25.76340381965992
 ---------25.991941740584956
 ---- Total: 77.61921903199845
 -- Premio: 
 ---------70.0
 ---------72.0
 ---------101.0
 ---- Total: 243.0
 - Execucao 10
 -- BestCostGenaration: [-234.79209552502695, -935.4446034830994, -979.6083497747511, -1010.2946412757665, -1012.3475735796301, -1073.4415658295632, -1098.3378532583804, -1113.8110024185487, -1132.7613501703117, -1140.386511976099, -1154.5221240451367, -1155.8692291996442, -1204.3181190300422, -1215.3738471200431, -1225.2462361181133, -1248.9564260498755, -1259.1057028018386, -1289.325862638861, -1309.1614308918392, -1317.8740132313326, -1328.7811042809901, -1349.8182851413317, -1362.8182851413317, -1369.8182851413317]
 -- BestCostElement: [-1369.81828514 -1369.81828514 -1369.81828514 -1369.81828514]
 -- BestRoute: [array([ 0, 46, 56, 58, 64, 72, 71, 70, 62, 61, 57, 53, 49, 44, 39,  0])
 array([ 0, 38, 34, 33, 31, 24, 18, 13,  6, 14, 15,  7,  8, 19, 20,  0])
 array([ 0, 41, 47, 51, 42, 40, 35, 32, 26, 22, 29, 28,  0])]
 -- Custo: 
 ---------25.991941740584956
 ---------25.863873471753582
 ---------25.68961350232851
 ---- Total: 77.54542871466705
 -- Premio: 
 ---------101.0
 ---------70.0
 ---------69.0
 ---- Total: 240.0
 - Execucao 11
 -- BestCostGenaration: [-264.7401417858539, -1009.8874935613666, -1054.3849195481912, -1066.6166091186972, -1072.585165006332, -1102.5051529386956, -1128.5324416841972, -1143.3652574141947, -1195.309529324194, -1205.3575138053761, -1216.208237053413, -1218.3575138053761, -1233.3575138053761, -1262.7084031647025, -1273.3946946657177]
 -- BestCostElement: [-1273.39469467 -1273.39469467 -1273.39469467 -1273.39469467]
 -- BestRoute: [array([ 0, 46, 56, 58, 64, 72, 71, 70, 62, 61, 57, 53, 49, 44, 39,  0])
 array([ 0, 45, 38, 34, 33, 31, 23, 18, 13,  6, 14, 15,  0])
 array([ 0, 25, 28, 29, 26, 32, 35, 40, 51, 47, 41,  0])]
 -- Custo: 
 ---------25.991941740584956
 ---------25.582733442539226
 ---------25.57665115044638
 ---- Total: 77.15132633357057
 -- Premio: 
 ---------101.0
 ---------58.0
 ---------67.0
 ---- Total: 226.0
 - Execucao 12
 -- BestCostGenaration: [-231.83625309579875, -1123.7394286503945, -1141.9106269222748, -1162.376965640417, -1175.3692220315982, -1188.5674811717672, -1209.1500601015996, -1225.8811896707518, -1263.6912413088014, -1301.0049498077863, -1313.9972061989674, -1329.0049498077863, -1341.9972061989674, -1354.9894625901484]
 -- BestCostElement: [-1354.98946259 -1354.98946259 -1354.98946259 -1354.98946259]
 -- BestRoute: [array([ 0, 38, 34, 33, 31, 24, 18, 13,  6, 14, 15,  7,  8, 19, 20,  0])
 array([ 0, 46, 56, 58, 64, 72, 71, 70, 62, 61, 57, 53, 49, 44, 39,  0])
 array([ 0, 29, 26, 17, 10,  5,  9, 22, 21, 12, 16, 25, 28,  0])]
 -- Custo: 
 ---------25.863873471753582
 ---------25.991941740584956
 ---------25.896819140124332
 ---- Total: 77.75263435246288
 -- Premio: 
 ---------70.0
 ---------101.0
 ---------67.0
 ---- Total: 238.0
 - Execucao 13
 -- BestCostGenaration: [-205.38954230652234, -995.5234058361061, -1080.8975610716977, -1086.6425917180318, -1087.355174057525, -1109.9563002170164, -1135.8278623316573, -1136.5404446711507, -1155.1972989206429, -1155.9098812601362, -1157.5404446711507, -1158.253027010644, -1168.018584917157, -1183.3617306676647, -1196.018584917157, -1211.3617306676647, -1212.2826713163165, -1246.2826713163165, -1253.5434042482811, -1273.830821908788, -1274.7151488664974]
 -- BestCostElement: [-1274.71514887 -1274.71514887 -1274.71514887 -1274.71514887]
 -- BestRoute: [array([ 0, 28, 25,  8,  7, 14, 15, 19, 20, 16, 12, 21, 22, 29,  0])
 array([ 0, 46, 56, 58, 64, 72, 71, 70, 62, 61, 57, 53, 49, 44, 39,  0])
 array([ 0, 34, 24, 18,  6, 13, 23, 30, 31, 33, 38, 45,  0])]
 -- Custo: 
 ---------25.518238340293244
 ---------25.991941740584956
 ---------25.311032702497425
 ---- Total: 76.82121278337563
 -- Premio: 
 ---------69.0
 ---------101.0
 ---------56.0
 ---- Total: 226.0
 - Execucao 14
 -- BestCostGenaration: [-251.87376857402376, -1132.1057028018386, -1142.791994302854, -1147.4460527662088, -1157.6044383486344, -1196.8820622763233, -1197.299483346491, -1199.7216884483469, -1208.3522518593613, -1210.9533780188528, -1213.0091061088538, -1262.0091061088538]
 -- BestCostElement: [-1262.00910611 -1262.00910611 -1262.00910611 -1262.00910611]
 -- BestRoute: [array([ 0, 28, 29, 32, 35, 26, 17, 10,  5,  9, 22,  0])
 array([ 0, 46, 50, 56, 58, 64, 72, 63, 71, 70, 62, 61, 57, 53, 49,  0])
 array([ 0, 34, 33, 31, 23, 18, 13,  6, 14, 15,  7,  8, 19, 20,  0])]
 -- Custo: 
 ---------25.09994144925337
 ---------25.543203766865055
 ---------25.85457825666815
 ---- Total: 76.49772347278657
 -- Premio: 
 ---------62.0
 ---------94.0
 ---------68.0
 ---- Total: 224.0
 - Execucao 15
 -- BestCostGenaration: [-180.57466475551968, -928.2023305788398, -1000.0684851016701, -1030.0027566425397, -1058.9734265635248, -1120.808994816503, -1175.808994816503, -1197.9734265635248, -1215.2078686570117, -1222.4658490659954, -1243.2078686570117, -1253.5215771559963, -1281.0697277484678, -1288.9226806872907, -1304.9784087772916, -1327.5004755854347, -1328.3215545277992, -1344.3772826178001]
 -- BestCostElement: [-1344.37728262 -1344.37728262 -1344.37728262 -1344.37728262]
 -- BestRoute: [array([ 0, 38, 34, 33, 31, 24, 18, 13,  6, 14, 15,  7,  8, 19, 20,  0])
 array([ 0, 28, 29, 21, 22,  9,  5, 10, 17, 26, 32, 35,  0])
 array([ 0, 46, 56, 58, 64, 72, 71, 70, 62, 61, 57, 53, 49, 44, 39,  0])]
 -- Custo: 
 ---------25.863873471753582
 ---------25.049864133211443
 ---------25.991941740584956
 ---- Total: 76.90567934554997
 -- Premio: 
 ---------70.0
 ---------65.0
 ---------101.0
 ---- Total: 236.0
 - Execucao 16
 -- BestCostGenaration: [-200.58685944224266, -988.789877968703, -1047.3272249408299, -1065.069408322839, -1085.330141254804, -1129.247856438692, -1161.9341479397071, -1214.8784198497062, -1215.1391527816709, -1219.0229577607165, -1236.257606908353, -1237.5216933075124, -1238.7169928705507, -1269.4032843715659, -1273.7247364793695, -1294.3475562815652, -1298.6690083893686, -1301.0121541398764, -1301.191075197512, -1331.2732809619051, -1358.8435844961157, -1372.8435844961157, -1400.3917350885872]
 -- BestCostElement: [-1400.39173509 -1400.39173509 -1400.39173509 -1400.39173509]
 -- BestRoute: [array([ 0, 46, 56, 58, 64, 72, 71, 70, 62, 61, 57, 53, 49, 44, 39,  0])
 array([ 0, 28, 25, 20, 19, 15,  8,  7,  6, 13, 18, 23, 31, 33,  0])
 array([ 0, 41, 40, 35, 32, 26, 17, 10,  5,  9, 22, 29,  0])]
 -- Custo: 
 ---------25.991941740584956
 ---------25.85102768697552
 ---------25.059096800292707
 ---- Total: 76.90206622785318
 -- Premio: 
 ---------101.0
 ---------76.0
 ---------67.0
 ---- Total: 244.0
 - Execucao 17
 -- BestCostGenaration: [-240.98101104823888, -1082.6546236775523, -1126.2975278931597, -1135.9838193941748, -1163.9838193941748, -1178.6964017336682, -1216.010110232653, -1231.751186261091, -1259.7068289613303, -1287.7068289613303, -1300.2329536885186, -1301.6990853525112, -1334.0685219414968, -1336.7068289613303, -1364.4488485523461]
 -- BestCostElement: [-1364.44884855 -1364.44884855 -1364.44884855 -1364.44884855]
 -- BestRoute: [array([ 0, 41, 40, 35, 32, 26, 17, 10,  5,  9, 22, 28,  0])
 array([ 0, 38, 34, 33, 31, 24, 18, 13,  6, 14, 15,  7,  8, 19, 20,  0])
 array([ 0, 46, 56, 58, 64, 72, 71, 70, 62, 61, 57, 53, 49, 44, 39,  0])]
 -- Custo: 
 ---------25.28197264957491
 ---------25.863873471753582
 ---------25.991941740584956
 ---- Total: 77.13778786191344
 -- Premio: 
 ---------68.0
 ---------70.0
 ---------101.0
 ---- Total: 239.0
 - Execucao 18
 -- BestCostGenaration: [-219.0411255240296, -1085.2220533037569, -1085.3344961513162, -1120.0347376862167, -1130.65205560379, -1159.3267525424974, -1183.539168770701, -1199.4653909373353, -1210.4267794239067, -1222.140087876043, -1230.4267794239067, -1258.6399217647536, -1268.7969421255352, -1281.7891985167166, -1283.6093861713157, -1287.0795757543538, -1315.0795757543538, -1335.9006546967182]
 -- BestCostElement: [-1335.9006547 -1335.9006547 -1335.9006547 -1335.9006547]
 -- BestRoute: [array([ 0, 38, 34, 33, 31, 24, 18, 13,  6, 14, 15,  7,  8, 19, 20,  0])
 array([ 0, 63, 71, 70, 62, 61, 57, 53, 49, 44, 43, 39, 45,  0])
 array([ 0, 41, 47, 51, 60, 67, 66, 65, 74, 72, 64, 58, 56, 46,  0])]
 -- Custo: 
 ---------25.863873471753582
 ---------25.647559034406953
 ---------25.76340381965992
 ---- Total: 77.27483632582044
 -- Premio: 
 ---------70.0
 ---------85.0
 ---------80.0
 ---- Total: 235.0
 - Execucao 19
 -- BestCostGenaration: [-166.16770232872582, -1009.5501039833007, -1016.6030720529425, -1066.3188006059606, -1087.766045748108, -1088.1834668182755, -1115.9155574468916, -1136.7588693086886, -1166.8145973986893, -1181.0725778076733, -1195.0725778076733, -1218.415723558181, -1223.7774165383478, -1228.0091061088538, -1246.1205622888554, -1251.0648341988544]
 -- BestCostElement: [-1251.0648342 -1251.0648342 -1251.0648342 -1251.0648342]
 -- BestRoute: [array([ 0, 34, 33, 31, 23, 18, 13,  6, 14, 15,  7,  8, 19, 20,  0])
 array([ 0, 28, 25, 21, 22, 29, 32, 35, 40, 42, 51, 47,  0])
 array([ 0, 46, 56, 58, 64, 72, 63, 71, 70, 62, 61, 57, 53, 49,  0])]
 -- Custo: 
 ---------25.85457825666815
 ---------25.164436551499353
 ---------24.714776642118867
 ---- Total: 75.73379145028638
 -- Premio: 
 ---------68.0
 ---------63.0
 ---------91.0
 ---- Total: 222.0
 - Execucao 20
 -- BestCostGenaration: [-257.0540549456864, -1039.9202989996309, -1043.2340074986155, -1049.5214251591224, -1050.2340074986155, -1076.5214251591224, -1079.6562126004715, -1081.9621774906375, -1089.9699210994563, -1111.7811042809901, -1124.815327505655, -1169.6724438871256, -1171.7253761909892, -1174.4859430116644, -1181.151098551033, -1196.829088762172, -1208.6992491435044, -1235.4010278621574, -1238.1615946828326, -1242.4010278621574, -1244.4490123433393, -1263.1058665928317, -1265.4490123433393, -1283.1353038443547, -1311.1353038443547]
 -- BestCostElement: [-1311.13530384 -1311.13530384 -1311.13530384 -1311.13530384]
 -- BestRoute: [array([ 0, 46, 50, 56, 58, 64, 72, 63, 71, 70, 62, 61, 57, 53, 49,  0])
 array([ 0, 38, 34, 33, 31, 24, 18, 13,  6, 14, 15,  7,  8, 19, 20,  0])
 array([ 0, 41, 40, 35, 32, 26, 17, 10,  5,  9, 22, 29,  0])]
 -- Custo: 
 ---------25.543203766865055
 ---------25.863873471753582
 ---------25.059096800292707
 ---- Total: 76.46617403891135
 -- Premio: 
 ---------94.0
 ---------70.0
 ---------67.0
 ---- Total: 231.0
 - Execucao 21
 -- BestCostGenaration: [-247.73353154052973, -936.9956684619658, -1001.8155944967989, -1033.5264321484651, -1054.2488534115118, -1082.2488534115118, -1127.4832955049983, -1145.1401497544907, -1182.4538582534756, -1184.7970040039831, -1212.7970040039831, -1223.4832955049983, -1237.6821123262243]
 -- BestCostElement: [-1237.68211233 -1237.68211233 -1237.68211233 -1237.68211233]
 -- BestRoute: [array([ 0, 41, 35, 32, 26, 17, 10,  5,  9, 12, 25,  0])
 array([ 0, 45, 38, 34, 33, 31, 23, 18, 13,  6, 14, 15,  0])
 array([ 0, 46, 56, 58, 64, 72, 71, 70, 62, 61, 57, 53, 49, 44, 39,  0])]
 -- Custo: 
 ---------25.754796735319687
 ---------25.582733442539226
 ---------25.991941740584956
 ---- Total: 77.32947191844386
 -- Premio: 
 ---------62.0
 ---------58.0
 ---------101.0
 ---- Total: 221.0
 - Execucao 22
 -- BestCostGenaration: [-214.33281472366858, -1014.0505581591657, -1016.4013596298793, -1057.7346285942094, -1143.262345749306, -1145.8030482410004, -1149.852668287957, -1198.2363071557133, -1212.5575070186314, -1253.2363071557133, -1253.6660036215026, -1281.2363071557133, -1281.6660036215026, -1281.9267365534674, -1309.214154213974]
 -- BestCostElement: [-1309.21415421 -1309.21415421 -1309.21415421 -1309.21415421]
 -- BestRoute: [array([ 0, 38, 34, 33, 31, 24, 18, 13,  6, 14, 15,  7,  8, 19, 20,  0])
 array([ 0, 46, 56, 58, 64, 72, 71, 70, 62, 61, 57, 53, 49, 44, 39,  0])
 array([ 0, 41, 35, 32, 29, 28, 25, 16, 12, 21, 22,  0])]
 -- Custo: 
 ---------25.863873471753582
 ---------25.991941740584956
 ---------25.09064623416794
 ---- Total: 76.94646144650648
 -- Premio: 
 ---------70.0
 ---------101.0
 ---------60.0
 ---- Total: 231.0
 - Execucao 23
 -- BestCostGenaration: [-262.2075378087626, -1008.353393756981, -1012.1581393846782, -1035.3303147405188, -1040.8876215103815, -1048.1687351055716, -1070.0396940484818, -1070.9281946053236, -1111.491500192854, -1159.2775459351003, -1196.591254434085, -1203.591254434085, -1230.4268226870631, -1231.591254434085, -1244.4268226870631, -1272.4268226870631, -1293.2701345488604, -1321.2701345488604]
 -- BestCostElement: [-1321.27013455 -1321.27013455 -1321.27013455 -1321.27013455]
 -- BestRoute: [array([ 0, 34, 33, 31, 23, 18, 13,  6, 14, 15,  7,  8, 19, 20,  0])
 array([ 0, 46, 56, 58, 64, 72, 71, 70, 62, 61, 57, 53, 49, 44, 39,  0])
 array([ 0., 28., 29., 32., 26., 17., 10.,  5.,  9., 12., 25.,  0.])]
 -- Custo: 
 ---------25.85457825666815
 ---------25.991941740584956
 ---------25.58594636553181
 ---- Total: 77.43246636278492
 -- Premio: 
 ---------68.0
 ---------101.0
 ---------64.0
 ---- Total: 233.0
 - Execucao 24
 -- BestCostGenaration: [-236.7485325510911, -970.5300453361594, -989.8799911329081, -1069.9598457718384, -1082.9598457718384, -1083.8015124315777, -1110.5079963643097, -1111.3496630240493, -1124.8732223784584, -1135.3203329450344, -1150.0329152845275, -1151.663478695542, -1154.4462784356497, -1195.7269503943617, -1221.227116505651, -1222.8576799166656, -1231.9134080066665, -1233.543971417681, -1234.256553757174, -1287.2008256671731]
 -- BestCostElement: [-1287.20082567 -1287.20082567 -1287.20082567 -1287.20082567]
 -- BestRoute: [array([ 0, 45, 38, 34, 33, 31, 23, 18, 13,  6, 14, 15,  0])
 array([ 0, 46, 56, 58, 64, 72, 71, 70, 62, 61, 57, 53, 49, 44, 39,  0])
 array([ 0, 28, 25, 20, 19,  8, 12, 21, 22, 29, 32, 41,  0])]
 -- Custo: 
 ---------25.582733442539226
 ---------25.991941740584956
 ---------25.625118400082524
 ---- Total: 77.19979358320671
 -- Premio: 
 ---------58.0
 ---------101.0
 ---------69.0
 ---- Total: 228.0
 - Execucao 25
 -- BestCostGenaration: [-199.77649431765448, -969.4776587419881, -1000.1431139267338, -1028.6317843544637, -1062.245969171482, -1069.7627272778914, -1095.7316459721578, -1111.0747917226654, -1113.417937473173, -1113.8353585433406, -1136.723902363339, -1164.0113200238457, -1181.7053551336799, -1184.3064812931714, -1188.9633355426638]
 -- BestCostElement: [-1188.96333554 -1188.96333554 -1188.96333554 -1188.96333554]
 -- BestRoute: [array([ 0, 38, 34, 33, 31, 24, 18, 13,  6, 14, 15,  7,  8, 19, 20,  0])
 array([ 0, 49, 44, 39, 43, 48, 52, 53, 57, 69, 61,  0])
 array([ 0, 41, 46, 56, 58, 59, 64, 72, 63, 71, 70, 62, 45,  0])]
 -- Custo: 
 ---------25.863873471753582
 ---------25.518238340293244
 ---------25.87705430228725
 ---- Total: 77.25916611433408
 -- Premio: 
 ---------70.0
 ---------66.0
 ---------78.0
 ---- Total: 214.0
 - Execucao 26
 -- BestCostGenaration: [-203.5688772412638, -1043.4676007832863, -1068.1167114239597, -1081.8664746237948, -1126.155575093681, -1129.4271549096422, -1166.5126708780735, -1179.773610864188, -1180.1910319343556, -1185.0931751613314]
 -- BestCostElement: [-1185.09317516 -1185.09317516 -1185.09317516 -1185.09317516]
 -- BestRoute: [array([ 0, 45, 55, 64, 72, 74, 65, 59, 58, 56, 50, 41, 46,  0])
 array([ 0, 63, 71, 70, 62, 61, 57, 53, 49, 44, 43, 39,  0])
 array([ 0, 38, 34, 33, 31, 24, 18, 13,  6, 14, 15,  7,  8, 19, 20,  0])]
 -- Custo: 
 ---------25.856958974828416
 ---------24.75587376308517
 ---------25.863873471753582
 ---- Total: 76.47670620966717
 -- Premio: 
 ---------65.0
 ---------78.0
 ---------70.0
 ---- Total: 213.0
 - Execucao 27
 -- BestCostGenaration: [-209.03732802114837, -1030.5514116351058, -1075.7924103387325, -1092.1432996980589, -1115.5489192403622, -1118.8204990563238, -1127.0268524322191, -1129.3699981827267, -1141.2798850185216, -1143.6230307690291, -1175.9428452581892, -1176.3602663283568, -1176.8939276102144, -1179.0776326995383, -1192.7902150390316, -1194.420778450046]
 -- BestCostElement: [-1194.42077845 -1194.42077845 -1194.42077845 -1194.42077845]
 -- BestRoute: [array([ 0, 63, 71, 70, 62, 69, 61, 57, 53, 49, 44, 39,  0])
 array([ 0, 45, 55, 56, 58, 64, 72, 74, 65, 59, 50, 46, 41,  0])
 array([ 0, 28, 25, 20,  8,  7, 14, 15, 19, 16, 12, 21, 22, 29,  0])]
 -- Custo: 
 ---------25.918151423253548
 ---------24.591830944406112
 ---------25.384823019828833
 ---- Total: 75.89480538748849
 -- Premio: 
 ---------80.0
 ---------65.0
 ---------69.0
 ---- Total: 214.0
 - Execucao 28
 -- BestCostGenaration: [-192.25192588348784, -1143.9626573337698, -1168.6117679744434, -1184.9704009425886, -1222.2841094415735, -1222.9003473329672, -1223.153336656113, -1250.9003473329672, -1257.7359155859453, -1278.031076855271, -1282.6801874959447, -1284.6540604484599, -1285.284623859474, -1288.3031710891332, -1320.2474429991325]
 -- BestCostElement: [-1320.247443 -1320.247443 -1320.247443 -1320.247443]
 -- BestRoute: [array([ 0, 46, 56, 58, 64, 72, 71, 70, 62, 61, 57, 53, 49, 44, 39,  0])
 array([ 0, 38, 34, 33, 31, 24, 18, 13,  6, 14, 15,  7,  8, 19, 20,  0])
 array([ 0, 28, 25, 12,  9, 10, 17, 26, 35, 32, 29,  0])]
 -- Custo: 
 ---------25.991941740584956
 ---------25.863873471753582
 ---------25.832324037878347
 ---- Total: 77.68813925021689
 -- Premio: 
 ---------101.0
 ---------70.0
 ---------62.0
 ---- Total: 233.0
 - Execucao 29
 -- BestCostGenaration: [-253.86040645935094, -957.2943362080069, -1010.1763509400776, -1056.3664789969598, -1061.052770497975, -1073.8791312805747, -1074.9995708376966, -1076.6474417100685, -1118.7973185187136, -1159.7570776463504, -1167.002366623834, -1167.0444953068572, -1189.7973185187134, -1192.2509768866453, -1192.9635592261384, -1194.8521030461366, -1205.4298979442806, -1207.8521030461366, -1208.2248931023169, -1225.538394547152]
 -- BestCostElement: [-1225.53839455 -1225.53839455 -1225.53839455 -1225.53839455]
 -- BestRoute: [array([ 0, 45, 49, 44, 39, 43, 48, 52, 53, 69, 61, 57,  0])
 array([ 0, 46, 50, 56, 58, 63, 62, 70, 71, 72, 64, 47, 41,  0])
 array([ 0, 38, 34, 33, 31, 24, 18, 13,  6, 14, 15,  7,  8, 19, 20,  0])]
 -- Custo: 
 ---------25.12447358917121
 ---------25.87705430228724
 ---------25.863873471753582
 ---- Total: 76.86540136321203
 -- Premio: 
 ---------73.0
 ---------76.0
 ---------70.0
 ---- Total: 219.0
