 - Execucao 0
 -- BestCostGenaration: [-70.78857445923136, -153.92036992976276, -210.35190199752032, -284.64421520857695, -339.7657971905059, -354.27966771856853, -419.2660977015812, -430.909351007094, -475.03534129786806, -519.1438379007393, -535.6057999697925, -562.1637070888853, -596.7952473351575, -630.9047629090851, -672.5975283252483, -705.3563232319017, -713.5123456856597, -727.8204316468957, -768.4505825662638, -787.6843139873506, -791.6754230799136, -810.5833539391485, -822.7294271502473, -845.548150621034, -852.0176356636282, -865.7224743943027, -868.5985357645295, -870.3349713440341, -911.3349713440341, -914.2110327142609, -914.3899537718964]
 -- BestCostElement: [-914.38995377 -914.38995377 -914.38995377 -914.38995377]
 -- BestRoute: [array([ 0, 26, 21, 20, 16, 17, 11,  6, 10,  9,  5,  1])
 array([ 0, 23, 22, 18, 12,  7, 13,  8,  2])
 array([ 0, 27, 25, 29, 30, 37, 33, 36,  3])
 array([ 0, 24, 28, 31, 32, 39, 38, 34, 35,  4])]
 -- Custo: 
 ---------26.66075116262454
 ---------20.880951215419405
 ---------22.297840574279835
 ---------23.56296860470214
 ---- Total: 93.40251155702592
 -- Premio: 
 ---------60.0
 ---------33.0
 ---------41.0
 ---------50.0
 ---- Total: 184.0
 - Execucao 1
 -- BestCostGenaration: [-90.28463059402752, -113.48082342449065, -223.20623602555193, -267.569210805051, -300.1576076731539, -364.85030078331323, -388.7252848830473, -461.29590334177203, -524.5731104726043, -541.0684925522054, -583.091704723168, -602.2953889238713, -630.1508077497044, -667.9524069643569, -687.7374013354256, -699.8608115881565, -713.6240021006085, -718.1839542209441, -722.0355654450382, -737.4412301780774, -742.008925907232, -743.3598152665584, -747.366768022503, -747.6541856830099, -747.6619292918288]
 -- BestCostElement: [-747.66192929 -747.66192929 -747.66192929 -747.66192929]
 -- BestRoute: [array([ 0, 26, 17, 16, 21, 10,  5,  6, 11,  9,  1])
 array([ 0, 18, 22, 14,  8, 15, 13,  2])
 array([ 0, 27, 33, 36, 29, 30, 25,  3])
 array([ 0, 23, 28, 24, 34, 38, 35,  4])]
 -- Custo: 
 ---------27.58162509134402
 ---------22.845516166095937
 ---------23.727968770336457
 ---------20.67940764926642
 ---- Total: 94.83451767704284
 -- Premio: 
 ---------56.0
 ---------25.0
 ---------37.0
 ---------43.0
 ---- Total: 161.0
 - Execucao 2
 -- BestCostGenaration: [-42.08835242650561, -141.40370496641503, -272.2098395890448, -311.59306751903307, -374.9372112159259, -397.29135009062577, -428.36033842269853, -449.2156237892126, -500.9411875137915, -530.8480692585063, -551.1936504511808, -573.3737620556378, -608.7617226867048, -609.4416609157017, -653.2970797415348, -669.9341266813288, -699.8855596602616, -720.0521867069841, -747.4531205557064, -784.9213181272255, -806.4455196738481, -835.6598927321422, -848.3223267062133, -862.0271654368878, -868.5753160293591, -868.89543800756, -880.7996590424495, -890.6111667600981, -903.2158536821025, -907.4769352248024, -910.0098508445217, -918.1632267258176, -921.0392880960444, -922.7224331840148]
 -- BestCostElement: [-922.72243318 -922.72243318 -922.72243318 -922.72243318]
 -- BestRoute: [array([ 0, 26, 20, 21, 16, 17, 11,  6,  9, 10,  5,  1])
 array([ 0, 22, 18, 12,  7, 13, 14, 19, 15,  8,  2])
 array([ 0, 27, 25, 29, 30, 33, 37, 36,  3])
 array([ 0, 23, 24, 28, 31, 32, 34, 38, 35,  4])]
 -- Custo: 
 ---------24.946328004297904
 ---------22.66562126173752
 ---------21.87705430228724
 ---------23.580388135673633
 ---- Total: 93.06939170399629
 -- Premio: 
 ---------60.0
 ---------35.0
 ---------41.0
 ---------49.0
 ---- Total: 185.0
 - Execucao 3
 -- BestCostGenaration: [-76.0377948638834, -172.17001568589512, -204.52850007667433, -257.54674480090443, -346.8419060702301, -397.43939584646773, -456.80831605327694, -463.24042928383096, -525.1289689508957, -545.88766497641, -573.25087655266, -580.613367028553, -609.4758485412976, -625.8377937663497, -650.1906017514182, -697.59780366821, -717.8535792891507, -743.5711518269502, -768.0116804749907, -770.3054278091474, -774.0488613353325, -794.5941171794976, -800.9473620104017, -812.3462358509101]
 -- BestCostElement: [-812.34623585 -812.34623585 -812.34623585 -812.34623585]
 -- BestRoute: [array([ 0, 22, 14, 13,  7, 12,  6,  9,  5, 10,  1])
 array([ 0, 17, 16, 11, 18,  2])
 array([ 0, 26, 27, 25, 29, 30, 37, 33, 36,  3])
 array([ 0, 23, 24, 28, 31, 32, 38, 34, 35,  4])]
 -- Custo: 
 ---------27.97280376008138
 ---------20.674123147660232
 ---------22.362335676525813
 ---------21.654178453005045
 ---- Total: 92.66344103727248
 -- Premio: 
 ---------45.0
 ---------26.0
 ---------49.0
 ---------49.0
 ---- Total: 169.0
 - Execucao 4
 -- BestCostGenaration: [-40.99612824422474, -126.84531453491611, -263.1917842491221, -319.35023213855277, -349.42416406615433, -389.4618310377815, -405.84982380123824, -449.9941575150052, -529.50147143959, -539.7703808594597, -549.3336063362732, -577.2969640839202, -607.4706055511525, -646.0169730548494, -690.3560023779592, -703.6795046097616, -726.725133619366, -762.0390624849906, -772.5744597675139, -779.5377644124676, -786.5622544214559, -801.9799809277954, -817.3308702871218, -823.323126678303, -832.7345281593186, -838.7267845504998, -841.603591582865]
 -- BestCostElement: [-841.60359158 -841.60359158 -841.60359158 -841.60359158]
 -- BestRoute: [array([ 0, 17, 16, 21, 20, 10,  9, 11,  6,  5,  1])
 array([ 0, 23, 28, 22, 18, 12, 13,  8,  2])
 array([ 0, 26, 27, 25, 29, 30, 33, 36,  3])
 array([ 0, 24, 34, 38, 39, 35,  4])]
 -- Custo: 
 ---------22.883627011906743
 ---------22.890246430504835
 ---------18.11969498940653
 ---------23.20553367246565
 ---- Total: 87.09910210428376
 -- Premio: 
 ---------52.0
 ---------38.0
 ---------45.0
 ---------35.0
 ---- Total: 170.0
 - Execucao 5
 -- BestCostGenaration: [-81.48454505509036, -121.8911625044177, -189.13138264286258, -238.43544055382802, -302.4454428921466, -322.93251473351427, -404.5424197203612, -408.5329389844785, -435.17698725388493, -462.2445900412607, -512.0511867475873, -560.0841730387209, -598.3144353231644, -628.2055727229, -667.1410383845589, -682.1909314994646, -696.2064187171022, -705.3122818471749, -721.861128739773, -731.3151223741231, -765.4142098568611, -778.5334096456817, -796.8728501569203, -808.4506450550643, -821.4357250068263, -833.8873673602052, -838.5409114056595, -842.2356510559373]
 -- BestCostElement: [-842.23565106 -842.23565106 -842.23565106 -842.23565106]
 -- BestRoute: [array([ 0, 17, 16, 21, 20, 10,  5,  6, 11,  9,  1])
 array([ 0, 23, 22, 19, 15,  8, 14, 13,  2])
 array([ 0, 26, 25, 27, 30, 29, 37, 33, 36,  3])
 array([ 0, 28, 39, 31, 32, 38, 34, 35,  4])]
 -- Custo: 
 ---------25.896819140124325
 ---------22.99460169804673
 ---------23.300365344378946
 ---------21.74930105346567
 ---- Total: 93.94108723601568
 -- Premio: 
 ---------52.0
 ---------30.0
 ---------49.0
 ---------43.0
 ---- Total: 174.0
 - Execucao 6
 -- BestCostGenaration: [-73.25669068033989, -125.73198067906789, -205.03124787583994, -266.9532452936046, -317.29639104411217, -405.96490974603614, -461.765687489062, -495.7146277551353, -532.7533851414926, -599.1460954841962, -628.8513097006061, -636.7808972929612, -686.1423532689656, -710.7820387727429, -733.5893341852288, -750.0891680739394, -778.684388928579, -781.5192895772666, -812.9573172784719, -818.4915178370582, -861.6364044473969, -895.5648816507178, -939.1437748907765, -957.3782169842632, -960.3967642139223, -971.0830557149376]
 -- BestCostElement: [-971.08305571 -971.08305571 -971.08305571 -971.08305571]
 -- BestRoute: [array([ 0, 17,  9,  6, 11, 16, 21, 20, 10,  5,  1])
 array([ 0, 22, 18, 12,  7, 13, 14, 19, 15,  8,  2])
 array([ 0, 26, 27, 25, 29, 30, 37, 33, 36,  3])
 array([ 0, 23, 24, 28, 31, 32, 39, 38, 34, 35,  4])]
 -- Custo: 
 ---------24.547100679997214
 ---------22.66562126173752
 ---------22.362335676525813
 ---------23.654178453005045
 ---- Total: 93.22923607126559
 -- Premio: 
 ---------52.0
 ---------35.0
 ---------49.0
 ---------56.0
 ---- Total: 192.0
 - Execucao 7
 -- BestCostGenaration: [-78.41050497501291, -157.99409313633683, -256.25951139842823, -267.5949225730608, -332.28152144782734, -366.32041935118446, -421.1143895352789, -483.86325713904273, -508.9460099925918, -538.4463063334473, -588.2413014914835, -616.1045390591821, -690.0872384311049, -708.0270023146345, -723.0103095825741, -742.456368574017, -759.7465387575047, -769.2637575360151, -803.2733895973363, -819.697987106923, -834.1623303801447, -844.6147904680995, -860.4092918544296, -863.2450671615576, -868.6511174414854, -875.7926784773003, -877.992575324706, -922.002881459252, -924.167106152124, -931.976590620774, -945.976590620774, -948.140815313646]
 -- BestCostElement: [-948.14081531 -948.14081531 -948.14081531 -948.14081531]
 -- BestRoute: [array([ 0, 17, 11,  6, 16, 21, 20, 10,  9,  5,  1])
 array([ 0, 23, 22, 18, 12, 13, 14, 19, 15,  8,  2])
 array([ 0, 26, 27, 25, 29, 30, 33, 37, 36,  3])
 array([ 0, 24, 28, 31, 32, 39, 38, 34, 35,  4])]
 -- Custo: 
 ---------24.0067326375244
 ---------22.453545524828723
 ---------21.941549404533223
 ---------23.56296860470214
 ---- Total: 91.96479617158847
 -- Premio: 
 ---------52.0
 ---------37.0
 ---------49.0
 ---------50.0
 ---- Total: 188.0
 - Execucao 8
 -- BestCostGenaration: [-72.2662714838881, -210.812169730878, -250.86170589794008, -332.27210947193186, -349.61976338216306, -373.37844642058246, -440.5582658011429, -454.29669511287966, -475.1761487336775, -497.3570561978781, -564.8339558766444, -610.9602951687308, -639.6388430609272, -655.4723080872133, -702.1116473905934, -703.4625367499198, -722.8684243129028, -758.3342459001308, -783.7950257389737, -785.8563127082741, -800.8337368414959, -808.2594128994135, -828.9913334100331, -835.9835898012143, -841.9758461923955, -844.8410587510464]
 -- BestCostElement: [-844.84105875 -844.84105875 -844.84105875 -844.84105875]
 -- BestRoute: [array([ 0, 27, 25, 20, 21, 16, 17, 11,  6, 10,  9,  5,  1])
 array([ 0, 22, 18, 12,  7, 14, 13,  8,  2])
 array([ 0, 26, 30, 29, 37, 33, 36,  3])
 array([ 0, 23, 28, 24, 35, 34, 38,  4])]
 -- Custo: 
 ---------27.97060945745574
 ---------21.812228710419518
 ---------21.077489495096746
 ---------20.67940764926642
 ---- Total: 91.53973531223842
 -- Premio: 
 ---------65.0
 ---------29.0
 ---------36.0
 ---------43.0
 ---- Total: 173.0
 - Execucao 9
 -- BestCostGenaration: [-64.72504453706003, -131.5304669227582, -175.99650346067114, -280.50635838056075, -312.8992938605975, -372.29436361190295, -389.40581979190466, -423.3982998665603, -450.62983165646426, -493.7451264175463, -519.199486506948, -560.9571186979139, -605.8536129669981, -627.6247744267846, -676.57205110465, -691.8829638174975, -712.2702431842914, -728.5418661381198, -744.1580655322393, -760.5195327837962, -774.3914645356999, -801.8000702305783, -817.1509595899049, -833.441364720213, -839.8469842625163, -842.746331703355, -862.746331703355, -877.4589140428482, -908.8655314921757, -914.148165120994, -917.0249721533592, -932.660319596062, -938.734594915722]
 -- BestCostElement: [-938.73459492 -938.73459492 -938.73459492 -938.73459492]
 -- BestRoute: [array([ 0, 17, 16, 21, 20, 10,  5,  9,  6, 11,  1])
 array([ 0, 23, 22, 18, 12, 13, 14, 19, 15,  8,  2])
 array([ 0, 26, 27, 25, 29, 30, 33, 37, 36,  3])
 array([ 0, 24, 28, 31, 32, 39, 38, 34, 35,  4])]
 -- Custo: 
 ---------26.358287737005433
 ---------22.453545524828723
 ---------21.941549404533223
 ---------23.56296860470214
 ---- Total: 94.31635127106951
 -- Premio: 
 ---------52.0
 ---------37.0
 ---------49.0
 ---------50.0
 ---- Total: 188.0
 - Execucao 10
 -- BestCostGenaration: [-58.528366748262606, -155.6756623835449, -236.86869717746566, -299.29707574731594, -401.50831429431867, -449.71580337618946, -498.2857589820468, -539.4558464990266, -586.7527081629512, -606.7498878542382, -651.1887217421067, -682.0100077386207, -720.3157991053627, -745.890076745319, -769.8667454839715, -793.7228924753165, -814.1615312675615, -821.5607805938055, -838.5826380275028, -864.9520746164883, -901.538711465366, -911.0048431293585, -929.1018099987464, -929.280731056382, -933.594232501217, -933.7731535588526]
 -- BestCostElement: [-933.77315356 -933.77315356 -933.77315356 -933.77315356]
 -- BestRoute: [array([ 0, 17, 16, 21, 20, 10,  5, 11,  6,  9,  1])
 array([ 0, 18, 12,  7, 13, 14, 22, 19, 15,  8,  2])
 array([ 0, 26, 27, 33, 36, 29, 25, 30,  3])
 array([ 0, 23, 24, 28, 31, 32, 39, 38, 34, 35,  4])]
 -- Custo: 
 ---------26.368955095123905
 ---------22.620890997328626
 ---------22.912687064829257
 ---------23.654178453005045
 ---- Total: 95.55671161028684
 -- Premio: 
 ---------52.0
 ---------35.0
 ---------45.0
 ---------56.0
 ---- Total: 188.0
 - Execucao 11
 -- BestCostGenaration: [-48.56361634055186, -77.87460350407973, -156.63074541112874, -204.4805456281678, -270.5066605755821, -380.09438246683874, -405.7149592581608, -435.02991734730665, -486.40395762108426, -550.600554687745, -555.600554687745, -595.8867646137018, -612.5547834528151, -639.0215087918943, -661.6521154660653, -680.1739752200588, -715.0803832949401, -725.2111782262149, -729.1896262286897, -741.6098459001056, -741.6795240239916, -744.3194658473573, -766.88788233315, -770.0226697744991]
 -- BestCostElement: [-770.02266977 -770.02266977 -770.02266977 -770.02266977]
 -- BestRoute: [array([ 0, 20, 21, 16, 17, 11,  6,  5,  9, 10,  1])
 array([ 0, 18, 22, 19, 15, 14, 13,  7,  2])
 array([ 0, 26, 27, 25, 29, 30, 37, 36, 33,  3])
 array([ 0, 23, 24, 34, 28, 35,  4])]
 -- Custo: 
 ---------26.950156266990486
 ---------20.241201846302335
 ---------24.436125993857225
 ---------22.866848449225152
 ---- Total: 94.49433255637521
 -- Premio: 
 ---------52.0
 ---------26.0
 ---------49.0
 ---------37.0
 ---- Total: 164.0
 - Execucao 12
 -- BestCostGenaration: [-96.40816132615731, -150.53006223502916, -218.81006589962368, -288.42709744650824, -308.73185652970324, -372.34998641785853, -397.02617883847734, -441.90643250007895, -468.6693054434264, -533.3601711068693, -543.7928866135525, -569.4768273544379, -580.3760529580753, -629.6587679711787, -642.2724266102935, -671.1329281320693, -714.6763098523754, -736.0566364632248, -757.3173693951894, -785.9670059949748, -791.0525035590775, -799.9256834986148, -805.9999588182748, -812.3879057007663]
 -- BestCostElement: [-812.3879057 -812.3879057 -812.3879057 -812.3879057]
 -- BestRoute: [array([ 0, 26, 21, 20, 11,  6,  9, 10,  5,  1])
 array([ 0, 16, 17, 12,  7, 13, 15,  2])
 array([ 0, 27, 25, 29, 30, 37, 33, 36,  3])
 array([ 0, 23, 24, 28, 31, 32, 38, 34, 35,  4])]
 -- Custo: 
 ---------24.128990204491963
 ---------22.8220143430316
 ---------22.297840574279835
 ---------21.654178453005045
 ---- Total: 90.90302357480844
 -- Premio: 
 ---------44.0
 ---------34.0
 ---------41.0
 ---------49.0
 ---- Total: 168.0
 - Execucao 13
 -- BestCostGenaration: [-53.080455842025955, -136.88577905481267, -221.1576856958992, -238.02331349021023, -257.0326558751906, -319.6124362037746, -346.2446496319485, -374.66981431093495, -398.9542472840279, -459.6637969265577, -491.50291414305696, -559.3538506072746, -622.5785728579218, -680.790518555358, -705.0249606488446, -719.8460229618842, -721.1525437581037, -738.0944601965252, -760.1316411403334, -768.7383624026228, -822.6547446229063, -849.4045078227413, -850.9188310220657, -856.9110874132467, -863.2108458783464, -865.8267129245971, -898.553991628854, -924.2097065449357, -925.7043667227318, -928.9037416547699, -939.0289652435804, -944.3115988723987, -944.6056208083137]
 -- BestCostElement: [-944.60562081 -944.60562081 -944.60562081 -944.60562081]
 -- BestRoute: [array([ 0, 26, 27, 25, 11,  6,  9, 10,  5,  1])
 array([ 0, 22, 18, 12,  7, 13, 14, 19, 15,  8,  2])
 array([ 0, 17, 16, 21, 20, 29, 30, 33, 36,  3])
 array([ 0, 23, 24, 28, 31, 32, 39, 38, 34, 35,  4])]
 -- Custo: 
 ---------23.059381633645362
 ---------22.66562126173752
 ---------23.469413449533644
 ---------23.654178453005045
 ---- Total: 92.84859479792158
 -- Premio: 
 ---------52.0
 ---------35.0
 ---------45.0
 ---------56.0
 ---- Total: 188.0
 - Execucao 14
 -- BestCostGenaration: [-105.17098861653074, -169.70422831447448, -228.83025854901837, -309.31800003392794, -366.3468887658678, -402.8582027488602, -482.2185719392875, -507.9674346719968, -541.68001701149, -579.6521344138441, -610.452859227787, -653.6668301098678, -683.8279090584349, -725.5241198147545, -730.3539500686504, -755.4230335753258, -758.9097655433529, -777.511098668401, -804.9688191192843, -817.9350012144796, -858.0369326244669, -885.8724841595272, -886.430634870226, -940.1702246724981, -956.3899537718962, -969.636901933691, -976.2062486825723, -977.6207101756095, -977.9158714449351]
 -- BestCostElement: [-977.91587144 -977.91587144 -977.91587144 -977.91587144]
 -- BestRoute: [array([ 0, 17, 16, 21, 20, 10,  9, 11,  6,  5,  1])
 array([ 0, 18, 12,  7, 13, 14, 22, 19, 15,  8,  2])
 array([ 0, 26, 27, 25, 29, 30, 37, 33, 36,  3])
 array([ 0, 23, 24, 28, 31, 32, 39, 38, 34, 35,  4])]
 -- Custo: 
 ---------22.883627011906743
 ---------22.620890997328626
 ---------22.362335676525813
 ---------23.654178453005045
 ---- Total: 91.52103213876623
 -- Premio: 
 ---------52.0
 ---------35.0
 ---------49.0
 ---------56.0
 ---- Total: 192.0
 - Execucao 15
 -- BestCostGenaration: [-97.79890279599138, -145.1210873636672, -248.0794127059647, -300.3873106386958, -348.1892764303424, -391.12579551913956, -435.7408442688908, -493.45634195406, -526.5592503961938, -564.6039095950889, -607.5824515454829, -642.3608610553734, -673.9559975757255, -680.7425893995313, -707.1389990302041, -736.7667833427932, -749.1923351742269, -753.3288408312828, -757.9623338694153, -767.7523379416133, -774.2214857081933, -780.4375876261706, -781.1468597616259, -793.2398691468593, -805.7139514738207, -807.8048103001643, -809.1546033704448, -812.3594195625876, -816.663530048183, -817.9079557019476, -830.8930356537094, -831.9202603129911, -844.905340264753, -851.2844181302844]
 -- BestCostElement: [-851.28441813 -851.28441813 -851.28441813 -851.28441813]
 -- BestRoute: [array([ 0, 12,  6,  9, 11, 17, 16, 21, 20, 10,  5,  1])
 array([ 0, 28, 23, 18, 13, 14, 19, 15,  8,  2])
 array([ 0, 26, 27, 33, 36, 29, 30, 25,  3])
 array([ 0, 22, 24, 31, 32, 38, 34, 35,  4])]
 -- Custo: 
 ---------27.270064186006305
 ---------22.844454977356023
 ---------23.792463872582434
 ---------23.02191243148413
 ---- Total: 96.92889546742889
 -- Premio: 
 ---------56.0
 ---------37.0
 ---------45.0
 ---------39.0
 ---- Total: 177.0
 - Execucao 16
 -- BestCostGenaration: [-134.9716875713109, -220.55719840439485, -290.92747789571325, -334.30795445788806, -403.6071627586552, -452.0601987055936, -564.9218877892813, -593.1029224825136, -648.4941890573853, -699.7467457230613, -720.2717428045999, -771.0158238543361, -800.0066878021518, -812.2902539290232, -837.9831494866546, -852.8988182611616, -880.2902712270879, -891.6891450675963, -936.5316939691902, -947.2080933553656, -956.8719448827983, -961.0035859996958, -974.0988504216159, -974.6547446229063, -977.6207101756095]
 -- BestCostElement: [-977.62071018 -977.62071018 -977.62071018 -977.62071018]
 -- BestRoute: [array([ 0, 17, 16, 21, 20, 11,  6,  9, 10,  5,  1])
 array([ 0, 18, 12,  7, 13, 14, 22, 19, 15,  8,  2])
 array([ 0, 26, 27, 25, 29, 30, 37, 33, 36,  3])
 array([ 0, 23, 24, 28, 31, 32, 39, 38, 34, 35,  4])]
 -- Custo: 
 ---------22.95741732923815
 ---------22.620890997328626
 ---------22.362335676525813
 ---------23.654178453005045
 ---- Total: 91.59482245609763
 -- Premio: 
 ---------52.0
 ---------35.0
 ---------49.0
 ---------56.0
 ---- Total: 192.0
 - Execucao 17
 -- BestCostGenaration: [-88.11684438668502, -155.01776029294643, -223.25552808155004, -305.22516206512023, -316.00329966243885, -351.3735372859061, -432.9779780474009, -476.22489579387343, -497.160954971213, -541.2593221102047, -609.1440639754886, -623.3229850331243, -650.0279101648221, -679.9506536958323, -688.8567327160054, -696.8732319631274, -722.5617785008294, -737.4045510858978, -756.1779346317924, -762.9171584366711, -767.351530328142, -775.3379329740333, -781.5646314587011, -798.2369729258312, -802.2772137981942, -807.9340680476867, -812.2292293170124, -816.8070242151564, -818.2214857081935]
 -- BestCostElement: [-818.22148571 -818.22148571 -818.22148571 -818.22148571]
 -- BestRoute: [array([ 0, 17, 16, 21, 20, 11,  6,  9, 10,  5,  1])
 array([ 0, 23, 22, 18, 12, 13,  7,  2])
 array([ 0, 26, 27, 33, 36, 29, 30, 25,  3])
 array([ 0, 24, 28, 31, 32, 38, 34, 35,  4])]
 -- Custo: 
 ---------22.95741732923815
 ---------21.131778766428916
 ---------23.792463872582434
 ---------21.56296860470214
 ---- Total: 89.44462857295163
 -- Premio: 
 ---------52.0
 ---------28.0
 ---------45.0
 ---------43.0
 ---- Total: 168.0
 - Execucao 18
 -- BestCostGenaration: [-116.78682449793315, -195.02019437700932, -248.64768657967724, -320.079634326319, -418.3144465330917, -452.4816308030942, -488.0969187875399, -568.3352172908791, -573.7617737669535, -598.4134056863701, -621.2379161460435, -644.9581234940981, -683.6603754203641, -697.8060076928413, -718.2537579710367, -730.5219022892413, -732.2692451886744, -749.1306716226608, -751.480786758438, -771.0112647796906, -774.245913927327, -778.7190630874953, -784.7113194786765]
 -- BestCostElement: [-784.71131948 -784.71131948 -784.71131948 -784.71131948]
 -- BestRoute: [array([ 0, 16, 21, 20, 10,  5,  6, 11,  9,  1])
 array([ 0, 17, 12, 18, 22, 13,  2])
 array([ 0, 26, 27, 25, 29, 33, 36, 30,  3])
 array([ 0, 23, 24, 28, 31, 32, 38, 34, 35,  4])]
 -- Custo: 
 ---------25.65417845300504
 ---------21.186912597118443
 ---------22.32690062720235
 ---------21.654178453005045
 ---- Total: 90.82217013033087
 -- Premio: 
 ---------43.0
 ---------27.0
 ---------45.0
 ---------49.0
 ---- Total: 164.0
 - Execucao 19
 -- BestCostGenaration: [-62.23211313952457, -162.53849257797958, -221.32873253551247, -269.1938729112285, -356.3787103201534, -378.9680996920119, -408.15909994248693, -465.0026601870136, -492.4834324281643, -554.5423201269531, -578.4106793696496, -647.1194108442472, -674.6414776523904, -727.6117513161555, -740.2307849936865, -764.7381554370661, -782.9664915403775, -790.3613074618406, -795.5474328515664, -801.3907447133636, -807.5636246096481, -809.4549209526272, -811.3157432810606, -813.2070396240397]
 -- BestCostElement: [-813.20703962 -813.20703962 -813.20703962 -813.20703962]
 -- BestRoute: [array([ 0, 11,  9, 10,  5, 20, 16, 17,  1])
 array([ 0, 22, 18, 12,  7, 14, 13,  8,  2])
 array([ 0, 26, 27, 25, 29, 30, 37, 33, 36,  3])
 array([ 0, 23, 24, 28, 31, 38, 35, 34,  4])]
 -- Custo: 
 ---------27.95064688425183
 ---------21.812228710419518
 ---------22.362335676525813
 ---------23.82302882279292
 ---- Total: 95.94824009399008
 -- Premio: 
 ---------48.0
 ---------29.0
 ---------49.0
 ---------45.0
 ---- Total: 171.0
 - Execucao 20
 -- BestCostGenaration: [-40.42911094429345, -143.4962449985788, -225.06640171441967, -265.15541484809296, -318.65123702415474, -401.6546939795927, -450.87329280416805, -503.7591401688653, -571.1460140999113, -617.9013090509147, -650.8564825239887, -691.2903339728375, -702.7682671646942, -741.8851922787396, -752.5714837797548, -780.5920625181216, -788.7005591209927, -802.7891599602733, -811.8896440878491, -826.0581941821142, -826.9164539848205, -836.2123197945898, -839.2433946647561, -841.32856000628, -847.3208163974609, -852.8425325786966, -854.5744530893163]
 -- BestCostElement: [-854.57445309 -854.57445309 -854.57445309 -854.57445309]
 -- BestRoute: [array([ 0, 12, 18, 17, 16, 11,  6,  9, 10,  5,  1])
 array([ 0, 23, 22, 19, 15, 14,  7, 13,  8,  2])
 array([ 0, 26, 25, 27, 30, 29, 37, 33, 36,  3])
 array([ 0, 31, 28, 24, 35, 34, 38,  4])]
 -- Custo: 
 ---------24.871718548338137
 ---------22.836220951010507
 ---------23.300365344378946
 ---------23.34808188394334
 ---- Total: 94.35638672767092
 -- Premio: 
 ---------54.0
 ---------34.0
 ---------49.0
 ---------39.0
 ---- Total: 176.0
 - Execucao 21
 -- BestCostGenaration: [-96.34449441361969, -171.88491862368207, -210.45388515708152, -300.92284171773656, -396.68004593935905, -416.65507731803433, -451.4178529226426, -504.681447664577, -534.0897305610717, -596.9652295327593, -616.0041658079966, -634.0872808067295, -663.5692071774005, -676.9289384874606, -724.7393324092423, -739.6183533565995, -749.0142676199775, -759.4688695504868, -777.1159752578972, -791.9440502193628, -807.6860698103789, -815.9543392970127, -824.9205119038656, -834.9623083643098, -841.5104589567813, -845.6479989211114, -852.9093327972898, -856.551445491283, -879.4504854430809, -895.2863059409447, -902.9911446716189]
 -- BestCostElement: [-902.99114467 -902.99114467 -902.99114467 -902.99114467]
 -- BestRoute: [array([ 0, 16, 20, 21, 17, 11,  6,  9, 10,  5,  1])
 array([ 0, 18, 12,  7, 13, 14, 22, 19, 15,  2])
 array([ 0, 26, 27, 25, 29, 30, 37, 33, 36,  3])
 array([ 0, 23, 28, 31, 32, 39, 38, 35, 34,  4])]
 -- Custo: 
 ---------23.698908717413943
 ---------22.32978306057319
 ---------22.362335676525813
 ---------20.86118637758232
 ---- Total: 89.25221383209526
 -- Premio: 
 ---------52.0
 ---------30.0
 ---------49.0
 ---------49.0
 ---- Total: 180.0
 - Execucao 22
 -- BestCostGenaration: [-94.72677351273812, -185.40529487455007, -247.43473212607293, -272.12102362708816, -348.1286028752865, -373.2268793046453, -389.7318817491355, -406.2159209311677, -430.18368789350757, -451.7876098391364, -470.3914885216087, -485.50860339173903, -539.0561095703528, -553.1500247011373, -604.5144967797293, -608.7461863502351, -619.8131562341741, -623.1594080749708, -646.3416817122691, -648.2823939884559, -655.4761185267107, -665.4203904367098, -673.5057195692266, -688.136282980241, -698.3707250737277]
 -- BestCostElement: [-698.37072507 -698.37072507 -698.37072507 -698.37072507]
 -- BestRoute: [array([ 0, 18, 13, 12, 17, 16, 11,  9,  5, 10,  1])
 array([ 0, 26, 25, 22,  2]) array([ 0, 27, 29, 36, 37, 33, 30,  3])
 array([ 0, 23, 24, 28, 31, 38, 35, 34,  4])]
 -- Custo: 
 ---------27.455937540672906
 ---------22.88838747747027
 ---------24.23996489063195
 ---------23.82302882279292
 ---- Total: 98.40731873156805
 -- Premio: 
 ---------57.0
 ---------22.0
 ---------32.0
 ---------45.0
 ---- Total: 156.0
 - Execucao 23
 -- BestCostGenaration: [-60.40755968916926, -146.3022451965943, -275.34497630770124, -325.2003820413226, -404.9811958692699, -475.81873639481813, -536.6707555176095, -572.9789846237154, -618.6123438208672, -636.4841097366425, -696.6826692248694, -736.774416477195, -762.7516696833119, -807.0023238667878, -807.6215898084911, -824.5800763007142, -829.2270808995845, -845.8042716921757, -853.8228189218347, -874.1120999639284, -888.622509657667, -907.6097197188549, -929.622509657667, -946.6371089878407, -957.3969712680721, -964.3892276592533]
 -- BestCostElement: [-964.38922766 -964.38922766 -964.38922766 -964.38922766]
 -- BestRoute: [array([ 0, 16, 21, 20, 17, 11,  9,  6, 10,  5,  1])
 array([ 0, 18, 12,  7, 13, 14, 22, 19, 15,  8,  2])
 array([ 0, 26, 27, 25, 29, 30, 37, 33, 36,  3])
 array([ 0, 23, 24, 28, 31, 32, 39, 38, 34, 35,  4])]
 -- Custo: 
 ---------26.26528795832721
 ---------22.620890997328626
 ---------22.362335676525813
 ---------23.654178453005045
 ---- Total: 94.9026930851867
 -- Premio: 
 ---------52.0
 ---------35.0
 ---------49.0
 ---------56.0
 ---- Total: 192.0
 - Execucao 24
 -- BestCostGenaration: [-58.37458432250728, -177.01219251491062, -208.6063660070506, -277.79634078895, -309.52857989959585, -355.685220222937, -414.12238388936356, -416.98759644801436, -474.5949923886744, -510.50499017049964, -520.8376367212752, -549.4685860774543, -585.0396388482416, -603.0464534541742, -639.436478358462, -681.6151102427923, -690.150058604979, -696.3276925822855, -719.1713327166378, -729.1366152945649, -749.8818802607948, -760.2902955892355, -767.1740852396186, -775.5172309901262, -782.5350305047782, -782.6931492074748, -782.9883104768005]
 -- BestCostElement: [-782.98831048 -782.98831048 -782.98831048 -782.98831048]
 -- BestRoute: [array([ 0, 27, 33, 36, 30, 25, 21, 16, 10,  9,  5,  1])
 array([ 0, 12, 18, 22, 19, 14, 13, 15,  8,  2])
 array([ 0, 11, 17, 26,  3])
 array([ 0, 23, 24, 28, 31, 32, 38, 34, 35,  4])]
 -- Custo: 
 ---------27.721349351738365
 ---------22.21214179337982
 ---------21.415252782676653
 ---------21.654178453005045
 ---- Total: 93.00292238079987
 -- Premio: 
 ---------61.0
 ---------31.0
 ---------24.0
 ---------49.0
 ---- Total: 165.0
 - Execucao 25
 -- BestCostGenaration: [-24.56473502768722, -97.43409027876535, -188.19897007762768, -284.66441505227954, -332.8933753634222, -381.80135369228674, -426.733439021252, -466.90276624924013, -510.326184675416, -539.6875786864322, -574.1455535497705, -598.5610129498315, -619.7332882975147, -633.0495400014992, -663.1375253278434, -691.4339703908694, -745.8774752453653, -746.425058668437, -765.51099823351, -775.2793086630043, -797.7958172159097, -814.6782829384035, -836.3350367530049, -850.9771298975028, -855.5370820178384, -868.5293384090196, -889.4977242621244, -915.3878052658754, -929.0926439965497, -945.771191888746, -956.8006291402689, -961.1917593719585]
 -- BestCostElement: [-961.19175937 -961.19175937 -961.19175937 -961.19175937]
 -- BestRoute: [array([ 0, 17, 11,  6, 16, 21, 20, 10,  5,  9,  1])
 array([ 0, 22, 18, 12,  7, 13, 14, 19, 15,  8,  2])
 array([ 0, 26, 27, 25, 29, 30, 37, 33, 36,  3])
 array([ 0, 23, 24, 28, 31, 32, 39, 38, 34, 35,  4])]
 -- Custo: 
 ---------27.019924765741987
 ---------22.66562126173752
 ---------22.362335676525813
 ---------23.654178453005045
 ---- Total: 95.70206015701037
 -- Premio: 
 ---------52.0
 ---------35.0
 ---------49.0
 ---------56.0
 ---- Total: 192.0
 - Execucao 26
 -- BestCostGenaration: [-50.06523271793644, -153.27388944956908, -214.94195069830815, -249.65014451048827, -353.0474040418923, -368.26829054480703, -407.4635485631006, -466.8964817515969, -517.8027843748488, -587.1898951914931, -591.9263759617334, -619.8688665917381, -639.2883723618996, -659.2310355811244, -716.4913262419873, -731.0745087781659, -750.5068134596249, -767.3355559367881, -781.0836536253084, -787.0759100164896, -790.6863381236067, -796.6853772581067, -811.8490044776722, -817.8412608688532, -824.9608112845814, -833.303957035089, -838.6656500152558, -847.0087957657634, -853.8925555540733, -895.7136344964376]
 -- BestCostElement: [-895.7136345 -895.7136345 -895.7136345 -895.7136345]
 -- BestRoute: [array([ 0, 18,  6, 11, 17, 16, 21, 20,  9, 10,  5,  1])
 array([ 0, 23, 22, 19, 14, 13, 12,  7,  2])
 array([ 0, 26, 27, 25, 30, 29, 33, 37, 36,  3])
 array([ 0, 24, 28, 31, 32, 39, 38, 34, 35,  4])]
 -- Custo: 
 ---------27.959520132515493
 ---------22.31649706092172
 ---------22.48260557775123
 ---------23.56296860470214
 ---- Total: 96.32159137589058
 -- Premio: 
 ---------55.0
 ---------29.0
 ---------49.0
 ---------50.0
 ---- Total: 183.0
 - Execucao 27
 -- BestCostGenaration: [1.101780247666511, -138.18441816127856, -217.05435180612923, -264.6440028344505, -312.16633782071494, -390.4764231447163, -421.79527661396423, -491.5323964934617, -504.11556860146135, -529.2967014342187, -562.447466457126, -566.5769049267437, -585.7983558164526, -595.9445025149212, -611.3996055124378, -650.2455817047479, -695.8976519225519, -720.651014411137, -741.7887412113813, -756.9646022569956, -762.1581778003668, -770.6630027749155, -796.7096818600329, -803.9260074614848, -806.4513508241415, -807.7309244409386, -824.4809518666575]
 -- BestCostElement: [-824.48095187 -824.48095187 -824.48095187 -824.48095187]
 -- BestRoute: [array([ 0, 18, 12, 17, 16, 11,  6, 10,  5,  9,  1])
 array([ 0, 23, 24, 22, 19, 14, 13,  8,  2])
 array([ 0, 26, 27, 30, 33, 36, 29, 25,  3])
 array([ 0, 28, 31, 32, 38, 34, 35,  4])]
 -- Custo: 
 ---------27.233061691390706
 ---------21.48917828737073
 ---------23.271172537201508
 ---------15.886349517372675
 ---- Total: 87.87976203333562
 -- Premio: 
 ---------54.0
 ---------33.0
 ---------45.0
 ---------36.0
 ---- Total: 168.0
 - Execucao 28
 -- BestCostGenaration: [-72.48458517480779, -142.3237783867216, -201.6292977512058, -291.76767966550455, -315.92903428570304, -379.71932277633647, -421.41627664158136, -466.8084329879145, -543.97514879343, -552.7554866038797, -567.7012811113909, -599.3429448535984, -657.7230562663095, -688.2891143768205, -727.262472911435, -764.2665308304803, -769.7183369748523, -804.4603565658683, -809.4533390696926, -823.1142512382303, -833.0055475812094, -837.3007088505349, -839.2069079436874, -844.0349848327322, -848.3301461020578, -854.322402493239, -895.322402493239, -901.665197616839, -907.0426832508153, -909.7505267493559]
 -- BestCostElement: [-909.75052675 -909.75052675 -909.75052675 -909.75052675]
 -- BestRoute: [array([ 0, 18, 12, 17, 16, 11,  6,  9,  5, 10,  1])
 array([ 0, 22, 19, 15,  8,  7, 13,  2])
 array([ 0, 26, 27, 25, 29, 30, 37, 36, 33,  3])
 array([ 0, 23, 24, 28, 31, 32, 39, 38, 34, 35,  4])]
 -- Custo: 
 ---------25.863578393426508
 ---------22.358485472372255
 ---------24.436125993857225
 ---------23.654178453005045
 ---- Total: 96.31236831266102
 -- Premio: 
 ---------54.0
 ---------26.0
 ---------49.0
 ---------56.0
 ---- Total: 185.0
 - Execucao 29
 -- BestCostGenaration: [-60.80082264056368, -123.6490534938572, -186.56768286747547, -249.1856496056537, -270.9454149895481, -336.0552346935769, -381.89114878768487, -402.00289817766566, -438.53951095110887, -486.8812419455646, -523.6925632672885, -549.7145379860631, -573.0182690135658, -592.2838857658323, -623.2281576758315, -645.6864020329579, -660.5484675984171, -686.2855583512269, -708.2754313781596, -745.3165899582368, -754.6181463024498, -793.7556767784374, -805.7964848202002, -828.7851140299604, -833.080275299286, -836.5582084911428, -849.5432884429047, -853.8569969418895, -854.196832488359, -864.5432884429047, -869.196832488359]
 -- BestCostElement: [-869.19683249 -869.19683249 -869.19683249 -869.19683249]
 -- BestRoute: [array([ 0, 17, 16, 11,  6,  9, 10, 20,  5,  1])
 array([ 0, 23, 22, 18, 12, 13, 14, 19, 15,  8,  2])
 array([ 0, 26, 27, 33, 36, 29, 30, 25,  3])
 array([ 0, 28, 39, 31, 32, 38, 34, 35,  4])]
 -- Custo: 
 ---------22.705481427033433
 ---------22.453545524828723
 ---------23.792463872582434
 ---------21.74930105346567
 ---- Total: 90.70079187791026
 -- Premio: 
 ---------51.0
 ---------37.0
 ---------45.0
 ---------43.0
 ---- Total: 176.0
