 - Execucao 0
 -- BestCostGenaration: [-30.828086836511353, -179.1697701137462, -272.9400030795574, -347.3387373793313, -382.34648098815023, -415.9949741480331, -463.19920636939173, -492.5655800421275, -544.2379196953509, -556.950502034844, -626.2916205841656, -643.5824285594272, -693.0826237853765, -702.6522811846377, -752.0326725357181, -758.5808231281894, -764.9756728244669, -780.2897414387014, -799.7069756729547, -811.9536131843697, -834.6838312475215, -843.4964496156649, -868.3982583484011, -896.0582590109384, -913.8906808508718, -919.5425872776826, -927.7117597932362, -930.8230098066201, -933.363666220047, -937.4027901352041, -938.1153724746973, -941.1549088066166]
 -- BestCostElement: [-941.15490881 -941.15490881 -941.15490881 -941.15490881]
 -- BestRoute: [array([ 0, 21, 20, 16, 17, 11,  6,  9, 10,  5,  1])
 array([ 0, 18, 22, 19, 15,  8, 14, 13,  7,  2])
 array([ 0, 26, 27, 25, 29, 30, 37, 33, 36,  3])
 array([ 0, 23, 24, 28, 31, 32, 39, 38, 34, 35,  4])]
 -- Custo: 
 ---------22.848005547048654
 ---------24.846753121766326
 ---------22.362335676525813
 ---------23.654178453005045
 ---- Total: 93.71127279834585
 -- Premio: 
 ---------52.0
 ---------31.0
 ---------49.0
 ---------56.0
 ---- Total: 188.0
 - Execucao 1
 -- BestCostGenaration: [-23.320628450547623, -130.20473673023218, -231.64563385213285, -293.56926297007465, -315.8563380758384, -373.2974989257416, -396.8304060224523, -438.5063068460082, -491.28723510077236, -527.5219603497155, -561.1795607092247, -654.4940322965574, -692.9921782733027, -710.4576155026826, -717.4359765829718, -721.5192589732433, -739.5280022096779, -764.5887733061359, -781.3537144926414, -803.6919687464045, -812.7074559640423, -816.8646179700029, -824.1843912488753, -845.2928878517464, -851.0054701912396, -856.9977265824208, -876.4570673538828, -884.4648109627017, -890.8822320328693]
 -- BestCostElement: [-890.88223203 -890.88223203 -890.88223203 -890.88223203]
 -- BestRoute: [array([ 0, 22, 18, 16, 21, 20, 10,  9,  5,  1])
 array([ 0, 17, 11,  6, 12,  7, 13, 14, 15,  8,  2])
 array([ 0, 26, 25, 29, 30, 27, 37, 33, 36,  3])
 array([ 0, 23, 28, 24, 35, 39, 38, 34,  4])]
 -- Custo: 
 ---------24.349190257286825
 ---------25.607698869111033
 ---------23.35576296690632
 ---------25.966789898478524
 ---- Total: 99.27944199178269
 -- Premio: 
 ---------41.0
 ---------44.0
 ---------49.0
 ---------50.0
 ---- Total: 184.0
 - Execucao 2
 -- BestCostGenaration: [-74.0721550127947, -140.54382684068636, -196.39925076518497, -252.6401232840567, -334.94238685441957, -389.0546509910501, -430.68981159783846, -494.0505200500852, -551.8872909095043, -603.6260868083361, -619.6080977147856, -654.1573395081894, -692.8149088643256, -707.0194309550177, -718.2635031866818, -755.9251414678624, -777.7529568773134, -787.8070732351666, -804.4305974892129, -811.776351494763, -832.6711232169023, -836.1292208399316, -849.5518229931906, -860.9421622834132, -873.9264108398913, -913.2619767725732, -927.2697203813921, -936.1582642013905, -946.6656346447701, -953.6578910359513, -953.8368120935868, -955.0304740379818, -956.8925401835877, -959.3147452854437]
 -- BestCostElement: [-959.31474529 -959.31474529 -959.31474529 -959.31474529]
 -- BestRoute: [array([ 0, 17, 16, 21, 20, 10, 11,  6,  9,  5,  1])
 array([ 0, 23, 22, 18, 12,  7, 13, 14, 19, 15,  8,  2])
 array([ 0, 26, 27, 25, 29, 36, 37, 33, 30,  3])
 array([ 0, 24, 28, 31, 32, 39, 38, 34, 35,  4])]
 -- Custo: 
 ---------22.705481427033437
 ---------24.5180406270747
 ---------25.384823019828833
 ---------23.56296860470214
 ---- Total: 96.17131367863911
 -- Premio: 
 ---------52.0
 ---------41.0
 ---------49.0
 ---------50.0
 ---- Total: 192.0
 - Execucao 3
 -- BestCostGenaration: [-91.1421729667929, -180.31365773259063, -256.7216029557821, -328.89541443429107, -382.5306978910753, -460.5426290342118, -496.23721012968383, -542.9420488603582, -615.2266726734283, -626.9379833030782, -664.0042507880352, -695.9323652910585, -720.6574939896745, -762.0488764662496, -795.438162025146, -836.9501926097882, -839.6846756461351, -844.5807560208026, -868.8876190249437, -902.1590551428577, -909.5552768952763, -918.5630205040951, -925.2196676994379, -939.0889381771339, -940.5256325896037, -944.6788668257211, -949.958540877409, -950.6711232169022]
 -- BestCostElement: [-950.67112322 -950.67112322 -950.67112322 -950.67112322]
 -- BestRoute: [array([ 0, 18, 12,  6, 11, 17, 16, 21, 20, 10,  9,  5,  1])
 array([ 0, 24, 22, 13, 14, 19, 15,  8,  2])
 array([ 0, 26, 27, 25, 30, 29, 37, 33, 36,  3])
 array([ 0, 23, 28, 31, 32, 39, 38, 34, 35,  4])]
 -- Custo: 
 ---------26.954741532750813
 ---------22.970562748477143
 ---------23.12221975950564
 ---------18.284695155040843
 ---- Total: 91.33221919577443
 -- Premio: 
 ---------59.0
 ---------31.0
 ---------49.0
 ---------49.0
 ---- Total: 188.0
 - Execucao 4
 -- BestCostGenaration: [-107.54851530176344, -173.65112327956874, -205.95751037574757, -263.9079997276625, -319.8218916204431, -382.94868968062923, -434.3196297269436, -471.4368550620318, -502.82103906395696, -530.3886062607621, -539.7763760132159, -583.806144885451, -657.6815256911906, -660.4428700316851, -688.0173547257912, -714.5686246375153, -748.8415529874082, -781.6922762354452, -784.8114760242656, -795.6922762354452, -810.6952358125757, -821.6689449740977, -840.7702372448787, -850.0059847344298, -871.3593743718518, -881.2965519693207, -884.3013360010091, -890.2935923921901, -895.0295059930309, -900.979092951738, -902.9460112207294, -910.0395598826917, -910.4941618132009]
 -- BestCostElement: [-910.49416181 -910.49416181 -910.49416181 -910.49416181]
 -- BestRoute: [array([ 0, 17, 16, 21, 20, 10, 11,  6,  9,  5,  1])
 array([ 0, 22, 19, 15, 14, 13, 18, 12,  7,  8,  2])
 array([ 0, 25, 27, 37, 33, 36, 29, 30,  3])
 array([ 0, 26, 23, 28, 31, 32, 39, 38, 34, 35,  4])]
 -- Custo: 
 ---------22.705481427033437
 ---------24.84376684661083
 ---------25.527347139844053
 ---------23.04986413321144
 ---- Total: 96.12645954669976
 -- Premio: 
 ---------52.0
 ---------35.0
 ---------41.0
 ---------57.0
 ---- Total: 185.0
 - Execucao 5
 -- BestCostGenaration: [-73.81679847528588, -198.41808456195528, -264.4406982066137, -361.2017931155295, -393.388510047179, -455.8326464696694, -506.1840840039232, -550.9756810841759, -613.0575673855346, -655.0974016082891, -705.2882510486287, -715.2066291715531, -731.2615663200867, -752.0140820429024, -770.423070422886, -783.1134293312889, -807.6849929455386, -837.2867619058093, -845.3561632263095, -861.3376159966504, -888.2307570124226, -909.1937941305985, -914.2923840384491, -923.9320632030167, -930.6067149509886, -937.3309370435252, -950.5695792813826, -963.3410361239216, -964.0536184634148, -968.8561501761201]
 -- BestCostElement: [-968.85615018 -968.85615018 -968.85615018 -968.85615018]
 -- BestRoute: [array([ 0, 17, 11,  6,  9, 16, 21, 20, 10,  5,  1])
 array([ 0, 22, 18, 12,  7, 13, 14, 19, 15,  8,  2])
 array([ 0, 26, 27, 25, 29, 30, 33, 37, 36,  3])
 array([ 0, 23, 28, 24, 31, 32, 39, 38, 34, 35,  4])]
 -- Custo: 
 ---------23.86775908720181
 ---------22.66562126173752
 ---------21.941549404533223
 ---------25.311032702497425
 ---- Total: 93.78596245596998
 -- Premio: 
 ---------52.0
 ---------35.0
 ---------49.0
 ---------56.0
 ---- Total: 192.0
 - Execucao 6
 -- BestCostGenaration: [-99.45073037032631, -190.28346981129056, -216.5769934619727, -263.2906311545711, -317.42209753053316, -372.03267456066067, -442.4746567026025, -504.1490856898824, -518.6982191513293, -580.7495917808103, -598.1278905382691, -648.4175565864388, -699.0515489152101, -757.4098072851518, -783.1663161867817, -794.5651900272902, -813.3303802499997, -818.115417665433, -851.4716229609995, -885.5918213031214, -905.5918213031214, -911.7178665823503, -921.4497222641457, -924.960052284656, -934.374513777693, -941.559540825504, -948.374513777693, -951.9445650670182, -954.3667701688742]
 -- BestCostElement: [-954.36677017 -954.36677017 -954.36677017 -954.36677017]
 -- BestRoute: [array([ 0, 26, 17, 16, 21, 20, 10, 11,  6,  9,  5,  1])
 array([ 0, 22, 18, 12,  7, 13, 14, 19, 15,  8,  2])
 array([ 0, 37, 33, 27, 25, 30, 29, 36,  3])
 array([ 0, 23, 24, 28, 31, 32, 39, 38, 34, 35,  4])]
 -- Custo: 
 ---------26.390287378253124
 ---------22.66562126173752
 ---------24.69822036478577
 ---------23.654178453005045
 ---- Total: 97.40830745778146
 -- Premio: 
 ---------60.0
 ---------35.0
 ---------41.0
 ---------56.0
 ---- Total: 192.0
 - Execucao 7
 -- BestCostGenaration: [-108.13800571338342, -169.4878216926931, -231.8061508327824, -304.960384509733, -360.1829939062499, -423.6461058306935, -469.85911099424067, -492.09246598746785, -541.8109913062524, -569.400219726125, -596.1864145030004, -633.3483653883991, -653.0609477278922, -685.8777477746165, -714.5980445075069, -738.7564956125757, -772.5330941410207, -778.0058779725359, -788.1300034382234, -805.1777808652557, -812.3644455317101, -826.1855244740746, -832.1777808652557, -839.1777808652557, -872.0854390843126, -878.5394738454223, -890.9460912947497, -902.8460059049878, -903.9311712465117, -916.5508446356622, -919.0770145535864, -927.6886368448777, -933.6808932360586, -934.5198149562316]
 -- BestCostElement: [-934.51981496 -934.51981496 -934.51981496 -934.51981496]
 -- BestRoute: [array([ 0, 17, 16, 21, 20, 10,  5,  9,  6, 11,  1])
 array([ 0, 22, 19, 15, 14, 13, 18, 12,  7,  8,  2])
 array([ 0, 26, 27, 30, 37, 33, 36, 29, 25,  3])
 array([ 0, 23, 24, 28, 31, 32, 39, 38, 34, 35,  4])]
 -- Custo: 
 ---------26.358287737005433
 ---------24.84376684661083
 ---------27.513813224320796
 ---------23.654178453005045
 ---- Total: 102.3700462609421
 -- Premio: 
 ---------52.0
 ---------35.0
 ---------49.0
 ---------56.0
 ---- Total: 192.0
 - Execucao 8
 -- BestCostGenaration: [-24.645380260685684, -99.78615203674556, -164.67160574913353, -228.84163772384613, -357.85748305694017, -378.6049777216897, -448.2245333778846, -512.5751357053678, -557.1661146735566, -569.9281916919263, -650.5676609630257, -661.7694628664876, -678.527069463755, -726.8564639972906, -758.8518889473312, -765.4400161862816, -774.4555034039192, -781.1134128207631, -794.4617098289855, -812.0813832181361, -818.9026692146504, -839.1976882586505, -848.5485776179769, -852.7537246852664, -865.9209089552689, -886.8263623862828, -893.2833928769029, -896.8898340851025, -908.8418496039205, -911.7186566362858, -917.7109130274669]
 -- BestCostElement: [-917.71091303 -917.71091303 -917.71091303 -917.71091303]
 -- BestRoute: [array([ 0, 17, 16, 21, 20, 10,  5,  9,  6, 11,  1])
 array([ 0, 22, 18, 12,  7, 13, 14, 19, 15,  8,  2])
 array([ 0, 26, 27, 25, 29, 30, 33, 37, 36,  3])
 array([ 0, 23, 28, 24, 35, 34, 39, 38,  4])]
 -- Custo: 
 ---------26.358287737005433
 ---------22.66562126173752
 ---------21.941549404533223
 ---------25.1068133398571
 ---- Total: 96.07227174313327
 -- Premio: 
 ---------52.0
 ---------35.0
 ---------49.0
 ---------50.0
 ---- Total: 186.0
 - Execucao 9
 -- BestCostGenaration: [-74.1794710019944, -126.80399132508899, -222.3171515274807, -277.4013591185533, -323.0996869647532, -395.40653686472945, -401.0262573584491, -463.206554034205, -494.291365008408, -552.3073705941885, -580.8077437596277, -616.8648370051512, -653.7224598178464, -673.9470427695444, -676.4787186209621, -704.1229280138418, -723.5583799314923, -765.5289426799694, -777.2574869239668, -792.5762862157717, -815.0251792075089, -836.1411678430535, -848.3489589828124, -867.4208418061484, -881.8155492771002, -894.4342804611022, -915.616859310714, -916.3828142686303, -920.355732488685, -924.4192041875048]
 -- BestCostElement: [-924.41920419 -924.41920419 -924.41920419 -924.41920419]
 -- BestRoute: [array([ 0, 17, 16, 21, 20, 10,  6, 11,  9,  5,  1])
 array([ 0, 18, 12,  7, 13, 14, 22, 19, 15,  8,  2])
 array([ 0, 26, 27, 25, 30, 29, 33, 37, 36,  3])
 array([ 0, 23, 24, 28, 31, 32, 38, 35, 34,  4])]
 -- Custo: 
 ---------23.311032702497425
 ---------22.620890997328626
 ---------22.48260557775123
 ---------24.23066967554652
 ---- Total: 92.64519895312381
 -- Premio: 
 ---------52.0
 ---------35.0
 ---------49.0
 ---------49.0
 ---- Total: 185.0
 - Execucao 10
 -- BestCostGenaration: [-65.37631783889101, -131.38614462297673, -242.8233810873361, -331.716892524253, -373.04823001701305, -413.01643729391265, -476.2808169117461, -505.1930825279025, -556.5855325968473, -587.06604732813, -626.8985045359395, -640.1000720043809, -683.7478441535692, -746.0418618016513, -760.2382769377668, -766.1360754836285, -800.7904200403126, -831.118302256657, -836.7917595156564, -850.7441268267188, -869.5297865965981, -877.5175370999474, -906.9874406661099, -926.0103276324498, -950.3601228491013, -954.265064593799, -961.0464143501165, -963.7895320642555, -977.8794362467319]
 -- BestCostElement: [-977.87943625 -977.87943625 -977.87943625 -977.87943625]
 -- BestRoute: [array([ 0, 21, 20, 16, 17, 11,  6,  9, 10,  5,  1])
 array([ 0, 22, 18, 12,  7, 13, 14, 19, 15,  8,  2])
 array([ 0, 26, 27, 25, 29, 30, 37, 33, 36,  3])
 array([ 0, 23, 24, 28, 31, 32, 39, 38, 34, 35,  4])]
 -- Custo: 
 ---------22.848005547048654
 ---------22.66562126173752
 ---------22.362335676525813
 ---------23.654178453005045
 ---- Total: 91.53014093831703
 -- Premio: 
 ---------52.0
 ---------35.0
 ---------49.0
 ---------56.0
 ---- Total: 192.0
 - Execucao 11
 -- BestCostGenaration: [-82.80332536820127, -151.60461572400922, -218.10883158138384, -268.287258948899, -330.25513926787403, -352.6591417503626, -394.2161093253411, -425.7515859077522, -481.23857145467423, -552.5948678939828, -609.4112523325994, -650.0225424013116, -652.003168616385, -685.711055378082, -688.9357394411443, -703.8390972062293, -718.1099292185904, -727.9019215363396, -755.92767171396, -766.8861249020821, -783.5168088409331, -817.2294344435828, -829.942016783076, -849.401357554538, -849.5685446396517, -853.972839408357, -855.6600856418327, -859.5284013870685, -862.236244885609, -865.6790452882542, -866.6496080367313, -867.3621903762246]
 -- BestCostElement: [-867.36219038 -867.36219038 -867.36219038 -867.36219038]
 -- BestRoute: [array([ 0, 12, 17, 16, 11,  6,  9,  5, 10,  1])
 array([ 0, 18, 22, 14, 19, 15,  8,  7, 13,  2])
 array([ 0, 26, 27, 25, 30, 33, 37, 36, 29,  3])
 array([ 0, 23, 28, 24, 35, 39, 38, 34,  4])]
 -- Custo: 
 ---------25.120978654055513
 ---------25.14218233270955
 ---------23.679501520700303
 ---------25.966789898478524
 ---- Total: 99.90945240594388
 -- Premio: 
 ---------51.0
 ---------31.0
 ---------49.0
 ---------50.0
 ---- Total: 181.0
 - Execucao 12
 -- BestCostGenaration: [-96.38350374797884, -166.84584937590014, -240.8532959724854, -339.30081293758246, -400.05947911348255, -475.0436788474241, -507.8166536691906, -546.7448651866549, -580.8916644218036, -649.2425537811303, -666.112872196602, -688.9030352120435, -713.5692286544751, -731.1409472836915, -760.376708278455, -817.0113296085149, -841.1111912262088, -843.3239397655847, -881.4997589321711, -894.3844951504304, -928.7525994683513, -949.4734680936931, -954.1675032035273, -962.020474750634, -967.8081656949381, -969.6740827940328, -973.8004220861192]
 -- BestCostElement: [-973.80042209 -973.80042209 -973.80042209 -973.80042209]
 -- BestRoute: [array([ 0, 17, 11,  6,  9, 16, 21, 20, 10,  5,  1])
 array([ 0, 22, 18, 12,  7, 13, 14, 19, 15,  8,  2])
 array([ 0, 26, 27, 25, 29, 30, 37, 33, 36,  3])
 array([ 0, 23, 24, 28, 31, 32, 39, 38, 34, 35,  4])]
 -- Custo: 
 ---------23.86775908720181
 ---------22.66562126173752
 ---------22.362335676525813
 ---------23.654178453005045
 ---- Total: 92.5498944784702
 -- Premio: 
 ---------52.0
 ---------35.0
 ---------49.0
 ---------56.0
 ---- Total: 192.0
 - Execucao 13
 -- BestCostGenaration: [-120.7705902830225, -223.0010491233069, -290.7783496145973, -329.00157803443403, -420.93314423878866, -465.26997942556505, -506.11187428957817, -559.6070919094461, -594.6251837171254, -647.8230858684658, -653.8863485855566, -683.6731434320579, -713.1175492103674, -732.4866259272718, -739.5850234497465, -749.8194655432333, -774.2843736082887, -775.4840634015445, -788.4763197927257, -794.4061197534722, -806.3398946441398, -816.6273123046467]
 -- BestCostElement: [-816.6273123 -816.6273123 -816.6273123 -816.6273123]
 -- BestRoute: [array([ 0, 17, 16, 21, 20, 11,  6,  9,  5, 10,  1])
 array([ 0, 26, 22, 18, 12, 13,  7,  2])
 array([ 0, 27, 25, 29, 30, 37, 36, 33,  3])
 array([ 0, 23, 24, 28, 31, 32, 38, 34, 35,  4])]
 -- Custo: 
 ---------25.970609457455737
 ---------24.84675312176632
 ---------24.371630891611247
 ---------21.654178453005045
 ---- Total: 96.84317192383836
 -- Premio: 
 ---------52.0
 ---------30.0
 ---------41.0
 ---------49.0
 ---- Total: 172.0
 - Execucao 14
 -- BestCostGenaration: [-98.5889136001203, -163.45608414538466, -289.0895313505855, -317.52502903911835, -405.70098229012035, -516.139996568101, -579.0512762422607, -623.2565882375784, -662.52076349351, -683.7743594619715, -716.358943236474, -719.3494203638329, -742.079269184786, -760.5402020109343, -767.278851505431, -793.6018123190429, -808.123879127186, -817.8969735883684, -831.7180525307328, -837.3749067802253, -838.3826503890441, -841.7737806207338, -844.3749067802253]
 -- BestCostElement: [-844.37490678 -844.37490678 -844.37490678 -844.37490678]
 -- BestRoute: [array([ 0, 17, 16, 21, 20, 10, 11,  6,  9,  5,  1])
 array([ 0, 22, 19, 15, 14, 18, 12,  7, 13,  2])
 array([ 0, 26, 27, 25, 29, 30, 37, 36, 33,  3])
 array([ 0, 23, 28, 24, 35, 34, 38,  4])]
 -- Custo: 
 ---------22.705481427033437
 ---------25.585258234786615
 ---------24.436125993857225
 ---------20.67940764926642
 ---- Total: 93.4062733049437
 -- Premio: 
 ---------52.0
 ---------30.0
 ---------49.0
 ---------43.0
 ---- Total: 174.0
 - Execucao 15
 -- BestCostGenaration: [-91.20695320102408, -192.61815932590238, -267.93654220828023, -376.42130710503653, -421.7068500623419, -451.9591329174648, -467.87885256159404, -520.7511252352137, -561.9410818517466, -594.8493492342645, -648.2198437113485, -661.8762749443459, -674.655747182351, -686.7911374954931, -698.0219072168231, -708.7767714257294, -730.3004799848536, -734.9794586146743, -741.5276092071458, -750.1666618891174, -759.6324611117393, -769.6852296246095, -772.7365243098296, -775.4313050818022, -780.3755769918013, -794.6737982731483, -799.3273423186026]
 -- BestCostElement: [-799.32734232 -799.32734232 -799.32734232 -799.32734232]
 -- BestRoute: [array([ 0, 18, 22, 14, 13,  7,  6, 11, 10,  9,  5,  1])
 array([ 0, 26, 20, 21, 16, 12,  2])
 array([ 0, 17, 25, 29, 30, 27, 37, 33, 36,  3])
 array([ 0, 23, 28, 39, 31, 32, 34, 38, 35,  4])]
 -- Custo: 
 ---------27.792463872582434
 ---------25.646702837550546
 ---------27.15514133641392
 ---------24.07385637380243
 ---- Total: 104.66816442034933
 -- Premio: 
 ---------51.0
 ---------24.0
 ---------50.0
 ---------49.0
 ---- Total: 174.0
 - Execucao 16
 -- BestCostGenaration: [-40.00932883184748, -133.99054238612158, -206.02689623332054, -277.66829286396205, -391.33940445386133, -440.7245374534456, -475.50294696333606, -543.0935594159449, -574.626997014328, -594.203387295852, -653.9936290560318, -660.1525683390665, -696.6746351472098, -716.1235455873806, -743.6227579221045, -752.5287958205828, -760.3048532591968, -789.5886270203646, -802.5886270203646, -802.9767976749238, -811.737364495599, -825.4422032262733, -832.2941702028896, -874.335137187896, -882.6705393295847, -885.0214286889111, -891.0136850800923, -891.4655344876207, -894.1957525507728, -894.9083348902659]
 -- BestCostElement: [-894.90833489 -894.90833489 -894.90833489 -894.90833489]
 -- BestRoute: [array([ 0, 17, 16, 21, 20,  5,  9,  6, 11, 10,  1])
 array([ 0, 23, 22, 14, 19, 15,  8,  7, 13,  2])
 array([ 0, 26, 27, 25, 30, 37, 33, 36, 29,  3])
 array([ 0, 24, 28, 31, 32, 39, 38, 34, 35,  4])]
 -- Custo: 
 ---------26.734541479955947
 ---------25.62511840008253
 ---------24.100287792692892
 ---------23.56296860470214
 ---- Total: 100.02291627743351
 -- Premio: 
 ---------52.0
 ---------34.0
 ---------49.0
 ---------50.0
 ---- Total: 185.0
 - Execucao 17
 -- BestCostGenaration: [-50.013364363451416, -211.24381656031554, -267.6634313372367, -317.73115194148124, -361.6856172492812, -419.8296452208585, -503.9108688617554, -564.9715447744377, -596.457815826223, -671.9102259875548, -711.8822925940906, -733.3338952732233, -764.8555912362236, -769.2575884448556, -794.3148519047024, -821.3453596054692, -866.3675340165493, -880.312389813866, -921.312389813866, -921.5655861911615, -944.9733019824037, -962.7254206538162, -970.2735712462876, -971.162115066286, -971.4495327267928, -977.4417891179738, -978.4495327267928]
 -- BestCostElement: [-978.44953273 -978.44953273 -978.44953273 -978.44953273]
 -- BestRoute: [array([ 0, 17, 16, 21, 20, 10, 11,  6,  9,  5,  1])
 array([ 0, 22, 18, 12,  7, 13, 14, 19, 15,  8,  2])
 array([ 0, 26, 27, 25, 29, 30, 37, 33, 36,  3])
 array([ 0, 23, 24, 28, 31, 32, 39, 38, 34, 35,  4])]
 -- Custo: 
 ---------22.705481427033437
 ---------22.66562126173752
 ---------22.362335676525813
 ---------23.654178453005045
 ---- Total: 91.38761681830182
 -- Premio: 
 ---------52.0
 ---------35.0
 ---------49.0
 ---------56.0
 ---- Total: 192.0
 - Execucao 18
 -- BestCostGenaration: [-48.07166193434654, -160.79132706271443, -227.20533884589418, -288.5138067632045, -384.8251725846321, -429.5410820261882, -467.9311428477329, -493.59898091295224, -579.4253661574777, -608.689452556637, -637.1472009001911, -679.7822179342216, -690.4004223551067, -698.6736578499585, -731.6898571688034, -739.0540960755784, -742.7192944203262, -757.0491501804761, -769.6387466064841, -789.7268066963143, -798.0699524468218, -808.5812804629489, -818.3235071081148, -822.6796779854237, -828.2938628024423, -833.4036165349762, -842.2379276582916, -854.6437541661517, -863.6469005791965, -865.3300456671669]
 -- BestCostElement: [-865.33004567 -865.33004567 -865.33004567 -865.33004567]
 -- BestRoute: [array([ 0, 18, 12, 17, 16, 11,  6,  9,  5, 10,  1])
 array([ 0, 23, 22, 14, 19, 15,  8,  7, 13,  2])
 array([ 0, 26, 27, 25, 29, 30, 33, 37, 36,  3])
 array([ 0, 24, 28, 31, 32, 34, 35, 38,  4])]
 -- Custo: 
 ---------25.863578393426508
 ---------25.62511840008253
 ---------21.941549404533223
 ---------25.237242385166013
 ---- Total: 98.66748858320827
 -- Premio: 
 ---------54.0
 ---------34.0
 ---------49.0
 ---------43.0
 ---- Total: 180.0
 - Execucao 19
 -- BestCostGenaration: [-43.36480852815411, -125.63188412324185, -188.69551221734991, -289.8099550121798, -352.5354350616897, -393.6263996538739, -438.16200336631084, -465.6100937099827, -487.5253932243919, -505.7726730345652, -564.937901273416, -596.2682327929259, -636.6270731684617, -659.526433849782, -668.2085702987893, -709.7049291696712, -722.6160395738401, -740.0604939546793, -757.7887293475815, -799.0115777843589, -806.2579534592219, -820.5326918762141, -840.8792923596869, -852.1485137317293, -858.9088934022029, -867.3724625404684, -874.3021006476229, -885.3125968680157, -893.7489589693133, -898.9547547527444, -899.6479990097044, -905.1259322015612]
 -- BestCostElement: [-905.1259322 -905.1259322 -905.1259322 -905.1259322]
 -- BestRoute: [array([ 0, 11,  6,  9, 10, 20, 21, 16, 17,  5,  1])
 array([ 0, 18, 12,  7, 13, 14, 22, 19, 15,  8,  2])
 array([ 0, 26, 25, 27, 37, 36, 33, 30, 29,  3])
 array([ 0, 23, 24, 28, 31, 32, 38, 35, 34,  4])]
 -- Custo: 
 ---------26.128792469125138
 ---------22.620890997328626
 ---------24.48816380760941
 ---------24.23066967554652
 ---- Total: 97.4685169496097
 -- Premio: 
 ---------52.0
 ---------35.0
 ---------49.0
 ---------49.0
 ---- Total: 185.0
 - Execucao 20
 -- BestCostGenaration: [-90.69116017450708, -134.53885472945905, -221.7348733834513, -286.8360575299622, -340.3589389303985, -393.38780906213424, -442.3755831868295, -507.3820571019773, -538.0024761532663, -568.9285846559859, -594.9960494450266, -609.0252999492283, -642.0157123779618, -647.9665292754696, -662.410220935674, -675.1626952372393, -682.2171179311756, -697.7888068391443, -720.9345275655137, -727.8828141314017, -740.5691488955733, -742.1702317919085, -749.1969165204505, -749.8562159291725, -752.7452741670718, -760.6317864783623, -775.0192895286309, -780.8670531995374, -791.4448480976816]
 -- BestCostElement: [-791.4448481 -791.4448481 -791.4448481 -791.4448481]
 -- BestRoute: [array([ 0, 18,  7, 12, 17, 11,  6, 10,  9,  5,  1])
 array([ 0, 26, 20, 21, 16, 13,  2])
 array([ 0, 37, 33, 36, 30, 27, 25, 29,  3])
 array([ 0, 22, 24, 23, 28, 31, 32, 38, 34, 35,  4])]
 -- Custo: 
 ---------27.69926635853739
 ---------25.891976175787455
 ---------23.710351304263448
 ---------25.83719413699133
 ---- Total: 103.13878797557963
 -- Premio: 
 ---------51.0
 ---------26.0
 ---------41.0
 ---------54.0
 ---- Total: 172.0
 - Execucao 21
 -- BestCostGenaration: [-128.76942757789223, -177.13892007891133, -277.1797392905567, -335.9114792922652, -398.3952802490078, -449.84217950268726, -497.65859582208475, -550.8020669488106, -595.701449024629, -629.072126834468, -650.6760487800968, -704.3762107921609, -755.7495415977917, -780.2707951933636, -793.975633924038, -799.8503377297109, -826.7917871895352, -849.6323465283517, -884.0314922518339, -891.2250893674047, -901.8035888059926, -906.2798195503815, -909.842200230828, -920.2333304625176, -936.121874282516, -953.1614106144352, -954.5758721074724, -958.3441825369664]
 -- BestCostElement: [-958.34418254 -958.34418254 -958.34418254 -958.34418254]
 -- BestRoute: [array([ 0, 17, 16, 21, 20, 11,  6,  9,  5, 10,  1])
 array([ 0, 23, 22, 18, 12,  7, 13, 14, 19, 15,  8,  2])
 array([ 0, 26, 27, 25, 29, 30, 37, 33, 36,  3])
 array([ 0, 24, 28, 31, 32, 39, 38, 34, 35,  4])]
 -- Custo: 
 ---------25.970609457455737
 ---------24.5180406270747
 ---------22.362335676525813
 ---------23.56296860470214
 ---- Total: 96.41395436575839
 -- Premio: 
 ---------52.0
 ---------41.0
 ---------49.0
 ---------50.0
 ---- Total: 192.0
 - Execucao 22
 -- BestCostGenaration: [-73.6396858049694, -142.28147554422492, -209.61398900155342, -266.5787488250502, -379.4929321378808, -411.78027972339754, -472.91518803082306, -507.2298159545443, -537.8626786595935, -555.6409155495325, -583.5433409985025, -601.5499367854748, -658.1207573620064, -680.8892315824936, -746.2524506551265, -762.7446273360417, -779.4464060546948, -802.1534064355451, -808.2936895231067, -825.5662024172678, -831.017329225121, -844.7429434290325, -848.8798955457669, -858.8546847334684, -865.2244719493615, -895.3460641459129, -912.111191314802, -932.041447781945, -945.8625267243093, -961.1430006672272, -965.3410361239215, -976.0273276249368, -977.4417891179738, -978.4495327267928]
 -- BestCostElement: [-978.44953273 -978.44953273 -978.44953273 -978.44953273]
 -- BestRoute: [array([ 0, 17, 16, 21, 20, 10, 11,  6,  9,  5,  1])
 array([ 0, 22, 18, 12,  7, 13, 14, 19, 15,  8,  2])
 array([ 0, 26, 27, 25, 29, 30, 37, 33, 36,  3])
 array([ 0, 23, 24, 28, 31, 32, 39, 38, 34, 35,  4])]
 -- Custo: 
 ---------22.705481427033437
 ---------22.66562126173752
 ---------22.362335676525813
 ---------23.654178453005045
 ---- Total: 91.38761681830182
 -- Premio: 
 ---------52.0
 ---------35.0
 ---------49.0
 ---------56.0
 ---- Total: 192.0
 - Execucao 23
 -- BestCostGenaration: [-167.5433605873711, -225.13997027406697, -314.8848840167971, -381.35320453671085, -430.50462787484923, -492.9633694301839, -518.5322709663093, -556.7151217389318, -569.4167729613091, -624.9239783713615, -649.8429696433242, -663.6640485856885, -672.1948726147, -688.4426266157582, -706.8191014286997, -713.8513659331378, -734.6894474676616, -764.5546600263124, -775.573557882879, -787.990401722494, -800.4990322459129, -820.775459449665, -832.7522286232085, -864.0426058608457, -872.1216652121941, -883.4544591435182]
 -- BestCostElement: [-883.45445914 -883.45445914 -883.45445914 -883.45445914]
 -- BestRoute: [array([ 0, 26, 27, 25, 17, 11, 16, 21, 20, 10,  9,  5,  1])
 array([ 0, 22, 19, 15,  8,  7, 12, 13,  2])
 array([ 0, 23, 28, 31, 32, 37, 33, 30, 29, 36,  3])
 array([ 0, 18, 24, 39, 38, 34, 35,  4])]
 -- Custo: 
 ---------27.740927774040824
 ---------25.950844619618657
 ---------26.97339801939269
 ---------25.72121480106827
 ---- Total: 106.38638521412044
 -- Premio: 
 ---------70.0
 ---------30.0
 ---------49.0
 ---------38.0
 ---- Total: 187.0
 - Execucao 24
 -- BestCostGenaration: [-87.47206991737661, -140.07438419874083, -210.52178158966973, -291.2633528472288, -395.71605880209165, -415.11195331842447, -471.2361063745245, -510.39974516735117, -535.920987347806, -548.2412877421826, -593.8952748853068, -648.4949514072359, -693.0594563150221, -708.7516454932238, -745.6141532122288, -770.0727030422233, -779.0659593566008, -811.6531223747485, -820.1290340040173, -854.7302631938571, -855.506401037736, -875.6038208714223, -897.9583743401258, -928.2187763230795, -936.0547753136823, -951.3265468133077, -965.8370357770614, -967.0584024951031, -971.4495327267928, -973.1326778147632, -974.4758235652707]
 -- BestCostElement: [-974.47582357 -974.47582357 -974.47582357 -974.47582357]
 -- BestRoute: [array([ 0, 17,  6, 11, 16, 21, 20, 10,  9,  5,  1])
 array([ 0, 22, 18, 12,  7, 13, 14, 19, 15,  8,  2])
 array([ 0, 26, 27, 25, 29, 30, 33, 37, 36,  3])
 array([ 0, 23, 24, 28, 31, 32, 39, 38, 34, 35,  4])]
 -- Custo: 
 ---------24.11969498940653
 ---------22.66562126173752
 ---------21.941549404533223
 ---------23.654178453005045
 ---- Total: 92.38104410868232
 -- Premio: 
 ---------52.0
 ---------35.0
 ---------49.0
 ---------56.0
 ---- Total: 192.0
 - Execucao 25
 -- BestCostGenaration: [-70.15469544425397, -130.71624008109052, -209.558813994327, -261.7727662066038, -342.82036907303177, -396.8682491436999, -471.83059905619314, -479.9099809033596, -550.4476100379748, -563.6801806991589, -588.7618628671232, -636.5939071684522, -670.384837517629, -715.1810917747302, -725.2048912433082, -754.0643264152465, -771.5020572320143, -780.3756531111037, -797.3116669943832, -811.6699244767931, -816.5845520811197, -819.2481952955636, -843.6394893182463, -849.6317457094275, -858.7169110509511, -864.7091674421323]
 -- BestCostElement: [-864.70916744 -864.70916744 -864.70916744 -864.70916744]
 -- BestRoute: [array([ 0, 17, 10,  9,  6, 11, 16, 21, 20,  5,  1])
 array([ 0, 18, 22, 14, 19, 15,  8,  7, 13,  2])
 array([ 0, 26, 27, 25, 29, 36, 37, 33, 30,  3])
 array([ 0, 23, 28, 31, 32, 38, 34, 24, 35,  4])]
 -- Custo: 
 ---------25.56296860470214
 ---------25.14218233270955
 ---------25.384823019828833
 ---------24.482734182226416
 ---- Total: 100.57270813946693
 -- Premio: 
 ---------52.0
 ---------31.0
 ---------49.0
 ---------49.0
 ---- Total: 181.0
 - Execucao 26
 -- BestCostGenaration: [-98.12430156811422, -173.24513803219378, -241.87251999138323, -309.8488285326644, -335.01383247355454, -400.3618396312574, -415.0460692777998, -450.5519055160376, -490.2535776154318, -539.733847108442, -576.2224693971286, -606.5949313946363, -630.5887091395201, -671.5053964811202, -688.8451599332482, -711.6724534717947, -762.1239953902826, -771.4878368764704, -788.108508172645, -796.8905818887029, -813.054102041131, -827.4205790529861, -833.9687296454576, -844.5698558049492, -850.5698558049492, -852.9130015554568, -860.6178402861312]
 -- BestCostElement: [-860.61784029 -860.61784029 -860.61784029 -860.61784029]
 -- BestRoute: [[ 0 17 16 21 20 10  5  9 11  1]
 [ 0 18 22 14 19 15  8  7 13  2]
 [ 0 26 27 25 29 30 37 33 36  3]
 [ 0 23 28 31 32 38 34 24 35  4]]
 -- Custo: 
 ---------24.358287737005433
 ---------25.14218233270955
 ---------22.362335676525813
 ---------24.482734182226416
 ---- Total: 96.34553992846722
 -- Premio: 
 ---------49.0
 ---------31.0
 ---------49.0
 ---------49.0
 ---- Total: 178.0
 - Execucao 27
 -- BestCostGenaration: [-71.47375852805861, -146.34677771867902, -179.35418113274125, -232.5877715489759, -302.03280220247217, -350.4563156027937, -392.90862204739886, -440.255799006045, -457.28704415987596, -502.9699711201406, -581.1847634781468, -611.1739598573066, -651.0473865945245, -697.6606250689304, -763.0585643585172, -785.3645744394188, -804.1260744268867, -829.5381804483462, -856.4736307560458, -865.946757551608, -879.8679072705816, -882.3149725578287, -912.6446888056663, -925.6446888056663, -927.8206502861715, -935.263679220041, -944.3907230525712, -948.3495275363407, -958.3907230525712, -966.5589409242574]
 -- BestCostElement: [-966.55894092 -966.55894092 -966.55894092 -966.55894092]
 -- BestRoute: [array([ 0, 17, 16, 21, 20, 11,  6,  9, 10,  5,  1])
 array([ 0, 22, 18, 12,  7, 13, 14, 19, 15,  8,  2])
 array([ 0, 26, 27, 25, 37, 36, 33, 30, 29,  3])
 array([ 0, 23, 24, 28, 31, 32, 39, 38, 34, 35,  4])]
 -- Custo: 
 ---------22.95741732923815
 ---------22.66562126173752
 ---------25.083047724954923
 ---------23.654178453005045
 ---- Total: 94.36026476893564
 -- Premio: 
 ---------52.0
 ---------35.0
 ---------49.0
 ---------56.0
 ---- Total: 192.0
 - Execucao 28
 -- BestCostGenaration: [-142.97016891711058, -203.79928235175328, -243.45512744582197, -298.8129603560896, -323.83990298794714, -389.90646746931975, -428.08184965042034, -466.90217886160525, -514.0114021507347, -538.492688809786, -598.9776980947644, -641.7808613040584, -695.3723905904576, -708.4976511787178, -734.3483744267548, -751.4619894253551, -771.9057876464312, -775.0567802469452, -780.8675268485032, -786.7996466037307, -799.5122289432238, -807.628469154914, -807.6362127637328, -827.6362127637328, -866.0694716784458, -867.4839331714828]
 -- BestCostElement: [-867.48393317 -867.48393317 -867.48393317 -867.48393317]
 -- BestRoute: [array([ 0, 17, 11,  6,  9,  5, 10, 20, 21, 16,  1])
 array([ 0, 18, 22, 24, 15, 13,  7,  8,  2])
 array([ 0, 26, 37, 33, 36, 29, 27, 25, 30,  3])
 array([ 0, 23, 28, 35, 34, 38, 31, 32, 39,  4])]
 -- Custo: 
 ---------27.930460079592976
 ---------25.89681914012433
 ---------26.66075116262454
 ---------24.640986324787455
 ---- Total: 105.1290167071293
 -- Premio: 
 ---------52.0
 ---------34.0
 ---------49.0
 ---------49.0
 ---- Total: 184.0
 - Execucao 29
 -- BestCostGenaration: [-86.20227649398267, -179.2959104388396, -271.9560297016343, -352.17705546156276, -445.83858034749716, -479.83858034749716, -512.0500264778814, -529.7836387449474, -550.2216351191796, -586.6298129590991, -607.899499183069, -647.1821470324741, -664.306982633374, -686.1784019313782, -732.5672993525912, -750.0922184723287, -782.8595491556927, -790.5372154084347, -793.7480685690803, -810.0093407777737, -827.8523001987564, -829.0927125583219, -842.0985159274364, -853.5429818413959, -867.9719974738712, -900.971997473871, -920.3756553460678, -928.0804940767423, -944.4600297461243, -951.3864589669081, -955.0135192362304]
 -- BestCostElement: [-955.01351924 -955.01351924 -955.01351924 -955.01351924]
 -- BestRoute: [array([ 0, 21, 20, 16, 17, 11,  6,  5, 10,  9,  1])
 array([ 0, 23, 22, 18, 12,  7, 13, 14, 19, 15,  8,  2])
 array([ 0, 26, 27, 25, 29, 30, 37, 33, 36,  3])
 array([ 0, 24, 28, 31, 32, 39, 38, 34, 35,  4])]
 -- Custo: 
 ---------26.803275282639756
 ---------24.5180406270747
 ---------22.362335676525813
 ---------23.56296860470214
 ---- Total: 97.24662019094241
 -- Premio: 
 ---------52.0
 ---------41.0
 ---------49.0
 ---------50.0
 ---- Total: 192.0
