 - Execucao 0
 -- BestCostGenaration: [-244.99194697456136, -376.10903030443711, -463.73924793579795, -601.53086814956487, -639.2243383414301, -706.32578618176808, -735.71624718824228, -752.99378607169615, -754.60357330382601, -782.38371618996177, -809.38079087618144, -819.37101704285647, -831.99401266498762, -852.24796651933923, -896.28733248368599, -897.32768266378912, -909.17708404193218, -922.97861775902038, -935.33972764605301, -955.79814619865283, -964.53737000353158, -969.59979021079539, -973.99092044248505, -984.93254642629961, -1018.2624563490125, -1024.9425039501104, -1028.8575635656296, -1030.6784175509511, -1043.5072401021343, -1052.7946577626412, -1056.9299071651953, -1072.7447415613651, -1077.9996626046052, -1097.9497464033291]
 -- BestCostElement: [-1091.62389901 -1091.62389901 -1091.62389901 -1091.62389901]
 -- BestRoute: [array([ 1, 15, 12, 14, 13, 17, 20, 21, 19, 18, 16,  1]), array([ 2, 30, 26, 23, 10,  7,  5,  4,  9, 11, 24, 25, 27, 28,  2])]
 -- Custo: 
 ---------25.6989087174
 ---------39.9544810786
 ---- Total: 65.6533897961
 -- Premio: 
 ---------48.0
 ---------86.0
 ---- Total: 134.0
 - Execucao 1
 -- BestCostGenaration: [-222.32755809797897, -362.85590310158472, -484.1581213565413, -531.60823657925948, -619.69040991401357, -636.50285395979404, -692.46486081478884, -714.24954983827888, -758.88307282642381, -767.13400917371018, -807.0531670305063, -820.78812177716588, -828.23790150453806, -832.750406949428, -850.19569577445952, -870.74771912998187, -877.12641076452621, -886.84253704860475, -895.59614765888875, -896.49423296681937, -918.39260333143113, -930.85290295707421, -947.9273483087743, -952.86457900893652, -986.96864425989565, -1019.5918395478268, -1029.6274734926387, -1033.0980246019908, -1045.332312223313, -1045.9095306332288, -1062.8276943029143, -1068.4517669191889, -1077.322969116979, -1077.9361909057855, -1078.1720928675009, -1097.8862747045093]
 -- BestCostElement: [-1093.43338348 -1093.43338348 -1093.43338348 -1093.43338348]
 -- BestRoute: [array([ 1, 17, 22, 13, 14, 12, 15, 16, 18, 19, 21, 20,  1]), array([ 2, 28, 27, 25, 24, 11,  9,  4,  5,  7, 10,  8, 23, 26, 30,  2])]
 -- Custo: 
 ---------50.995548919
 ---------44.5549570543
 ---- Total: 95.5505059733
 -- Premio: 
 ---------49.0
 ---------90.0
 ---- Total: 139.0
 - Execucao 2
 -- BestCostGenaration: [-256.38032661084935, -373.34619172866155, -457.78969465557827, -519.29341228840553, -576.44091734671088, -626.77151760232209, -680.564904743233, -731.47787045436871, -734.2089833842914, -766.54034997154133, -770.73761120468635, -820.46297126073864, -837.49085227790283, -848.49724906940673, -871.65786893773065, -882.53107646255387, -889.28369350779246, -918.84638445905375, -949.66401797227059, -977.30006986682406, -978.54823639087579, -988.79986049237812, -990.23392425919587, -1050.2173248257022, -1076.7097473281729, -1077.9361909057855, -1082.5697138939304, -1084.3989984063185, -1087.481367961705, -1088.5046992230523, -1090.0824941211963, -1093.1382222111972]
 -- BestCostElement: [-1093.13822221 -1093.13822221 -1093.13822221 -1093.13822221]
 -- BestRoute: [array([ 1, 20, 17, 13, 14, 12, 15, 16, 18, 19, 21,  1]), array([ 2, 28, 27, 25, 24, 11,  9,  4,  5,  7, 10, 23, 26, 30,  2])]
 -- Custo: 
 ---------24.5563958951
 ---------39.3438545033
 ---- Total: 63.9002503984
 -- Premio: 
 ---------48.0
 ---------86.0
 ---- Total: 134.0
 - Execucao 3
 -- BestCostGenaration: [-244.99194697456136, -406.41357627398929, -469.18875028447582, -537.94258757869329, -567.92197070737575, -612.41912959595095, -649.52245407791065, -699.42428046309783, -743.59793935592677, -753.65920399056972, -780.75061195070907, -797.21012049361207, -835.82939762554281, -857.28552403075332, -904.42172813776506, -914.27183585559646, -936.14279459898694, -960.63521710145756, -1011.6538806821527, -1018.9049083351919, -1037.1624866393377, -1038.2132669066568, -1047.565712500342, -1063.1600364325816, -1077.322969116979, -1077.5401128514143, -1077.9361909057855, -1082.5697138939304, -1082.8056158556458, -1091.5448396605245, -1093.1382222111972, -1093.4333834805229]
 -- BestCostElement: [-1093.43338348 -1093.43338348 -1093.43338348 -1093.43338348]
 -- BestRoute: [array([ 1, 17, 13, 14, 12, 15, 16, 18, 19, 21, 20,  1]), array([ 2, 28, 27, 25, 24, 11,  9,  4,  5,  7, 10, 23, 26, 30,  2])]
 -- Custo: 
 ---------24.4826055778
 ---------39.3438545033
 ---- Total: 63.8264600811
 -- Premio: 
 ---------48.0
 ---------86.0
 ---- Total: 134.0
 - Execucao 4
 -- BestCostGenaration: [-255.06661811186459, -344.18581790068509, -476.49857932429921, -575.17190555479374, -605.18400118410852, -646.16125121661526, -686.96135760969048, -706.91354219620143, -719.68734945241022, -747.08767609181996, -776.26494831707851, -784.44096329834861, -814.89676069395568, -844.01521482063777, -881.32328983368359, -911.22481900474668, -914.43420810821135, -915.43239888664311, -925.28312213468007, -935.77792167439611, -956.53338959044777, -984.24705617867573, -997.26537620456031, -1023.102169568337, -1027.2564360905965, -1046.1557848469765, -1047.6181303863048, -1076.3428083551128, -1081.6601252283474, -1082.5697138939304, -1088.4891115705236, -1088.5046992230523, -1091.164349258682, -1093.1382222111972]
 -- BestCostElement: [-1093.13822221 -1093.13822221 -1093.13822221 -1093.13822221]
 -- BestRoute: [array([ 1, 20, 17, 13, 14, 12, 15, 16, 18, 19, 21,  1]), array([ 2, 28, 27, 25, 24, 11,  9,  4,  5,  7, 10, 23, 26, 30,  2])]
 -- Custo: 
 ---------24.5563958951
 ---------39.3438545033
 ---- Total: 63.9002503984
 -- Premio: 
 ---------48.0
 ---------86.0
 ---- Total: 134.0
 - Execucao 5
 -- BestCostGenaration: [-230.34283633388785, -412.02159320781311, -476.28112157761456, -580.96116748714735, -628.43205959445686, -643.51323070502781, -701.61842424881343, -730.48634501367565, -747.71177677734954, -779.44415659366643, -797.80292184101768, -845.75441689027821, -854.44014249546194, -879.75385099444668, -900.35648806716813, -935.73772406518935, -986.14197272979516, -986.62986717393778, -1001.3331031647804, -1029.2904337323066, -1040.1693403445202, -1049.7416821956213, -1069.7174909369917, -1069.9206032532568, -1074.3678935861399, -1077.5667536705223, -1081.4547264963194, -1086.2250251713645, -1088.8556318455353, -1091.6238990118729]
 -- BestCostElement: [-1091.62389901 -1091.62389901 -1091.62389901 -1091.62389901]
 -- BestRoute: [array([ 1, 15, 12, 14, 13, 17, 20, 21, 19, 18, 16,  1]), array([ 2, 28, 27, 25, 24, 11,  9,  4,  5,  7, 10, 23, 26, 30,  2])]
 -- Custo: 
 ---------24.9349766949
 ---------39.3438545033
 ---- Total: 64.2788311983
 -- Premio: 
 ---------48.0
 ---------86.0
 ---- Total: 134.0
 - Execucao 6
 -- BestCostGenaration: [-222.32755809797897, -362.45569671113867, -490.77136401090661, -546.39400909290907, -568.84443372311557, -601.81345591890772, -634.40382364829475, -668.62050484969348, -696.59655116705756, -755.91221315132395, -775.09713698519499, -791.85944463845362, -811.6378541483441, -814.07723688189515, -876.70824162293081, -891.60728157472886, -904.96697809457032, -916.31986391422197, -920.459620827447, -951.37559200422288, -952.75681057157726, -974.68741406244237, -992.08628790295086, -992.08977576881034, -1032.0104225155312, -1041.5651980824412, -1048.1931467985853, -1055.7032957278284, -1058.7709893362064, -1071.6505272149582, -1075.7295865663064, -1078.9007640151231, -1098.7097473281729, -1117.7174909369917]
 -- BestCostElement: [-1093.43338348 -1093.43338348 -1093.43338348 -1093.43338348]
 -- BestRoute: [array([ 1, 17, 13, 14, 12, 15, 16, 18, 19, 21, 20,  1]), array([ 2, 28, 27, 25, 24, 11,  9,  4,  5,  7, 10, 23, 26, 30,  2])]
 -- Custo: 
 ---------24.4826055778
 ---------39.3438545033
 ---- Total: 63.8264600811
 -- Premio: 
 ---------48.0
 ---------86.0
 ---- Total: 134.0
 - Execucao 7
 -- BestCostGenaration: [-248.26408639915928, -398.3117614637215, -490.52373118689911, -567.69885614097234, -597.3954425770778, -627.84521325252433, -659.35835851827665, -744.95370985539557, -799.71427667607077, -824.21005264573591, -852.74489845173991, -855.6604124374087, -878.37141084432744, -891.34472611578542, -893.17498437349059, -922.85631276744277, -945.95272485947748, -953.89039240547538, -974.44276985001352, -980.80062208132654, -983.46027211695628, -1015.3957839221328, -1026.9472879817988, -1028.5217294127483, -1057.6816020851245, -1065.4499125146185, -1066.8229966722492, -1073.0553906946061, -1076.9690197456312, -1077.1487616061536, -1081.0553906946061, -1085.2870802651119, -1085.5229822268275, -1086.5573673010317, -1087.1163647775002, -1093.4333834805229, -1123.4115260468257]
 -- BestCostElement: [-1095.85558858 -1095.85558858 -1095.85558858 -1095.85558858]
 -- BestRoute: [array([ 1, 14, 12, 13, 17, 20, 21, 19, 18, 16, 15,  1]), array([ 2, 28, 27, 25, 24, 22, 11,  9,  4,  5,  7, 10, 23, 26, 30,  2])]
 -- Custo: 
 ---------23.8770543023
 ---------39.6590485521
 ---- Total: 63.5361028544
 -- Premio: 
 ---------48.0
 ---------87.0
 ---- Total: 135.0
 - Execucao 8
 -- BestCostGenaration: [-243.61497575848574, -416.92373643478902, -490.39377208217104, -560.24972165435554, -652.08540019756197, -676.82395706339128, -701.665468174853, -748.13929702316887, -783.19502511316978, -803.30648129317137, -836.27704404164842, -851.30582523009195, -860.74682775362362, -879.15344520295093, -886.62483217866577, -902.92220669424353, -908.12460954191931, -921.54002567882378, -927.86647860424262, -960.10476191944099, -1007.0598374502804, -1026.9180236067689, -1031.1423666198593, -1034.1162827469379, -1049.9520747719839, -1054.0355514564724, -1057.4411703524984, -1067.0170042268132, -1076.3428083551128, -1082.8648751632559]
 -- BestCostElement: [-1082.86487516 -1082.86487516 -1082.86487516 -1082.86487516]
 -- BestRoute: [array([ 1, 22, 17, 13, 14, 12, 15, 16, 18, 19, 21, 20,  1]), array([ 2, 30,  8, 26, 23,  9, 10,  7,  5,  4, 11, 24, 25, 27, 28,  2])]
 -- Custo: 
 ---------48.5816051829
 ---------59.354733344
 ---- Total: 107.936338527
 -- Premio: 
 ---------49.0
 ---------90.0
 ---- Total: 139.0
 - Execucao 9
 -- BestCostGenaration: [-256.38032661084935, -340.19096296966256, -488.05407556352372, -578.49231955985374, -624.18157063799947, -693.53777504603408, -696.20800966735555, -736.95299186713601, -770.48929221770072, -786.51818137629562, -794.74736593133355, -811.89691315022765, -834.4689852310695, -858.29042794400095, -902.18415863539633, -916.94472545607164, -945.97337176612712, -962.59300518866269, -971.54683304810374, -979.00620060597294, -979.915028981256, -996.48594034949451, -1018.7110393366473, -1030.1929657073183, -1038.0820754231481, -1045.8370846158764, -1046.7858158119077, -1060.7469281885146, -1062.4672541368266, -1078.9007640151231, -1081.956492105124, -1082.5697138939304, -1084.3989984063185, -1095.3125341382083]
 -- BestCostElement: [-1093.13822221 -1093.13822221 -1093.13822221 -1093.13822221]
 -- BestRoute: [array([ 1, 20, 17, 13, 14, 12, 15, 16, 18, 19, 21,  1]), array([ 2, 28, 27, 25, 24, 11,  9,  4,  5,  7, 10, 23, 26, 30,  2])]
 -- Custo: 
 ---------24.5563958951
 ---------39.3438545033
 ---- Total: 63.9002503984
 -- Premio: 
 ---------48.0
 ---------86.0
 ---- Total: 134.0
 - Execucao 10
 -- BestCostGenaration: [-221.31981448916011, -399.18135477991893, -516.65365795758521, -522.00547093678676, -605.3391288055891, -718.30685883177568, -728.00089394160977, -752.70241577478464, -769.04474044691119, -773.89576821424646, -793.23076200793423, -805.14062920564049, -844.735069488916, -872.56867207747246, -893.06819109324806, -898.19923548848692, -910.98178439030062, -944.86768228411461, -952.69571591000272, -970.99816298429664, -972.57449792561863, -984.46282073204588, -1004.5082032189398, -1025.2486937973192, -1029.2904337323064, -1050.9798233664715, -1058.956548630581, -1077.322969116979, -1079.3693973638024, -1086.5725662055247, -1088.4891115705236, -1091.5448396605245, -1123.7498877656449]
 -- BestCostElement: [-1093.43338348 -1093.43338348 -1093.43338348 -1093.43338348]
 -- BestRoute: [array([ 1, 17, 13, 14, 12, 15, 16, 18, 19, 21, 20,  1]), array([ 2, 28, 27, 25, 24, 22, 11,  9,  4,  5,  7, 10, 23, 26, 30,  2])]
 -- Custo: 
 ---------24.4826055778
 ---------39.6590485521
 ---- Total: 64.1416541299
 -- Premio: 
 ---------48.0
 ---------87.0
 ---- Total: 135.0
 - Execucao 11
 -- BestCostGenaration: [-230.02154801707738, -373.22574935642848, -484.76169149710466, -533.44077585091873, -580.09083805991452, -627.09082048869254, -672.42473834633051, -723.123654172633, -746.91795179026849, -759.66130863330477, -787.58954712427487, -803.10131530268131, -813.25342622131552, -821.59594354961246, -881.84399410866456, -927.76574936999941, -967.80600974571007, -974.60872900921754, -975.25819137581743, -990.4939193620213, -1013.267564432164, -1018.4712473156408, -1018.5124860950278, -1022.0930335161527, -1034.5496669553695, -1047.5870555161384, -1054.8648751632559, -1065.6816020851245, -1072.6941596756442, -1078.7793250171678, -1087.1163647775002, -1120.3508501341435]
 -- BestCostElement: [-1095.85558858 -1095.85558858 -1095.85558858 -1095.85558858]
 -- BestRoute: [array([ 1, 14, 12, 13, 17, 20, 21, 19, 18, 16, 15,  1]), array([ 2, 28, 27, 25, 24, 11,  9,  4,  5,  7, 10, 23, 26, 30,  2])]
 -- Custo: 
 ---------23.8770543023
 ---------39.3438545033
 ---- Total: 63.2209088056
 -- Premio: 
 ---------48.0
 ---------86.0
 ---- Total: 134.0
 - Execucao 12
 -- BestCostGenaration: [-256.38032661084935, -382.67808441413774, -490.08342536041016, -534.2215681965331, -615.99563833558011, -639.22592487526003, -661.72119447784485, -748.22146776164209, -792.02420717477457, -801.91755457595661, -806.76900598950556, -844.70378292400733, -846.47253932411536, -878.02120525396049, -892.91556096268346, -935.05038564934637, -961.7930130743905, -963.86191558612541, -986.27063261530122, -993.76857397831293, -1014.9885267611858, -1020.4833429449556, -1025.3167245707846, -1038.5094699924405, -1045.105515965924, -1050.0995243108923, -1056.912859644438, -1073.0553906946061, -1075.1163647775002, -1077.9361909057855, -1079.7654754181735, -1082.8478449735601, -1085.4489711330516, -1093.1382222111972, -1093.4333834805229, -1128.3989984063185]
 -- BestCostElement: [-1128.39899841 -1093.43338348 -1093.43338348 -1093.43338348]
 -- BestRoute: [array([ 1, 20, 17, 13, 14, 12, 15, 16, 18, 19, 21,  1]), array([ 2, 28, 27, 25, 24, 11,  9,  4,  5,  7, 10, 23, 26, 30,  2])]
 -- Custo: 
 ---------24.5563958951
 ---------39.3438545033
 ---- Total: 63.9002503984
 -- Premio: 
 ---------48.0
 ---------86.0
 ---- Total: 134.0
 - Execucao 13
 -- BestCostGenaration: [-220.29116817910457, -364.06508037486293, -479.92894915123293, -537.91431261254411, -621.75735497175617, -685.5447557023831, -699.67831042815351, -715.66087177801774, -754.96564256977899, -772.37345411751096, -781.96919360268441, -823.05287312291853, -861.46348375106004, -889.38311258357817, -930.14542599003846, -932.68583297369105, -967.76489906265635, -1008.6378484925091, -1023.8774327537757, -1029.3869419713992, -1038.4027583546717, -1063.007406213424, -1068.3833808037775, -1073.1552524008932, -1077.322969116979, -1081.0553906946061, -1084.6738584763057, -1085.2870802651119]
 -- BestCostElement: [-1085.28708027 -1085.28708027 -1085.28708027 -1085.28708027]
 -- BestRoute: [array([ 1, 14, 12, 13, 17, 20, 21, 19, 18, 16, 15,  1]), array([ 2, 30, 26, 23,  9, 10,  7,  5,  4, 11, 24, 25, 27, 28,  2])]
 -- Custo: 
 ---------23.8770543023
 ---------39.8011756314
 ---- Total: 63.6782299337
 -- Premio: 
 ---------48.0
 ---------86.0
 ---- Total: 134.0
 - Execucao 14
 -- BestCostGenaration: [-241.31981448916011, -373.49453338625267, -472.82630834652042, -547.31318645305259, -621.93653273502639, -644.12357745789245, -695.49333889727995, -721.87366550812931, -736.36554649890695, -759.03886101423302, -784.14723559950482, -801.39828636906179, -820.44059209187435, -834.07248224076238, -850.75877374177753, -868.3304626497461, -879.72498937053251, -896.78071746053331, -897.44256279586375, -906.55286998689985, -935.83644555053411, -945.88700081715251, -961.84182345682893, -984.99983548109799, -987.30006986682417, -988.107160654175, -988.63547200851292, -999.53917082356998, -1003.1623876771687, -1008.9306332778385, -1072.355797956825]
 -- BestCostElement: [-1053.43338348 -1053.43338348 -1053.43338348 -1053.43338348]
 -- BestRoute: [array([ 1, 20, 17, 13, 14, 12, 29, 15, 16, 18, 19, 21,  1]), array([ 2, 30,  6, 26, 23, 10,  7,  5,  4,  9, 11, 24, 25, 27,  2])]
 -- Custo: 
 ---------50.5518741293
 ---------63.2814984368
 ---- Total: 113.833372566
 -- Premio: 
 ---------50.0
 ---------83.0
 ---- Total: 133.0
