 - Execucao 0
 -- BestCostGenaration: [-248.72945372315999, -425.68144770127344, -526.44454792409499, -623.5818208237265, -740.21718634570834, -789.02997152249691, -819.10360866434644, -896.25634560632489, -1006.7831191649313, -1029.129303202079, -1042.1141323172101, -1079.8541174368152, -1117.9628210938358, -1162.6209497762247, -1188.6040456826045, -1250.2639523889072, -1252.7561292742657, -1265.2216800078365, -1298.1619577982981, -1298.904780342521, -1324.127441235531, -1331.4395276782379, -1343.9608602412848, -1356.1065902415162, -1367.636965503676, -1376.568378144754, -1398.484021211375, -1411.2397274723396, -1423.5189469464369, -1431.756144985668, -1456.6376908589859, -1468.0139386473311, -1497.6123171233935, -1498.9663919879804, -1509.5266872404025, -1530.3820508220804, -1543.3480321430227, -1543.7174687320082, -1560.2135437177762, -1561.874987378023, -1566.3165468203697, -1567.9177809465523, -1574.0354035816245, -1588.8084166585218, -1591.5933126475684, -1603.9835263565187, -1605.3093304848185, -1605.5673108938022, -1606.6124995888472]
 -- BestCostElement: [-1606.61249959 -1606.61249959 -1606.61249959 -1606.61249959]
 -- BestRoute: [array([ 0,  9,  7,  4,  5,  6,  8, 16, 17, 19, 11, 10, 12,  0]), array([ 1, 15, 13, 14, 18, 21, 35, 36, 38, 39, 41, 40, 42, 37, 34, 33, 22,
       20,  1]), array([ 2, 29, 28, 26, 25, 23, 24, 27, 30, 31, 32,  2])]
 -- Custo: 
 ---------36.9517585732
 ---------39.177617382
 ---------23.9061143552
 ---- Total: 100.03549031
 -- Premio: 
 ---------64.0
 ---------81.0
 ---------54.0
 ---- Total: 199.0
 - Execucao 1
 -- BestCostGenaration: [-225.31981448916011, -377.0216273921518, -560.49868305931227, -617.79261479656293, -670.83389301209581, -740.05920883601914, -746.02321200160429, -803.78418215126396, -883.35288721320057, -898.61730187449507, -928.58184251781483, -1001.7122270042289, -1012.4542789544871, -1016.9355137048011, -1030.2276185119613, -1053.7561025182908, -1077.3178260694494, -1080.1766277087495, -1139.148928486306, -1172.5261805183761, -1214.8506877016116, -1237.3990453482329, -1255.8972672618595, -1260.6500730012722, -1263.5105015282345, -1303.3349902809678, -1362.4534444076498, -1371.7780429284981, -1378.4564835551582, -1392.7918598818353, -1395.3071635400388, -1412.4676829936418, -1439.0434115049202, -1444.6864859123882, -1445.154867684922, -1463.9690092418273, -1470.9132811518266, -1474.3371636868267, -1491.5919107081272, -1499.4195904647911, -1513.4187450137595, -1514.1931468871785, -1520.7852220256145, -1525.0575955981542, -1532.8407439489977, -1544.810297966698, -1545.6891210319147, -1552.3005007563379, -1553.4019104255576, -1556.3650276225089, -1568.4621358296904, -1570.0191284614889, -1573.8429608143658]
 -- BestCostElement: [-1573.84296081 -1573.84296081 -1573.84296081 -1573.84296081]
 -- BestRoute: [array([ 0,  8, 19, 17, 16,  6,  5,  4,  7,  9, 12, 10, 11,  0]), array([ 1, 20, 33, 34, 37, 42, 40, 41, 39, 38, 36, 35, 22, 18, 14, 13, 15,
        1]), array([ 2, 24, 23, 25, 26, 28, 29, 27, 30, 31, 32,  2])]
 -- Custo: 
 ---------35.654265551
 ---------38.9415607022
 ---------24.4434335432
 ---- Total: 99.0392597964
 -- Premio: 
 ---------64.0
 ---------79.0
 ---------54.0
 ---- Total: 197.0
 - Execucao 2
 -- BestCostGenaration: [-264.0599796756058, -443.3100896728053, -526.22039501373513, -629.85389335272021, -727.46633245406701, -795.73507288197902, -825.72616271397465, -882.49341461935592, -918.94731607846245, -932.11790809588581, -940.9507238258833, -978.40236617926212, -1025.4412831550621, -1035.7796448738814, -1076.3417727403698, -1105.9280939709129, -1174.8957848732116, -1176.1993161448629, -1201.9785348868768, -1205.4734279788549, -1206.4497402538004, -1301.1106772927737, -1323.3878662358434, -1359.7944384944349, -1360.152577159025, -1368.8977116902395, -1382.9065186068242, -1423.42009547527, -1442.0046258742118, -1442.3460919499908, -1468.5655861025684, -1480.3304954114819, -1504.2593796929373, -1507.1938944768963, -1513.1121237242617, -1519.9800475956056, -1526.5500988849308, -1527.024181211892, -1529.3673269623996, -1538.438642704929, -1539.1044461706911, -1540.7817884554368, -1542.9106769607602, -1556.324398953564, -1557.0660597028987, -1557.7786420423918, -1560.1217877928993]
 -- BestCostElement: [-1560.12178779 -1560.12178779 -1560.12178779 -1560.12178779]
 -- BestRoute: [array([ 0, 11,  8,  6,  5,  4,  7,  9, 12, 10,  0]), array([ 1, 17, 16, 13, 15, 14, 18, 21, 36, 38, 35, 33, 22, 19, 20,  1]), array([ 2, 29, 28, 26, 25, 23, 24, 34, 37, 39, 41, 40, 42, 30, 27, 31,  2])]
 -- Custo: 
 ---------22.6011261595
 ---------38.1170191929
 ---------39.2514076994
 ---- Total: 99.9695530518
 -- Premio: 
 ---------49.0
 ---------63.0
 ---------84.0
 ---- Total: 196.0
 - Execucao 3
 -- BestCostGenaration: [-231.004251585605, -453.17857288294857, -607.95238997079377, -631.56348564836696, -673.97604976179014, -792.01717852161732, -810.40378581449818, -871.3944071440103, -897.25691179470448, -941.64594728737109, -969.46880167908614, -996.45820321209771, -1028.5268583918141, -1065.8621112763112, -1145.1639700659739, -1165.954983019933, -1179.6630382302474, -1193.5722017881844, -1223.5560232723028, -1271.6606341519641, -1279.7258564422687, -1322.068011260601, -1365.703998392451, -1380.3403330311203, -1400.207016704408, -1421.6640954499717, -1424.2942523220452, -1430.1762372761627, -1438.4030423800896, -1462.8297883956975, -1463.7602733940644, -1466.2974419982465, -1479.4325800665033, -1487.4061023921108, -1499.1894764426011, -1522.932746177793, -1527.793480052334, -1528.2944391579595, -1528.5851217431755]
 -- BestCostElement: [-1528.58512174 -1528.58512174 -1528.58512174 -1528.58512174]
 -- BestRoute: [array([ 0,  6, 16,  5,  4,  7,  9, 12, 11, 10,  8,  0]), array([ 1, 13, 15, 18, 22, 36, 38, 39, 41, 40, 37, 34, 33, 19, 17,  1]), array([ 2, 29, 28, 26, 25, 23, 20, 24, 27, 30, 31, 32,  2])]
 -- Custo: 
 ---------35.8647125286
 ---------38.9836038503
 ---------38.8488000276
 ---- Total: 113.697116407
 -- Premio: 
 ---------51.0
 ---------82.0
 ---------57.0
 ---- Total: 190.0
 - Execucao 4
 -- BestCostGenaration: [-230.38042178736166, -456.11892481762686, -533.49084099338415, -654.8396001196154, -722.73281243605709, -762.0551867719148, -873.93598916520455, -910.12141302911596, -976.93385707489642, -1008.1084116239778, -1023.9975618732833, -1025.4675183567542, -1057.9226396153924, -1076.757096371706, -1098.9616837638187, -1148.1943680127029, -1198.1806290134155, -1207.0458415720661, -1242.3772758290834, -1253.7219272199563, -1254.4237936077698, -1264.4776128097196, -1299.2578222148959, -1311.836308280785, -1320.2032551541722, -1356.394660714448, -1363.8635651196569, -1388.7863754136022, -1405.2193801558503, -1427.9575076716833, -1435.7258181011771, -1438.8679973792709, -1469.2374339682565, -1469.6175102617995, -1486.0881139531371, -1489.7952919860245, -1502.8890900777612, -1507.3966243121338, -1508.0538724516903, -1511.5492545312916, -1514.8629630302762, -1529.0838489799419, -1532.1814555609494, -1538.7368104855109, -1546.756290881963, -1551.7445540943299, -1552.6360574914588, -1557.1629083312903, -1566.5773698243274]
 -- BestCostElement: [-1566.57736982 -1566.57736982 -1566.57736982 -1566.57736982]
 -- BestRoute: [array([ 0,  6,  5,  4,  7,  9, 12, 10, 11,  8,  0]), array([ 1, 18, 15, 13, 16, 17, 19, 20, 22, 33, 34, 37, 40, 41, 39, 38, 36,
        1]), array([ 2, 32, 29, 28, 26, 25, 23, 24, 27,  3, 30, 31,  2])]
 -- Custo: 
 ---------20.5366310572
 ---------39.6834635726
 ---------37.0637169893
 ---- Total: 97.2838116191
 -- Premio: 
 ---------49.0
 ---------87.0
 ---------54.0
 ---- Total: 190.0
 - Execucao 5
 -- BestCostGenaration: [-239.64248812055982, -378.33083351993395, -578.86147821251905, -641.81903968698441, -760.9726678131658, -782.34942876370701, -811.10120939998376, -896.81174649368654, -930.54161594610321, -991.1041316028136, -1002.4506633187851, -1116.9475841068756, -1154.5469751921719, -1178.5319709253258, -1189.6797965779797, -1204.8607484557865, -1237.6894255138136, -1247.044249535925, -1275.7295626332639, -1322.0315343446155, -1371.3191157961155, -1390.6238748793105, -1400.172025471782, -1440.0602186648728, -1455.1545169694214, -1458.8990824870457, -1468.5361057131786, -1468.8549921339159, -1482.2194376370633, -1488.1367344749692, -1514.6962724870054, -1516.9058929290718, -1520.3652223658123, -1521.3536844175551, -1527.3503309503603, -1539.1157251544737, -1546.7720386545154, -1547.9237357068803, -1555.9029333519413, -1561.7387086590691, -1564.0939500388915, -1583.6765289687239, -1584.5680323658528, -1585.8913388782269, -1588.2465802580491, -1590.2344846287347, -1591.560288757034]
 -- BestCostElement: [-1591.56028876 -1591.56028876 -1591.56028876 -1591.56028876]
 -- BestRoute: [array([ 0,  6,  5,  4,  7,  9, 12, 10, 11,  8,  0]), array([ 1, 15, 13, 16, 17, 19, 20, 22, 33, 34, 37, 40, 41, 39, 38, 36, 35,
       21, 18,  1]), array([ 2, 24, 42, 23, 25, 26, 28, 29, 27, 30, 31, 32,  2])]
 -- Custo: 
 ---------20.5366310572
 ---------39.6298632103
 ---------38.5988080041
 ---- Total: 98.7653022717
 -- Premio: 
 ---------49.0
 ---------90.0
 ---------56.0
 ---- Total: 195.0
 - Execucao 6
 -- BestCostGenaration: [-227.54182788036124, -390.92018169454275, -516.14376011782292, -607.12814084784191, -684.31603522703176, -740.0321170268071, -750.14144422316963, -837.0701531418764, -880.7975780661734, -939.86984854116338, -958.93509680889179, -969.2548723513155, -994.99861626568668, -1045.7641660493948, -1094.6321611651592, -1134.6321611651592, -1137.1843481110081, -1170.4106206126096, -1176.363385501731, -1176.9008462569843, -1194.5053495742859, -1240.3001376781722, -1262.6587010252788, -1265.2444095881713, -1275.2481336602939, -1284.9866803036543, -1301.2460003744984, -1336.1261400129151, -1351.3611733188386, -1355.5888349203117, -1373.0586269948228, -1379.555197435825, -1434.8433195481823, -1443.9244814576118, -1444.6940427962193, -1460.2813605670044, -1478.0322405245256, -1485.2382191821878, -1491.10188751379, -1498.8532883322682, -1523.6468276908372, -1536.2498080553792, -1539.7145555793734, -1542.951586774032, -1548.6205366528393, -1553.2095322232267, -1556.9550438374565, -1565.1347557479667, -1574.4329770293136]
 -- BestCostElement: [-1574.43297703 -1574.43297703 -1574.43297703 -1574.43297703]
 -- BestRoute: [array([ 0,  6,  5,  4,  7,  9, 12, 10, 11, 17, 14, 16,  8,  0]), array([ 1, 13, 15, 18, 21, 36, 38, 39, 41, 40, 42, 37, 34, 33, 22, 19, 20,
        1]), array([ 2, 32, 31, 30, 27, 24, 23, 25, 26, 28, 29,  2])]
 -- Custo: 
 ---------39.9387384207
 ---------39.5021727024
 ---------21.9508446196
 ---- Total: 101.391755743
 -- Premio: 
 ---------59.0
 ---------85.0
 ---------54.0
 ---- Total: 198.0
 - Execucao 7
 -- BestCostGenaration: [-266.43606602890935, -461.48874860208662, -537.94356637603744, -639.84833880639269, -721.93353742662475, -753.60557409663375, -778.72851970225452, -871.73347175167567, -918.01926237678504, -952.08121469795731, -984.53271347857822, -1016.4277940263762, -1062.9498608345193, -1148.1022388087915, -1167.0447558664864, -1184.1583663578529, -1208.6878759858521, -1220.6882266127595, -1254.3349817818555, -1269.5728205171001, -1289.2079811238887, -1329.1033967032554, -1342.7485951616909, -1373.5841634146691, -1384.6025966967736, -1404.3640966842413, -1404.5330602180661, -1408.5157388397329, -1442.5810647436033, -1443.994569946045, -1459.7481271609877, -1467.3807662860931, -1482.1413331067683, -1519.6434570849835, -1521.2368396356562, -1527.9306676913407, -1530.8005510875475, -1538.0205038704205, -1540.5056566093576, -1540.6720766019305, -1541.8460065737281, -1545.2421278912557, -1546.0776961442339, -1547.6643329931117, -1561.7825348749084, -1562.0355674612106, -1566.125680625416, -1566.3787132117181, -1570.3516314317731]
 -- BestCostElement: [-1570.35163143 -1570.35163143 -1570.35163143 -1570.35163143]
 -- BestRoute: [array([ 0,  3,  6,  5,  4,  7,  9, 12, 10, 11, 19, 17, 16,  8,  0]), array([ 1, 15, 13, 14, 18, 22, 33, 34, 37, 21, 40, 41, 39, 38, 36, 20,  1]), array([ 2, 35, 24, 23, 25, 26, 28, 29, 32, 31, 42, 30, 27,  2])]
 -- Custo: 
 ---------59.9559317794
 ---------53.7363399046
 ---------50.4271534165
 ---- Total: 164.119425101
 -- Premio: 
 ---------64.0
 ---------78.0
 ---------57.0
 ---- Total: 199.0
 - Execucao 8
 -- BestCostGenaration: [-191.88442308873863, -360.18528949867755, -567.7899189680636, -620.32529408533276, -690.70628093369908, -762.21539208651188, -809.15163621981924, -833.99966846932114, -862.74895447509004, -944.94757209814065, -989.09366990600427, -1030.4612490349405, -1067.6724419913019, -1111.637201737034, -1164.4011426982574, -1202.8839339787019, -1222.5092602391446, -1329.0704272933999, -1335.9619306905286, -1367.4178840751401, -1377.949806428428, -1426.0047623917251, -1442.8408965405347, -1445.629650394693, -1452.0646575102969, -1456.1754715696693, -1461.5029611695181, -1478.0192810286874, -1484.2396637842471, -1492.4427255713954, -1494.4929053522781, -1495.6446710137, -1502.4355395550408, -1514.9494300968952, -1527.1964819500447, -1530.4458295202226, -1534.9796303008877, -1536.965142917853, -1550.2507063733092, -1552.1634021466152, -1555.9600266635857]
 -- BestCostElement: [-1555.96002666 -1549.73224735 -1549.73224735 -1549.73224735]
 -- BestRoute: [array([ 0, 11, 22,  3, 16, 17,  8,  6,  5,  4,  7,  9, 12, 10,  0]), array([ 1, 15, 13, 14, 18, 21, 35, 36, 38, 39, 41, 40, 37, 34, 33, 19, 20,
        1]), array([ 2, 24, 23, 25, 26, 28, 29, 32, 31, 42, 30, 27,  2])]
 -- Custo: 
 ---------51.5586095139
 ---------40.1112943804
 ---------31.8173040103
 ---- Total: 123.487207905
 -- Premio: 
 ---------59.0
 ---------84.0
 ---------56.0
 ---- Total: 199.0
 - Execucao 9
 -- BestCostGenaration: [-260.9852183023047, -396.54333364219701, -522.24421433426653, -624.68875693722316, -760.00115409179068, -829.64297082342682, -847.45889555284657, -888.18765840363938, -949.73765962744903, -986.90841942469251, -1033.6318847638115, -1043.1544098733698, -1064.0869649163387, -1073.021518811878, -1081.3950967705559, -1129.6786768284676, -1165.1842727548492, -1196.8371336079651, -1215.5463896652138, -1266.662677649404, -1338.1949514969012, -1383.5482690381045, -1386.7600661819738, -1402.8255376806546, -1411.0884513543554, -1413.380133988057, -1417.8795284743255, -1440.9534662659985, -1456.5758898405952, -1459.2052149952156, -1467.233951713431, -1482.8445587780716, -1488.8499190175155, -1495.0386884551485, -1504.986593187743, -1512.0309448463295, -1514.0166244389875, -1518.944573697835, -1520.386061027973, -1525.9435547267785, -1531.8888456078341, -1543.7740448466179, -1551.2200823654216, -1560.9931316358684]
 -- BestCostElement: [-1560.99313164 -1560.99313164 -1560.99313164 -1560.99313164]
 -- BestRoute: [array([ 0, 16,  6,  5,  4,  7,  9, 12, 10, 11,  8,  0]), array([ 1, 15, 13, 14, 18, 21, 36, 38, 39, 34, 33, 22, 20, 19, 17,  1]), array([ 2, 24, 23, 25, 26, 28, 29, 32, 31, 30, 37, 41, 40, 42, 27,  2])]
 -- Custo: 
 ---------33.580672969
 ---------39.5339085518
 ---------39.681177482
 ---- Total: 112.795759003
 -- Premio: 
 ---------51.0
 ---------73.0
 ---------74.0
 ---- Total: 198.0
 - Execucao 10
 -- BestCostGenaration: [-287.77763968737025, -381.91224707054607, -562.16065814775493, -654.46898078373897, -724.30681871165996, -787.39375825411935, -895.35661300462573, -915.26616005381925, -922.79146263720088, -976.790386297596, -1019.3227750288946, -1075.3937981570141, -1091.6840006762725, -1113.6335509460748, -1151.4811073452693, -1186.1206199725536, -1306.2134022212058, -1314.8767714838241, -1343.258211013906, -1360.9253956766256, -1377.6823226303065, -1386.1969944403661, -1438.5731726621057, -1445.5155517112703, -1446.9831476476684, -1454.5762246735765, -1462.0162273625051, -1470.2943939672239, -1490.1154729095883, -1492.4148941488638, -1493.0037449127335, -1504.6004040481255, -1521.4510840330058, -1522.4982204009862, -1523.8283074939668, -1524.9723027279474, -1527.1892507429541, -1534.6472881712205, -1545.8812397978304, -1548.7681459991852, -1551.8089261482771, -1556.5512943500285, -1559.5920744991204]
 -- BestCostElement: [-1559.5920745 -1559.5920745 -1559.5920745 -1559.5920745]
 -- BestRoute: [array([ 0,  8,  3,  6,  5,  4,  7,  9, 11, 12, 10,  0]), array([ 1, 15, 13, 14, 16, 17, 19, 20, 33, 34, 37, 40, 41, 39, 38, 36, 35,
       22, 18,  1]), array([ 2, 24, 23, 25, 26, 28, 21, 29, 32, 30, 42, 31, 27,  2])]
 -- Custo: 
 ---------49.3428795321
 ---------44.9613255401
 ---------68.6229891811
 ---- Total: 162.927194253
 -- Premio: 
 ---------49.0
 ---------92.0
 ---------58.0
 ---- Total: 199.0
 - Execucao 11
 -- BestCostGenaration: [-239.75304724211801, -460.92621524354331, -609.29309609120332, -674.44624946719864, -785.04539773429906, -786.37871389267752, -793.67738468212349, -802.50756913315524, -849.80377792782485, -889.77848165079035, -963.34243902077174, -1017.5128249809477, -1041.4240947473002, -1053.3639237147202, -1101.5582746639275, -1146.7040251981302, -1168.5925690181286, -1193.2687614387473, -1205.7723946811461, -1212.1181496455433, -1227.4766112317266, -1228.8192203844815, -1240.0818405009991, -1240.8085711380415, -1243.5442412844823, -1261.6619814045939, -1265.1667084069015, -1298.9107887220471, -1317.6695325172282, -1317.8090125859972, -1322.4840797897007, -1324.6626954111643, -1377.788477110787, -1381.9506700839886, -1387.5213381765489, -1404.207629677564, -1405.9865628468262, -1410.354743992064, -1417.7864905818521, -1425.6254943325876, -1446.170373218295, -1459.7968133095223, -1469.7142366999865, -1470.5924145291578, -1480.531310335326, -1499.2176018363414, -1515.6337605740812, -1519.7217693412192]
 -- BestCostElement: [-1500.13123069 -1500.13123069 -1500.13123069 -1500.13123069]
 -- BestRoute: [array([ 0,  7,  4,  5,  6,  8, 11, 33, 10, 20, 12,  9,  0]), array([ 1, 18, 15, 13, 16, 17, 19, 34, 37, 36, 14, 38, 39, 22,  1]), array([ 2, 25,  3, 23, 24, 27, 30, 42, 41, 40, 31, 32, 29, 28, 26,  2])]
 -- Custo: 
 ---------54.0468715125
 ---------60.6601960789
 ---------58.2827320068
 ---- Total: 172.989799598
 -- Premio: 
 ---------54.0
 ---------74.0
 ---------68.0
 ---- Total: 196.0
 - Execucao 12
 -- BestCostGenaration: [-269.5872689324658, -385.44866404251781, -580.56380806607581, -645.80785450709629, -655.18043323539325, -746.60631531694162, -757.79892687289475, -802.66194820264013, -840.50631542988049, -928.71915442994452, -935.03346607257185, -988.82549937490717, -1003.291295745481, -1035.3721976959446, -1050.5420124782261, -1101.5616118958972, -1111.1461557956916, -1134.4266390235357, -1141.3152035026969, -1174.9440947162793, -1184.7948179643163, -1189.0152002433199, -1225.2500980190002, -1225.3869751257514, -1236.0143921237209, -1272.2562032188596, -1273.8078710695188, -1281.3011027405989, -1321.0502987271195, -1334.0719990442267, -1337.8011752166906, -1400.530440140504, -1407.9526390086451, -1408.9098297819489, -1435.5950235679738, -1453.4969405063177, -1467.4326874429664, -1467.4819925654087, -1488.6221610469318, -1493.7674878832372, -1496.9790568440364, -1514.4335081349263, -1517.935146146287, -1529.1063687858395, -1535.7928240778479, -1538.5473713093711, -1541.4389751413905, -1545.1693549793636, -1549.222123492234, -1554.6246245218967, -1556.2180070725694]
 -- BestCostElement: [-1556.21800707 -1556.21800707 -1549.22575068 -1549.22212349]
 -- BestRoute: [array([ 0, 10, 11, 22, 16, 17,  8,  6,  5,  4,  7,  9, 12,  0]), array([ 1, 15, 13, 14, 18, 21, 36, 38, 39, 41, 40, 37, 34, 33, 19, 20,  1]), array([ 2, 24, 23, 25, 26, 28, 29, 32, 31, 30, 27,  2])]
 -- Custo: 
 ---------39.7682113394
 ---------39.0285318501
 ---------22.1487550423
 ---- Total: 100.945498232
 -- Premio: 
 ---------59.0
 ---------83.0
 ---------54.0
 ---- Total: 196.0
 - Execucao 13
 -- BestCostGenaration: [-264.71240291747421, -489.96531290920387, -553.27307690164093, -617.91640742362654, -727.68075427930785, -763.01060858400638, -788.41718602207618, -926.2001826296123, -941.44715536491231, -980.31252458354788, -1037.0460018398521, -1073.1136294853159, -1111.5361355887453, -1134.963199413113, -1135.1197816007971, -1218.0376185271471, -1224.0002757623811, -1228.2860558042444, -1249.0492166285617, -1255.6886390105096, -1264.2533253135666, -1298.3661593063066, -1317.6709183895018, -1344.4117607449589, -1349.411859126981, -1381.8310147376187, -1397.029273966381, -1408.0733990261397, -1422.1868139980184, -1426.3626770965011, -1452.2731761859777, -1471.4181979328325, -1480.9719542474108, -1487.8353032991854, -1492.3878417914148, -1503.8768287961286, -1504.5786813722361, -1510.0564618890289, -1512.6588800569953, -1527.1321210212377, -1528.9326456543088, -1534.6015955331159, -1540.1414208644151, -1546.4458295202226, -1548.8010709000446, -1549.3237758859982, -1550.3436151241319, -1550.6219971673454, -1556.2909470461523, -1561.0190166032835, -1561.5277223927401, -1563.1211049434128]
 -- BestCostElement: [-1563.12110494 -1563.12110494 -1563.12110494 -1563.12110494]
 -- BestRoute: [array([ 0,  5,  4,  7,  9, 12, 10, 11, 22, 16, 17,  8,  6,  0]), array([ 1, 15, 13, 14, 18, 21, 36, 38, 39, 41, 40, 37, 34, 33, 19, 20,  1]), array([ 2, 29, 28, 26, 25, 23, 24, 27, 30, 42, 31, 32,  2])]
 -- Custo: 
 ---------38.2403472944
 ---------39.0285318501
 ---------31.6193935875
 ---- Total: 108.888272732
 -- Premio: 
 ---------59.0
 ---------83.0
 ---------56.0
 ---- Total: 198.0
 - Execucao 14
 -- BestCostGenaration: [-245.56477000081171, -411.25996570620401, -529.93332723072285, -621.1871380333281, -694.03310531038676, -701.64879694380306, -784.86063123474082, -819.28522796502705, -919.33641706542198, -1008.3801284818574, -1033.6221890157335, -1067.3050011007683, -1092.5961332695904, -1126.1391839799885, -1147.8413156651302, -1213.9847582142052, -1231.5817929702416, -1258.8597517231356, -1259.4636304056078, -1284.8684329515816, -1321.1566824369979, -1339.0448756300889, -1359.5010012958592, -1361.4495380537637, -1385.0632508539807, -1386.2315467835147, -1405.0072154002287, -1408.2824939687443, -1435.485105328929, -1463.5026106312034, -1475.8339980284104, -1478.8897261184113, -1479.4251508882971, -1500.5181161645767, -1504.2233304695799, -1517.9548105770466, -1521.115184405023, -1522.5248618663718, -1526.4812296052055, -1527.2111533673869, -1531.6852356943482, -1538.7937322972193, -1543.4650758573257, -1545.537389506879, -1546.8950245680005, -1550.1074407962042, -1551.4650758573257]
 -- BestCostElement: [-1551.46507586 -1551.46507586 -1551.46507586 -1551.46507586]
 -- BestRoute: [array([ 0,  4,  5,  6, 16,  8, 11, 10, 12,  3,  9,  7,  0]), array([ 1, 13, 15, 18, 21, 36, 38, 39, 41, 40, 37, 14, 34, 33, 22, 20, 19,
       17,  1]), array([ 2, 24, 23, 25, 35, 26, 28, 29, 42, 32, 30, 31, 27,  2])]
 -- Custo: 
 ---------57.4419060113
 ---------61.30696418
 ---------65.3190373053
 ---- Total: 184.067907497
 -- Premio: 
 ---------51.0
 ---------91.0
 ---------57.0
 ---- Total: 199.0
