 - Execucao 0
 -- BestCostGenaration: [-289.70014110000943, -473.98787241146226, -609.88577216478018, -694.83004407477938, -752.5085919669757, -826.77267836613498, -855.79936309467712, -860.22156819653298, -902.82934100705745, -993.64472666095457, -1016.7470919795077, -1024.2723052006959, -1035.8109575683916, -1046.0595567499131, -1057.7427018378835, -1080.2985960391738, -1081.713057532211, -1111.4550771232271]
 -- BestCostElement: [-1111.45507712 -1111.45507712 -1111.45507712 -1111.45507712]
 -- BestRoute: [array([ 0,  5,  4,  3,  6,  8, 11,  9, 10,  0]), array([ 1, 17, 13, 14, 12, 15, 16, 18, 19,  1]), array([ 2, 30, 29, 26, 24, 25, 27, 28,  2])]
 -- Custo: 
 ---------19.365058182
 ---------18.4919007928
 ---------17.654178453
 ---- Total: 55.5111374278
 -- Premio: 
 ---------46.0
 ---------40.0
 ---------45.0
 ---- Total: 131.0
 - Execucao 1
 -- BestCostGenaration: [-286.09586852747304, -456.961871938998, -589.19883145606946, -708.87032821029902, -709.04713373496475, -752.37943272676512, -784.39398879378234, -859.38535380860537, -899.15844826978787, -935.80755891046135, -957.09547772656833, -960.87326756919424, -970.10322133538716, -999.09833003816266, -1001.8953320570411, -1007.8265000301844, -1017.0151715574813, -1034.8658948055181, -1052.4228873487232, -1058.8362504998456, -1062.2020878000812, -1074.4289933388986, -1101.9069265307555, -1111.4550771232271]
 -- BestCostElement: [-1111.45507712 -1111.45507712 -1111.45507712 -1111.45507712]
 -- BestRoute: [array([ 0,  5,  4,  3,  6,  8, 11,  9, 10,  0]), array([ 1, 17, 13, 14, 12, 15, 16, 18, 19,  1]), array([ 2, 30, 26, 24, 25, 27, 28,  2])]
 -- Custo: 
 ---------19.365058182
 ---------18.5366310572
 ---------15.9061143552
 ---- Total: 53.8078035944
 -- Premio: 
 ---------46.0
 ---------42.0
 ---------43.0
 ---- Total: 131.0
 - Execucao 2
 -- BestCostGenaration: [-307.52422288266087, -425.50863523013226, -570.83122753641589, -630.18863525249014, -701.3169043370915, -738.17399846992794, -775.24282275843734, -813.32171831879236, -827.91359709180222, -835.16105607484383, -874.0081736108009, -890.32488687765181, -908.76318078763666, -952.76318078763666, -988.27636311974106, -996.26160201474659, -997.75502242424113, -1016.0826809571108, -1025.0389614491239, -1043.3436209432252, -1077.4786154387243, -1097.2996943810886, -1101.9069265307555, -1127.5900716187259]
 -- BestCostElement: [-1112.69856822 -1112.69856822 -1112.69856822 -1112.69856822]
 -- BestRoute: [array([ 0,  5,  4,  3,  6,  8, 11, 10,  9,  0]), array([ 1, 17, 13, 14, 12, 15, 16, 18, 19,  1]), array([ 2, 26, 29, 30, 28, 27, 25, 24,  2])]
 -- Custo: 
 ---------19.365058182
 ---------18.5366310572
 ---------16.4236687054
 ---- Total: 54.3253579446
 -- Premio: 
 ---------46.0
 ---------42.0
 ---------45.0
 ---- Total: 133.0
 - Execucao 3
 -- BestCostGenaration: [-327.17807429186627, -429.09415607209257, -583.15749362592032, -697.46610111583379, -736.13220069446629, -787.83553770481944, -815.62483025108668, -834.97510917785701, -849.72833576811968, -879.26915878765101, -902.5571773923715, -926.72779716013099, -935.23516760351072, -970.29089569351152, -980.72479431984402, -984.38164856933633, -1001.0679400703516, -1021.7011124315889, -1025.3055487951185, -1045.126627737483, -1049.4697734879906, -1054.1499589988302, -1057.2056870888314, -1060.0006822468674, -1061.8129192384981, -1063.0564103368683, -1084.8997221986654]
 -- BestCostElement: [-1061.81291924 -1060.00068225 -1059.74270184 -1059.54883284]
 -- BestRoute: [array([ 0,  3,  4,  5,  7,  9, 10, 11,  0]), array([ 1, 17, 13, 14, 12, 15, 16, 18,  1]), array([ 2, 30, 29, 26, 24, 25, 27, 28,  2])]
 -- Custo: 
 ---------19.9061143552
 ---------17.9061143552
 ---------16.73454148
 ---- Total: 54.5467701904
 -- Premio: 
 ---------44.0
 ---------39.0
 ---------45.0
 ---- Total: 128.0
 - Execucao 4
 -- BestCostGenaration: [-305.95333747730501, -389.06593320950924, -600.18882074097212, -690.30506095266219, -698.97861784761358, -746.18235582748366, -807.57969872777642, -840.43887572196127, -896.96379484169893, -937.34751368714853, -947.70699275232323, -981.27251225484542, -991.47455751967891, -994.30258921798804, -1009.6204420370416, -1019.7914124317085, -1029.4415209794061, -1042.1913846141319, -1043.2206350297402, -1075.9182694283245, -1080.2614151788321, -1081.1793962503532]
 -- BestCostElement: [-1081.17939625 -1081.17939625 -1081.17939625 -1081.17939625]
 -- BestRoute: [array([ 0,  3,  4,  5,  7, 10,  9, 11,  0]), array([ 1, 17, 14, 12, 15, 16, 18, 19, 21,  1]), array([ 2, 28, 27, 25, 24, 26, 30,  2])]
 -- Custo: 
 ---------19.0776872305
 ---------18.3071357894
 ---------15.9061143552
 ---- Total: 53.290937375
 -- Premio: 
 ---------44.0
 ---------42.0
 ---------43.0
 ---- Total: 129.0
 - Execucao 5
 -- BestCostGenaration: [-288.6169898783462, -388.45334705661946, -610.35981637061298, -680.80814851995376, -762.80814851995376, -810.91960469995547, -890.02902115647544, -890.27704404164854, -900.37030567176737, -937.56102825726703, -968.22343081587758, -1006.3965965102453, -1047.4415209794058, -1052.78098104014, -1069.00012456581, -1083.1504176291255, -1092.698568221597, -1094.7687856222119, -1099.1119313727195]
 -- BestCostElement: [-1099.11193137 -1099.11193137 -1099.11193137 -1099.11193137]
 -- BestRoute: [array([ 0,  5,  4,  3,  6,  8, 11, 10,  9,  0]), array([ 1, 17, 13, 14, 12, 15, 16, 18, 19,  1]), array([ 2, 28, 27, 25, 24, 26, 30,  2])]
 -- Custo: 
 ---------19.365058182
 ---------18.5366310572
 ---------15.9061143552
 ---- Total: 53.8078035944
 -- Premio: 
 ---------46.0
 ---------42.0
 ---------43.0
 ---- Total: 131.0
 - Execucao 6
 -- BestCostGenaration: [-255.81638131169953, -409.26762784743505, -571.32945361758198, -660.03159332604059, -739.8078962750684, -798.89676069395568, -808.81934088883008, -844.04260194816175, -854.48703996945051, -898.26125138783891, -909.85537960064994, -919.32666614147399, -971.22812639367362, -993.6475789725489, -1022.1560649890058, -1026.2811019606938, -1042.967393461709, -1051.8919785898465, -1057.126627737483, -1076.9477066798472, -1091.6339981808626, -1101.9069265307555, -1109.1909907240677, -1111.4550771232271, -1112.698568221597]
 -- BestCostElement: [-1112.69856822 -1112.69856822 -1112.69856822 -1112.69856822]
 -- BestRoute: [array([ 0,  5,  4,  3,  6,  8, 11,  9, 10,  0]), array([ 1, 17, 13, 14, 12, 15, 16, 18, 19,  1]), array([ 2, 26, 29, 30, 28, 27, 25, 24,  2])]
 -- Custo: 
 ---------19.365058182
 ---------18.5366310572
 ---------16.4236687054
 ---- Total: 54.3253579446
 -- Premio: 
 ---------46.0
 ---------42.0
 ---------45.0
 ---- Total: 133.0
 - Execucao 7
 -- BestCostGenaration: [-267.30422683663153, -386.87206421096471, -570.88281258764971, -654.27893390517738, -730.10197451764839, -769.67120368906956, -772.63128892103828, -810.42326283445891, -812.31896772339076, -848.79483761754136, -936.71070206063314, -972.18219203649062, -978.99977074086701, -1016.7728652020494, -1027.6204420370416, -1058.9078596975482, -1078.7289386399127, -1079.3993922963828, -1084.0683987006469, -1087.3821071996315, -1104.0683987006469, -1113.6165492931184]
 -- BestCostElement: [-1113.61654929 -1113.61654929 -1113.61654929 -1113.61654929]
 -- BestRoute: [array([ 0,  5,  4,  3,  6,  8, 11,  9, 10,  0]), array([ 1, 17, 14, 12, 15, 16, 18, 19, 21,  1]), array([ 2, 26, 29, 30, 28, 27, 25, 24,  2])]
 -- Custo: 
 ---------19.365058182
 ---------18.3071357894
 ---------16.4236687054
 ---- Total: 54.0958626767
 -- Premio: 
 ---------46.0
 ---------42.0
 ---------45.0
 ---- Total: 133.0
 - Execucao 8
 -- BestCostGenaration: [-318.00610599017534, -439.16847627847699, -577.87912698646926, -645.62039684630577, -741.53506771378898, -798.56466875630497, -843.94385581495169, -847.40094146113393, -883.64869454562609, -902.31718653198936, -940.59296645562529, -959.40267460774987, -989.76624015338052, -1014.4289933388986, -1017.5488328393388, -1024.302653958219, -1042.0708996474821, -1052.78098104014, -1065.3995560873759, -1072.8774892792326, -1075.9182694283245, -1078.3024901672259, -1080.0034347698481, -1080.2614151788321, -1080.5715243890668, -1083.1504176291255, -1085.2206350297402, -1089.5637807802477, -1094.7687856222119, -1099.1119313727195]
 -- BestCostElement: [-1099.11193137 -1099.11193137 -1099.11193137 -1099.11193137]
 -- BestRoute: [array([ 0,  5,  4,  3,  6,  8, 11,  9, 10,  0]), array([ 1, 17, 13, 14, 12, 15, 16, 18, 19,  1]), array([ 2, 28, 27, 25, 24, 26, 30,  2])]
 -- Custo: 
 ---------19.365058182
 ---------18.5366310572
 ---------15.9061143552
 ---- Total: 53.8078035944
 -- Premio: 
 ---------46.0
 ---------42.0
 ---------43.0
 ---- Total: 131.0
 - Execucao 9
 -- BestCostGenaration: [-303.37850215629146, -381.00906556730581, -565.49809583517606, -626.26670036612074, -720.76707353155996, -796.5479695997401, -840.9671870762993, -854.86668565839238, -876.44512026815607, -921.05834205696237, -936.75834799876475, -965.10917884973856, -974.96223925361778, -991.08288801126059, -1016.6043971383466, -1022.6018084063588, -1024.6720258069736, -1035.3169794778396, -1046.370118835853, -1050.7132645863608, -1072.6045609293396, -1076.9477066798472, -1080.2614151788321]
 -- BestCostElement: [-1080.26141518 -1080.26141518 -1080.26141518 -1080.26141518]
 -- BestRoute: [array([ 0,  3,  4,  5,  7, 10,  9, 11,  0]), array([ 1, 17, 13, 14, 12, 15, 16, 18, 19,  1]), array([ 2, 28, 27, 25, 24, 26, 30,  2])]
 -- Custo: 
 ---------19.0776872305
 ---------18.5366310572
 ---------15.9061143552
 ---- Total: 53.5204326429
 -- Premio: 
 ---------44.0
 ---------42.0
 ---------43.0
 ---- Total: 129.0
 - Execucao 10
 -- BestCostGenaration: [-268.64406238310107, -416.96607159181514, -551.98071134252859, -653.31590771136939, -741.94164395282849, -779.88248036507071, -793.97072852457495, -812.69492441085129, -880.97124499534448, -906.48334294495567, -927.47861543872409, -971.73934837068896, -974.37765539052202, -986.19873442147968, -1038.4519307101821, -1056.0946895391246, -1066.930257792103, -1078.3074379899074, -1097.2996943810886, -1106.8478449735601, -1118.3370822955799]
 -- BestCostElement: [-1118.3370823 -1118.3370823 -1118.3370823 -1118.3370823]
 -- BestRoute: [array([ 0,  5,  4,  3,  6,  8, 11, 10,  9,  0]), array([ 1, 17, 13, 14, 12, 15, 16, 18, 19,  1]), array([ 2, 24, 25, 27, 28, 29, 30, 26,  2])]
 -- Custo: 
 ---------19.365058182
 ---------18.5366310572
 ---------17.8863495174
 ---- Total: 55.7880387566
 -- Premio: 
 ---------46.0
 ---------42.0
 ---------45.0
 ---- Total: 133.0
 - Execucao 11
 -- BestCostGenaration: [-278.4761951383224, -411.47193029041705, -544.88415984027938, -683.03627564153635, -713.87842244602541, -728.86695259729004, -791.65331478632129, -830.3484030473345, -851.95269776568534, -897.4551886274196, -918.08233033020338, -940.95232692054253, -951.96443388457851, -976.00805501054333, -978.91866331838844, -1016.1128645395122, -1016.6043971383466, -1035.9339434818767, -1042.4228873487232, -1070.534343528725, -1085.2206350297402, -1094.7687856222119, -1099.1119313727195]
 -- BestCostElement: [-1099.11193137 -1099.11193137 -1099.11193137 -1099.11193137]
 -- BestRoute: [array([ 0,  5,  4,  3,  6,  8, 11, 10,  9,  0]), array([ 1, 17, 13, 14, 12, 15, 16, 18, 19,  1]), array([ 2, 28, 27, 25, 24, 26, 30,  2])]
 -- Custo: 
 ---------19.365058182
 ---------18.5366310572
 ---------15.9061143552
 ---- Total: 53.8078035944
 -- Premio: 
 ---------46.0
 ---------42.0
 ---------43.0
 ---- Total: 131.0
 - Execucao 12
 -- BestCostGenaration: [-311.15159661747384, -418.31197044545036, -543.47929636063157, -643.21856342866693, -749.28878082928156, -819.58464655045782, -842.08862475923706, -863.91141379556268, -905.05783692091404, -918.95343209310261, -922.52753308669912, -957.94568848428378, -963.32666614147388, -969.55493882951419, -977.82250685137012, -980.73014424736368, -1013.8588968588379, -1026.1465667642301, -1035.0301194983904, -1064.7241546082244, -1069.0673003587319, -1080.1119746358759, -1091.9291594501883, -1093.6165492931182, -1096.5782700908617, -1100.0299124442404, -1100.0299124442406, -1100.9214158413693]
 -- BestCostElement: [-1100.92141584 -1100.92141584 -1100.92141584 -1100.92141584]
 -- BestRoute: [array([ 0,  5,  4,  3,  6,  8, 11,  9, 10,  0]), array([ 1, 17, 21, 19, 18, 16, 15, 12, 14,  1]), array([ 2, 28, 27, 25, 24, 22, 26, 30,  2])]
 -- Custo: 
 ---------19.365058182
 ---------18.0842599401
 ---------17.3203279176
 ---- Total: 54.7696460397
 -- Premio: 
 ---------46.0
 ---------42.0
 ---------44.0
 ---- Total: 132.0
 - Execucao 13
 -- BestCostGenaration: [-237.30422683663147, -428.85568570556183, -534.9204082025683, -626.97586523603968, -650.82054649628094, -757.85358181012975, -782.5984961494521, -835.59776518905937, -842.4449564771628, -864.70150632165303, -865.1840164910484, -880.53908236967777, -899.47530318181737, -905.80207042692223, -926.00142790900588, -931.37804928058631, -953.44826668120095, -969.21047112051963, -981.55361687102732, -984.68345648969489, -994.39659651024544, -1001.3697479907102, -1018.8096090344602, -1029.8439941086644, -1043.4786154387241, -1050.7132645863608, -1056.425476080711, -1061.7951197238463, -1067.2056870888314, -1070.7132645863608, -1087.0267660311956, -1090.534343528725, -1092.8774892792328, -1097.2996943810886, -1106.8478449735601, -1112.698568221597]
 -- BestCostElement: [-1112.69856822 -1112.69856822 -1112.69856822 -1112.69856822]
 -- BestRoute: [array([ 0,  5,  4,  3,  6,  8, 11, 10,  9,  0]), array([ 1, 17, 13, 14, 12, 15, 16, 18, 19,  1]), array([ 2, 26, 29, 30, 28, 27, 25, 24,  2])]
 -- Custo: 
 ---------19.365058182
 ---------18.5366310572
 ---------16.4236687054
 ---- Total: 54.3253579446
 -- Premio: 
 ---------46.0
 ---------42.0
 ---------45.0
 ---- Total: 133.0
 - Execucao 14
 -- BestCostGenaration: [-310.61793533561627, -389.22730559078701, -572.70863037096683, -680.2430750033227, -704.11864519692267, -749.64957552146711, -772.14003340345471, -824.33311449950156, -853.64178505283803, -896.98619293625347, -934.56398783439749, -938.55382392517686, -986.02291516630009, -1012.8658948055181, -1042.4140453979896, -1048.9631938974849, -1091.221174306469, -1092.6045609293396]
 -- BestCostElement: [-1092.60456093 -1092.60456093 -1092.60456093 -1092.60456093]
 -- BestRoute: [array([ 0,  3,  4,  5,  7, 10,  9, 11,  0]), array([ 1, 17, 13, 14, 12, 15, 16, 18, 19,  1]), array([ 2, 28, 27, 25, 24, 26, 30,  2])]
 -- Custo: 
 ---------19.0776872305
 ---------18.5366310572
 ---------15.9061143552
 ---- Total: 53.5204326429
 -- Premio: 
 ---------44.0
 ---------42.0
 ---------43.0
 ---- Total: 129.0
