 - Execucao 0
 -- BestCostGenaration: [-300.20125992758716, -423.50733850661913, -580.33650313744829, -702.90730008891182, -745.25889591626128, -829.49724714182753, -867.0077214038356, -925.82950287047152, -997.26183392772418, -1006.7518372437903, -1052.4005540829928, -1062.7249002703629, -1072.1666043839618, -1087.4630277861954, -1098.1667912198764, -1099.8129192384981, -1101.833065319395, -1115.3388781218246, -1125.8697868807014, -1156.2392234696872, -1160.5105314990014, -1169.0680460208705, -1170.6986094318847, -1175.1208145337407, -1183.8345124463112, -1193.0172843688424, -1198.8200231356973, -1208.368173728169, -1214.2048403230619, -1226.3162965030638, -1228.3047020293493, -1228.3837613806975, -1231.2605684130626, -1236.2048403230619]
 -- BestCostElement: [-1236.20484032 -1236.20484032 -1236.20484032 -1236.20484032]
 -- BestRoute: [array([ 0,  7,  5,  4,  3,  6,  8, 11,  9, 10,  0]), array([ 1, 21, 20, 17, 13, 14, 12, 15, 16, 18, 19,  1]), array([ 2, 26, 29, 30, 31, 28, 27, 25, 24, 22, 23,  2])]
 -- Custo: 
 ---------22.6011261595
 ---------24.9349766949
 ---------22.1487550423
 ---- Total: 69.6848578967
 -- Premio: 
 ---------49.0
 ---------48.0
 ---------54.0
 ---- Total: 151.0
 - Execucao 1
 -- BestCostGenaration: [-273.89295699352294, -426.86670122727708, -620.80349906383685, -655.70620189944907, -724.4110589530319, -782.90245417877577, -861.84366652667813, -888.00437550513766, -952.76494232581285, -998.83547185606085, -1070.8426867927544, -1096.4097785049489, -1102.6335655233925, -1111.6566243216193, -1135.7806283603636, -1174.4472330795172, -1189.4966913883495, -1196.7161035103647, -1203.6927722490173, -1215.3602663283568, -1220.8107505142418, -1224.7006162927271, -1229.1228213945831, -1233.8616945725544]
 -- BestCostElement: [-1233.86169457 -1233.86169457 -1233.86169457 -1233.86169457]
 -- BestRoute: [array([ 0,  6,  3,  4,  5,  7, 10,  9, 11,  8,  0]), array([ 1, 20, 17, 13, 14, 12, 15, 16, 18, 21, 19,  1]), array([ 2, 28, 27, 25, 24, 22, 23, 26, 29, 30, 31,  2])]
 -- Custo: 
 ---------22.1289902045
 ---------24.9547415328
 ---------21.9508446196
 ---- Total: 69.0345763569
 -- Premio: 
 ---------49.0
 ---------48.0
 ---------54.0
 ---- Total: 151.0
 - Execucao 2
 -- BestCostGenaration: [-258.19573023376029, -472.51658673889813, -588.72579029928875, -709.42481714123824, -778.73453255000197, -840.50547690221936, -882.36484499743278, -924.64925780148019, -986.89906259045279, -1007.1550566814647, -1109.0469539686576, -1110.1426700398588, -1110.4228833682753, -1135.9332173692333, -1157.3096479244516, -1175.9060352429904, -1185.4541858354619, -1188.2088335018761, -1197.9919050363646, -1200.1013348060287, -1201.9352654403635, -1207.0376560530594, -1216.7984299278842, -1229.3699117817032, -1237.1909907240677, -1238.510805213228, -1241.8245137122126]
 -- BestCostElement: [-1241.82451371 -1241.82451371 -1241.82451371 -1241.82451371]
 -- BestRoute: [array([ 0,  5,  4,  3,  6,  8, 11,  9, 10,  7,  0]), array([ 1, 20, 17, 13, 14, 12, 15, 16, 18, 19, 21,  1]), array([ 2, 31, 30, 29, 26, 23, 22, 24, 25, 27, 28,  2])]
 -- Custo: 
 ---------20.5366310572
 ---------24.5563958951
 ---------21.9508446196
 ---- Total: 67.0438715719
 -- Premio: 
 ---------49.0
 ---------48.0
 ---------54.0
 ---- Total: 151.0
 - Execucao 3
 -- BestCostGenaration: [-283.69279534153259, -458.29551593420672, -571.38584597679903, -725.72212943164664, -775.46275407196913, -845.7842061797727, -871.7842061797727, -924.97901847972992, -971.71190201856177, -997.27309412599084, -1042.4806063381197, -1061.356622517611, -1067.5910646110979, -1124.5353365210967, -1128.9575416229527, -1135.4044265200878, -1142.2020878000812, -1161.9703982295753, -1163.6350393510429, -1194.4444805565363, -1196.1447220914367, -1205.6928726839083, -1206.8587349954237, -1220.2204279755906, -1222.1461526559306]
 -- BestCostElement: [-1222.14615266 -1222.14615266 -1222.14615266 -1222.14615266]
 -- BestRoute: [array([ 0,  5,  4,  3,  6,  8, 11,  9, 10,  7,  0]), array([ 1, 17, 13, 14, 12, 15, 16, 19, 18, 21,  1]), array([ 2, 31, 28, 27, 25, 24, 22, 23, 26, 29, 30,  2])]
 -- Custo: 
 ---------20.5366310572
 ---------23.2912678647
 ---------23.1355629141
 ---- Total: 66.963461836
 -- Premio: 
 ---------49.0
 ---------46.0
 ---------54.0
 ---- Total: 149.0
 - Execucao 4
 -- BestCostGenaration: [-273.1624227299863, -479.8006684907416, -648.92214278489223, -674.88365877327215, -776.72893863991271, -803.38535389719846, -860.1059487197208, -938.34225850071607, -986.63847484879989, -992.47795425003005, -1019.5671591062703, -1026.4812008590038, -1053.6110856684072, -1070.3543673923311, -1110.7504454467023, -1124.7199098532647, -1146.730713474105, -1151.1529185759609, -1161.0036418239979, -1174.1343713463016, -1180.646480630634, -1192.9253085852924, -1199.4695092621064, -1205.7541311364757, -1208.6309381688411, -1216.0406156301897, -1218.7099975201895, -1220.3033800708622, -1221.4705643408647, -1223.9926311490078, -1228.045399661878, -1228.2048403230619]
 -- BestCostElement: [-1228.20484032 -1228.20484032 -1228.20484032 -1228.20484032]
 -- BestRoute: [array([ 0,  6,  3,  4,  5,  7, 10,  9, 11,  8,  0]), array([ 1, 15, 12, 14, 13, 17, 20, 21, 19, 16, 18,  1]), array([ 2, 28, 27, 25, 24, 22, 23, 26, 29, 30, 31,  2])]
 -- Custo: 
 ---------22.1289902045
 ---------26.3689550951
 ---------21.9508446196
 ---- Total: 70.4487899192
 -- Premio: 
 ---------49.0
 ---------48.0
 ---------54.0
 ---- Total: 151.0
 - Execucao 5
 -- BestCostGenaration: [-277.02875234916758, -460.97384239988344, -596.67755558939359, -714.08797871288073, -787.25920135243314, -835.87242314123955, -871.51374424748792, -985.98192796305852, -991.14911223306103, -1008.6125541867249, -1031.026126319576, -1044.355797956825, -1051.8107485866626, -1065.6417850528378, -1080.6011686947393, -1108.0177416741776, -1118.1291978541792, -1141.9339434818764, -1170.0453996618783, -1175.4516848886267, -1184.999835481098, -1200.4554710132911, -1209.6989621116611, -1214.9363637822785, -1215.9556371245806, -1226.0826809571108, -1229.3963894560957, -1230.7162039452558, -1234.0299124442404, -1237.0856405342413]
 -- BestCostElement: [-1237.08564053 -1237.08564053 -1237.08564053 -1237.08564053]
 -- BestRoute: [array([ 0,  5,  4,  3,  6,  8, 11,  9, 10,  7,  0]), array([ 1, 20, 17, 13, 14, 12, 15, 16, 18, 19, 21,  1]), array([ 2, 31, 28, 27, 25, 24, 22, 23, 26, 29, 30,  2])]
 -- Custo: 
 ---------20.5366310572
 ---------24.5563958951
 ---------23.1355629141
 ---- Total: 68.2285898664
 -- Premio: 
 ---------49.0
 ---------48.0
 ---------54.0
 ---- Total: 151.0
 - Execucao 6
 -- BestCostGenaration: [-339.95333747730501, -442.59739986040609, -611.2155694718939, -635.2155694718939, -748.75961769243577, -778.34989705652367, -844.52842927753022, -952.59147737970807, -977.24222823755326, -982.42413416646207, -1001.775615797451, -1013.2506548211483, -1077.2724132926764, -1096.7898249737693, -1110.7826784843626, -1134.7787677938879, -1161.496251162383, -1175.7691795122757, -1178.6897262708635, -1198.7424947837337, -1201.5157962990659, -1205.829297743901, -1209.1463597100801, -1216.2282148475661, -1230.2500722812631, -1230.7162039452558, -1237.0856405342413]
 -- BestCostElement: [-1237.08564053 -1237.08564053 -1237.08564053 -1237.08564053]
 -- BestRoute: [array([ 0,  5,  4,  3,  6,  8, 11,  9, 10,  7,  0]), array([ 1, 20, 17, 13, 14, 12, 15, 16, 18, 19, 21,  1]), array([ 2, 31, 28, 27, 25, 24, 22, 23, 26, 29, 30,  2])]
 -- Custo: 
 ---------20.5366310572
 ---------24.5563958951
 ---------23.1355629141
 ---- Total: 68.2285898664
 -- Premio: 
 ---------49.0
 ---------48.0
 ---------54.0
 ---- Total: 151.0
 - Execucao 7
 -- BestCostGenaration: [-274.32739430698581, -446.35216623134244, -606.6087666337761, -709.90725682575544, -743.5210744167473, -817.00826206469299, -865.53802921849854, -956.45042500494003, -985.69858153921382, -993.46689196870807, -1034.6680326281594, -1061.8324643751812, -1076.6726914914184, -1095.1261748617776, -1106.4195750918166, -1129.9765042197505, -1149.797583162115, -1170.1670197511007, -1176.8032139595725, -1190.4396965248479, -1212.943713501033, -1213.8061735367032, -1217.1382222111974, -1220.11489094985, -1220.1939503011981, -1223.0376560530594, -1232.4256398717041]
 -- BestCostElement: [-1232.42563987 -1232.42563987 -1232.42563987 -1232.42563987]
 -- BestRoute: [array([ 0,  5,  4,  3,  6,  8, 11,  9, 10,  7,  0]), array([ 1, 14, 13, 12, 15, 16, 18, 19, 21, 17,  1]), array([ 2, 31, 30, 29, 26, 23, 22, 24, 25, 27, 28,  2])]
 -- Custo: 
 ---------20.5366310572
 ---------21.9061143552
 ---------21.9508446196
 ---- Total: 64.3935900321
 -- Premio: 
 ---------49.0
 ---------46.0
 ---------54.0
 ---- Total: 149.0
 - Execucao 8
 -- BestCostGenaration: [-286.78216002848831, -459.24454883097297, -556.84027613622982, -673.07847946530774, -750.09096191507933, -823.54906976905511, -867.7549773220984, -955.27394281933937, -975.37402628152199, -994.60810123244869, -996.37553001801552, -1016.0829946305194, -1064.1094121101487, -1067.1813921529942, -1099.7321651636744, -1137.2622492948628, -1160.7140102484991, -1174.1391749274856, -1191.5245378149086, -1201.0726884073802, -1209.4753483725531, -1210.0965507743404, -1213.9859858821037, -1217.2206350297402, -1219.8802850653699, -1219.9332173692335, -1229.4284356578414, -1231.4023086103566, -1237.1909907240677, -1239.8506407596974, -1241.8245137122126]
 -- BestCostElement: [-1241.82451371 -1241.82451371 -1241.82451371 -1241.82451371]
 -- BestRoute: [array([ 0,  5,  4,  3,  6,  8, 11,  9, 10,  7,  0]), array([ 1, 20, 17, 13, 14, 12, 15, 16, 18, 19, 21,  1]), array([ 2, 31, 30, 29, 26, 23, 22, 24, 25, 27, 28,  2])]
 -- Custo: 
 ---------20.5366310572
 ---------24.5563958951
 ---------21.9508446196
 ---- Total: 67.0438715719
 -- Premio: 
 ---------49.0
 ---------48.0
 ---------54.0
 ---- Total: 151.0
 - Execucao 9
 -- BestCostGenaration: [-324.1726418620982, -480.79472373009969, -672.120786729663, -685.77452237018838, -818.76593266433997, -873.39546256226379, -925.3654644683445, -944.75518428765497, -971.1618017369824, -1002.3509040019032, -1054.6528757132551, -1089.708603803256, -1110.6892657207227, -1136.8294043631597, -1153.8851324531606, -1160.9983678969843, -1173.6380973101957, -1188.9518509999161, -1197.9441073910971, -1200.9145697046836, -1206.8774892792326, -1216.4256398717041, -1223.1314765094023, -1232.3101905128883]
 -- BestCostElement: [-1232.31019051 -1232.31019051 -1232.31019051 -1232.31019051]
 -- BestRoute: [array([ 0,  8,  6,  3,  4,  5,  7, 10,  9, 11,  0]), array([ 1, 21, 20, 17, 13, 14, 12, 15, 16, 18, 19,  1]), array([ 2, 28, 27, 25, 24, 22, 23, 26, 29, 30, 31,  2])]
 -- Custo: 
 ---------22.5366310572
 ---------24.9349766949
 ---------21.9508446196
 ---- Total: 69.4224523718
 -- Premio: 
 ---------49.0
 ---------48.0
 ---------54.0
 ---- Total: 151.0
 - Execucao 10
 -- BestCostGenaration: [-272.57970154288739, -429.96191520215461, -585.68403902958016, -639.79549520958176, -759.12631832086311, -852.84991769255544, -875.34221818793594, -916.55055685900584, -946.17138841565031, -980.42262312283924, -1008.6180413747284, -1029.9613924878483, -1049.3372055364302, -1068.1457568382875, -1068.2628069759201, -1098.9416870906953, -1125.2107380002483, -1155.670123962446, -1182.6997250049621, -1186.504785624076, -1195.2361222473778, -1203.8885863552462, -1221.1677027258766, -1228.3993490332261, -1237.1909907240677, -1241.8245137122126]
 -- BestCostElement: [-1241.82451371 -1241.82451371 -1241.82451371 -1241.82451371]
 -- BestRoute: [array([ 0,  5,  4,  3,  6,  8, 11,  9, 10,  7,  0]), array([ 1, 20, 17, 13, 14, 12, 15, 16, 18, 19, 21,  1]), array([ 2, 28, 27, 25, 24, 22, 23, 26, 29, 30, 31,  2])]
 -- Custo: 
 ---------20.5366310572
 ---------24.5563958951
 ---------21.9508446196
 ---- Total: 67.0438715719
 -- Premio: 
 ---------49.0
 ---------48.0
 ---------54.0
 ---- Total: 151.0
 - Execucao 11
 -- BestCostGenaration: [-357.75380580371109, -449.026241648108, -591.8929229961052, -668.63062406747326, -757.07208439042029, -782.52047861456163, -837.6479544582844, -924.15375269199149, -933.39550088907754, -976.56306798522178, -985.13790330623533, -1017.769738427093, -1037.8913388782269, -1047.6136963352465, -1100.2389085451728, -1138.0892010555856, -1166.4695276664349, -1181.0639881018251, -1181.4787018397476, -1187.8184941230606, -1200.716103510365, -1208.1905580665978, -1212.5527701052579, -1217.7387086590693, -1221.212583931881, -1225.0856405342415, -1228.2204279755906, -1233.877282225083, -1236.9174226625553, -1238.510805213228]
 -- BestCostElement: [-1238.51080521 -1238.51080521 -1238.51080521 -1238.51080521]
 -- BestRoute: [array([ 0,  7,  5,  4,  3,  6,  8, 11,  9, 10,  0]), array([ 1, 20, 17, 13, 14, 12, 15, 16, 18, 19, 21,  1]), array([ 2, 31, 30, 29, 26, 23, 22, 24, 25, 27, 28,  2])]
 -- Custo: 
 ---------21.365058182
 ---------24.5563958951
 ---------21.9508446196
 ---- Total: 67.8722986967
 -- Premio: 
 ---------49.0
 ---------48.0
 ---------54.0
 ---- Total: 151.0
 - Execucao 12
 -- BestCostGenaration: [-307.05067983242839, -499.23069717911, -649.0847136995784, -662.05794899334273, -730.69844789011313, -821.3298423574231, -875.55280704141114, -896.79876022288408, -952.6229505523736, -1005.7893711988376, -1024.8294210810777, -1027.4890711167072, -1033.8216774722589, -1086.8382464024864, -1099.2069784510284, -1103.8892868266489, -1119.9924673580149, -1138.4491641533339, -1143.5476787098187, -1153.7866284000202, -1159.5488740496266, -1164.8997221986654, -1168.5000015923874, -1172.4816614168781, -1185.8324643751812, -1194.8247207663624, -1202.7153126574908, -1211.2578158900819, -1223.8616945725544, -1226.0562032827186, -1233.7502383925525, -1238.1724434944085, -1238.8059664825535, -1238.8850258339019]
 -- BestCostElement: [-1238.88502583 -1238.88502583 -1238.88502583 -1238.88502583]
 -- BestRoute: [array([ 0,  6,  3,  4,  5,  7, 10,  9, 11,  8,  0]), array([ 1, 14, 13, 12, 15, 16, 18, 19, 21, 20, 17,  1]), array([ 2, 31, 30, 29, 26, 23, 22, 24, 25, 27, 28,  2])]
 -- Custo: 
 ---------22.1289902045
 ---------23.6989087174
 ---------21.9508446196
 ---- Total: 67.7787435415
 -- Premio: 
 ---------49.0
 ---------48.0
 ---------54.0
 ---- Total: 151.0
 - Execucao 13
 -- BestCostGenaration: [-297.39413101910787, -503.25111981438914, -625.60544890539677, -695.65821741826721, -773.14190597339166, -797.1088694331188, -881.60576104276367, -892.95586903755827, -945.47772751798357, -989.942598685289, -1009.4536548184421, -1035.4777653612468, -1071.803006905423, -1121.1051856709244, -1122.3663537032407, -1137.7405951884277, -1149.3477652632941, -1173.1787565387335, -1182.5310764625538, -1190.8620884626184, -1214.6303988921125, -1219.0526039939684, -1219.0553565169491, -1225.8881722469466, -1229.2018807459312]
 -- BestCostElement: [-1229.20188075 -1229.20188075 -1229.20188075 -1229.20188075]
 -- BestRoute: [array([ 0,  6,  3,  4,  5,  7, 10,  9, 11,  8,  0]), array([ 1, 21, 20, 17, 13, 14, 12, 15, 16, 18, 19,  1]), array([ 2, 31, 28, 27, 25, 24, 22, 23, 26, 29, 30,  2])]
 -- Custo: 
 ---------22.1289902045
 ---------24.9349766949
 ---------23.1355629141
 ---- Total: 70.1995298135
 -- Premio: 
 ---------49.0
 ---------48.0
 ---------54.0
 ---- Total: 151.0
 - Execucao 14
 -- BestCostGenaration: [-325.8378429277534, -457.3559149402297, -628.4381523223318, -700.73271642140173, -752.80015266624957, -806.84004419300686, -862.5069872995648, -875.0541393387349, -972.00616389590868, -982.33505913517456, -1003.8967626215348, -1024.8282888786755, -1061.502797378525, -1083.502797378525, -1147.3904499107582, -1167.2115288531227, -1170.0439690973844, -1175.0700528817126, -1175.2422282375533, -1177.5002086465372, -1184.7903788300248, -1196.3135439800828, -1204.1947412426653, -1205.9858854472129, -1212.9701911754255, -1214.5040595114328, -1215.571317334917, -1223.571317334917, -1224.392603331431, -1233.9407539239028, -1236.9964820139035, -1240.2311311615399]
 -- BestCostElement: [-1240.23113116 -1240.23113116 -1240.23113116 -1240.23113116]
 -- BestRoute: [array([ 0,  5,  4,  3,  6,  8, 11,  9, 10,  7,  0]), array([ 1, 19, 21, 20, 17, 13, 14, 12, 15, 16, 18,  1]), array([ 2, 28, 27, 25, 24, 22, 23, 26, 29, 30, 31,  2])]
 -- Custo: 
 ---------20.5366310572
 ---------24.9547415328
 ---------21.9508446196
 ---- Total: 67.4422172096
 -- Premio: 
 ---------49.0
 ---------48.0
 ---------54.0
 ---- Total: 151.0
