 - Execucao 0
 -- BestCostGenaration: [-363.95946098433711, -527.49197899170986, -640.49727392823479, -770.61243420233859, -867.78469158874145, -929.11842152118163, -992.73964182586212, -1030.6101359024956, -1067.5166384156473, -1106.6350925423294, -1180.8515351590845, -1194.6793146125081, -1218.2243208081068, -1238.1553501366379, -1249.6759631614857, -1256.3250738021593, -1274.7316912514866, -1285.0799882597091, -1291.8135011096433, -1310.9551592763751, -1317.269866328661, -1342.754589766771, -1343.1315177196902, -1352.9180236067687, -1367.6684265182234, -1407.4104461092395, -1407.9662951197943, -1436.0967376102549, -1440.8992241322244, -1446.0176782589065, -1463.8942782371221, -1490.0820412454914, -1495.9178165526193, -1496.6195952712721, -1496.6303988921125, -1500.8168565044173, -1515.8725845944182, -1524.8648409855991, -1528.178549484584]
 -- BestCostElement: [-1528.17854948 -1528.17854948 -1528.17854948 -1528.17854948]
 -- BestRoute: [array([ 0,  6,  5,  4,  7,  9, 12, 11, 10,  0]), array([ 1, 18, 15, 13, 16, 17, 19, 20, 22,  1]), array([ 2, 29, 28, 26, 25, 23, 24, 27, 31,  2]), array([ 3, 33, 34, 37, 40, 41, 39, 38, 36, 35,  3])]
 -- Custo: 
 ---------19.365058182
 ---------18.3071357894
 ---------19.8770543023
 ---------17.2465376003
 ---- Total: 74.7957858739
 -- Premio: 
 ---------46.0
 ---------42.0
 ---------49.0
 ---------43.0
 ---- Total: 180.0
 - Execucao 1
 -- BestCostGenaration: [-351.0618340801762, -395.81210684990538, -534.11386051895693, -723.54565229948093, -832.85248337962184, -966.07164530962041, -989.12889049042838, -1076.3891495179387, -1108.825887193565, -1142.4753464449739, -1144.3525695132178, -1173.0388610142331, -1182.1234686746993, -1216.9829258700825, -1240.4737107539095, -1260.9846785584602, -1298.3355679177866, -1325.1841446759749, -1338.8646541496846, -1350.0866384412652, -1351.9892389144075, -1362.037863107209, -1382.7348577941739, -1440.9692998876603, -1449.9615562788415, -1470.6369577579931, -1475.8913388782269, -1481.3212875889017, -1494.1826074036292, -1503.7307579961007, -1505.3775131651969, -1509.218689922056, -1509.3429812316058, -1521.3909657127876, -1534.3987093216065, -1534.9546035228968, -1540.6331514150934, -1543.946859914078]
 -- BestCostElement: [-1543.94685991 -1543.94685991 -1543.94685991 -1543.94685991]
 -- BestRoute: [array([ 0,  6,  5,  4,  7,  9, 12, 11, 10,  0]), array([ 1, 18, 14, 15, 13, 16, 17, 19, 20,  1]), array([ 2, 31, 30, 27, 24, 23, 25, 26, 28, 29,  2]), array([ 3, 33, 34, 37, 40, 41, 39, 38, 36, 35,  3])]
 -- Custo: 
 ---------19.365058182
 ---------18.5366310572
 ---------19.5432037669
 ---------19.0683920154
 ---- Total: 76.5132850215
 -- Premio: 
 ---------46.0
 ---------42.0
 ---------51.0
 ---------46.0
 ---- Total: 185.0
 - Execucao 2
 -- BestCostGenaration: [-275.65568229130918, -388.26905113902194, -507.65436986507962, -705.67712348960799, -790.75918769741554, -855.78905494395872, -938.08343550276334, -1003.84774261109, -1018.2727193089952, -1062.8671797443853, -1064.5671158431139, -1130.7848903464858, -1165.1007772135647, -1210.9446899309823, -1211.791891280239, -1218.7611653505696, -1243.3873219020418, -1272.948452430579, -1295.2585420027251, -1318.6394365667475, -1355.2733031077196, -1372.6572290073191, -1374.6125694319207, -1375.9695069418099, -1399.4034654606241, -1416.1377414428212, -1422.2547106873249, -1423.8763909373179, -1443.0217177736233, -1459.8723977585037, -1460.4924650377184, -1463.8089260596839, -1468.1520718101915, -1472.6367939669999, -1477.1443282013724, -1489.4874739518805, -1498.9538126700227]
 -- BestCostElement: [-1498.95381267 -1498.95381267 -1498.95381267 -1498.95381267]
 -- BestRoute: [array([ 0,  4,  5,  6,  8, 11, 12, 10,  0]), array([ 1, 18, 14, 15, 13, 16, 17, 19,  1]), array([ 2, 31, 30, 27, 24, 23, 25, 26, 28, 29,  2]), array([ 3, 37, 34, 33, 35, 36, 38, 39, 41, 40,  3])]
 -- Custo: 
 ---------19.1421823327
 ---------17.9061143552
 ---------19.5432037669
 ---------18.6700463777
 ---- Total: 75.2615468325
 -- Premio: 
 ---------44.0
 ---------39.0
 ---------51.0
 ---------46.0
 ---- Total: 180.0
 - Execucao 3
 -- BestCostGenaration: [-275.22500369428997, -471.21119815263557, -497.43810369145319, -688.07747051148931, -754.39253859120004, -971.99701936305314, -988.89594938714481, -1014.8258419142364, -1042.7912688589506, -1085.7830193794928, -1114.0770571155881, -1154.9954269351451, -1173.8094272152841, -1195.9510036215847, -1224.6372951226001, -1233.6335701639853, -1263.0296914815128, -1276.2973523105943, -1290.2958630656885, -1290.8688976458052, -1325.9419274618822, -1326.6859352984493, -1339.1502072632679, -1358.0329152845275, -1382.5253377869981, -1385.158860775143, -1397.8390462859829, -1403.3064812931714, -1408.0453544711427, -1414.5302856096798, -1428.1932458493475, -1432.719370576536, -1451.7717451993421, -1452.4464422266431, -1453.059162859849, -1457.3232492590082, -1467.0475683861346, -1470.1032964761355, -1493.1110400849543]
 -- BestCostElement: [-1477.83921008 -1477.83921008 -1477.83921008 -1477.83921008]
 -- BestRoute: [array([ 0,  4,  5,  6,  8, 11, 10, 12,  0]), array([ 1, 18, 14, 15, 13, 16, 17, 19,  1]), array([ 2, 29, 28, 26, 25, 23, 24, 31, 27,  2]), array([ 3, 37, 34, 33, 35, 36, 38, 39, 41, 40,  3])]
 -- Custo: 
 ---------19.0776872305
 ---------17.9061143552
 ---------19.8863495174
 ---------18.6700463777
 ---- Total: 75.5401974808
 -- Premio: 
 ---------44.0
 ---------39.0
 ---------49.0
 ---------46.0
 ---- Total: 178.0
 - Execucao 4
 -- BestCostGenaration: [-351.96501835204293, -352.06407880493884, -471.86622785897697, -608.41847880277044, -861.00137138354887, -880.4489139613172, -951.23255988704761, -984.71049307890451, -1012.8588855241164, -1028.0854969614834, -1128.5923267440057, -1150.3614280263737, -1193.2394305238367, -1221.91061029295, -1261.2949515596881, -1263.9183106386122, -1274.7464070771525, -1310.1138334508455, -1321.8286128415455, -1335.6643881486737, -1357.9398626361374, -1359.7690338866491, -1389.3171844791204, -1409.1382634214851, -1418.3162965030635, -1422.562682438333, -1444.6877194100211, -1451.5556844916528, -1469.7656804194544, -1483.9595494179994, -1490.6161966133418, -1493.6719247033425, -1497.4766703310399, -1503.0855400993503, -1503.946859914078, -1504.2048403230619, -1512.0777964905315, -1512.8694381813732, -1515.3915049895163]
 -- BestCostElement: [-1515.39150499 -1515.39150499 -1515.39150499 -1515.39150499]
 -- BestRoute: [array([ 0,  4,  5,  6,  8, 11, 10, 12,  0]), array([ 1, 18, 14, 15, 13, 16, 17, 19, 20,  1]), array([ 2, 29, 28, 26, 25, 23, 24, 27, 30, 31,  2]), array([ 3, 33, 34, 37, 40, 41, 39, 38, 36,  3])]
 -- Custo: 
 ---------19.0776872305
 ---------18.5366310572
 ---------19.5432037669
 ---------18.994601698
 ---- Total: 76.1521237526
 -- Premio: 
 ---------44.0
 ---------42.0
 ---------51.0
 ---------45.0
 ---- Total: 182.0
 - Execucao 5
 -- BestCostGenaration: [-247.23136144308688, -396.03007049777182, -491.0622361850144, -673.41982733670193, -794.44535151239381, -908.48836192793738, -930.2445703966406, -971.92166410580683, -1020.2814774464293, -1047.2042265743248, -1059.7315475901355, -1092.6345807207476, -1121.8376238926048, -1166.6521173936444, -1236.1184561117868, -1289.1333761600249, -1296.6713860953539, -1308.9544551023894, -1325.3576775963693, -1354.2256426780009, -1357.3172296698565, -1389.0261263195762, -1394.0702599358624, -1417.7535918597471, -1438.2344846287344, -1444.0290211564754, -1455.4394894706986, -1464.3047020293493, -1469.9615562788415, -1479.6555913886755, -1481.8696452355227, -1486.2830083866452]
 -- BestCostElement: [-1486.28300839 -1486.28300839 -1486.28300839 -1486.28300839]
 -- BestRoute: [array([ 0,  4,  5,  6,  8, 11, 10, 12,  0]), array([ 1, 18, 14, 15, 13, 16, 17, 19, 20,  1]), array([ 2, 25, 26, 28, 29, 32, 30, 31, 27,  2]), array([ 3, 33, 34, 37, 40, 41, 39, 38, 36,  3])]
 -- Custo: 
 ---------19.0776872305
 ---------18.5366310572
 ---------19.3203279176
 ---------18.994601698
 ---- Total: 75.9292479033
 -- Premio: 
 ---------44.0
 ---------42.0
 ---------48.0
 ---------45.0
 ---- Total: 179.0
 - Execucao 6
 -- BestCostGenaration: [-205.39956434708483, -387.73697133344365, -473.82922389832891, -643.17265054855829, -760.20830035726908, -831.30523937849875, -935.09563926834005, -978.06620201681721, -1018.1686358926695, -1044.7787843563103, -1063.5829969508156, -1099.9289504684593, -1182.5661641496231, -1217.6218922396238, -1252.0838407275487, -1257.7988486767763, -1268.549126294512, -1270.9409609780523, -1300.699444862933, -1311.6592339405825, -1322.0066244460495, -1349.7335092602423, -1357.4100954823321, -1358.6975131428389, -1373.6185973642482, -1379.8762271463247, -1390.6632716413922, -1397.9477499430036, -1419.9242116275066, -1421.2969584205302, -1424.6367939669997, -1438.693079738058, -1444.4052681874873, -1448.4580367003573, -1461.6663950095158, -1463.7338598871497, -1466.7895879771506, -1469.4023086103566, -1489.7973315859695]
 -- BestCostElement: [-1474.52550158 -1474.52550158 -1474.52550158 -1474.52550158]
 -- BestRoute: [array([ 0,  4,  5,  6,  8, 10, 11, 12,  0]), array([ 1, 18, 14, 15, 13, 16, 17, 19,  1]), array([ 2, 29, 28, 26, 25, 23, 24, 31, 27,  2]), array([ 3, 37, 34, 33, 35, 36, 38, 39, 41, 40,  3])]
 -- Custo: 
 ---------19.9061143552
 ---------17.9061143552
 ---------19.8863495174
 ---------18.6700463777
 ---- Total: 76.3686246055
 -- Premio: 
 ---------44.0
 ---------39.0
 ---------49.0
 ---------46.0
 ---- Total: 178.0
 - Execucao 7
 -- BestCostGenaration: [-256.3180764356257, -388.23780397497524, -573.64007422102543, -707.84347969076384, -794.64512011570389, -855.4933118034877, -950.08566075247666, -983.13933387072905, -1041.8108571335006, -1106.7888701242166, -1173.9169252648542, -1201.1264639464896, -1225.9169252648542, -1236.7110393366474, -1258.8463139741752, -1268.7745110354672, -1277.184034656415, -1324.6828167780754, -1344.9701911754255, -1353.6644333394092, -1384.9701911754255, -1395.8445600044959, -1405.2791589058784, -1410.8010186598719, -1416.4924650377184, -1426.167495671727, -1444.5138080535148, -1446.2234308158775, -1467.6084530045232, -1474.999835481098, -1477.9358061012213, -1479.0478199622801, -1488.5520439926149, -1492.4405878126133, -1508.8539509637355, -1510.7748916123871, -1516.4317458618796]
 -- BestCostElement: [-1516.43174586 -1516.43174586 -1516.43174586 -1516.43174586]
 -- BestRoute: [array([ 0,  6,  5,  4,  7,  9, 12, 10, 11,  0]), array([ 1, 18, 14, 15, 13, 16, 17, 19, 20,  1]), array([ 2, 25, 26, 28, 29, 32, 31, 27,  2]), array([ 3, 37, 34, 33, 35, 36, 38, 39, 41, 40,  3])]
 -- Custo: 
 ---------19.365058182
 ---------18.5366310572
 ---------16.5366310572
 ---------18.6700463777
 ---- Total: 73.1083666742
 -- Premio: 
 ---------46.0
 ---------42.0
 ---------46.0
 ---------46.0
 ---- Total: 180.0
 - Execucao 8
 -- BestCostGenaration: [-308.82643804841234, -451.67362830777739, -610.28193739174185, -849.2855373816468, -877.29663244148799, -923.47420689277124, -969.88891665024585, -1008.4372742968671, -1079.8627444120254, -1086.304626888601, -1125.9557876532733, -1166.224821875114, -1185.6498227631073, -1190.398293954468, -1246.4950691401916, -1270.6482618881564, -1279.4800237982347, -1279.9467114935705, -1306.6996086539259, -1308.3330655868226, -1332.1910974319196, -1338.7565514368775, -1374.6261541371528, -1379.2596771252975, -1403.3124456381681, -1408.203949035297, -1433.6818822271537, -1439.6184105283339, -1442.6741386183348, -1442.9842478285693, -1461.524654812222]
 -- BestCostElement: [-1461.52465481 -1461.52465481 -1461.52465481 -1461.52465481]
 -- BestRoute: [array([ 0,  6,  5,  4,  7,  9, 12, 10, 11,  0]), array([ 1, 18, 14, 15, 13, 16, 17, 19,  1]), array([ 2, 31, 27, 24, 23, 25, 26, 29, 28,  2]), array([ 3, 34, 37, 40, 41, 36, 38, 39,  3])]
 -- Custo: 
 ---------19.365058182
 ---------17.9061143552
 ---------19.8770543023
 ---------19.9706094575
 ---- Total: 77.1188362969
 -- Premio: 
 ---------46.0
 ---------39.0
 ---------49.0
 ---------43.0
 ---- Total: 177.0
 - Execucao 9
 -- BestCostGenaration: [-286.43869535248928, -342.9724018456119, -544.15679193252868, -684.85987521636639, -778.56312266429961, -863.79096136991006, -955.28427323256676, -968.95222648565164, -1010.7918507300961, -1045.8475788200969, -1111.1087056421256, -1141.5748594519328, -1180.3133788049608, -1251.9876833263263, -1270.0991395063279, -1272.4685760953137, -1279.2462214163675, -1292.0439690973844, -1303.5123042758519, -1324.0702599358624, -1330.5748778562611, -1336.3842625362977, -1352.2256426780009, -1366.8573044309301, -1371.9473610696782, -1376.0999912888358, -1409.0705540373131, -1410.8356107882259, -1427.9615562788417, -1437.8238092603619, -1450.0095407600236, -1462.1305198126663, -1462.2567175481672, -1469.8205206219914, -1474.8910866333415, -1478.9430090491824, -1482.0095407600234, -1486.0467216203654, -1488.3898673708727, -1489.3604301193498, -1491.9615562788415, -1495.0172843688422]
 -- BestCostElement: [-1495.01728437 -1495.01728437 -1495.01728437 -1495.01728437]
 -- BestRoute: [array([ 0,  4,  5,  6,  8, 11, 10, 12,  0]), array([ 1, 18, 14, 15, 13, 16, 17, 19, 20,  1]), array([ 2, 25, 26, 28, 29, 32, 27, 30, 31,  2]), array([ 3, 33, 34, 37, 40, 41, 39, 38, 36, 35,  3])]
 -- Custo: 
 ---------19.0776872305
 ---------18.5366310572
 ---------19.5629686047
 ---------19.0683920154
 ---- Total: 76.2456789078
 -- Premio: 
 ---------44.0
 ---------42.0
 ---------48.0
 ---------46.0
 ---- Total: 180.0
 - Execucao 10
 -- BestCostGenaration: [-292.73494869680724, -368.68253525191727, -465.02330189150166, -606.1496495822106, -711.69664907679567, -871.76828822451068, -997.85345356603455, -1002.1965993165421, -1020.7053551336799, -1079.7723461435562, -1109.1178735719016, -1130.3795782932229, -1155.8297284146229, -1188.3810088577166, -1279.7749334914147, -1284.4084564795596, -1288.6268198215976, -1317.8214969633477, -1331.0679043756918, -1350.8248071673861, -1363.4381675122113, -1381.6231945600223, -1393.1382634214851, -1416.2250663816524, -1417.8398371388571, -1419.8819206311448, -1436.5682121321602, -1443.4003469402501, -1443.9512933188589, -1458.2683120218817, -1458.299386892048, -1472.6741386183346, -1492.4952175606993]
 -- BestCostElement: [-1492.49521756 -1492.49521756 -1492.49521756 -1492.49521756]
 -- BestRoute: [array([ 0,  5,  4,  6,  8, 11, 12, 10,  0]), array([ 1, 18, 14, 15, 13, 16, 17, 19, 20,  1]), array([ 2, 25, 27, 30, 31, 32, 29, 28, 26,  2]), array([ 3, 37, 34, 33, 35, 36, 38, 39, 41, 40,  3])]
 -- Custo: 
 ---------19.7726990347
 ---------18.5366310572
 ---------19.8968191401
 ---------18.6700463777
 ---- Total: 76.8761956098
 -- Premio: 
 ---------44.0
 ---------42.0
 ---------48.0
 ---------46.0
 ---- Total: 180.0
 - Execucao 11
 -- BestCostGenaration: [-281.90565833703971, -379.28529744474656, -479.99605838722118, -649.24342453353086, -742.00112247283403, -880.20362370253201, -952.63193479456322, -996.63193479456322, -1048.3739543855795, -1092.1098679864201, -1093.6702139968197, -1142.4901945972695, -1204.6146496978122, -1252.1128840890076, -1281.347533236644, -1282.7517026649582, -1310.86315884496, -1314.6822761172177, -1318.9746150249616, -1344.1980298810358, -1348.3144505714311, -1357.311654785294, -1357.5042665655824, -1364.0924928552954, -1368.140477336477, -1373.8871171681885, -1374.112138426869, -1395.5704260471518, -1409.782635221206, -1440.0777964905317, -1447.2162264837873, -1452.8947743759841, -1455.481267526814, -1459.1792958154622, -1459.4177958279943, -1470.2195366878254, -1473.059162859849, -1477.4023086103566, -1479.4697734879906, -1482.5255015779915]
 -- BestCostElement: [-1482.52550158 -1482.52550158 -1482.52550158 -1482.52550158]
 -- BestRoute: [array([ 0,  4,  5,  6,  8, 11, 10, 12,  0]), array([ 1, 18, 14, 15, 13, 16, 17, 19,  1]), array([ 2, 29, 28, 26, 25, 23, 24, 27, 31,  2]), array([ 3, 37, 34, 33, 35, 36, 38, 39, 41, 40,  3])]
 -- Custo: 
 ---------19.0776872305
 ---------17.9061143552
 ---------18.7147766421
 ---------18.6700463777
 ---- Total: 74.3686246055
 -- Premio: 
 ---------44.0
 ---------39.0
 ---------49.0
 ---------46.0
 ---- Total: 178.0
 - Execucao 12
 -- BestCostGenaration: [-289.01799391906297, -412.90371537747956, -486.55351450855721, -622.4229737497468, -793.06097212452732, -829.3226597003594, -915.34334345504078, -983.89490404016385, -1023.5145774293145, -1049.1179622221466, -1086.2025889556814, -1112.9745850749491, -1114.0933708807597, -1172.5531390228216, -1175.2549177414746, -1199.8930616165921, -1244.0453996618783, -1250.3518657076445, -1258.5781244652351, -1269.0016215755654, -1282.7672799169698, -1295.1650554155633, -1310.2085081099424, -1343.2023819015317, -1365.0017672011923, -1370.4398833607625, -1382.3027403592423, -1391.2949967504235, -1411.1112916610998, -1427.9549974129609, -1449.3849009329001, -1458.9330515253714, -1462.1305198126661, -1469.4814543627285, -1477.2159373990753, -1483.4503794925622, -1484.0467216203651, -1486.7640879915468, -1487.36043011935]
 -- BestCostElement: [-1487.36043012 -1487.36043012 -1487.36043012 -1487.36043012]
 -- BestRoute: [array([ 0,  6,  5,  4,  7,  9, 12, 10, 11,  0]), array([ 1, 18, 14, 15, 13, 16, 17, 19,  1]), array([ 2, 25, 26, 28, 29, 32, 31, 27,  2]), array([ 3, 33, 34, 37, 40, 41, 39, 38, 36, 35,  3])]
 -- Custo: 
 ---------19.365058182
 ---------17.9061143552
 ---------16.5366310572
 ---------19.0683920154
 ---- Total: 72.8761956098
 -- Premio: 
 ---------46.0
 ---------39.0
 ---------46.0
 ---------46.0
 ---- Total: 177.0
 - Execucao 13
 -- BestCostGenaration: [-299.54332779337727, -430.55223206035146, -551.5456733635134, -647.43317449879407, -768.8670159533923, -876.67682938815733, -970.36537601445229, -980.87262785757457, -1043.6839137358611, -1073.9174011854807, -1108.826651840179, -1111.6013371263252, -1150.8855263432247, -1158.6565260281905, -1187.2545036331753, -1229.0588534432291, -1280.9881958166479, -1295.9138221149656, -1306.749390367944, -1331.0134767671034, -1331.6528388656948, -1366.4247485839392, -1376.5099139254626, -1390.2349787147277, -1394.9317684004111, -1406.3140380660757, -1433.8763909373179, -1440.5255015779915, -1442.8313660332662, -1444.1187836937731, -1446.8841345461367, -1458.8050751947885, -1462.6741386183348, -1465.1962054264782, -1468.5099139254628]
 -- BestCostElement: [-1468.50991393 -1468.50991393 -1468.50991393 -1468.50991393]
 -- BestRoute: [array([ 0,  4,  5,  6,  8, 11, 10, 12,  0]), array([ 1, 18, 14, 15, 13, 16, 17, 19,  1]), array([ 2, 25, 26, 28, 29, 32, 31, 27,  2]), array([ 3, 33, 34, 37, 40, 41, 39, 38, 36, 35,  3])]
 -- Custo: 
 ---------19.0776872305
 ---------17.9061143552
 ---------16.5366310572
 ---------19.0683920154
 ---- Total: 72.5888246583
 -- Premio: 
 ---------44.0
 ---------39.0
 ---------46.0
 ---------46.0
 ---- Total: 175.0
 - Execucao 14
 -- BestCostGenaration: [-325.8147075853542, -422.12224576697452, -539.48729221433587, -718.94289278673955, -832.32625020192199, -894.18808124073894, -992.71693634509393, -1022.6054801650922, -1087.9858854472127, -1147.7472216436877, -1170.6090807351438, -1202.7205369151457, -1228.9701779131251, -1274.7720386545154, -1291.3809523322598, -1299.4924085122614, -1336.762541076017, -1339.3165035572133, -1349.8526975033787, -1373.9970264326603, -1398.0672438332749, -1425.8693176535364, -1455.8384065743633, -1465.386557166835, -1475.2902127187353, -1480.9779780474009, -1486.2900056645856, -1497.8286580322813, -1502.7276979840794, -1506.063100125768, -1516.8431473428952, -1520.178549484584, -1525.8354037340764]
 -- BestCostElement: [-1525.83540373 -1525.83540373 -1525.83540373 -1525.83540373]
 -- BestRoute: [array([ 0,  6,  5,  4,  7,  9, 12, 10, 11,  0]), array([ 1, 18, 15, 13, 16, 17, 19, 20, 22,  1]), array([ 2, 29, 28, 26, 25, 23, 24, 27, 31,  2]), array([ 3, 37, 34, 33, 35, 36, 38, 39, 40, 41,  3])]
 -- Custo: 
 ---------19.365058182
 ---------18.3071357894
 ---------18.7147766421
 ---------19.654178453
 ---- Total: 76.0411490665
 -- Premio: 
 ---------46.0
 ---------42.0
 ---------49.0
 ---------46.0
 ---- Total: 183.0
