 - Execucao 0
 -- BestCostGenaration: [-299.21528173186852, -457.36257478888894, -670.38096366698096, -732.13549299561123, -799.08299927111204, -882.81302034126747, -960.17087155884451, -1057.0051135987796, -1073.6959754058371, -1150.1011218438521, -1194.3465666117779, -1241.9869685625517, -1280.3106595990171, -1338.2472842408088, -1375.5595620867066, -1413.2337014329501, -1415.1066576004198, -1437.5744065762276, -1465.6030292612152, -1469.6557977740854, -1475.3126520235778, -1519.3597904077303, -1532.1251412600939, -1547.9942046836404, -1557.5423552761119, -1558.4603363476331, -1566.4947646849939, -1568.9601702363436, -1575.5998626299347, -1578.9267183289321, -1587.1857538166742, -1591.2228894862801, -1595.0911068127971, -1597.0742976366723, -1598.4426358837432, -1599.6408498331766, -1600.9282674936831, -1603.3713201412136, -1605.8569517511537]
 -- BestCostElement: [-1605.85695175 -1605.85695175 -1605.85695175 -1605.85695175]
 -- BestRoute: [array([ 0,  6,  5,  4,  7,  9, 12, 10, 11,  8,  0]), array([ 1, 21, 22, 20, 19, 17, 16, 13, 14, 15, 18,  1]), array([ 2, 23, 25, 26, 28, 29, 32, 31, 30, 27, 24,  2]), array([ 3, 37, 34, 33, 35, 36, 38, 42, 40, 39, 41,  3])]
 -- Custo: 
 ---------20.5366310572
 ---------22.1289902045
 ---------21.9706094575
 ---------25.4535568225
 ---- Total: 90.0897875417
 -- Premio: 
 ---------49.0
 ---------46.0
 ---------53.0
 ---------48.0
 ---- Total: 196.0
 - Execucao 1
 -- BestCostGenaration: [-303.66072924530715, -448.90725416358543, -639.6278385605267, -782.28667398347307, -888.82868105212333, -927.47777541792698, -985.4277113171313, -1025.4774930311492, -1128.8294043631597, -1184.3057592162927, -1224.9231575715457, -1261.7785763973789, -1299.511288790944, -1312.8834749379241, -1322.1441101890216, -1345.9789760430178, -1350.7832403997459, -1374.1815071341352, -1450.0235974131674, -1470.5760993798574, -1484.5498085413794, -1491.4762357459908, -1496.7687634172285, -1516.8083296112209, -1539.845817960603, -1555.5132116050518, -1577.2091916972802, -1585.2497647922225, -1589.8844293854386, -1592.4985710278938, -1600.9998354810982, -1604.5048504529, -1605.7922681134069, -1613.8286580322811, -1614.462181020426, -1616.0555635710987, -1620.741855072114]
 -- BestCostElement: [-1620.74185507 -1620.74185507 -1620.74185507 -1620.74185507]
 -- BestRoute: [array([ 0,  8,  6,  5,  4,  7,  9, 12, 10, 11,  0]), array([ 1, 16, 17, 19, 20, 22, 21, 18, 14, 13, 15,  1]), array([ 2, 25, 26, 28, 29, 32, 31, 30, 24, 27,  2]), array([ 3, 42, 37, 34, 33, 35, 36, 38, 39, 41, 40,  3])]
 -- Custo: 
 ---------21.365058182
 ---------23.8770543023
 ---------23.0739502452
 ---------21.4984735025
 ---- Total: 89.814536232
 -- Premio: 
 ---------49.0
 ---------48.0
 ---------53.0
 ---------48.0
 ---- Total: 198.0
 - Execucao 2
 -- BestCostGenaration: [-245.62100104045183, -475.96753452150409, -677.03195932987819, -767.03552618686183, -819.68780786391335, -901.76073183587096, -991.65805124965118, -997.45702783513207, -1039.3665885398336, -1174.966196737772, -1188.6968282404835, -1214.0345508503024, -1270.0971327340787, -1349.3778046927905, -1351.052725403566, -1361.3076060152268, -1417.6896406263113, -1431.0663066860343, -1456.6383361674912, -1473.8055756816489, -1484.1365705586863, -1484.5774213975133, -1489.0766696713263, -1500.4957187162995, -1513.124904344525, -1540.0317611183107, -1552.5383406202229, -1564.5511939151374, -1573.4601927748749, -1574.4264886225783, -1586.7602364579111, -1591.3765996430238, -1601.7495986809329, -1611.1592761422817, -1615.9312722615493, -1616.5169112034032, -1620.7593039598587, -1623.3718608020713, -1627.8833882152585, -1630.543038250888, -1632.5169112034032]
 -- BestCostElement: [-1632.5169112 -1632.5169112 -1632.5169112 -1632.5169112]
 -- BestRoute: [array([ 0,  8,  6,  5,  4,  7,  9, 12, 10, 11,  0]), array([ 1, 21, 18, 14, 15, 13, 16, 17, 19, 20, 22,  1]), array([ 2, 32, 31, 30, 27, 24, 23, 25, 26, 28, 29,  2]), array([ 3, 38, 36, 35, 33, 34, 37, 42, 40, 41, 39,  3])]
 -- Custo: 
 ---------21.365058182
 ---------24.5563958951
 ---------21.9508446196
 ---------21.4984735025
 ---- Total: 89.3707721991
 -- Premio: 
 ---------49.0
 ---------48.0
 ---------54.0
 ---------48.0
 ---- Total: 199.0
 - Execucao 3
 -- BestCostGenaration: [-270.65920850007899, -493.25204019490639, -682.55320058695679, -727.72352187501201, -824.95364832578048, -900.40925031950678, -989.28580417278249, -1026.5191961907562, -1090.8813780427081, -1152.0946921929694, -1155.3988026785648, -1261.3174331934829, -1274.3251768023017, -1310.8528958849772, -1352.0475474818136, -1362.1959462924322, -1382.9188297632263, -1397.2956009445697, -1446.7308647925458, -1458.6547446229063, -1496.7026122839613, -1497.0720488729469, -1520.0864928156384, -1542.021034798847, -1546.2310307266491, -1551.7758895194111, -1552.9734442077292, -1553.4055616426604, -1564.1817161158642, -1564.7795300184489, -1576.2931722958656, -1590.3108080195245, -1595.1142945013867, -1597.2861547996899, -1604.6624450938582, -1605.9615562788417, -1607.1960416354848, -1613.3074978154864, -1615.2813707680016]
 -- BestCostElement: [-1615.28137077 -1615.28137077 -1615.28137077 -1615.28137077]
 -- BestRoute: [array([ 0,  9,  7,  4,  5,  6,  8, 11, 10, 12,  0]), array([ 1, 21, 18, 14, 15, 13, 16, 17, 19, 20, 22,  1]), array([ 2, 24, 23, 25, 26, 28, 29, 32, 30, 31, 27,  2]), array([ 3, 41, 40, 42, 37, 34, 33, 35, 36, 38, 39,  3])]
 -- Custo: 
 ---------22.5366310572
 ---------24.5563958951
 ---------24.1040247779
 ---------22.4826055778
 ---- Total: 93.679657308
 -- Premio: 
 ---------49.0
 ---------48.0
 ---------54.0
 ---------48.0
 ---- Total: 199.0
 - Execucao 4
 -- BestCostGenaration: [-272.62444225124625, -473.37075087260951, -630.36986660220259, -722.95376881143227, -871.05876738806342, -978.85389457743531, -1060.0007909989929, -1120.6870825000083, -1232.9585127435696, -1248.0423804052875, -1291.2377207294314, -1306.4939521829856, -1336.9671292358248, -1372.9515415832964, -1392.5344299297485, -1431.8615941376634, -1445.5186987044622, -1474.0620450470099, -1483.7560801568438, -1499.7915635729632, -1516.8472916629639, -1519.8252657976809, -1535.5489839805932, -1554.0893909642459, -1571.1451190542466, -1588.8843861222822, -1600.3210805347521, -1602.5479860735695, -1615.5713173349172, -1616.7385016049197, -1621.6827735149188, -1622.3953558544119, -1625.8616945725544, -1627.0288788425569, -1631.973150752556]
 -- BestCostElement: [-1631.97315075 -1631.97315075 -1631.97315075 -1631.97315075]
 -- BestRoute: [array([ 0,  8,  6,  5,  4,  7,  9, 10, 11, 12,  0]), array([ 1, 21, 18, 14, 15, 13, 16, 17, 19, 20, 22,  1]), array([ 2, 32, 31, 30, 27, 24, 23, 25, 26, 28, 29,  2]), array([ 3, 33, 34, 37, 42, 40, 41, 39, 38, 36, 35,  3])]
 -- Custo: 
 ---------23.3005630797
 ---------24.5563958951
 ---------21.9508446196
 ---------19.6989087174
 ---- Total: 89.5067123119
 -- Premio: 
 ---------49.0
 ---------48.0
 ---------54.0
 ---------48.0
 ---- Total: 199.0
 - Execucao 5
 -- BestCostGenaration: [-267.16847627847699, -425.4294108907626, -664.3184652518521, -706.65893383987157, -796.94143291823082, -935.45859709442823, -972.24624569504874, -1037.8142468603751, -1091.3549060889129, -1133.4857422304758, -1255.8568766104054, -1280.308637367689, -1326.6800808175169, -1332.6800808175169, -1344.6800808175169, -1378.3932456968953, -1381.718503478859, -1385.6178572177378, -1417.4317750911687, -1425.9718315365069, -1448.0532417188399, -1476.2595317386331, -1485.8076823311048, -1507.8076823311048, -1515.1585716904312, -1518.9893991748777, -1519.4116042767337, -1529.523060456735, -1539.7001836352574, -1544.8700556880094, -1564.0499746526689, -1570.8288816488534, -1573.4611238887992, -1583.2442763086833, -1587.6664814105393, -1587.8501864998634, -1589.5394375780088, -1593.9616426798648, -1598.7005158578363, -1600.6370441590166, -1602.9538990710462, -1605.2861547996899]
 -- BestCostElement: [-1605.2861548 -1605.2861548 -1605.2861548 -1605.2861548]
 -- BestRoute: [array([ 0,  7,  4,  5,  6,  8, 11, 10, 12,  9,  0]), array([ 1, 15, 13, 14, 18, 21, 22, 20, 16, 17, 19,  1]), array([ 2, 29, 28, 26, 25, 23, 24, 27, 30, 31, 32,  2]), array([ 3, 37, 34, 33, 35, 36, 38, 41, 40, 39,  3])]
 -- Custo: 
 ---------22.1289902045
 ---------26.4088152604
 ---------21.9508446196
 ---------20.6898112155
 ---- Total: 91.1784613001
 -- Premio: 
 ---------49.0
 ---------48.0
 ---------54.0
 ---------46.0
 ---- Total: 197.0
 - Execucao 6
 -- BestCostGenaration: [-269.45426026450508, -471.16730894861814, -699.8630561423995, -751.8164392096993, -835.73309670784874, -890.53923064914898, -983.36833830459636, -1003.9480877026105, -1077.6369090005528, -1170.0009262285753, -1179.1193803552574, -1225.3609049874326, -1248.161510724691, -1274.7322914210217, -1364.0978973806928, -1394.5572381521547, -1409.2399476624846, -1416.852444612216, -1419.5120946478457, -1428.6666884646891, -1430.3857120040095, -1459.0720035050249, -1505.75829500604, -1508.4179450416696, -1509.8561056541243, -1513.0232899241269, -1524.1463191007683, -1527.3016420173276, -1543.9339078758101, -1548.6604820396228, -1555.7951056899785, -1568.2722047658049, -1571.1784471221138, -1585.6372512131661, -1587.7190630874952, -1603.115184405023, -1614.1567554069889, -1617.8353032991854, -1626.8275596903666, -1630.1412681893512]
 -- BestCostElement: [-1630.14126819 -1630.14126819 -1630.14126819 -1630.14126819]
 -- BestRoute: [array([ 0,  6,  5,  4,  7,  9, 12, 10, 11,  8,  0]), array([ 1, 15, 13, 16, 17, 19, 20, 22, 21, 18, 14,  1]), array([ 2, 26, 25, 23, 24, 27, 30, 31, 32, 28, 29,  2]), array([ 3, 33, 34, 37, 42, 40, 41, 39, 35, 36, 38,  3])]
 -- Custo: 
 ---------20.5366310572
 ---------24.4826055778
 ---------23.7186735553
 ---------21.2267727624
 ---- Total: 89.9646829527
 -- Premio: 
 ---------49.0
 ---------48.0
 ---------54.0
 ---------48.0
 ---- Total: 199.0
 - Execucao 7
 -- BestCostGenaration: [-309.60238276141922, -485.84936716695296, -689.48474392057165, -764.49904639527119, -885.38817413928359, -917.98170026271407, -969.8383862424555, -1070.1363617022471, -1149.9269050511739, -1190.7047569686001, -1216.4818446085969, -1243.6913020685847, -1270.6393439315816, -1282.6895703333128, -1317.868173452146, -1325.2670472926545, -1382.2113192026538, -1387.0138469435062, -1444.3647814935682, -1456.8029763572642, -1465.7952327484452, -1482.5176632888715, -1488.7940088207861, -1499.1354189218225, -1514.3978180338413, -1518.8876391545859, -1526.8465008100898, -1528.2112613707745, -1550.1973901694162, -1562.6375466987456, -1583.1299692012162, -1585.1072984822854, -1586.7351093703192, -1597.6341493221169, -1600.2937993577468, -1602.3204408231322, -1609.8419499502181, -1618.995842302284, -1620.2352754816088, -1620.5892248529567, -1623.6293652904287, -1625.2227478411014, -1625.5179091104271, -1627.9401142122829]
 -- BestCostElement: [-1627.94011421 -1627.94011421 -1627.94011421 -1627.94011421]
 -- BestRoute: [array([ 0,  6,  5,  4,  7,  9, 12, 11, 10,  8,  0]), array([ 1, 15, 13, 14, 18, 21, 22, 20, 19, 17, 16,  1]), array([ 2, 25, 26, 28, 29, 32, 31, 30, 24, 27,  2]), array([ 3, 33, 34, 37, 42, 40, 41, 39, 38, 36, 35,  3])]
 -- Custo: 
 ---------21.365058182
 ---------23.8770543023
 ---------23.0739502452
 ---------19.6989087174
 ---- Total: 88.0149714469
 -- Premio: 
 ---------49.0
 ---------48.0
 ---------53.0
 ---------48.0
 ---- Total: 198.0
 - Execucao 8
 -- BestCostGenaration: [-282.06131908949214, -437.75124687558184, -631.59933035407596, -790.07964116332482, -867.10591964461241, -902.35307066881796, -973.20998193759283, -1027.4900963038403, -1069.9738730100407, -1171.0177499775448, -1186.0638326141991, -1277.1020240313035, -1330.5496280151324, -1345.8611761742056, -1367.4128440248649, -1409.1219649856298, -1432.4472680469221, -1458.1324910674416, -1471.7588065621576, -1489.4739178080592, -1505.7819955095863, -1522.4083574287977, -1527.9392229245179, -1535.8453572774392, -1548.8896008246925, -1561.7748344406527, -1568.9348327828934, -1577.8866412475618, -1581.4388497590787, -1587.2963187089108, -1598.3088463494178, -1607.1552182232363, -1615.9840407744196, -1620.6331514150932]
 -- BestCostElement: [-1620.63315142 -1620.63315142 -1620.63315142 -1620.63315142]
 -- BestRoute: [array([ 0,  8,  6,  5,  4,  7,  9, 12, 10, 11,  0]), array([ 1, 18, 14, 15, 13, 16, 17, 20, 19, 22,  1]), array([ 2, 29, 28, 26, 25, 23, 24, 27, 30, 31, 32,  2]), array([ 3, 42, 40, 41, 39, 38, 36, 35, 33, 34, 37,  3])]
 -- Custo: 
 ---------21.365058182
 ---------23.2912678647
 ---------21.9508446196
 ---------20.73454148
 ---- Total: 87.3417121462
 -- Premio: 
 ---------49.0
 ---------46.0
 ---------54.0
 ---------48.0
 ---- Total: 197.0
 - Execucao 9
 -- BestCostGenaration: [-343.57699139553125, -553.84900679987254, -738.86932191893027, -758.1443966004224, -852.28987215326083, -939.31785016356548, -1030.6792148238947, -1100.8493168144623, -1192.2949688577528, -1227.3506969477535, -1301.8130857502383, -1336.7711639960753, -1337.5426208386141, -1372.4277938933531, -1437.483521983354, -1454.1698134843691, -1455.6595655907481, -1467.1775570931879, -1488.9204667131298, -1516.9542941062771, -1535.4128892156004, -1554.2308669356557, -1559.5133367734811, -1571.8198160815477, -1575.4658667101999, -1588.0151156445859, -1594.9506103440829, -1606.3845522335719, -1610.7756824652613, -1611.9623471317159, -1621.0336628742452, -1624.0893909642459, -1627.1451190542468]
 -- BestCostElement: [-1627.14511905 -1627.14511905 -1627.14511905 -1627.14511905]
 -- BestRoute: [array([ 0,  7,  4,  5,  6,  8, 11, 12, 10,  9,  0]), array([ 1, 16, 13, 15, 14, 18, 21, 22, 20, 19, 17,  1]), array([ 2, 29, 28, 26, 25, 23, 24, 27, 30, 31, 32,  2]), array([ 3, 33, 34, 37, 42, 40, 41, 39, 38, 36, 35,  3])]
 -- Custo: 
 ---------24.1289902045
 ---------24.9349766949
 ---------21.9508446196
 ---------19.6989087174
 ---- Total: 90.7137202364
 -- Premio: 
 ---------49.0
 ---------48.0
 ---------54.0
 ---------48.0
 ---- Total: 199.0
 - Execucao 10
 -- BestCostGenaration: [-339.18267999052733, -511.22221612292685, -598.07864837003103, -773.62814343468267, -827.100401639236, -899.8830123973728, -962.29727010023896, -1001.0561239651697, -1055.8068544586106, -1216.5138723087239, -1223.6225167272742, -1237.6460550427714, -1337.6444371409279, -1341.7598864997437, -1359.4304085959568, -1373.3671647743504, -1388.0689434930034, -1436.1010267368415, -1445.7950618466755, -1471.8949235529626, -1513.7384063120567, -1524.3658233100264, -1534.8845366509752, -1538.2869437249851, -1542.4089750023363, -1558.0344874350312, -1575.4395306809861, -1597.4395306809861, -1597.682069063068, -1598.8580952838042, -1611.4956114507631, -1615.9178165526191, -1617.2903995546499, -1620.6041080536343, -1623.6598361436354]
 -- BestCostElement: [-1623.65983614 -1623.65983614 -1623.65983614 -1623.65983614]
 -- BestRoute: [array([ 0,  8,  6,  5,  4,  7,  9, 12, 10, 11,  0]), array([ 1, 15, 13, 14, 18, 21, 22, 20, 19, 17, 16,  1]), array([ 2, 32, 29, 28, 26, 25, 23, 24, 30, 27, 31,  2]), array([ 3, 42, 37, 34, 33, 35, 36, 38, 39, 41, 40,  3])]
 -- Custo: 
 ---------21.365058182
 ---------23.8770543023
 ---------24.8444549774
 ---------21.4984735025
 ---- Total: 91.5850409641
 -- Premio: 
 ---------49.0
 ---------48.0
 ---------54.0
 ---------48.0
 ---- Total: 199.0
 - Execucao 11
 -- BestCostGenaration: [-324.97197110798766, -458.29232625800529, -657.18990569529694, -818.22956166488098, -860.97410356194791, -929.61497952632772, -978.35989505525447, -1014.4790760519151, -1109.0364198017767, -1118.5800548922771, -1155.5028385888127, -1190.3482287966553, -1242.2794071703158, -1251.3541856617485, -1299.3397308531466, -1302.3091328378109, -1344.1449081449389, -1362.8311996459543, -1415.782426239477, -1423.9671478511161, -1442.3307286419429, -1481.9362068219305, -1496.4490658374423, -1522.4476351843555, -1529.9660163027249, -1546.3989245905304, -1563.9390591335248, -1579.724513449906, -1583.5179091104269, -1599.2449807605342, -1606.7708984335729, -1608.6966231139129, -1609.292965241716]
 -- BestCostElement: [-1609.29296524 -1609.29296524 -1609.29296524 -1609.29296524]
 -- BestRoute: [array([ 0,  6,  5,  4,  7,  9, 12, 10, 11,  8,  0]), array([ 1, 22, 18, 14, 15, 13, 16, 17, 19, 20,  1]), array([ 2, 26, 25, 23, 24, 27, 30, 31, 32, 28, 29,  2]), array([ 3, 39, 41, 40, 42, 37, 34, 33, 36, 35, 38,  3])]
 -- Custo: 
 ---------20.5366310572
 ---------23.1421823327
 ---------23.7186735553
 ---------22.7792717444
 ---- Total: 90.1767586896
 -- Premio: 
 ---------49.0
 ---------46.0
 ---------54.0
 ---------48.0
 ---- Total: 197.0
 - Execucao 12
 -- BestCostGenaration: [-223.79801462326407, -437.27269192589745, -649.37158261331672, -799.29835153226963, -831.4752042196485, -913.94184895410945, -950.74783781883241, -989.89606445687912, -1087.9414997632273, -1145.3696435753714, -1210.7828382949078, -1252.2904157924372, -1297.703985997709, -1340.5248578859237, -1364.8680036364312, -1382.9579723605771, -1395.8185549714372, -1409.7463729503393, -1442.0034208612701, -1442.3451911661498, -1462.4820635217163, -1484.8515001107021, -1487.5339972722786, -1511.1784923128494, -1520.6247235726589, -1546.6223477942528, -1564.0802752992859, -1568.5024804011418, -1578.0886413216595, -1579.9577499359416, -1581.3496912387409, -1591.2714584349264, -1600.5585254685257, -1605.3976109796915, -1609.8198160815475, -1618.2744180120569, -1621.2302843957705, -1624.0103316128975, -1627.9468599140778, -1632.2488316254298, -1634.3162965030638]
 -- BestCostElement: [-1634.3162965 -1634.3162965 -1634.3162965 -1634.3162965]
 -- BestRoute: [array([ 0,  6,  5,  4,  7,  9, 12, 10, 11,  8,  0]), array([ 1, 16, 13, 15, 14, 18, 21, 22, 20, 19, 17,  1]), array([ 2, 29, 28, 26, 25, 23, 24, 27, 30, 31, 32,  2]), array([ 3, 39, 41, 40, 42, 37, 34, 33, 35, 36, 38,  3])]
 -- Custo: 
 ---------20.5366310572
 ---------24.9349766949
 ---------21.9508446196
 ---------21.4984735025
 ---- Total: 88.9209258742
 -- Premio: 
 ---------49.0
 ---------48.0
 ---------54.0
 ---------48.0
 ---- Total: 199.0
 - Execucao 13
 -- BestCostGenaration: [-254.55080782258949, -440.77790491434098, -644.77424562343685, -783.55551298505475, -853.3657865338414, -939.692533317276, -1054.92734065902, -1126.8198224136777, -1154.6672291255468, -1210.7071460350398, -1237.9425408448146, -1264.4411297431866, -1289.560429966898, -1304.5035411130841, -1367.1468633807422, -1431.5642844509098, -1450.1235321193949, -1469.6642877137826, -1505.5372438812524, -1509.7823258045864, -1526.8380538945871, -1540.6409564524351, -1540.7713537521599, -1545.6095742487237, -1568.3992485983351, -1585.1267788787375, -1593.6817184361603, -1596.3573701073287, -1604.7747911774961, -1614.2203275406996, -1614.7376103171543, -1618.7903788300248]
 -- BestCostElement: [-1618.79037883 -1618.79037883 -1618.79037883 -1618.79037883]
 -- BestRoute: [array([ 0,  8,  6,  5,  4,  7,  9, 10, 11, 12,  0]), array([ 1, 15, 14, 13, 16, 17, 19, 20, 22, 21, 18,  1]), array([ 2, 24, 23, 25, 26, 28, 29, 32, 31, 30, 27,  2]), array([ 3, 37, 34, 33, 35, 36, 38, 39, 42, 40, 41,  3])]
 -- Custo: 
 ---------23.3005630797
 ---------23.6989087174
 ---------22.1487550423
 ---------23.654178453
 ---- Total: 92.8024052925
 -- Premio: 
 ---------49.0
 ---------48.0
 ---------54.0
 ---------48.0
 ---- Total: 199.0
 - Execucao 14
 -- BestCostGenaration: [-255.36008050264266, -449.60415680166705, -682.39214031114579, -765.19591676767277, -847.06344848897322, -890.84615018318209, -937.92253506166423, -1009.378469550791, -1067.8257146929382, -1106.6348505508529, -1223.7002956666756, -1258.4465370419603, -1292.339789627825, -1306.2856414045868, -1341.618201546605, -1362.8822948433121, -1376.6848196584697, -1388.2375745163224, -1421.3891545713739, -1478.3121396218494, -1497.3299823110647, -1517.3299823110647, -1517.9635052992094, -1518.8019733037395, -1523.1639597390792, -1549.5166283622279, -1555.7510704557146, -1569.9840407744198, -1576.2008471442477, -1579.952084260326, -1581.9360562932377, -1593.2605684130626, -1602.3018504556062, -1614.3162965030635, -1614.3797682018833, -1618.0583160940796, -1621.4092054534062, -1626.0583160940796]
 -- BestCostElement: [-1626.05831609 -1626.05831609 -1626.05831609 -1626.05831609]
 -- BestRoute: [array([ 0,  6,  5,  4,  7,  9, 12, 11, 10,  8,  0]), array([ 1, 15, 13, 14, 18, 21, 22, 16, 17, 19, 20,  1]), array([ 2, 29, 28, 26, 25, 23, 24, 27, 30, 31, 32,  2]), array([ 3, 37, 34, 33, 35, 36, 38, 39, 41, 40, 42,  3])]
 -- Custo: 
 ---------21.365058182
 ---------26.9349766949
 ---------21.9508446196
 ---------20.73454148
 ---- Total: 90.9854209765
 -- Premio: 
 ---------49.0
 ---------48.0
 ---------54.0
 ---------48.0
 ---- Total: 199.0
