 - Execucao 0
 -- BestCostGenaration: [-134.11145618000168, -192.74497916814656, -283.24959708854544, -326.6106503570926, -391.95688174069187, -446.89587722906492, -470.63215264655321, -557.51153892450259, -559.74340070029564, -591.57606505938372, -618.07113013081766, -641.70525675165766, -700.18412517262755, -716.9422829365393, -719.5939204572353, -736.14947284059542, -760.78299582874035, -767.64276345651444, -781.85089107700355, -791.09013729512446, -794.51973295242317, -800.14871923052897, -801.9763878687146, -805.11509800399949, -810.97262672151896, -812.48157501585467, -819.61230453815858, -820.18314668035782, -822.07169050035623, -822.0945897505112, -822.63085176781772, -822.88623144135272]
 -- BestCostElement: [-822.88623144 -822.86333219 -822.86333219 -822.63085177]
 -- BestRoute: [array([ 0,  4,  6,  9,  8, 11, 13, 14, 16, 17,  1, 20, 19, 18, 15, 12, 10,
        7,  5,  2,  3,  0])]
 -- Custo: 
 ---------49.2784421397
 ---- Total: 49.2784421397
 -- Premio: 
 ---------102.0
 ---- Total: 102.0
 - Execucao 1
 -- BestCostGenaration: [-134.11145618000168, -199.3610532685471, -256.3445175579613, -347.74201959101606, -400.92585791870152, -439.3309743778255, -493.8335458982524, -539.94361105288999, -558.70033590982996, -594.8258007925416, -641.00761681727545, -694.24451738424796, -711.62978980160653, -717.03501909540137, -741.67798948323036, -753.54042162622954, -765.83319048782425, -776.63425508397893, -790.0446088090041, -790.37011883585296, -793.61369633524657, -803.16989802557748, -806.45193071018207, -808.25145765502123, -813.68676669373292, -814.44591112103024, -817.35831730798884, -817.61369698152396, -818.14995899883047, -818.40533867236559]
 -- BestCostElement: [-818.40533867 -818.149959   -818.05009729 -817.79211688]
 -- BestRoute: [array([ 0,  7,  5,  2,  3,  4,  6,  9, 10, 11, 13, 14, 16, 17,  1, 20, 19,
       18, 15, 12,  8,  0])]
 -- Custo: 
 ---------50.3986653319
 ---- Total: 50.3986653319
 -- Premio: 
 ---------102.0
 ---- Total: 102.0
 - Execucao 2
 -- BestCostGenaration: [-134.11145618000168, -221.85347577101777, -292.37620826360586, -341.61903367753104, -424.43793943669743, -482.01035465368216, -587.43010253397017, -607.63973246437899, -629.46739645074535, -654.13586673961981, -664.87797002603054, -685.14259708604732, -721.80160337208395, -732.1042748798119, -761.20019860529214, -772.90765072355293, -776.07506772735996, -786.03405747919714, -797.63497658453912, -802.40860509225922, -805.91943466791531, -808.97516275791622]
 -- BestCostElement: [-808.97516276 -807.34459935 -805.91943467 -805.45605553]
 -- BestRoute: [array([ 0,  6,  4,  3,  2,  5,  7,  8,  9, 10, 12, 11, 13,  1, 15, 18, 19,
       20, 17, 16, 14,  0])]
 -- Custo: 
 ---------52.7562093105
 ---- Total: 52.7562093105
 -- Premio: 
 ---------102.0
 ---- Total: 102.0
 - Execucao 3
 -- BestCostGenaration: [-134.11145618000168, -218.12952264128469, -299.32099590615712, -324.62149259896648, -352.30314107033246, -423.50046668221796, -501.84970097441243, -533.74435078458612, -561.59824877254653, -649.55300091921674, -672.72018518921925, -674.87280448099114, -680.18652390736156, -706.02874101444627, -716.07248144182358, -730.91674197051361, -753.38331216080508, -765.44392287547919, -779.09788971694081, -793.87718179019203, -804.29938689204801, -808.70999752018952, -814.44591112103024, -815.70225391137058, -819.01596241035543, -819.80760410119694]
 -- BestCostElement: [-819.8076041  -819.01596241 -816.4938956  -815.70225391]
 -- BestRoute: [array([ 0,  5,  2,  3,  4,  6,  9,  8, 10, 12, 15, 18, 19, 20,  1, 17, 16,
       14, 13, 11,  7,  0])]
 -- Custo: 
 ---------50.0480989747
 ---- Total: 50.0480989747
 -- Premio: 
 ---------102.0
 ---- Total: 102.0
 - Execucao 4
 -- BestCostGenaration: [-134.11145618000168, -219.24959708854544, -244.26475208360415, -339.13643971096968, -377.94822350556979, -424.31625879398729, -454.89312052533853, -506.65611183708353, -588.08935325516973, -620.25353275730606, -637.71477962429867, -710.23794510477751, -716.23789991404169, -728.38727057934989, -738.90038788311028, -745.0971003958623, -762.28528593570024, -776.54203061208682, -782.60560209952007, -787.65760123659084, -789.94116803220209, -794.96449929354958, -798.93820845507162, -803.65484871361002, -807.09163017338074, -814.00952419760097, -815.12131260018168, -818.05009729254311, -818.14995899883047]
 -- BestCostElement: [-818.149959   -818.05009729 -817.2584556  -815.13141177]
 -- BestRoute: [array([ 0,  5,  2,  3,  4,  6,  9,  8, 10, 11, 13, 14, 16, 17,  1, 20, 19,
       18, 15, 12,  7,  0])]
 -- Custo: 
 ---------50.4625102503
 ---- Total: 50.4625102503
 -- Premio: 
 ---------102.0
 ---- Total: 102.0
 - Execucao 5
 -- BestCostGenaration: [-134.11145618000168, -222.46669755982404, -284.46669755982407, -350.44774730839492, -399.47337958966011, -436.9919836876021, -479.34234257831554, -500.12251881375408, -534.83720442595848, -589.45179198606809, -615.34800915727044, -647.34800915727044, -671.45897452538134, -678.48118802730312, -709.25198067696431, -711.71305753221088, -729.44265610197851, -749.31579021938273, -750.78663429531525, -763.07726254077386, -775.42015728346018, -789.31917477754052, -794.88238077597703, -803.41604205783472, -811.81770327018648, -812.26160201474647, -812.79526329660405, -816.10897179558879, -818.14995899883047, -818.40533867236559]
 -- BestCostElement: [-818.40533867 -818.149959   -817.79211688 -816.1089718 ]
 -- BestRoute: [array([ 0,  7,  5,  2,  3,  4,  6,  9, 10, 11, 13, 14, 16, 17,  1, 20, 19,
       18, 15, 12,  8,  0])]
 -- Custo: 
 ---------50.3986653319
 ---- Total: 50.3986653319
 -- Premio: 
 ---------102.0
 ---- Total: 102.0
 - Execucao 6
 -- BestCostGenaration: [-134.11145618000168, -230.22291236000336, -301.77166389668866, -354.64530270061528, -405.03908750508504, -425.07598725774074, -467.71173566231698, -531.69621289129225, -561.74786601353844, -596.81559867359942, -626.97909628801142, -663.86983278632522, -677.79112743256394, -688.2260016013139, -712.84685552256474, -726.69807671919114, -728.21982244162768, -753.44568636350732, -775.30272085589513, -775.46845152950357, -779.5429854554742, -795.74155208468369, -802.33862032512991, -806.2556682298582, -810.37090968872712, -812.46071633497866, -812.75144419952346, -813.83824715969058, -814.86333219119774, -821.54308589036509, -822.86333219119774]
 -- BestCostElement: [-822.86333219 -821.54308589 -821.54308589 -821.54308589]
 -- BestRoute: [array([ 0,  4,  3,  2,  5,  7, 11, 13, 14, 16, 17,  1, 20, 19, 18, 15, 12,
       10,  9,  8,  6,  0])]
 -- Custo: 
 ---------49.2841669522
 ---- Total: 49.2841669522
 -- Premio: 
 ---------102.0
 ---- Total: 102.0
 - Execucao 7
 -- BestCostGenaration: [-134.11145618000168, -222.11145618000168, -280.24097882128638, -307.24959708854544, -359.41096946982321, -414.48303736453806, -459.30630969798017, -534.68828951616626, -557.74923121929999, -600.10390134618774, -662.74975833906444, -685.06899183703592, -688.91943760665106, -711.0952644812179, -737.78155598223316, -743.05026557928704, -744.60757834657852, -753.08212201721449, -762.78176056326151, -768.10197451764839, -781.27738545266334, -781.32192730052134, -787.73924793579795, -789.21761892715278, -791.30993915553472, -797.14300624288569, -797.49824762270805, -798.65732944221008, -799.14211495512063, -803.76022121050619, -807.09423090882956, -807.903573063561, -809.68675576634723, -812.58986456457615, -814.93218951219706]
 -- BestCostElement: [-814.93218951 -814.73638879 -814.31896772 -813.16134731]
 -- BestRoute: [array([ 0,  5,  2,  3,  4,  6,  9,  8, 12, 13, 14, 16, 17, 20, 19, 18, 15,
        1, 11, 10,  7,  0])]
 -- Custo: 
 ---------51.266952622
 ---- Total: 51.266952622
 -- Premio: 
 ---------102.0
 ---- Total: 102.0
 - Execucao 8
 -- BestCostGenaration: [-134.11145618000168, -208.84628316676591, -283.24959708854544, -357.85347577101777, -365.43110687816863, -402.34100338893296, -466.51528541556229, -490.30063220611237, -542.81508383179494, -599.06556411856536, -619.99348438425511, -650.44042571315708, -698.80986230214273, -708.39659651024533, -715.43142189900948, -725.49357875011879, -741.06198531002394, -754.4979947315453, -774.94754288885417, -780.33381522940897, -798.03450964001456, -804.9741843542397, -809.79211688355917, -813.60770734238463, -818.21422155052426, -822.86333219119774, -825.2584556017016, -826.05009729254311]
 -- BestCostElement: [-826.05009729 -825.2584556  -823.34961058 -822.86333219]
 -- BestRoute: [array([ 0,  6,  4,  3,  2,  5,  7, 10, 11, 13, 14, 16, 17,  1, 20, 19, 18,
       15, 12,  9,  8,  0])]
 -- Custo: 
 ---------48.4874756769
 ---- Total: 48.4874756769
 -- Premio: 
 ---------102.0
 ---- Total: 102.0
 - Execucao 9
 -- BestCostGenaration: [-134.11145618000168, -205.85347577101777, -287.22439166010258, -389.4665886971294, -404.6337729671319, -417.85947023632855, -489.28127971110837, -521.96062866612897, -535.27963246844433, -605.02715081875704, -611.25553928772763, -655.31121085227153, -669.31121085227153, -701.61565800535311, -719.1687676558663, -721.44727643126691, -722.5216510251762, -750.47652684687546, -753.21268381352274, -771.49058548676726, -782.04539975047135, -793.54697863428828, -794.88238077597703, -803.12088078850911, -807.72679097968899, -816.10897179558879, -816.36695220457284, -818.48735780036418]
 -- BestCostElement: [-818.4873578  -816.3669522  -816.1089718  -815.57531051]
 -- BestRoute: [array([ 0,  5,  2,  3,  4,  6,  9,  8, 10, 12, 11, 13,  1, 15, 18, 19, 20,
       17, 16, 14,  7,  0])]
 -- Custo: 
 ---------50.3781605499
 ---- Total: 50.3781605499
 -- Premio: 
 ---------102.0
 ---- Total: 102.0
 - Execucao 10
 -- BestCostGenaration: [-134.11145618000168, -214.58749684615969, -286.00677167462027, -323.38668950414109, -393.48218185536359, -419.40997738599981, -475.98077433746346, -498.05421179236191, -537.70552516820976, -585.72991988599824, -655.91113000594987, -656.97972595627255, -711.42756966421916, -724.44134884523737, -754.60991085685941, -760.36700532306656, -762.02844486012691, -763.94369062559645, -780.31280297617536, -781.97039822957527, -788.81391714552205, -794.54983074636277, -798.82145370019123, -802.9678141381803, -806.16528242547497, -810.307813475643, -814.95692411631649, -817.35831730798884, -817.61369698152396, -817.91906028119865, -818.40533867236547]
 -- BestCostElement: [-818.40533867 -817.91906028 -817.61369698 -817.61369698]
 -- BestRoute: [array([ 0,  5,  2,  3,  4,  6,  9,  8, 11, 13, 14, 16, 17,  1, 20, 19, 18,
       15, 12, 10,  7,  0])]
 -- Custo: 
 ---------50.3986653319
 ---- Total: 50.3986653319
 -- Premio: 
 ---------102.0
 ---- Total: 102.0
 - Execucao 11
 -- BestCostGenaration: [-134.11145618000168, -220.12952264128469, -276.11145618000171, -320.73294877896819, -370.6116813805379, -424.47404019924602, -542.24459596612405, -546.23289133157709, -579.26201523557415, -619.8938447104025, -637.19597988232658, -660.35270330407741, -690.10651318349164, -704.29338926452158, -734.34132374817034, -747.43608057515962, -771.04639648712021, -773.07847946530774, -782.09910138768942, -788.78943125825458, -794.95346911521222, -797.03588193375515, -798.21459593724103, -802.85217684443114, -805.91943466791531, -806.92717827673425, -812.03089084791702]
 -- BestCostElement: [-812.03089085 -811.22743058 -810.6937693  -809.15515647]
 -- BestRoute: [array([ 0,  7,  5,  2,  3,  4,  6,  9,  8, 10, 12, 11, 13,  1, 15, 18, 19,
       20, 17, 16, 14,  0])]
 -- Custo: 
 ---------51.992277288
 ---- Total: 51.992277288
 -- Premio: 
 ---------102.0
 ---- Total: 102.0
 - Execucao 12
 -- BestCostGenaration: [-134.11145618000168, -220.72467796880795, -293.77166389668866, -335.76603041074964, -406.47617537579742, -432.86367842606603, -495.06833575959342, -526.31546794111318, -549.29994018106595, -580.07781393035532, -629.4454791984308, -664.90952937936822, -689.08824679598297, -713.44532732230573, -715.61246370019398, -748.79845478671234, -750.52070249755616, -765.83816464205574, -768.05989568359189, -783.58601369968051, -786.89972219866536, -795.39620262018127, -799.75428142033354, -803.21728156254562, -810.05009729254311, -812.05620328271857, -813.34840497491371, -816.36695220457284, -819.01596241035543]
 -- BestCostElement: [-819.01596241 -816.3669522  -816.1089718  -815.57531051]
 -- BestRoute: [array([ 0,  5,  2,  3,  4,  6,  9,  8, 10, 12,  1, 15, 18, 19, 20, 17, 16,
       14, 13, 11,  7,  0])]
 -- Custo: 
 ---------50.2460093974
 ---- Total: 50.2460093974
 -- Premio: 
 ---------102.0
 ---- Total: 102.0
 - Execucao 13
 -- BestCostGenaration: [-134.11145618000168, -221.24674477695118, -266.33436854000502, -313.24959708854544, -339.19682857567511, -419.81271732886637, -474.94537992194728, -511.66693444174012, -545.69373894885268, -558.31348786196145, -617.41438711956459, -639.05361607263569, -665.79030574214539, -686.13594919689183, -705.93342906397584, -718.45369799300556, -719.30418602569557, -761.31767994924257, -774.25446049530831, -792.7088581867788, -798.3101905128882, -800.29859603917384, -806.7919107169414, -811.86299996861885, -813.29667827850119, -816.16155347254482, -817.61369698152396, -817.79211688355929, -818.40533867236559]
 -- BestCostElement: [-818.40533867 -817.79211688 -817.61369698 -817.00047519]
 -- BestRoute: [array([ 0,  7,  5,  2,  3,  4,  6,  9, 10, 11, 13, 14, 16, 17,  1, 20, 19,
       18, 15, 12,  8,  0])]
 -- Custo: 
 ---------50.3986653319
 ---- Total: 50.3986653319
 -- Premio: 
 ---------102.0
 ---- Total: 102.0
 - Execucao 14
 -- BestCostGenaration: [-134.11145618000168, -239.24959708854544, -273.74201959101606, -339.43127066916179, -365.85347577101777, -445.19285525469036, -459.30431143469207, -499.26421495089141, -590.8782359769167, -594.09065286721557, -627.50304106153862, -641.5159046617149, -688.99383785357168, -691.11988292321985, -727.29205739152849, -733.81975432838954, -762.99698316950378, -771.91247215139242, -773.36680863181493, -783.88117496900622, -795.2866495089097, -797.98763737468857, -809.50163921103103, -810.44251953270725, -822.86333219119774, -824.77477526135112]
 -- BestCostElement: [-824.77477526 -823.7277539  -822.86333219 -821.75622803]
 -- BestRoute: [array([ 0,  4,  3,  2,  5,  7, 10, 12, 15, 18, 19, 20,  1, 17, 16, 14, 13,
       11,  8,  9,  6,  0])]
 -- Custo: 
 ---------48.8063061847
 ---- Total: 48.8063061847
 -- Premio: 
 ---------102.0
 ---- Total: 102.0
