 - Execucao 0
 -- BestCostGenaration: [-134.11145618000168, -229.24674477695118, -292.89760938730416, -351.9603032080745, -401.13857781647357, -438.23829201917977, -482.0711125969269, -535.5103167582097, -559.8831446306828, -605.3610400062466, -641.8021655919142, -662.2485635754549, -699.1952840691548, -706.0707857054556, -728.1415025905125, -756.1566143224147, -757.4338680737008, -774.4956569631413, -789.2003338304016, -792.6139040356736, -798.270758285166, -813.9770275803342, -818.308077701527, -818.6633190813495]
 -- BestCostElement: [-818.66331908 -818.3080777  -818.05009729 -817.87167739]
 -- BestRoute: [[ 0  7  5  2  3  4  6  9  8 12 15 18 19 20  1 17 16 14 13 11 10  0]]
 -- Custo: 
 ---------50.33417022966263
 ---- Total: 50.33417022966263
 -- Premio: 
 ---------102.0
 ---- Total: 102.0
 - Execucao 1
 -- BestCostGenaration: [-134.11145618000168, -207.44935593761593, -268.74497916814653, -334.9916166795615, -368.8542006100927, -425.4550019824788, -506.6522152015399, -544.689266768268, -583.6743467200299, -616.0544864949649, -657.1883192924467, -681.352707776312, -700.2958580931448, -725.7779370448816, -731.849774766075, -739.1561270407556, -762.4228873487233, -773.8541580178851, -777.8969131502276, -780.3191182520836, -789.3650526092667, -801.2488575883124, -806.2924900489984, -810.2661992105204, -811.830503351352, -818.1499589988305, -820.3932430430508, -823.031550062884, -823.3496105823647, -826.0500972925431]
 -- BestCostElement: [-826.05009729 -823.34961058 -823.03155006 -821.40098665]
 -- BestRoute: [[ 0  6  4  3  2  5  7 10 11 13 14 16 17  1 20 19 18 15 12  9  8  0]]
 -- Custo: 
 ---------48.48747567686421
 ---- Total: 48.48747567686421
 -- Premio: 
 ---------102.0
 ---- Total: 102.0
 - Execucao 2
 -- BestCostGenaration: [-134.11145618000168, -229.24674477695118, -258.0017091720608, -320.0017091720608, -398.85055978746453, -425.6099777802585, -462.5503403170095, -507.39742509047807, -536.2335934001383, -569.1221669169887, -610.2247213206776, -643.8356825811799, -695.64207413755, -709.3248841891705, -724.531741534437, -731.0448428683528, -750.2616654961383, -755.9276125346585, -779.8087959187111, -782.6058529378142, -794.2918503373788, -803.1833537345076, -807.9337566459623, -815.7548355883266]
 -- BestCostElement: [-815.75483559 -814.9631939  -813.23276878 -812.73628836]
 -- BestRoute: [[ 0  2  3  4  6  9  8 10 12 15 18 19 20  1 17 16 14 13 11  7  5  0]]
 -- Custo: 
 ---------51.06129110291835
 ---- Total: 51.06129110291835
 -- Premio: 
 ---------102.0
 ---- Total: 102.0
 - Execucao 3
 -- BestCostGenaration: [-134.11145618000168, -215.7420195910161, -285.77166389668866, -332.2640863991593, -407.76324240939664, -437.73312218309763, -498.0273288085559, -551.1004610740592, -575.7595744292793, -615.1841998315371, -641.990003919746, -669.4194569472694, -696.3933731629411, -709.7771352715474, -733.7606866451353, -741.9168887127973, -756.1418593530141, -773.1395688175496, -778.5154024090018, -783.459674319001, -788.1087849596745, -795.9298639020388, -798.6320170074086, -800.874135812038, -800.9113166723798, -802.683620280688, -804.0234558271577, -804.0655845101809, -806.9620545640744, -813.105825382544]
 -- BestCostElement: [-813.10582538 -811.47526197 -811.27280349 -810.27063262]
 -- BestRoute: [[ 0  6  4  3  2  5  7  8  9 10 12 15 18 19 20  1 17 16 14 13 11  0]]
 -- Custo: 
 ---------51.72354365436399
 ---- Total: 51.72354365436399
 -- Premio: 
 ---------102.0
 ---- Total: 102.0
 - Execucao 4
 -- BestCostGenaration: [-134.11145618000168, -220.72467796880795, -261.86281887735174, -307.74201959101606, -357.0258250308931, -438.61197200126696, -480.9567521215255, -516.5466460226709, -559.1109062463348, -598.2293603730169, -628.6545683151598, -667.2178739026901, -682.0994197760081, -693.6214433209947, -720.3077348220099, -737.848394050548, -740.4522727330202, -747.4043447772953, -760.1546543234662, -768.4289979971297, -790.8099643195986, -796.9214204996003, -800.9741890124707, -801.0213273966233, -806.4620797281384]
 -- BestCostElement: [-806.46207973 -806.46207973 -805.8657376  -805.8657376 ]
 -- BestRoute: [[ 0  8  9  6  4  3  2  5  7 10 12 15 18 19 20  1 17 16 14 11 13  0]]
 -- Custo: 
 ---------53.38448006796541
 ---- Total: 53.38448006796541
 -- Premio: 
 ---------102.0
 ---- Total: 102.0
 - Execucao 5
 -- BestCostGenaration: [-134.11145618000168, -218.1295226412847, -285.59549536203383, -338.898275071749, -383.3310195685612, -421.4028929921479, -488.4162287828224, -533.434583469153, -561.5194279235868, -572.8075569828821, -614.8188016121013, -636.6838071166023, -664.2736105967602, -703.1091788497386, -704.9689498375731, -724.358775938284, -742.8792572969267, -756.7687856222117, -782.3993490332261, -783.3851100399186, -788.7833181959821, -802.9180632617067, -808.2088335018761, -809.8583419928916, -810.7391422040711, -811.5225420008609, -818.7004999416911, -820.6884043123764, -823.9831335705096, -826.6633190813494]
 -- BestCostElement: [-826.66331908 -826.05009729 -823.98313357 -823.64477185]
 -- BestRoute: [[ 0  6  9  8 12 15 18 19 20  1 17 16 14 13 11 10  7  5  2  3  4  0]]
 -- Custo: 
 ---------48.33417022966265
 ---- Total: 48.33417022966265
 -- Premio: 
 ---------102.0
 ---- Total: 102.0
 - Execucao 6
 -- BestCostGenaration: [-134.11145618000168, -186.75717458607477, -278.6335229881449, -346.375542579161, -379.99431410461887, -434.9735100948829, -469.35907661369214, -513.4463929214411, -554.8543600994913, -596.4878332942072, -646.9306753421528, -672.4521159489381, -694.4672542254198, -704.6389892667007, -742.1645975231197, -743.7052567516577, -763.4060375632868, -789.379910515802, -792.0972768869835, -797.3637917576605, -804.7734692190093, -809.2272802966444, -810.50938281985, -814.9631938974851, -819.0159624103554, -819.807604101197]
 -- BestCostElement: [-819.8076041  -819.01596241 -816.78905687 -816.4938956 ]
 -- BestRoute: [[ 0  5  2  3  4  6  9  8 10 12 15 18 19 20  1 17 16 14 13 11  7  0]]
 -- Custo: 
 ---------50.04809897470076
 ---- Total: 50.04809897470076
 -- Premio: 
 ---------102.0
 ---- Total: 102.0
 - Execucao 7
 -- BestCostGenaration: [-134.11145618000168, -218.1295226412847, -334.14110048567426, -352.61373241417107, -375.9304047642526, -421.22952540107417, -465.5798625187695, -497.4038475374994, -561.8779830509386, -573.1989876385176, -616.8958254742942, -663.662056302164, -684.2329536885186, -697.7970507976629, -715.9196849852216, -732.409569990336, -760.2087171508401, -780.2195257604398, -788.7767362851803, -794.1606621847798, -796.0269730853454, -802.7834819869753, -807.6278921906872, -810.9787815500138, -813.9973287796729, -822.6308517678177]
 -- BestCostElement: [-822.63085177 -821.83921008 -819.61230454 -819.31714327]
 -- BestRoute: [[ 0  4  6  9  8 10 11 13 14 16 17  1 20 19 18 15 12  7  5  2  3  0]]
 -- Custo: 
 ---------49.34228705804557
 ---- Total: 49.34228705804557
 -- Premio: 
 ---------102.0
 ---- Total: 102.0
 - Execucao 8
 -- BestCostGenaration: [-134.11145618000168, -210.22291236000336, -285.77166389668866, -332.2640863991593, -365.4798061549108, -396.48449352477616, -465.4504220852653, -515.0041783998437, -544.8992589476417, -571.5031201132572, -612.9976482054998, -653.9860390005975, -693.2781955020571, -708.8198227926474, -718.4021799688434, -743.6986748408558, -766.5579688915232, -768.6273597446038, -769.1381217763064, -783.67000761141, -785.8716773905079, -794.6633190813494, -802.2287541242946, -810.3931426081599, -813.2225667498344, -820.2938824923638]
 -- BestCostElement: [-820.29388249 -819.8076041  -819.6806607  -819.5022408 ]
 -- BestRoute: [[ 0  5  2  3  4  6  9  8 12 15 18 19 20  1 17 16 14 13 11 10  7  0]]
 -- Custo: 
 ---------49.926529376909045
 ---- Total: 49.926529376909045
 -- Premio: 
 ---------102.0
 ---- Total: 102.0
 - Execucao 9
 -- BestCostGenaration: [-134.11145618000168, -239.24959708854544, -274.2640863991593, -346.4673135362043, -392.08853384088474, -423.977077660883, -463.15567598428197, -529.2164362350687, -580.7616666175924, -595.9288508875949, -620.8103967609129, -656.6397349288391, -686.9236626190008, -692.8707303151372, -715.6316681804752, -719.2890402148928, -728.2806916185228, -746.4208671002912, -758.0060321743871, -766.0436889553553, -780.7038534088857, -781.2375146907434, -790.1290180878722, -800.6166565586544, -809.613696981524, -810.5052003786527, -814.557968891523, -825.8716773905078, -826.6633190813494]
 -- BestCostElement: [-826.66331908 -826.05009729 -825.87167739 -825.2584556 ]
 -- BestRoute: [[ 0  6  9  8 12 15 18 19 20  1 17 16 14 13 11 10  7  5  2  3  4  0]]
 -- Custo: 
 ---------48.33417022966265
 ---- Total: 48.33417022966265
 -- Premio: 
 ---------102.0
 ---- Total: 102.0
 - Execucao 10
 -- BestCostGenaration: [-134.11145618000168, -222.46669755982404, -268.98876436796724, -325.9649319510194, -374.4991941770909, -409.33546290147194, -455.00895989173233, -500.0354006795878, -550.5590898606827, -593.8694814445296, -601.730991013133, -668.2456272549807, -671.9627588602789, -725.2028507602845, -740.3641884128306, -747.0132990535042, -764.7242437743538, -768.6775002566453, -785.9278374917012, -788.8085888645613, -796.8822733109209, -806.1608988696609, -813.5705763310095, -818.0500972925431]
 -- BestCostElement: [-818.05009729 -817.2584556  -816.91393905 -816.16155347]
 -- BestRoute: [[ 0  6  4  3  2  5  7  8 10 11 13 14 16 17  1 20 19 18 15 12  9  0]]
 -- Custo: 
 ---------50.487475676864214
 ---- Total: 50.487475676864214
 -- Premio: 
 ---------102.0
 ---- Total: 102.0
 - Execucao 11
 -- BestCostGenaration: [-134.11145618000168, -219.24959708854544, -278.6335229881449, -320.30532517854624, -381.73258777762953, -438.33629112839327, -490.3362911283933, -517.3815997268023, -541.7744031573691, -574.95350982893, -638.8558369777961, -660.7215081667421, -681.9004230873109, -721.9004230873109, -740.9330158608467, -750.5235399078847, -765.7379676551618, -786.6822395651609, -806.009524197601, -807.6400876086154, -808.4567147418704, -810.6958156986162, -811.8629999686189, -813.8189088776376, -817.8716773905078, -818.6633190813495]
 -- BestCostElement: [-818.66331908 -818.3080777  -818.05009729 -817.87167739]
 -- BestRoute: [[ 0  7  5  2  3  4  6  9  8 12 15 18 19 20  1 17 16 14 13 11 10  0]]
 -- Custo: 
 ---------50.33417022966263
 ---- Total: 50.33417022966263
 -- Premio: 
 ---------102.0
 ---- Total: 102.0
 - Execucao 12
 -- BestCostGenaration: [-134.11145618000168, -220.35524137982236, -300.1114561800017, -373.86362478897405, -420.3856915971172, -447.0076848517788, -467.626266290731, -507.52992184263155, -602.0836586049383, -616.7652771251685, -638.9469507057848, -680.0924762928727, -699.6963982385015, -736.0241368453917, -739.3576158432111, -751.6069894894505, -775.6831470571932, -788.1336910686572, -791.4473995676419, -792.0437416954451, -800.050138502831, -808.1222973635462, -813.8582109643869, -815.1314117691713, -818.1499589988305]
 -- BestCostElement: [-818.149959   -817.35831731 -815.13141177 -814.9943692 ]
 -- BestRoute: [[ 0  5  2  3  4  6  9  8 10 11 13 14 16 17  1 20 19 18 15 12  7  0]]
 -- Custo: 
 ---------50.46251025029239
 ---- Total: 50.46251025029239
 -- Premio: 
 ---------102.0
 ---- Total: 102.0
 - Execucao 13
 -- BestCostGenaration: [-134.11145618000168, -203.8628188773517, -268.22291236000336, -399.70103079061613, -423.5956806007898, -444.82520535954006, -493.5242379148274, -526.4347716382488, -592.8279286670991, -614.3119146672964, -654.4998116837271, -698.0650461209841, -735.1207742109848, -745.6428410191281, -759.7593306605925, -775.1022032183572, -786.4454717259433, -795.606951279729, -805.4954950997273, -808.1062192726081, -809.8265452209201, -810.4397670097264, -813.4583142393856, -814.5579688915232, -820.2938824923638]
 -- BestCostElement: [-820.29388249 -819.6806607  -819.53078389 -818.17704069]
 -- BestRoute: [[ 0  5  2  3  4  6  9  8 12 15 18 19 20  1 17 16 14 13 11 10  7  0]]
 -- Custo: 
 ---------49.926529376909045
 ---- Total: 49.926529376909045
 -- Premio: 
 ---------102.0
 ---- Total: 102.0
 - Execucao 14
 -- BestCostGenaration: [-134.11145618000168, -194.88016049955985, -263.3610532685471, -311.1673695087585, -359.5368060977441, -435.20424493292836, -465.49178086327186, -522.983860138863, -560.3727984704742, -588.8345833869, -617.4094834481446, -639.2716178338803, -663.5714219119719, -677.3074644342628, -707.0540885515118, -727.0953273308987, -739.5400350859659, -743.8586778236895, -766.1376083408937, -773.7111496268755, -786.7881655837728, -797.7796311220798, -805.0475683861346, -807.5696351942778, -808.519395587816, -813.3055487951185, -817.2584556017016, -817.3583173079888]
 -- BestCostElement: [-817.35831731 -817.2584556  -814.32967091 -814.20272751]
 -- BestRoute: [[ 0  5  2  3  4  6  9  8 10 11 13 14 16 17 20 19 18 15  1 12  7  0]]
 -- Custo: 
 ---------50.66042067300279
 ---- Total: 50.66042067300279
 -- Premio: 
 ---------102.0
 ---- Total: 102.0
