 - Execucao 0
 -- BestCostGenaration: [-134.11145618000168, -220.99465592009855, -286.5517989919964, -360.51319564743847, -420.0334076577178, -469.275163625609, -518.6790367284789, -560.6282493654016, -603.2338424065791, -633.7203714738621, -668.5867275613916, -770.1282882870456, -785.971312615713, -805.276071698908, -862.7366750809904, -902.8301187968954, -967.9799636057899, -980.3604342451074, -993.8884908919099, -1014.6706306873944, -1056.3301699903402, -1089.9659974866322, -1136.2661808511277, -1157.1020313565095, -1168.404750746172, -1238.9029302350245, -1242.3010402278578, -1286.925099650593, -1307.3111364931433, -1318.428656287696, -1321.3852732567839, -1343.3521111364114, -1362.054462667937, -1366.343740250657, -1380.4610801172644, -1388.6471838620798, -1391.0535700671694, -1403.3733872534608, -1405.0697421871623, -1410.5026047040851, -1415.1939067051685, -1420.653763059868, -1450.847102467337, -1455.417198947398, -1465.4343765790932, -1478.7219580305928, -1486.351281673306, -1490.232288051103, -1493.8771993463447, -1496.9329274363454, -1502.0561204039802, -1507.7129746534724, -1510.587029162857, -1513.7250702827873, -1515.7129746534724]
 -- BestCostElement: [-1515.71297465 -1513.72507028 -1513.29076955 -1511.02668315]
 -- BestRoute: [[ 0  6  5  4  7  9 10  8 13 15 14 18 21 22 20  1 16 17 19 11 12 24 23 25
  26 28 29  2 32 31 27 30 42 37 33 34  3 35 36 38 41 39 40  0]]
 -- Custo: 
 ---------118.57175633663186
 ---- Total: 118.57175633663186
 -- Premio: 
 ---------199.0
 ---- Total: 199.0
 - Execucao 1
 -- BestCostGenaration: [-134.11145618000168, -226.72467796880795, -330.5022334176279, -346.353182100207, -428.6101186671395, -466.9262562990584, -571.6904555530382, -608.2534858526103, -650.8271117293134, -711.8657052512558, -778.660046910718, -794.0852115897045, -844.8621451115037, -900.1813677843837, -926.7974418847843, -947.1314163893991, -960.4370789282865, -980.9285205169266, -1063.3363168324643, -1077.5567310033812, -1093.478942291537, -1131.1042010754013, -1150.5147684403864, -1175.3343142069061, -1214.621731867413, -1246.1444662798467, -1246.2863859833392, -1273.4691069936794, -1284.9766844912087, -1322.7416438962537, -1338.3051084270273, -1350.6806594062275, -1352.596285006171, -1379.2123591065715, -1380.175410560833, -1388.1020177423143, -1389.5334713649672, -1398.9523231991486, -1408.0815146919026, -1419.1441649736803, -1428.5371737435867, -1434.2730873444275, -1440.1380928489286, -1446.2495490289302, -1451.6382738514826, -1457.5739108648977, -1458.9612797150394, -1459.8158835572008, -1460.3335147682874, -1460.4063781143586, -1461.8287902703644, -1463.7200866133435, -1471.2024554022566, -1471.7200866133435, -1472.6081506181545]
 -- BestCostElement: [-1472.60815062 -1471.72008661 -1471.2024554  -1471.03210949]
 -- BestRoute: [[ 0  6  5  4  7  9 12 10 11  8 13 15  1 20 22 33 34  3 27  2 24 23 25 26
  28 29 32 31 30 19 17 16 14 18 21 35 38 39 41 40 42 37 36  0]]
 -- Custo: 
 ---------129.3479623454614
 ---- Total: 129.3479623454614
 -- Premio: 
 ---------199.0
 ---- Total: 199.0
 - Execucao 2
 -- BestCostGenaration: [-134.11145618000168, -232.11145618000168, -319.9078308495235, -387.21329960082767, -443.73821872056516, -473.31267552200023, -516.1924986569529, -551.1238703880992, -600.0935235817793, -644.7086594433993, -678.0555551102984, -735.1760874319435, -808.8206328745334, -835.2963542145835, -872.738620120296, -933.8396253592337, -952.7611433546015, -989.3809990807471, -1043.472568652556, -1103.4846642818707, -1120.8138599984932, -1152.9205271742628, -1171.6609647023363, -1205.7133798537511, -1216.4846489771041, -1217.5323487150097, -1223.1593459158119, -1235.8953940637525, -1241.3708686568239, -1288.1925963243484, -1302.8261193124933, -1320.859110879593, -1321.9796840825727, -1338.1085891503187, -1360.6764411046902, -1373.1968305078178, -1375.8530289980783, -1383.2039183574047, -1384.9189914821782, -1395.426518852225, -1411.6216911513561, -1429.0633726549854, -1451.2902781052098, -1455.8912404737082, -1460.9208415162243, -1474.702561795432, -1480.7176735273342, -1487.292508848348, -1491.9897677611966, -1492.6542018285145, -1493.2100960298048, -1502.5137090546496, -1515.3983029589901, -1515.9541971602805, -1518.1627980410622, -1520.3300255742213, -1521.6394644594184, -1522.8597927280268, -1523.4067795778417, -1524.2875797890213, -1525.29532339784, -1526.3405120928846, -1527.3742189581953, -1540.8931144944656, -1541.449008695756]
 -- BestCostElement: [-1541.4490087  -1540.89311449 -1540.48393452 -1540.44126509]
 -- BestRoute: [[ 0  6  5  4  7  9 10  8 11 37 42 40 41 39 38 36 35  3 34 33 22 20 16 13
  15 14 18 21  1 17 19 24 23 25 26 28 29 32  2 27 30 31 12  0]]
 -- Custo: 
 ---------112.13774782606102
 ---- Total: 112.13774782606102
 -- Premio: 
 ---------199.0
 ---- Total: 199.0
 - Execucao 3
 -- BestCostGenaration: [-134.11145618000168, -230.22291236000336, -282.9946559200986, -377.39380582041105, -454.8561513597392, -511.9710379411948, -557.2043162920249, -597.6282286959872, -623.1285196212086, -654.6054046850551, -717.4494300890467, -761.5781028708248, -841.4816930090614, -868.4073566465743, -898.483534994599, -934.9802843143593, -950.1949317666456, -1010.3851859362853, -1019.7432403008148, -1060.2022936985109, -1073.250817798344, -1088.7613874764374, -1111.6365279077354, -1140.3428323910343, -1162.5691721111557, -1165.7293610779025, -1219.6704071659829, -1220.4551483343903, -1264.1280832076752, -1268.1049803852807, -1286.0338473999957, -1325.9053421358371, -1344.8774588694514, -1348.044643139454, -1354.318461392983, -1360.0651500140386, -1382.1315457773078, -1386.4746915278154, -1387.4684681002968, -1395.802521061777, -1403.4670550527285, -1428.1578938119578, -1428.437467428755, -1429.988971488421, -1435.7248850892615, -1436.5639033338553, -1446.1053533452896, -1448.0689222161277, -1454.8403790586667, -1455.2246535690012, -1462.7807548244414, -1474.2060199383186, -1477.2617480283195, -1478.2694916371383, -1480.18838421466, -1484.6808067171305, -1486.1059713961172]
 -- BestCostElement: [-1486.1059714  -1484.68080672 -1483.68376629 -1483.05024331]
 -- BestRoute: [[ 0  7  4  5  6  8  9 12 10 11 17 19 20 22 35 36 38 39 41 40 42 37  3  1
  16 13 15 14 18 21 33 34 24 27 30 32 29  2 23 25 26 28 31  0]]
 -- Custo: 
 ---------125.97350715097073
 ---- Total: 125.97350715097073
 -- Premio: 
 ---------199.0
 ---- Total: 199.0
 - Execucao 4
 -- BestCostGenaration: [-134.11145618000168, -217.47554868908583, -287.61903367753104, -348.51668827751456, -419.9309061797479, -472.0633681737639, -539.1658751374957, -550.5095435206781, -599.6409394040597, -641.2545226888247, -684.2443761764677, -728.0550174953851, -769.9613587214485, -789.1422164165966, -831.15448204304, -844.9182625169237, -868.6897792351471, -906.4825262023865, -948.2585017015057, -949.0229780942128, -987.3764272540494, -1002.811264986128, -1049.3791816557537, -1062.47296017242, -1123.7607511554045, -1185.4866975288332, -1205.005385936232, -1280.9194907530382, -1281.7955521232648, -1320.2069084135449, -1334.3183645935464, -1364.778146498677, -1370.5021700291682, -1377.2268479979762, -1401.725559679693, -1403.5092740149607, -1409.046839933147, -1414.665339643282, -1414.9251013097883, -1423.8375269801215, -1434.144536984219, -1437.0084853937897, -1450.8567305756765, -1457.5302600280615, -1461.1143951922525, -1468.0524684813836, -1473.7883820822242, -1476.6108643673606, -1486.6122116199901, -1491.6899761754046, -1498.796125691043, -1502.5272552601953, -1506.9431200960043, -1511.0440368810498, -1517.4134734700356, -1517.5297136817255, -1521.2709424198674, -1521.9835247593605]
 -- BestCostElement: [-1521.98352476 -1521.27094242 -1520.55836008 -1520.47930073]
 -- BestRoute: [[ 0  7  4  5  6  8  9 12 10 11 17 19 20  1 16 13 15 14 18 21 22 35 36 38
  39 41 40  3 33 34 37 42 30 27 32  2 24 23 25 26 29 28 31  0]]
 -- Custo: 
 ---------117.00411881015984
 ---- Total: 117.00411881015984
 -- Premio: 
 ---------199.0
 ---- Total: 199.0
 - Execucao 5
 -- BestCostGenaration: [-134.11145618000168, -223.8628188773517, -331.9013400547838, -357.955286497673, -417.6701407124925, -443.9869980928443, -531.0627556992181, -577.3004978529136, -627.9754658910388, -657.5391146285338, -720.3013541398585, -759.8559660977854, -772.1033299679469, -824.2400705595369, -856.8845919900788, -915.6084484710555, -978.410934993025, -1034.6990745570733, -1044.9784431725896, -1073.7518552068034, -1115.5985427363007, -1167.6666667012437, -1203.898005644842, -1212.8835124271216, -1261.6700548073297, -1310.4514722568706, -1333.638483483634, -1339.6550984185376, -1356.4412424975017, -1411.854947954831, -1424.6411010735403, -1424.6837705060143, -1432.2209423716563, -1432.3323985516581, -1439.5692830241665, -1442.966661471357, -1443.070626287425, -1445.6728373797018, -1465.7781875695282, -1466.6597334428461, -1471.3480318047036, -1489.7702369065596, -1490.2220863140883, -1502.818473632627, -1511.9315222405364, -1516.7191060123328]
 -- BestCostElement: [-1516.71910601 -1516.12276388 -1515.39790615 -1515.12572346]
 -- BestRoute: [[ 0  8  6  5  4  7  9 10 11 12 24 19 17 16 20  1 15 13 14 18 21 22 33 34
  40 41 39 38 36 35  3 37 42 23 25 26 28 29  2 32 30 27 31  0]]
 -- Custo: 
 ---------118.3202234969168
 ---- Total: 118.3202234969168
 -- Premio: 
 ---------199.0
 ---- Total: 199.0
 - Execucao 6
 -- BestCostGenaration: [-134.11145618000168, -206.58406066244268, -272.22620191784665, -341.60461673704214, -406.02988089706963, -422.19138301697336, -526.1027367550905, -595.6867004144182, -661.5368577666238, -685.917705674032, -699.4958298726569, -779.5551995541535, -863.2576110153511, -888.7651885128805, -909.511619489314, -998.7304471595405, -1059.9522695462688, -1098.9444603125103, -1111.6234343773863, -1173.0045027303483, -1209.4664718764984, -1212.908158282249, -1235.0622838947245, -1246.5549134513449, -1276.5549134513449, -1286.6137879543905, -1322.2797690003224, -1337.2949239953812, -1348.1862636015169, -1355.7477458064163, -1387.0397335249163, -1392.8860916968576, -1415.9049460835672, -1430.538469071712, -1451.6416506258752, -1451.8258867322188, -1464.6767624365275, -1472.0027915218698, -1474.9095230611058, -1487.1474824127802, -1504.011750469917, -1505.0244419014173, -1509.6051330205896, -1511.0838570653204, -1522.914040800174, -1532.4554456908504, -1536.0593676364792, -1542.424370820684, -1543.9657757113607, -1546.092819543891, -1546.6101023203457, -1546.6891616716941, -1548.9672794890234, -1549.6008024771684, -1549.6798618285168, -1550.012203958184, -1550.0912633095325, -1550.6876054373356]
 -- BestCostElement: [-1550.68760544 -1550.60854609 -1550.09126331 -1550.0748848 ]
 -- BestRoute: [[ 0 10  8  6  5  4  7  9 12 11 17 16 13 14 15  1 18 21 22 20 19 33 34 42
  40 41 39 38 36 35  3 37 24 23 25  2 29 28 32 31 30 27 26  0]]
 -- Custo: 
 ---------109.8280986406661
 ---- Total: 109.8280986406661
 -- Premio: 
 ---------199.0
 ---- Total: 199.0
 - Execucao 7
 -- BestCostGenaration: [-134.11145618000168, -214.49938110603364, -330.98876436796724, -395.97637781938965, -448.8270091291398, -497.3368165169751, -526.8333547629088, -567.8336327131486, -617.3281746188487, -662.8776921103802, -715.6267096480766, -751.030380454683, -770.7374914457289, -804.8396622273538, -814.8291682638763, -857.8052708403528, -902.7355111310723, -992.4777779747808, -1065.2806756848793, -1110.8556823576491, -1131.8097276504095, -1136.5079621056757, -1181.182746196991, -1185.153015929486, -1233.4737219256, -1237.224141301704, -1238.6449177666452, -1255.1227896573423, -1314.9064787576363, -1323.393758663644, -1360.452264013084, -1399.1120904316708, -1417.3578084057162, -1433.4635551795618, -1440.5823155171847, -1442.437378644442, -1452.7537954098761, -1458.8308902293345, -1465.7409966514613, -1488.626214985529, -1493.2491816613763, -1512.603962428008, -1522.0818956198646, -1522.386229134924, -1529.864947604858, -1533.9177161177283, -1538.988931425367, -1546.037598881325, -1546.6040076187437, -1550.0961227574633, -1553.7746706496596, -1554.4019238566361, -1556.7562872109936, -1561.2065810304412, -1563.1804539829561, -1563.7854742705, -1570.8852927136306, -1572.9641882739857, -1576.2841665541391, -1577.2812069770087, -1578.706371655995, -1579.8735559259976, -1580.325405333526, -1591.1872644249825]
 -- BestCostElement: [-1591.18726442 -1589.76209975 -1589.50411934 -1589.21339147]
 -- BestRoute: [[ 0  6  5  4  7  9 10 12 24 23 25 26 28 29  2 32 31 27 30 42  3 35 36 38
  39 41 40 37 34 33 22 20 17 16 13 15 14 18 21  1 19 11  8  0]]
 -- Custo: 
 ---------99.70318389375441
 ---- Total: 99.70318389375441
 -- Premio: 
 ---------199.0
 ---- Total: 199.0
 - Execucao 8
 -- BestCostGenaration: [-134.11145618000168, -212.11145618000168, -311.0369683512552, -346.9572799981106, -457.9436286628579, -527.8473152511438, -563.3658918673256, -611.1774978746088, -633.7291165229527, -668.668319328505, -764.5125677192732, -780.8548751680964, -807.3888153912735, -857.3362184456332, -927.1319817805718, -985.0164603166972, -994.4031993913169, -1033.7277527214296, -1056.042736677548, -1084.214518312809, -1093.6144100120696, -1109.924277698723, -1168.6105691997384, -1193.13504011954, -1216.1735296838679, -1216.8515700614394, -1262.4233165586597, -1265.12060428328, -1335.0538054976657, -1349.5406690986213, -1382.7570879939815, -1387.136952681375, -1397.986873006946, -1410.822191067908, -1412.564210658924, -1413.9893753379106, -1420.7890547390214, -1423.4273617588547, -1442.9946172620425, -1443.8119100797426, -1452.7042400244054, -1459.9024991645742, -1468.2722863804674, -1474.641722969453, -1477.6974510594537, -1482.7303803341906, -1483.3639033223355, -1488.0920733143575, -1488.7255963025023, -1497.7226367253718, -1498.3561597135167, -1498.4352190648651, -1498.72594692941, -1498.8050062807583]
 -- BestCostElement: [-1498.80500628 -1498.72594693 -1498.43521906 -1498.35615971]
 -- BestRoute: [[ 0  9  7  4  5  6  8 11 10 12 19 20 22 21 18  1 15 14 13 16 17 24 37 34
  33  3 35 36 38 39 41 40 42 30 32 31  2 29 26 25 23 27 28  0]]
 -- Custo: 
 ---------122.79874842981044
 ---- Total: 122.79874842981044
 -- Premio: 
 ---------199.0
 ---- Total: 199.0
 - Execucao 9
 -- BestCostGenaration: [-134.11145618000168, -209.8712761165494, -297.51737177955977, -378.399858507576, -406.2818304566264, -465.79788220301907, -499.24111334328853, -546.9414528183772, -592.9665415335969, -607.0783483405062, -660.2010011310211, -706.0407700457333, -753.2459470969549, -791.794304743576, -815.6507317058099, -851.420559918239, -931.2677022387296, -953.8960209514046, -997.3935970761602, -1058.0889473930742, -1073.4394666748049, -1124.3262700735445, -1144.8502222911093, -1158.7777531478587, -1187.6253032552236, -1222.7298904143447, -1227.5289588071241, -1229.9427526958707, -1232.8740161969868, -1246.6907848792728, -1274.3639758802951, -1307.0121686953592, -1309.6535702076185, -1319.813349986372, -1329.978005828207, -1334.1436616968174, -1338.8440547586292, -1340.131472419136, -1349.3252981545238, -1352.2692194376154, -1360.4144937977717, -1361.1507108160445, -1370.8743346166723, -1374.7576395482793, -1379.5044963963992, -1385.0954350175273, -1393.4103222518033, -1394.298478597334, -1396.162300293101, -1406.1458483781764, -1425.3575739444664, -1432.905724536938, -1434.780422366161, -1442.3285729586323, -1450.0816860174432, -1456.8788282729804, -1463.9193129140303, -1474.6087528809594, -1485.9758555705666, -1485.9980884899992, -1491.619357795952, -1491.9841971891635, -1495.7130745674717, -1500.006930440733, -1504.2473921233716, -1504.32645147472, -1505.174754422355, -1505.2538137737033, -1507.2891021827922, -1512.0544530351558, -1512.5893797063852, -1517.354730558749, -1520.1314161375656, -1523.3405652995982, -1524.2679275985818, -1524.34698694993]
 -- BestCostElement: [-1524.34698695 -1524.2679276  -1523.41962465 -1523.3405653 ]
 -- BestRoute: [[ 0  9  7  4  5  6  8 17 16 13 14 15  1 18 21 22 20 19 11 10 12 33  3 35
  36 38 39 41 40 42 37 34 24 23 25 26 28 29 32  2 30 27 31  0]]
 -- Custo: 
 ---------116.41325326251749
 ---- Total: 116.41325326251749
 -- Premio: 
 ---------199.0
 ---- Total: 199.0
 - Execucao 10
 -- BestCostGenaration: [-134.11145618000168, -219.24959708854544, -285.8388594500686, -381.51256300820467, -424.5605941718037, -501.30213040557095, -540.4222085460269, -591.1288946640886, -651.5913557686674, -684.8371530935792, -710.3052633788386, -740.8074636495951, -775.8761233670206, -860.5140562707361, -890.6562764987912, -899.4976495981692, -912.3813410898266, -974.122741895011, -996.2385611015678, -1027.3660434253316, -1075.8151878686704, -1095.8076357216733, -1132.9456535881695, -1146.8182006198833, -1155.9134828688366, -1171.1710966766454, -1215.6656498615548, -1226.6049739488726, -1250.6479243223143, -1271.9981103742405, -1289.688969554687, -1296.367259742199, -1304.09322050744, -1315.3494534627075, -1318.178857821149, -1326.3233648408502, -1329.4408642379576, -1329.908031232581, -1348.7677329911414, -1350.6665105913578, -1353.110878741649, -1356.464094728457, -1358.1959169015736, -1360.464094728457, -1369.3490544114816, -1378.1532809777782, -1386.2695211894684, -1396.9727769924054, -1406.0859159817862, -1422.854973295408, -1427.6327064946422, -1433.3567389042123, -1444.9190465847187, -1453.2927660497926, -1457.712325206192, -1461.7650937190624, -1463.9293184119342, -1469.665232012775, -1470.579518763706, -1471.0432113368718, -1475.0959798497422, -1476.5104413427794, -1477.578265062095, -1478.853587093287, -1479.4668088820931]
 -- BestCostElement: [-1479.46680888 -1478.85358709 -1478.77452774 -1478.19148685]
 -- BestRoute: [[ 0  7  4  5  6  8 11 19 20  1 16 17 10 12  9 23 24 27  2 25 26 28 29 32
  31 30 42 37 34 33 22 15 13 14 18 21 35 36 38  3 40 39 41  0]]
 -- Custo: 
 ---------127.63329777947672
 ---- Total: 127.63329777947672
 -- Premio: 
 ---------199.0
 ---- Total: 199.0
 - Execucao 11
 -- BestCostGenaration: [-134.11145618000168, -229.97731429789042, -282.9946559200986, -351.9657757966044, -411.36388578943786, -432.1530759175731, -480.4872359934969, -525.7182524080058, -605.253095792084, -648.4020281350117, -694.5971601499521, -699.260681342284, -729.4259872931018, -771.6378251107653, -847.070384161101, -851.3162284213734, -922.0462682717258, -942.0918962662665, -1001.9112974727484, -1072.5009380702954, -1101.1888375149344, -1119.9551845335195, -1168.9647548467046, -1204.6045955898117, -1231.5263538368347, -1234.9515185158211, -1273.9682291760525, -1322.745214515882, -1325.3368629934682, -1351.3945409810963, -1373.6546725493654, -1407.4754157372877, -1413.5449522159947, -1418.5557977439644, -1419.4636939643406, -1445.8447003243614, -1453.1942477650036, -1454.7777179870366, -1461.9126693373132, -1462.6953803092417, -1467.4395821371781, -1480.0886927778515, -1491.744736278255, -1502.3015051379855, -1513.346530042037, -1529.0144381043865, -1531.357583854894, -1536.0066944955674, -1538.349840246075, -1544.0066944955674, -1546.8138234040468, -1551.758095314046, -1551.8371546653943, -1556.8618078852287, -1556.940867236577]
 -- BestCostElement: [-1556.94086724 -1556.86180789 -1556.68288683 -1556.60382748]
 -- BestRoute: [[ 0  6  5  4  7  8 11 10 24 23 25 27 30 31 32 29 28 26  2 37 42 40 41 39
  38 36 35  3 34 33 19 20 22 21 18  1 15 14 13 16 17 12  9  0]]
 -- Custo: 
 ---------108.26478319085571
 ---- Total: 108.26478319085571
 -- Premio: 
 ---------199.0
 ---- Total: 199.0
 - Execucao 12
 -- BestCostGenaration: [-134.11145618000168, -229.97731429789042, -294.50720505522804, -367.1730923083342, -456.36488298678887, -470.74622053094856, -538.4260287974731, -554.0611894042615, -622.8033828468688, -691.4286084980814, -697.2901006111374, -721.4407041273962, -774.0551127164823, -795.7202777441931, -872.2070118800875, -897.5980891012666, -939.0349494114732, -976.8606520093385, -978.3742931529073, -1031.3114051013383, -1046.3558722610535, -1078.4726917796868, -1096.584498586596, -1127.379972436895, -1128.0860525996552, -1206.2456043679726, -1208.7327712083081, -1228.4851334943132, -1283.3718444987364, -1309.987918599137, -1328.4611588426942, -1397.4663558712916, -1402.4316565628274, -1405.2201338156085, -1411.4396461729948, -1412.9314455193066, -1414.6611363391403, -1430.4334399474485, -1432.3285204952465, -1451.4227365619795, -1461.0229881739574, -1478.079383757322, -1482.623144119576, -1495.976876904517, -1502.4528134365287, -1502.4995923102597, -1508.8255037040954, -1512.7823332046141, -1514.9641065738442, -1515.738199588328, -1525.0911504063743, -1527.6001019429405, -1527.9698891588337, -1528.5662312866368, -1529.0304312305354, -1531.3708244580623, -1532.211176742729, -1536.5927089610293, -1537.1890510888325, -1538.2444285519257, -1539.6484370510302, -1540.2447791788334, -1543.558487677818, -1543.6375470291664]
 -- BestCostElement: [-1543.63754703 -1543.55848768 -1543.26775981 -1543.18870046]
 -- BestRoute: [[ 0  9  7  4  5  6  8 11 10 12 19 17 16 13 14 15  1 20 22 18 21 35 36 38
  39 41 40 42 37  3 33 34 24 23 25 26 28 29  2 32 30 27 31  0]]
 -- Custo: 
 ---------111.5906132427084
 ---- Total: 111.5906132427084
 -- Premio: 
 ---------199.0
 ---- Total: 199.0
 - Execucao 13
 -- BestCostGenaration: [-134.11145618000168, -213.4699329271251, -340.6270096411615, -393.83853035152384, -419.26643731588257, -464.0702846944142, -492.41119391727517, -559.3265478855117, -606.3712411830876, -652.6833494623181, -672.4348545270859, -748.6706928612114, -759.0529711470707, -829.8001972740927, -907.2349584836323, -931.1858480880403, -971.9426284953267, -1057.2915928713678, -1072.0537152801242, -1077.384601410804, -1118.3850855882456, -1129.0686009414687, -1151.3496391423896, -1220.0864621928972, -1260.137903903437, -1280.484938499612, -1298.273854561745, -1303.112452229801, -1334.0720801738114, -1349.1593411373492, -1365.6272544172314, -1371.4756928552727, -1380.577583135973, -1399.4354897158187, -1415.9363950988584, -1419.2346163802054, -1427.4735687911539, -1448.0686906686726, -1478.6989991217881, -1484.0564703919163, -1496.3624352820823, -1499.325003258637, -1503.325003258637, -1508.404049547205, -1522.7895882066198, -1529.196205655947, -1539.8518540984687, -1543.2547211177912, -1546.5057487708305, -1554.3895085591405, -1560.046362808633, -1563.1020908986338, -1564.6954734493065, -1567.8674417509974, -1570.057166429473, -1574.0298204236437, -1574.5371456762878, -1579.312454052462, -1579.819779305106]
 -- BestCostElement: [-1579.81977931 -1579.31245405 -1579.22343718 -1578.71611192]
 -- BestRoute: [[ 0  7  4  5  6  8 11 19 17 16 13 15 14 18 21  1 20 22 33 34  3 35 36 38
  39 41 40 42 37 30 31 32 28 29  2 27 24 23 25 26  9 12 10  0]]
 -- Custo: 
 ---------102.54505517372347
 ---- Total: 102.54505517372347
 -- Premio: 
 ---------199.0
 ---- Total: 199.0
 - Execucao 14
 -- BestCostGenaration: [-134.11145618000168, -207.36801847244806, -299.58297215858215, -368.5943863629109, -477.93353242677074, -492.8403957884717, -547.5683871332751, -588.2422706226369, -634.7346931251075, -678.2925924772233, -690.6327750212369, -757.4900343443, -763.3921395423629, -824.6227025670232, -854.7046290941856, -870.5951265459039, -894.2208130153178, -981.756798670107, -1044.746524533397, -1101.026098150194, -1108.621944264425, -1125.0814291155984, -1154.9309337635987, -1198.613657396239, -1223.9800883189314, -1249.517059804827, -1253.2332803020504, -1292.9142274528658, -1309.462421308494, -1338.073415503669, -1339.820219126373, -1348.234981571482, -1352.3924827449373, -1402.5729781330256, -1405.8503880675921, -1423.1152334440485, -1431.9658826171437, -1440.0916329817783, -1453.099376590597, -1484.3776624399593, -1492.126247320186, -1504.0406226796272, -1513.0476206263074, -1519.566540352666, -1528.5735382993462, -1529.1420333543128, -1534.6199665461697, -1540.978699949206, -1544.034428039207, -1547.934521142184, -1550.9902492321849, -1551.809548910727]
 -- BestCostElement: [-1551.80954891 -1551.5710489  -1550.99024923 -1550.90714026]
 -- BestRoute: [[ 0  7  4  5  6  8  9 10 11 19 17 16 13 15 14 18 21  1 20 22 38 39 41 40
  42 37  3 35 36 33 34 24 23 25 26 28 29  2 32 31 30 27 12  0]]
 -- Custo: 
 ---------109.54761277231825
 ---- Total: 109.54761277231825
 -- Premio: 
 ---------199.0
 ---- Total: 199.0
