 - Execucao 0
 -- BestCostGenaration: [-134.11145618000168, -210.68953672053283, -277.4755486890858, -398.59253418774495, -456.5139759919969, -512.5413538376683, -534.3590460227133, -576.1849952796018, -632.3710712547431, -676.8518533228064, -736.3294075099145, -756.7222785135498, -804.282209862401, -832.7438455848983, -858.3744089959127, -875.1868530416932, -882.7476232049805, -901.6744603902757, -910.1878280898744, -935.8155608759499, -974.7897970055744, -976.9589584798398, -987.5960351795377, -1004.1442290351657, -1023.3543956476885, -1030.1684353413684, -1032.7673713530232, -1038.4009290007798, -1049.171394918499, -1056.684660971513, -1065.9381750884338, -1087.669169149008, -1094.3152414243054, -1098.978415960797, -1104.4502359198043, -1108.8340195054852, -1116.2197115888894, -1122.1260960292511, -1131.5422256627755, -1133.185326514685, -1147.1293913705344, -1147.158029384838, -1149.1319023373533, -1157.3612447320334, -1160.4169728220343, -1160.4456108363381, -1162.887602719632, -1164.8614756721472, -1169.4197686081716, -1169.8057475821463, -1174.3640405181707, -1174.443099869519]
 -- BestCostElement: [-1174.44309987 -1174.36404052 -1171.30831243 -1171.30831243]
 -- BestRoute: [[ 0  5  4  3  6  8  9  7 16 15 12 13 14  1 17 20 21 19 18 10 11 23 22 24
   2 26 29 30 31 28 27 25  0]]
 -- Custo: 
 ---------83.88922503262023
 ---- Total: 83.88922503262023
 -- Premio: 
 ---------151.0
 ---- Total: 151.0
 - Execucao 1
 -- BestCostGenaration: [-134.11145618000168, -225.70413510970343, -289.2397364339628, -345.95702576916005, -384.95954367041367, -458.0325644466573, -518.225092040569, -555.4359083877496, -602.0724969623262, -654.7286681907567, -711.9165997882777, -724.4187423399547, -747.8308182308551, -776.952783774411, -848.2735688820107, -885.8513637801548, -901.5534629384704, -956.5720998850968, -961.8527718438086, -975.3012431784215, -1002.7746966999326, -1007.0518764857993, -1029.3307050356652, -1031.7644588252924, -1071.6039433927187, -1080.133029624617, -1084.1043068257272, -1105.9324051918463, -1118.0618108280842, -1120.03945040965, -1133.3133695867361, -1139.3936929985716, -1145.8675663438041, -1154.0270070049878, -1155.8156891186989, -1159.5049401968445, -1161.5873530153874, -1163.0125176943739, -1165.3556634448817, -1167.1030721951197, -1170.4664224730166, -1174.4816541262328, -1178.5971034850486, -1178.8922647543743, -1180.3964887847092, -1182.444473265891, -1185.500201355892, -1185.7953626252176]
 -- BestCostElement: [-1185.79536263 -1185.50020136 -1185.16183964 -1183.56845709]
 -- BestRoute: [[ 0  5  7 10 18 16 15 12 14 13  1 17 20 21 19 26 29 30 31  2 28 27 25 24
  22 23 11  9  8  6  3  4  0]]
 -- Custo: 
 ---------81.0511593436956
 ---- Total: 81.0511593436956
 -- Premio: 
 ---------151.0
 ---- Total: 151.0
 - Execucao 2
 -- BestCostGenaration: [-134.11145618000168, -206.71862442031727, -285.4312706691618, -368.2231561300645, -432.87809737890115, -513.1903910891863, -533.8346096270702, -569.0581406457973, -618.6806438752591, -649.0500804642446, -759.8524491396174, -786.3193649711136, -818.929223150372, -878.929223150372, -902.8880491112161, -917.9032041062749, -937.2615652800393, -987.4992191955421, -1040.128935840787, -1043.3101759065366, -1056.30510348791, -1064.5272249950392, -1072.8594807236832, -1083.4385647599343, -1088.8740154438246, -1094.3367094636892, -1100.2403056197654, -1108.8738286079101, -1111.5457722246983, -1125.1027647679034, -1126.9913085879018, -1130.0470366779027, -1131.640695752142, -1135.5031125246555, -1138.5588406146562, -1140.5636246463446, -1142.7578897021008, -1143.6193527363455, -1146.716959317353]
 -- BestCostElement: [-1146.71695932 -1146.63789997 -1146.00437698 -1145.85549628]
 -- BestRoute: [[ 0  6  3  4  5  7 18 19 21 20 17  1 14 13 12 15 16 10  9  8 11 23 22 24
  25 28  2 31 30 29 26 27  0]]
 -- Custo: 
 ---------90.82076017066177
 ---- Total: 90.82076017066177
 -- Premio: 
 ---------151.0
 ---- Total: 151.0
 - Execucao 3
 -- BestCostGenaration: [-134.11145618000168, -217.47554868908583, -287.2760302957399, -364.534348625028, -431.38976745086114, -484.6030215191224, -556.2914042803295, -601.0087363881611, -605.9830114407428, -676.3843004443966, -705.1860864949634, -765.7956032339116, -779.2884640448787, -797.9747555458939, -854.1960381107472, -910.0800157206186, -937.430905079945, -942.5725632466765, -948.1187521690415, -964.4916673936509, -993.4201014591049, -999.6615881256472, -1015.2363963697809, -1028.002324233905, -1045.9666879343083, -1054.376718428193, -1056.5400518333, -1062.8648713168761, -1065.954513326337, -1072.1206996893156, -1081.476700662317, -1085.2343079058617, -1095.0123668774377, -1099.3652444823151, -1105.4717528396354, -1106.024894517945, -1110.1505459071097, -1114.0446223445501, -1115.3417884585456, -1118.7869916917275, -1123.4361023324009, -1128.266886553691, -1130.689091655547, -1134.0028001545315, -1134.7153824940249]
 -- BestCostElement: [-1134.71538249 -1134.63632314 -1134.00280015 -1132.4094176 ]
 -- BestRoute: [[ 0  5  4  3  6  8  9 10 18 19 21 20 17  1 14 13 12 15 16  7 11 22 23 26
  29 31  2 24 25 28 27 30  0]]
 -- Custo: 
 ---------93.8211543764938
 ---- Total: 93.8211543764938
 -- Premio: 
 ---------151.0
 ---- Total: 151.0
 - Execucao 4
 -- BestCostGenaration: [-134.11145618000168, -218.1295226412847, -310.61368959762956, -366.37869720697995, -426.9834587165793, -469.1364908687627, -513.1364908687626, -558.828780583675, -605.2947262264993, -655.7729535359404, -674.0436635233051, -745.1347689745251, -754.5350728048554, -798.7653323855395, -849.0294187846989, -878.1478729113809, -899.0226730829038, -947.1524548614632, -980.4283487433287, -1001.2698433015473, -1034.2563245287427, -1042.685672831339, -1074.750322865997, -1083.3943058737643, -1093.7532412328396, -1104.8791867234552, -1107.934914813456, -1113.5635165543638, -1118.6894620449793, -1127.1705416498812, -1131.7986631882945, -1137.1167975945932, -1149.8094321170424, -1153.3312918710358, -1154.3315747389724, -1162.9922040395736, -1164.9997405942427, -1169.7487129412034, -1172.1709180430594, -1173.8912439913715, -1175.327229788084, -1184.5059437915697, -1184.5850031429181]
 -- BestCostElement: [-1184.58500314 -1184.50594379 -1183.8724208  -1183.30232432]
 -- BestRoute: [[ 0 10  9  6  3  4  5  7 16 15 12 13 14  1 17 20 21 19 18 23 24 25 27 28
  31 30 29 26  2 22 11  8  0]]
 -- Custo: 
 ---------81.35374921427045
 ---- Total: 81.35374921427045
 -- Premio: 
 ---------151.0
 ---- Total: 151.0
 - Execucao 5
 -- BestCostGenaration: [-134.11145618000168, -191.0287632865966, -278.2104390642135, -364.3030162747027, -447.4375279258813, -489.94213051522905, -532.917871803757, -555.3214042669078, -598.6221578290158, -650.4194818518225, -710.0693680912331, -741.4455674827677, -755.315593560969, -786.2298369723259, -833.6067691390851, -866.9013728159467, -876.3423753394784, -950.0053815788817, -963.4283519207595, -975.6188683497023, -997.5255605763648, -997.6557354565809, -1038.281367115624, -1052.083255607145, -1059.8494487503033, -1069.786226481258, -1075.357915263937, -1082.6770036404541, -1097.360667786918, -1098.9912311979322, -1111.7642825212477, -1128.737763818663, -1134.1320382284332, -1145.1073850085986, -1153.1073850085986, -1154.6217082079231, -1160.7381122106062, -1163.0812579611138, -1167.7303686017874]
 -- BestCostElement: [-1167.7303686  -1167.65130925 -1167.01778626 -1165.42440371]
 -- BestRoute: [[ 0  5  4  3  6  8 11  9 10  7 16 15 12 13 14  1 17 20 21 19 18 23 22 24
  25 28  2 26 29 30 31 27  0]]
 -- Custo: 
 ---------85.56740784955315
 ---- Total: 85.56740784955315
 -- Premio: 
 ---------151.0
 ---- Total: 151.0
 - Execucao 6
 -- BestCostGenaration: [-134.11145618000168, -220.99465592009855, -310.791723881027, -364.4222872920414, -423.823506899856, -455.7181567100297, -489.3310843973854, -589.7822925463674, -629.1697666673668, -684.3129468120437, -729.2174862633595, -751.9248450261321, -771.4247698784475, -818.209054780927, -854.4568527090573, -875.5458884214745, -912.0648400755825, -941.3128085623975, -941.5238213581624, -968.3116111697207, -987.9670787821404, -1007.4094040333935, -1028.1447766808285, -1043.8840403869979, -1046.067810305146, -1074.5318726120092, -1086.8541255454331, -1096.8198093310093, -1102.888821747978, -1116.6247353488188, -1124.7037947001672, -1137.1368034228635, -1138.3312301024653, -1139.7751104426966, -1144.4197876785893, -1152.240866620954, -1154.879173640787, -1155.1847879040454, -1155.7751104426968, -1158.0139610821363, -1160.9729792058656, -1162.5663617565383, -1163.633634471287, -1165.5849089861974, -1166.3523063315613, -1169.343006488384]
 -- BestCostElement: [-1169.34300649 -1167.74962394 -1166.35230633 -1166.32445926]
 -- BestRoute: [[ 0  6  3  4  5  7  9 10 18 19 21 20 17 13 12 14  1 15 16 11 23 22 24 25
  27 28  2 31 30 29 26  8  0]]
 -- Custo: 
 ---------85.16424837790402
 ---- Total: 85.16424837790402
 -- Premio: 
 ---------151.0
 ---- Total: 151.0
 - Execucao 7
 -- BestCostGenaration: [-134.11145618000168, -232.11145618000168, -323.3640925090841, -356.0316489221561, -407.62554445625415, -453.51408827625244, -527.5423976700188, -545.5371393148623, -583.8150765901373, -636.4354395986276, -682.7135198746803, -718.2022978976651, -744.5839186221788, -794.9346508323194, -830.2630540931239, -832.5357906251145, -887.6852569278051, -896.1874476315952, -911.880909685254, -934.5651621007166, -970.0977376441472, -981.668952658629, -996.3606336810144, -1011.734106586681, -1011.9472369251512, -1030.6433664907938, -1046.148440666194, -1054.7467060704626, -1057.1604999592091, -1060.4059398190705, -1072.51890924388, -1091.6384184493202, -1101.8653239881378, -1109.7862646367894, -1115.7055327000464, -1118.8180872219632, -1123.7623591319623, -1128.7856903933098, -1132.7593995548318, -1132.83845890618]
 -- BestCostElement: [-1132.83845891 -1132.75939955 -1130.53249402 -1129.70367146]
 -- BestRoute: [[ 0  6  3  4  5 18 19 21 20 17  1 14 13 12 15 16  7 10  9  8 11 24 25 27
  28 31  2 22 23 29 26 30  0]]
 -- Custo: 
 ---------94.29038527345499
 ---- Total: 94.29038527345499
 -- Premio: 
 ---------151.0
 ---- Total: 151.0
 - Execucao 8
 -- BestCostGenaration: [-134.11145618000168, -225.61001700841854, -300.96785609688925, -361.8647982151229, -418.8520388775967, -506.0999478942811, -549.889060678714, -630.3499181853033, -650.7071881354998, -725.0098326772072, -754.3059157577951, -791.1613345836282, -805.3529784277148, -826.4911193362584, -903.215339956073, -905.1880135883321, -923.8652077776713, -942.2718252269987, -967.5046045487234, -978.4903853179406, -1018.3402760206525, -1027.255667472654, -1044.7293413632847, -1068.2811798467799, -1074.0513216254794, -1082.350710191891, -1092.9998208325646, -1105.0199156657654, -1115.978855293987, -1121.642234147701, -1127.1414006186374, -1136.8617265669495, -1145.3913308172937, -1151.7384453207171, -1152.642782959862, -1158.4355404425728, -1158.7307017118983, -1158.8097610632467, -1164.048491668295, -1164.9967323312098, -1165.2918936005353, -1174.0964761494768, -1174.1755355008252, -1175.4189374330658]
 -- BestCostElement: [-1175.41893743 -1175.33987808 -1174.1755355  -1174.09647615]
 -- BestRoute: [[ 0  6  3  4  5  7 15 12 13 14  1 17 20 21 19 18 16 10  9  8 11 22 24 25
  27 28  2 31 30 29 26 23  0]]
 -- Custo: 
 ---------83.64526564173357
 ---- Total: 83.64526564173357
 -- Premio: 
 ---------151.0
 ---- Total: 151.0
 - Execucao 9
 -- BestCostGenaration: [-134.11145618000168, -214.8828788616901, -302.09270736864175, -352.75632001869207, -419.41563083512017, -484.80270939044135, -510.4962024981335, -603.4530163197371, -666.8764921608087, -725.3039623977179, -757.8955731500482, -803.7450192600861, -842.7889719625153, -872.9925090240129, -920.8273615707233, -928.5956720002173, -960.5956720002173, -969.7282071866541, -969.8740985028207, -978.7456187519138, -1011.4846787657993, -1023.8257581943301, -1045.547434752493, -1067.6588909324946, -1073.1368241243515, -1083.7730174452918, -1089.3874929357091, -1100.7012014346938, -1120.0520907940204, -1122.4707516324895, -1123.9216934942954, -1128.085727390975, -1130.1000752752022, -1133.9696779754772, -1135.3480979415833, -1141.7811930653031, -1142.3775351931063, -1144.8996020012494, -1144.9786613525978, -1148.7039539576745, -1150.0823739237806]
 -- BestCostElement: [-1150.08237392 -1150.00331457 -1149.4860318  -1149.40697244]
 -- BestRoute: [[ 0  6  3  4  5  7 15 12 13 14  1 17 20 21 19 18 16 10  9  8 11 23 22 24
  25 27 28  2 31 29 26 30  0]]
 -- Custo: 
 ---------89.97940651905485
 ---- Total: 89.97940651905485
 -- Premio: 
 ---------151.0
 ---- Total: 151.0
 - Execucao 10
 -- BestCostGenaration: [-134.11145618000168, -209.24959708854544, -300.00778410074804, -366.1799371729421, -409.4126585077816, -446.578637825149, -491.8444482221264, -563.8092445255505, -625.0613364909852, -661.4356422175749, -674.5853975817208, -726.9571513446608, -746.7132860341235, -814.5676045664286, -841.3687695676884, -862.4973093506961, -915.9993741751232, -917.8490583197159, -959.6429134531624, -961.4480950501663, -1006.4866418424973, -1011.1330276385418, -1021.3172021078776, -1022.3322663360939, -1034.6899086957724, -1037.8747120621656, -1049.1123685219036, -1054.3497657855519, -1056.4208648300937, -1064.753206959761, -1065.4494606428182, -1083.379517674328, -1091.1916038196987, -1101.6138089215547, -1102.2101510493576, -1109.0234863829032, -1110.6529946265662, -1112.6695370115553, -1115.3447746997138, -1119.8570929657749, -1126.733109145266, -1130.0839985045925, -1130.163057855941, -1130.7008863138462, -1135.5247508361076, -1138.1630578559407, -1139.7564404066136]
 -- BestCostElement: [-1139.75644041 -1138.16305786 -1137.73989802 -1136.44273191]
 -- BestRoute: [[ 0  5  4  3  6  8 11  9 10  7 18 19 21 20 17 13 12 14  1 15 16 23 22 24
  25  2 26 29 31 27 28 30  0]]
 -- Custo: 
 ---------92.56088989834662
 ---- Total: 92.56088989834662
 -- Premio: 
 ---------151.0
 ---- Total: 151.0
 - Execucao 11
 -- BestCostGenaration: [-134.11145618000168, -229.24674477695118, -313.76857792913984, -402.1346128731223, -443.64219037065163, -489.4022600293097, -523.2973405771077, -546.5674168149262, -609.523340588689, -670.1753366760013, -703.066564284593, -731.7756693309274, -794.6468715287175, -834.2739649615705, -862.193096853365, -886.6912603888217, -957.4743963684012, -957.9337371398632, -964.0434681026993, -984.9236286022591, -996.4913778958223, -997.2527593446787, -1041.2573097422128, -1042.399663569646, -1044.9519930509139, -1050.178632082947, -1059.7556812303592, -1061.2769036205043, -1073.4385491583241, -1114.6549085391891, -1129.591495348722, -1131.679937244759, -1134.9107153092646, -1140.858651248245, -1144.181552324871, -1149.934751022463, -1158.1265761137838, -1166.5638929475422, -1175.742606951028, -1178.164812052884, -1178.7983350410288, -1178.877394392377]
 -- BestCostElement: [-1178.87739439 -1178.87739439 -1178.79833504 -1178.79833504]
 -- BestRoute: [[ 0  6  3  4  5  7  9  8 11 25 27 28 31 30 29 26  2 24 22 23 19 21 20 17
   1 14 13 12 15 16 18 10  0]]
 -- Custo: 
 ---------82.78065140190571
 ---- Total: 82.78065140190571
 -- Premio: 
 ---------151.0
 ---- Total: 151.0
 - Execucao 12
 -- BestCostGenaration: [-134.11145618000168, -220.35524137982236, -318.9627885870266, -392.9627885870266, -413.51737177955977, -464.59579118189606, -492.5241604015939, -547.8519895043237, -584.8557522247407, -629.4278452151909, -665.9182678027646, -736.0130574244406, -766.4252128224754, -796.5450967910172, -861.4698147190119, -893.5812708990136, -956.6275719048946, -960.8519149179849, -982.7248710854545, -1006.6601596183334, -1008.3309543406573, -1043.890375361189, -1048.8178360225215, -1055.52503228473, -1056.9664751354067, -1070.7395299978116, -1082.7181869820151, -1086.1060070096669, -1090.6183252757278, -1099.966308558689, -1102.3201574951458, -1106.3729260080163, -1108.8949928161596, -1110.234026582369, -1112.656231684225, -1115.1782984923684, -1115.237347713793, -1118.3956625432536, -1123.1782984923684, -1123.3835213158677]
 -- BestCostElement: [-1123.38352132 -1123.17829849 -1120.86145451 -1120.65623168]
 -- BestRoute: [[ 0  3  4  5  7 12 14 13 17 20 21 19  1 15 16 18 10  9 11  6  8 23 22  2
  29 30 31 28 27 25 26 24  0]]
 -- Custo: 
 ---------96.6541196710331
 ---- Total: 96.6541196710331
 -- Premio: 
 ---------151.0
 ---- Total: 151.0
 - Execucao 13
 -- BestCostGenaration: [-134.11145618000168, -230.22291236000336, -303.5293147338106, -355.0103378132554, -412.6878329616082, -466.54144538260573, -519.7639818788421, -567.0134933286063, -609.8520158834198, -648.3557437461156, -687.416166818718, -759.96330379914, -777.6649193907156, -827.1836329311841, -847.5720766777459, -891.6682502026863, -936.1588207921599, -944.9241716445235, -971.1921933726708, -1027.9021958752653, -1036.3155590263875, -1043.3357796430432, -1075.1298776365866, -1076.7446896040792, -1085.5100404564428, -1091.581878177636, -1093.840248047054, -1110.2294166086372, -1119.0388578141306, -1120.7484805764932, -1130.1736452554796, -1133.1440442129638, -1135.6661110211069, -1138.7218391111078, -1140.352402522122, -1140.4314618734704, -1142.8117884843198, -1145.1177533744858]
 -- BestCostElement: [-1145.11775337 -1145.11775337 -1145.03869402 -1145.03869402]
 -- BestRoute: [[ 0 10  9 11  8  6  3  4  5  7 16 15 12 13 14  1 17 20 21 19 18 23 22 24
   2 26 29 31 28 25 27 30  0]]
 -- Custo: 
 ---------91.22056165637858
 ---- Total: 91.22056165637858
 -- Premio: 
 ---------151.0
 ---- Total: 151.0
 - Execucao 14
 -- BestCostGenaration: [-134.11145618000168, -239.24959708854544, -322.448567005379, -353.2570884524789, -400.86834586004306, -455.93315345988213, -508.4222425258391, -540.17181289252, -593.7608367254977, -645.799628858845, -669.7054994529981, -708.0189396970645, -744.3574624052659, -802.9322977262794, -831.2703893382024, -835.7986923196645, -904.3633786227218, -964.6954784707052, -977.6445493036571, -990.7530459065282, -1037.2959150696104, -1069.2959150696104, -1090.3718280079138, -1114.6586879873635, -1132.3937124468102, -1137.5608967168127, -1151.3845763946258, -1153.01513980564, -1161.9857025541173, -1162.608522356313, -1166.5721323488456, -1168.3816168174953, -1170.9036836256387, -1171.7743846678286]
 -- BestCostElement: [-1171.77438467 -1171.69532532 -1171.51640426 -1171.43734491]
 -- BestRoute: [[ 0  8  6  3  4  5 15 12 13 14  1 17 20 21 19 18 16  7 10  9 11 22 23 26
  29 30 31  2 28 27 25 24  0]]
 -- Custo: 
 ---------84.55640383304288
 ---- Total: 84.55640383304288
 -- Premio: 
 ---------151.0
 ---- Total: 151.0
