 - Execucao 0
 -- BestCostGenaration: [-59.35289386334077, -1425.7426557200868, -1766.2417184634978, -1789.9029908358784, -1799.6592092167707, -1817.2414495006942, -1831.9074145082282, -1858.4555651007, -1872.0177557838929, -1912.853324036871, -1947.3252673900683, -1950.3809954800695, -1967.0270461087216, -1972.8626143616998, -1987.575196701193, -1992.152991599337, -1995.839283100352, -2000.9213020288312, -2003.9770301188319, -2006.6943964900133, -2009.037542240521, -2027.6123775615347, -2033.9818141505202, -2041.4069788295064, -2053.98181415052, -2071.037542240521, -2072.926086060519, -2089.2769754198457, -2116.98181415052, -2130.130758679904, -2130.5853606104133]
 -- BestCostElement: [-2130.58536061 -2130.58536061 -2130.58536061 -2130.58536061]
 -- BestRoute: [array([ 0, 30, 19, 15, 24, 31,  1])
 array([ 0, 43, 42, 40, 34, 28, 21, 29, 22, 18, 17,  9, 16,  2])
 array([ 0, 66, 69, 76, 84, 83, 75, 74, 68, 63, 53,  3])
 array([ 0, 50, 49, 45, 44, 41, 37,  8,  4])
 array([ 0, 38, 32, 27, 14, 13, 20, 26, 25, 12,  5])
 array([ 0, 47, 54, 65, 64, 58, 48, 52, 57, 62, 72, 81, 73,  6])
 array([ 0, 55, 59, 60, 56, 51, 61, 67, 70, 77, 85, 87, 78, 86, 79, 71, 80,
        7])]
 -- Custo: 
 ---------18.896492791108205
 ---------20.52733584216013
 ---------21.951532750363853
 ---------23.31915701838349
 ---------23.585258234786615
 ---------25.837194136991332
 ---------29.736689073603
 ---- Total: 163.85365984739664
 -- Premio: 
 ---------31.0
 ---------85.0
 ---------50.0
 ---------38.0
 ---------38.0
 ---------68.0
 ---------88.0
 ---- Total: 398.0
 - Execucao 1
 -- BestCostGenaration: [-299.7422780201251, -1579.821400190945, -1722.352333663547, -1724.9534598230384, -1777.4458823255088, -1779.3870078224634, -1804.1176566232396, -1807.9414714592597, -1839.5296753044065, -1863.9392575442675, -1884.693854806543, -1930.8384359807098, -1980.749537705808, -2012.1190194855294, -2014.4505707623225, -2036.2686901275565, -2037.1751414655942, -2039.7762676250857, -2147.6742475502533, -2186.969987977711, -2200.5370796899056, -2211.9547124548153, -2223.7792653922115, -2230.771521783392, -2246.8877619950827, -2250.0225494364317, -2277.193726885248, -2285.0148058276127, -2290.727388167106, -2296.592393671607, -2297.009814741775, -2301.69610624279, -2306.382397743805, -2309.69610624279, -2318.9307553904264, -2324.121270921776, -2337.408688582283, -2343.9912675121154, -2344.408688582283, -2358.37925133076, -2360.2677951507585]
 -- BestCostElement: [-2360.26779515 -2360.26779515 -2360.26779515 -2360.26779515]
 -- BestRoute: [array([ 0, 41, 44, 45, 49, 51,  1])
 array([ 0, 47, 43, 42, 40, 34, 29, 28, 21, 17, 18, 10,  9, 16,  2])
 array([ 0, 54, 58, 53, 48, 52, 57, 62, 63, 68, 74, 82, 73, 72, 81,  3])
 array([ 0,  8, 20, 13, 12, 25, 24, 15, 19, 23, 22, 11,  4])
 array([ 0, 33, 35, 30, 36, 37, 26, 31, 38, 32, 27, 14,  5])
 array([ 0, 55, 50, 59, 66, 69, 76, 84, 83, 75, 64, 65,  6])
 array([ 0, 70, 77, 85, 87, 78, 86, 79, 80, 71, 61, 56, 60, 67,  7])]
 -- Custo: 
 ---------12.128990204491961
 ---------20.242640687119287
 ---------21.96399003885765
 ---------23.925879193046846
 ---------23.785844453984343
 ---------22.895804660363012
 ---------28.739901974447307
 ---- Total: 153.68305121231037
 -- Premio: 
 ---------25.0
 ---------86.0
 ---------85.0
 ---------55.0
 ---------51.0
 ---------48.0
 ---------75.0
 ---- Total: 425.0
 - Execucao 2
 -- BestCostGenaration: [-46.40252980375194, -1448.364299621889, -1721.2747867063747, -1725.3466244275683, -1779.870946272398, -1799.2246671202552, -1822.8659572394288, -1852.1616476284007, -1857.675605499072, -1877.0822229483992, -1879.4253686989068, -1897.3141362023798, -1899.6572819528874, -1911.135215144744, -1913.4783608952516, -1916.0794870547434, -1918.6806132142349, -1921.0237589647425, -1932.8621230038577, -1936.1758315028426, -1939.0721189316598, -1948.4152646821678, -1973.9930595803119, -1974.943531071601, -2009.943531071601, -2011.3951734249797, -2017.5227392361742, -2038.5227392361742, -2039.3252257581437, -2042.126661181803]
 -- BestCostElement: [-2042.12666118 -2042.12666118 -2042.12666118 -2042.12666118]
 -- BestRoute: [array([ 0, 50, 56, 60, 67, 71, 61, 51, 49,  1])
 array([ 0, 25,  8, 12, 15, 19, 22,  2]) array([ 0, 28, 39, 46, 72,  3])
 array([ 0, 24, 30, 23, 11, 10, 18, 17, 21, 16,  9,  4])
 array([ 0, 54, 47, 43, 42, 40, 34, 29, 33, 35, 36, 37, 26, 20, 13,  5])
 array([ 0, 48, 53, 52, 57, 62, 63, 58, 64, 68, 74, 73, 82,  6])
 array([ 0, 55, 59, 66, 69, 76, 84, 83, 75, 65, 77, 85, 87, 70, 78, 86, 79,
        7])]
 -- Custo: 
 ---------18.349190257286825
 ---------20.78474740047306
 ---------19.06225774829855
 ---------22.912815669304436
 ---------24.549776476484553
 ---------23.332364985626644
 ---------28.977182167075235
 ---- Total: 157.9683347045493
 -- Premio: 
 ---------44.0
 ---------36.0
 ---------21.0
 ---------53.0
 ---------77.0
 ---------72.0
 ---------79.0
 ---- Total: 382.0
 - Execucao 3
 -- BestCostGenaration: [-42.160961887723566, -1407.8724791070772, -1716.8218499200525, -1723.191286509038, -1750.478704169545, -1775.6014466286301, -1857.5141126514432, -1863.8835492404287, -1879.2081025705415, -1919.4997871318224, -1920.3022736537923, -1940.2268587819294, -1979.8207653636393, -1980.6232518856089, -2003.684451829824, -2010.713889081347, -2015.658160991346, -2021.9751963236936, -2026.0570348318545, -2034.9674527148745, -2035.769939236844, -2040.7666575942171, -2045.1825999003913, -2053.300001898692, -2057.9491125393656, -2063.5814737409, -2073.001780617345, -2083.5814737409, -2088.9509103298856, -2103.283252459553, -2103.995834799046, -2108.682126300061, -2115.7788867840395, -2120.4651782850547, -2124.3945301468157, -2139.1041529091785, -2142.8724633386723, -2145.21560908918, -2150.8724633386723, -2153.2156090891804, -2157.8430260871496, -2160.186171837657, -2164.51480038488, -2166.8579461353875]
 -- BestCostElement: [-2166.85794614 -2166.85794614 -2166.85794614 -2166.85794614]
 -- BestRoute: [array([ 0, 55, 66, 69, 70, 67, 71, 61, 56,  1])
 array([ 0, 37, 25, 24, 15, 30, 23, 22, 18, 10,  2])
 array([ 0, 48, 53, 58, 63, 52, 57, 62,  3])
 array([ 0, 46, 39, 28, 21, 16,  9, 17, 11,  4])
 array([ 0, 50, 49, 44, 41, 38, 31, 26,  8, 12, 13, 20, 27, 14,  5])
 array([ 0, 36, 35, 33, 29, 34, 40, 42, 43, 47, 54, 65, 64,  6])
 array([ 0, 68, 73, 72, 81, 82, 74, 75, 83, 84, 76, 77, 85, 87,  7])]
 -- Custo: 
 ---------18.964036747836243
 ---------20.955429663496012
 ---------15.81379615571165
 ---------20.714776642118867
 ---------24.696186211948007
 ---------24.423668705363433
 ---------27.46761933967883
 ---- Total: 153.03551346615305
 -- Premio: 
 ---------54.0
 ---------50.0
 ---------40.0
 ---------45.0
 ---------68.0
 ---------69.0
 ---------71.0
 ---- Total: 397.0
 - Execucao 4
 -- BestCostGenaration: [-9.091236710239052, -1435.030535120604, -1538.5288875674933, -1782.549274291433, -1783.4826561795685, -1786.6174436209176, -1844.1537202680988, -1845.1989089631434, -1848.2218895975834, -1873.1989089631434, -1875.288507709448, -1887.465025567075, -1913.5518123342913, -1922.9692948767388, -1971.1647404314308, -1992.505090395801, -1994.061027860248, -1995.254689804643, -1996.2998784996876, -2009.7670854606738, -2011.969449946951, -2013.0146386419956, -2014.5705761064426, -2037.0781103408153, -2037.234798479018, -2053.756658233012, -2054.7272209814887, -2064.0703667319967, -2073.109903063916, -2074.703285614589, -2076.215253253742, -2079.270981343743, -2079.688402413911, -2082.289528573402, -2096.19597991144, -2096.3434111461675, -2097.113960982961, -2111.1885880285477, -2111.544376956412, -2116.2012312059046, -2120.3538614250624, -2121.145503115904, -2121.1826839762457, -2122.865829064216]
 -- BestCostElement: [-2122.86582906 -2122.86582906 -2122.86582906 -2122.86582906]
 -- BestRoute: [array([ 0, 35, 22, 23, 30, 37,  1])
 array([ 0, 36, 24, 15, 11, 10, 18, 17, 21, 28, 16,  9,  2])
 array([ 0, 47, 43, 42, 40, 34, 29, 39, 46, 48, 53, 52, 57, 62,  3])
 array([ 0, 55, 59, 66, 69, 84, 76, 19,  4])
 array([ 0, 50, 60, 67, 61, 56, 49, 45, 44, 41, 31, 26,  8, 20, 13,  5])
 array([ 0, 71, 80, 79, 86, 78, 70, 77, 85, 75, 83,  6])
 array([ 0, 54, 64, 68, 74, 82, 81, 72, 73, 63, 58, 65,  7])]
 -- Custo: 
 ---------18.527335842160127
 ---------20.714776642118867
 ---------22.128990204491963
 ---------23.578225636037853
 ---------24.76997652927942
 ---------24.796498704525767
 ---------27.767739175331982
 ---- Total: 162.28354273394598
 -- Premio: 
 ---------28.0
 ---------57.0
 ---------88.0
 ---------28.0
 ---------77.0
 ---------56.0
 ---------62.0
 ---- Total: 396.0
 - Execucao 5
 -- BestCostGenaration: [9.24304716136377, -1573.8245489756907, -1712.2887364979617, -1738.058799287672, -1773.1665574663855, -1842.9613564976578, -1881.0186770155665, -1919.7004367297786, -1935.9140598390018, -1951.8039256174866, -1969.815727145351, -1985.1733622064726, -2007.5165079569801, -2017.6512953983292, -2027.803925617487, -2042.1709412373307, -2048.803718563337, -2060.569069415701, -2072.9385060046866, -2078.4164391965433, -2084.885573700823, -2090.3635068926797, -2094.0470026075577, -2118.7113914841398, -2122.394887199018, -2146.5032402291313, -2152.7301909586845, -2156.4136866735626, -2161.4136866735626, -2164.014812833054, -2168.1407583236696, -2169.7597920012004, -2170.741884483161, -2172.360918160692]
 -- BestCostElement: [-2172.36091816 -2172.36091816 -2172.36091816 -2172.36091816]
 -- BestRoute: [array([ 0, 36, 30, 23, 22,  1])
 array([ 0, 54, 47, 35, 46, 39, 28, 21, 16,  2])
 array([ 0, 58, 53, 48, 52, 57, 62, 63, 73, 82, 81, 72,  3])
 array([ 0, 43, 42, 40, 33, 34, 29,  9, 17, 18, 10, 11, 19, 15,  4])
 array([ 0, 37,  8, 20, 27, 31, 41, 44, 49, 45, 32, 14,  5])
 array([ 0, 66, 76, 84, 83, 75, 74, 68, 64, 65, 69, 77, 85,  6])
 array([ 0, 60, 67, 61, 56, 50, 55, 59, 70, 78, 86, 79, 71, 80,  7])]
 -- Custo: 
 ---------18.911473098340764
 ---------20.89292222699217
 ---------20.89292222699217
 ---------23.718673555251026
 ---------24.932451902666344
 ---------25.546774330981094
 ---------27.26455311860342
 ---- Total: 162.159770459827
 -- Premio: 
 ---------23.0
 ---------47.0
 ---------64.0
 ---------76.0
 ---------62.0
 ---------58.0
 ---------73.0
 ---- Total: 403.0
 - Execucao 6
 -- BestCostGenaration: [-48.94700850626262, -1778.3786559461012, -1779.9155635226455, -1806.748379252643, -1825.531527603486, -1846.4351831553865, -1848.2823114980017, -1884.6912844189067, -1906.7030212065395, -1917.3626712421694, -1947.4156035460326, -1948.8522979585025, -1988.9906654645579, -2008.3972829138852, -2013.7961567543935, -2043.3972829138852, -2060.788413145575, -2065.184491199946, -2065.228848499707, -2085.008529719441, -2086.0162733282596, -2089.9899824897816, -2095.3888563302903, -2095.9899824897816, -2101.3888563302903, -2106.0751478313055, -2131.444584420291, -2133.0751478313055, -2152.411437860458, -2154.7545836109657]
 -- BestCostElement: [-2154.75458361 -2154.75458361 -2154.75458361 -2154.75458361]
 -- BestRoute: [array([ 0, 41, 31, 38, 44, 49, 61,  1])
 array([ 0, 23, 22, 18, 17, 21, 39, 28, 16,  9,  2])
 array([ 0, 58, 53, 48, 52, 57, 62, 63, 68, 74, 82, 73, 72, 81,  3])
 array([ 0, 30, 19, 24, 25, 26, 27, 20, 13,  8, 12, 15,  4])
 array([ 0, 54, 47, 43, 42, 40, 34, 29, 33, 35, 36, 37,  5])
 array([ 0, 70, 77, 85, 87, 78, 71, 79, 86,  6])
 array([ 0, 55, 59, 66, 69, 76, 84, 83, 75, 64, 65, 50, 56, 60, 67,  7])]
 -- Custo: 
 ---------18.37825031020934
 ---------19.79008315442217
 ---------21.899494936611667
 ---------23.83788226773653
 ---------24.296046464425018
 ---------24.957219593871326
 ---------29.902377369982506
 ---- Total: 163.06135409725854
 -- Premio: 
 ---------36.0
 ---------54.0
 ---------79.0
 ---------57.0
 ---------65.0
 ---------46.0
 ---------64.0
 ---- Total: 401.0
 - Execucao 7
 -- BestCostGenaration: [-121.624263316738, -1581.5851199033305, -1590.2977022428238, -1706.948250807613, -1719.465162028267, -1896.2865763966165, -1933.1431950855126, -1936.6555644980824, -1941.8442431763585, -1942.1171715262515, -1976.0138219804921, -2015.563608264028, -2017.6338256646427, -2031.876318855989, -2036.6708832841343, -2055.148816475991, -2064.8806721577866, -2072.89220189127, -2073.5257248794146, -2083.548058233738, -2093.227503598068, -2095.649708699924, -2128.2930374018847, -2129.0056197413783, -2141.770970593742, -2156.319515076277, -2168.7150787127475, -2171.0939493572573, -2176.492823197766, -2182.305401251399, -2202.0316469072213, -2211.7258458080487, -2223.547131804563, -2228.2753017965847, -2247.8529329037356, -2248.5655152432287, -2252.5069913670904, -2260.600381085809, -2262.943526836317, -2273.2195737065836, -2276.89812159878, -2280.2942429163077, -2281.3019865251267, -2285.1857915041724, -2288.8643393963685, -2292.1780478953533, -2293.6032125743395]
 -- BestCostElement: [-2293.60321257 -2293.60321257 -2293.60321257 -2293.60321257]
 -- BestRoute: [array([ 0, 26,  8, 12, 13, 20, 31,  1])
 array([ 0, 47, 43, 42, 40, 34, 29, 21, 16,  9, 10, 18, 17,  2])
 array([ 0, 48, 53, 52, 57, 62, 63, 58, 64, 68, 74, 82, 73, 72, 81,  3])
 array([ 0, 37, 25, 24, 30, 35, 33, 22, 23, 11, 19, 15,  4])
 array([ 0, 36, 41, 44, 49, 51, 45, 38, 32, 27, 14,  5])
 array([ 0, 55, 50, 59, 66, 69, 76, 84, 83, 75, 54, 65,  6])
 array([ 0, 60, 56, 61, 67, 86, 87, 85, 77, 70, 78, 79, 71, 80,  7])]
 -- Custo: 
 ---------18.817337799805944
 ---------20.242640687119287
 ---------22.998514450204457
 ---------23.436172702835822
 ---------22.080522954855812
 ---------24.895804660363012
 ---------27.378203601230744
 ---- Total: 159.8491968564151
 -- Premio: 
 ---------33.0
 ---------80.0
 ---------83.0
 ---------53.0
 ---------45.0
 ---------50.0
 ---------75.0
 ---- Total: 419.0
 - Execucao 8
 -- BestCostGenaration: [-104.22459743905158, -1547.39734377507, -1818.6607480223606, -1826.4818269647249, -1850.6794379789803, -1871.5452986635446, -1893.2627727719487, -1896.3185008619494, -1896.5738731515899, -1924.226382764481, -1926.8646897843141, -1932.326244470768, -1965.4709514332812, -1969.6935123354974, -1970.4060946749905, -1979.044401694824, -1995.3503665849898, -1999.036658086005, -2012.0289144771864, -2013.036658086005, -2013.723940756427, -2014.1612012642481, -2020.99686910632, -2021.434129614141, -2034.99686910632, -2035.4142901764876, -2037.6189627958724, -2057.3207415145257, -2057.758002022347]
 -- BestCostElement: [-2057.75800202 -2057.75800202 -2057.75800202 -2057.75800202]
 -- BestRoute: [array([ 0, 15,  8, 27, 32,  1])
 array([ 0, 11, 10, 18, 17,  9, 16, 21, 28,  2])
 array([ 0, 55, 59, 66, 69, 76, 84, 83, 75, 65, 64, 68, 74, 82,  3])
 array([ 0, 41, 44, 38, 31, 26, 20, 13, 12, 25, 24, 19,  4])
 array([ 0, 40, 34, 29, 33, 35, 22, 23, 30, 36, 37,  5])
 array([ 0, 54, 58, 63, 62, 57, 52, 53, 48, 42, 43, 47,  6])
 array([ 0, 50, 49, 45, 51, 56, 60, 67, 61, 71, 79, 86, 78, 70, 77,  7])]
 -- Custo: 
 ---------18.89649279110821
 ---------18.91633618560968
 ---------22.705481427033433
 ---------23.073262114491122
 ---------24.03092973168664
 ---------25.19124795279051
 ---------29.996749291693778
 ---- Total: 162.8104994944134
 -- Premio: 
 ---------26.0
 ---------43.0
 ---------69.0
 ---------48.0
 ---------56.0
 ---------70.0
 ---------75.0
 ---- Total: 387.0
 - Execucao 9
 -- BestCostGenaration: [-95.56202114241228, -1539.3316252754398, -1704.8369443320366, -1707.4380704915284, -1767.4582753807863, -1834.8293487451476, -1902.7866793126739, -1928.7337470088103, -1942.3123327598285, -1956.5513471902611, -1962.7641389042008, -1971.6140280362067, -1977.6600508472823, -1986.4040321084046, -2021.44285058739, -2042.1476893180643, -2055.9687682604285, -2057.4204106138077, -2057.5991900262643, -2057.743817297683, -2080.741518296249, -2081.905950043271, -2086.0291430109055, -2106.1274905958207, -2109.0188302019565, -2115.5669807944278, -2115.9316785424608, -2120.511252704427, -2120.87595045246, -2143.398017260603, -2144.3094164213226, -2145.8314832294654, -2159.53632196014, -2179.647821403298, -2184.708333524987]
 -- BestCostElement: [-2184.70833352 -2184.70833352 -2184.70833352 -2184.70833352]
 -- BestRoute: [array([ 0, 36, 30, 23, 22,  1]) array([ 0, 46, 39, 28, 21, 16,  9,  2])
 array([ 0, 54, 55, 59, 70, 77, 85, 75, 81,  3])
 array([ 0, 47, 43, 42, 35, 33, 40, 34, 29, 17, 18, 10, 11, 19, 15,  4])
 array([ 0, 37, 41, 44, 49, 45, 38, 32, 27, 31, 20,  8, 12, 13,  5])
 array([ 0, 48, 53, 52, 57, 62, 63, 58, 64, 68, 74, 82, 72, 73,  6])
 array([ 0, 65, 83, 84, 76, 69, 66, 60, 56, 61, 67, 71, 80, 79, 86,  7])]
 -- Custo: 
 ---------18.911473098340764
 ---------16.242640687119287
 ---------22.529260928575713
 ---------22.53663105724556
 ---------24.391395729448334
 ---------25.878291257957635
 ---------28.58322386006588
 ---- Total: 159.07291661875317
 -- Premio: 
 ---------23.0
 ---------38.0
 ---------43.0
 ---------79.0
 ---------68.0
 ---------76.0
 ---------76.0
 ---- Total: 403.0
