 - Execucao 0
 -- BestCostGenaration: [-110.67992920465242, -1029.6494783900039, -1030.5409817871328, -1110.3832114641068, -1156.0323221047804, -1157.387204642921, -1179.7303503934286, -1182.865137834778, -1185.607523423187, -1214.4918503808967, -1219.7098965190262, -1239.1165139683535, -1285.9960744112313, -1295.3097829102162, -1324.4293333259443, -1342.1167641603702, -1345.2515516017193, -1345.9357814456155, -1358.3198145177228, -1379.159951090777, -1386.31663922898, -1390.7155130694882, -1414.8309624283042, -1426.4087573264483, -1434.2375798776316, -1440.2375798776316]
 -- BestCostElement: [-1440.23757988 -1440.23757988 -1440.23757988 -1440.23757988]
 -- BestRoute: [array([ 0, 37,  8, 13, 20, 27, 31,  0])
 array([ 0, 30, 23, 22, 18, 17, 10, 11,  0])
 array([ 0, 47, 43, 42, 40, 34, 28, 21, 29,  0])
 array([ 0, 65, 83, 84, 85, 77, 69, 66, 55,  0])
 array([ 0, 41, 44, 45, 49, 51, 56,  0])
 array([ 0, 50, 59, 60, 61, 67, 70,  0])
 array([ 0, 54, 48, 53, 52, 57, 62, 63, 58,  0])]
 -- Custo: 
 ---------18.856867475480115
 ---------18.981519418600854
 ---------18.881832902051926
 ---------18.935664825658925
 ---------18.336009426753158
 ---------18.879579072386356
 ---------18.81913190966076
 ---- Total: 131.69060503059208
 -- Premio: 
 ---------35.0
 ---------37.0
 ---------59.0
 ---------42.0
 ---------32.0
 ---------30.0
 ---------46.0
 ---- Total: 281.0
 - Execucao 1
 -- BestCostGenaration: [-83.28519441182914, -1010.5312691863382, -1035.935622464475, -1041.8028490022996, -1066.675500213425, -1076.3060636244393, -1102.234201535574, -1163.5445184462355, -1203.9635296950896, -1206.764965118749, -1229.0438375933568, -1248.6547690187865, -1269.6020456966517, -1277.981276018455, -1282.9255479284543, -1283.6097777723503, -1304.8836282271595, -1337.3181904850683, -1342.2624623950676, -1346.8696533344466, -1350.2205426937733, -1351.3965041742783, -1354.7473935336047, -1355.4316233775007, -1356.8031216236056, -1363.220542693773, -1363.904772537669, -1379.2479182881766]
 -- BestCostElement: [-1379.24791829 -1379.24791829 -1379.24791829 -1379.24791829]
 -- BestRoute: [array([ 0, 47, 43, 42, 40, 34, 21, 29,  0])
 array([ 0, 41, 31, 27, 13,  8,  0]) array([ 0, 55, 56, 67, 61, 49,  0])
 array([ 0, 36, 24, 15, 12, 25, 37,  0])
 array([ 0, 35, 33, 17, 10, 18, 22, 23, 30,  0])
 array([ 0, 66, 69, 77, 85, 87, 78, 70,  0])
 array([ 0, 54, 48, 53, 52, 57, 62, 63, 58,  0])]
 -- Custo: 
 ---------17.46761933967883
 ---------18.98380158567333
 ---------18.650281539872886
 ---------18.313755207963357
 ---------18.77066466002461
 ---------18.432766185082038
 ---------18.81913190966076
 ---- Total: 129.43802042795582
 -- Premio: 
 ---------53.0
 ---------34.0
 ---------34.0
 ---------26.0
 ---------41.0
 ---------37.0
 ---------46.0
 ---- Total: 271.0
 - Execucao 2
 -- BestCostGenaration: [-140.63450145259407, -1066.471904714484, -1107.3660468820858, -1122.761915954728, -1145.5755417428807, -1159.1150192290465, -1192.8063018158998, -1218.7388369382659, -1225.5716526682634, -1245.4561581187118, -1260.7880715636236, -1296.620204318845, -1316.8521175728256, -1317.8598611816442, -1322.111851951489, -1323.1195955603075, -1337.9112372511493, -1360.2543830016568, -1367.4378013734247, -1369.0683647844392, -1371.4115105349467, -1382.3557824449458, -1385.116349265621, -1385.3726920559616, -1386.0569218998576]
 -- BestCostElement: [-1386.0569219 -1386.0569219 -1386.0569219 -1386.0569219]
 -- BestRoute: [array([ 0, 47, 43, 42, 40, 34, 21, 29,  0])
 array([ 0, 50, 44, 49, 51, 61, 56, 60,  0])
 array([ 0, 54, 48, 53, 52, 57, 62, 58,  0])
 array([ 0, 30, 23, 22, 18, 10, 17, 33,  0])
 array([ 0, 26,  8, 20, 27, 31, 41,  0])
 array([ 0, 65, 76, 84, 77, 70, 69, 66, 55,  0])
 array([ 0, 35, 19, 15, 24, 25, 37,  0])]
 -- Custo: 
 ---------17.46761933967883
 ---------18.88362701190674
 ---------18.567196007456047
 ---------18.528023972905324
 ---------17.93975529467841
 ---------18.245523120490127
 ---------18.10402477792015
 ---- Total: 127.73576952503562
 -- Premio: 
 ---------53.0
 ---------35.0
 ---------43.0
 ---------38.0
 ---------36.0
 ---------41.0
 ---------25.0
 ---- Total: 271.0
 - Execucao 3
 -- BestCostGenaration: [-1063.8620626436452, -1064.8698062524643, -1147.7701516003267, -1188.7624079915079, -1198.4305830004882, -1213.2777290978559, -1215.6208748483634, -1216.1545361302212, -1233.0678969610472, -1236.212566785459, -1236.8975662779999, -1241.5544205274923, -1243.8975662779999, -1245.9532943680008, -1252.9532943680008, -1253.4869556498584, -1259.7743733103653, -1275.8301014003662, -1281.1655487327905, -1287.5163929013813, -1296.6806175942534, -1299.023763344761, -1299.5546721036378, -1301.823191907578, -1315.823191907578, -1325.509483408593, -1328.823191907578, -1340.400986805722, -1346.9526546563811, -1347.5844897772388, -1349.0887590869024, -1354.0694209157762, -1366.9049891687544, -1368.9607172587553]
 -- BestCostElement: [-1368.96071726 -1368.96071726 -1368.96071726 -1368.96071726]
 -- BestRoute: [array([ 0, 54, 47, 43, 42, 40, 34, 29, 33,  0])
 array([ 0, 41, 31, 27, 13,  8,  0])
 array([ 0, 65, 64, 74, 68, 58, 53, 48,  0])
 array([ 0, 59, 60, 56, 61, 67, 70,  0])
 array([ 0, 36, 30, 23, 11, 10, 17, 18, 22,  0])
 array([ 0, 37, 44, 45, 49, 50, 55,  0])
 array([ 0, 66, 69, 77, 85, 84, 83, 75,  0])]
 -- Custo: 
 ---------16.89292222699217
 ---------18.98380158567333
 ---------18.872406679083333
 ---------17.915211834928364
 ---------18.723874121837472
 ---------18.259729728469036
 ---------18.861874508327514
 ---- Total: 128.5098206853112
 -- Premio: 
 ---------56.0
 ---------34.0
 ---------43.0
 ---------34.0
 ---------39.0
 ---------30.0
 ---------33.0
 ---- Total: 269.0
 - Execucao 4
 -- BestCostGenaration: [-1085.6359311424028, -1088.3073714664306, -1107.230059355214, -1118.6132361312866, -1134.1749889458467, -1134.821093075264, -1148.77842364279, -1157.1215693932975, -1161.4245757005244, -1175.4650236270372, -1175.5457708456727, -1189.4223541945635, -1190.1349365340566, -1190.8739965479422, -1193.401008363656, -1209.4881813649606, -1210.2272413788462, -1210.8147653162491, -1210.9936863738847, -1214.6799778749, -1215.2128934946193]
 -- BestCostElement: [-1215.21289349 -1215.21289349 -1215.21289349 -1215.21289349]
 -- BestRoute: [array([ 0, 33, 29, 21, 16, 34,  0])
 array([ 0, 65, 85, 87, 77, 69, 66, 55,  0])
 array([ 0,  8, 12, 15, 24,  0])
 array([ 0, 48, 53, 52, 57, 62, 63, 58,  0])
 array([ 0, 54, 47, 43, 42, 40, 46,  0])
 array([ 0, 59, 70, 71, 61, 56,  0])
 array([ 0, 35, 22, 23, 30, 36, 37, 41,  0])]
 -- Custo: 
 ---------18.679143857428578
 ---------18.666309392482717
 ---------18.960403604393647
 ---------17.927446638338978
 ---------18.307135789365265
 ---------18.877065599971168
 ---------18.779271744364845
 ---- Total: 130.1967766263452
 -- Premio: 
 ---------34.0
 ---------37.0
 ---------25.0
 ---------40.0
 ---------42.0
 ---------33.0
 ---------37.0
 ---- Total: 248.0
 - Execucao 5
 -- BestCostGenaration: [-963.2766600300436, -1023.0704288623157, -1025.1711366656323, -1038.2453567411371, -1040.3460645444536, -1063.767259758287, -1086.111622450967, -1087.7712649358302, -1123.1229932412068, -1142.1900921214474, -1148.6750232599848, -1169.3876055994779, -1181.9389228232294, -1196.4059421040179, -1208.7067097417278, -1210.7596420455911, -1213.102787796099, -1223.7308048507502, -1228.4170963517656, -1228.5831133757158, -1250.7602421022732, -1281.269404876731, -1283.6125506272385, -1285.243114038253, -1285.6682787172392, -1287.2988421282537, -1300.3808610567326, -1303.6502122559564, -1305.993358006464, -1321.0987494065782, -1326.4604423867447, -1327.2835714531082, -1353.6530080420937, -1355.2541342015852, -1356.1721152731063, -1356.3245586563496]
 -- BestCostElement: [-1356.32455866 -1356.32455866 -1356.32455866 -1356.32455866]
 -- BestRoute: [array([ 0, 64, 68, 73, 82, 74,  0])
 array([ 0, 50, 60, 56, 61, 67, 70,  0])
 array([ 0, 54, 47, 43, 42, 40, 34, 29, 33,  0])
 array([ 0, 41, 31, 27, 13,  8,  0])
 array([ 0, 65, 76, 85, 87, 77, 69, 66, 55,  0])
 array([ 0, 58, 53, 62, 57, 52, 48,  0])
 array([ 0, 36, 30, 23, 22, 11, 15,  0])]
 -- Custo: 
 ---------18.689811215547056
 ---------17.708006197132548
 ---------16.89292222699217
 ---------18.98380158567333
 ---------18.895804660363012
 ---------18.17008732545826
 ---------18.82842712474619
 ---- Total: 128.16886033591257
 -- Premio: 
 ---------32.0
 ---------35.0
 ---------56.0
 ---------34.0
 ---------39.0
 ---------37.0
 ---------34.0
 ---- Total: 267.0
 - Execucao 6
 -- BestCostGenaration: [-134.71046105139106, -1013.947825246688, -1016.4553594810608, -1039.1334857893432, -1046.4090222585794, -1072.8755053803593, -1075.6769408040186, -1101.1496775474247, -1119.8305876488157, -1157.4171812345367, -1166.7492964576386, -1173.1307214104027, -1186.5825275547745, -1189.3839629784338, -1202.4659819069127, -1205.9878416609063, -1223.8087337673562, -1223.9996431887703, -1227.284999192158, -1250.3978860252466, -1252.286429845245, -1266.243760412771, -1296.2204291514236, -1306.8091961019936, -1309.0559974044018, -1309.3289257542947, -1326.0269908905032, -1336.5345683880325, -1349.370136641011, -1352.3066649421912]
 -- BestCostElement: [-1352.30666494 -1352.30666494 -1352.30666494 -1352.30666494]
 -- BestRoute: [array([ 0, 36, 30, 23, 22, 18, 21,  0])
 array([ 0, 55, 59, 70, 78, 87, 85, 77, 69, 66,  0])
 array([ 0, 54, 47, 43, 42, 40, 34, 29, 33, 35,  0])
 array([ 0, 48, 53, 52, 57, 62, 63, 58,  0])
 array([ 0, 60, 56, 61, 71, 67,  0]) array([ 0, 41, 20, 13,  8,  0])
 array([ 0, 37, 24, 25, 26, 27, 31,  0])]
 -- Custo: 
 ---------18.28895834052573
 ---------18.48816380760941
 ---------17.135562914111457
 ---------17.927446638338978
 ---------18.70368731717862
 ---------18.220557693918316
 ---------18.658957052769722
 ---- Total: 127.42333376445222
 -- Premio: 
 ---------36.0
 ---------47.0
 ---------59.0
 ---------40.0
 ---------31.0
 ---------25.0
 ---------28.0
 ---- Total: 266.0
 - Execucao 7
 -- BestCostGenaration: [-213.368276067618, -864.0087267974403, -929.4066182083167, -1038.7233924244633, -1042.3909159615173, -1077.2433639178719, -1077.9559462573652, -1080.3781513592212, -1083.441623058041, -1133.7770251997297, -1158.3734125182684, -1161.2513588840445, -1171.780029967596, -1172.471518721067, -1174.581465391255, -1176.4144872878703, -1202.40368366703, -1204.7468294175378, -1209.1007787888857, -1222.433120918553, -1226.7870702899008, -1244.7762666690605, -1264.8847632719317, -1269.2387126432795, -1269.8705477641374, -1272.4372888494245, -1278.6555594030651, -1291.9429770635718, -1296.9236388924453, -1325.0398791041355, -1325.9168931906504, -1353.204310851157, -1380.573747440143, -1418.8081895336297, -1432.1033508029552, -1439.0956071941362, -1461.438752944644]
 -- BestCostElement: [-1461.43875294 -1461.43875294 -1461.43875294 -1461.43875294]
 -- BestRoute: [array([ 0, 59, 70, 67, 71,  0]) array([ 0, 37, 31, 20, 13,  8, 25,  0])
 array([ 0, 60, 56, 61, 51, 49, 44, 41,  0])
 array([ 0, 47, 43, 42, 40, 33, 34, 29, 22, 23, 30,  0])
 array([ 0, 48, 53, 52, 57, 62, 63, 58,  0])
 array([ 0, 54, 65, 75, 83, 74, 68, 64,  0])
 array([ 0, 50, 77, 85, 84, 76, 69, 66, 55,  0])]
 -- Custo: 
 ---------18.916080475005984
 ---------18.80327528263976
 ---------18.77927174436485
 ---------18.601814290236735
 ---------17.927446638338978
 ---------17.950844619618657
 ---------18.91157871363405
 ---- Total: 129.890311763839
 -- Premio: 
 ---------24.0
 ---------34.0
 ---------39.0
 ---------71.0
 ---------40.0
 ---------40.0
 ---------35.0
 ---- Total: 283.0
 - Execucao 8
 -- BestCostGenaration: [-205.3089927834218, -975.9930735368084, -978.6877916214187, -1042.2570127008778, -1067.7586178573326, -1091.830455578526, -1114.6649356129192, -1135.5448611656584, -1138.6581899111243, -1162.8001402059035, -1162.9163804175937, -1219.5729824222005, -1219.6892226338907, -1229.627964850063, -1229.744205061753, -1249.0345822993904, -1252.8938332715034, -1282.2364499023645, -1285.0700300131161, -1287.4131757636237, -1327.1811712686035, -1346.8850817753596, -1353.4685889291106, -1353.8218337600144, -1380.1092514205213, -1395.587706591042, -1398.3891420147013, -1416.956233726896, -1417.6071173439398, -1419.0587596973187, -1422.6917607067996, -1425.9627997733105, -1429.8280123319614, -1450.5301080279974, -1456.9072882258017, -1461.851560135801, -1480.2504339763093, -1480.5233623262022, -1481.269598779507, -1507.8107799867091]
 -- BestCostElement: [-1507.81077999 -1507.81077999 -1507.81077999 -1507.81077999]
 -- BestRoute: [array([ 0, 55, 59, 70, 78, 87, 85, 77, 69, 66,  0])
 array([ 0, 48, 53, 52, 57, 62, 63, 58,  0])
 array([ 0, 37, 31, 27, 20,  8, 25, 24,  0])
 array([ 0, 43, 42, 40, 34, 29, 21, 28,  0])
 array([ 0, 35, 33, 17, 18, 22, 23, 30,  0])
 array([ 0, 47, 54, 64, 68, 74,  0])
 array([ 0, 60, 67, 61, 56, 49, 44, 41,  0])]
 -- Custo: 
 ---------18.48816380760941
 ---------17.927446638338978
 ---------18.931343551471134
 ---------18.467176095586215
 ---------17.356451097651515
 ---------17.097452068300655
 ---------18.77927174436485
 ---- Total: 127.04730500332275
 -- Premio: 
 ---------47.0
 ---------40.0
 ---------38.0
 ---------52.0
 ---------38.0
 ---------32.0
 ---------41.0
 ---- Total: 288.0
 - Execucao 9
 -- BestCostGenaration: [-163.5477440180419, -999.9110792475601, -1002.4457271969757, -1059.089050710219, -1074.959253467176, -1136.8114608690648, -1138.4543650846722, -1163.532777986784, -1187.652724659732, -1229.3947442507483, -1233.5034479077692, -1249.424181502271, -1282.0810357517632, -1282.490215726818, -1300.8232191337725, -1303.16636488428, -1312.4800733832649, -1317.16636488428, -1326.222092974281, -1333.2592738346227, -1340.179423541807, -1349.2645888833308, -1349.5375172332238, -1354.2094279627295, -1376.5520065438375, -1376.8249348937304, -1400.5034827859267, -1402.9256878877827, -1435.3245617282912]
 -- BestCostElement: [-1435.32456173 -1435.32456173 -1435.32456173 -1435.32456173]
 -- BestRoute: [array([ 0, 35, 33, 21, 17, 18, 22, 23,  0])
 array([ 0, 36, 30, 19, 15, 24, 25,  0])
 array([ 0, 54, 64, 75, 83, 74, 68,  0])
 array([ 0, 47, 43, 42, 48, 40, 34, 29,  0])
 array([ 0, 37,  8, 13, 27, 31, 41,  0])
 array([ 0, 55, 59, 70, 78, 87, 85, 77, 69, 66,  0])
 array([ 0, 50, 44, 49, 56, 61, 67, 60,  0])]
 -- Custo: 
 ---------18.28465974374617
 ---------16.449659909380483
 ---------17.939755294678406
 ---------18.63919221493264
 ---------18.983801585673326
 ---------18.48816380760941
 ---------18.883627011906743
 ---- Total: 127.66885956792717
 -- Premio: 
 ---------36.0
 ---------29.0
 ---------36.0
 ---------55.0
 ---------38.0
 ---------47.0
 ---------37.0
 ---- Total: 278.0
