 - Execucao 0
 -- BestCostGenaration: [-154.86962274548478, -1165.3986298919092, -1184.9017428218212, -1188.0331395476119, -1218.6437624128373, -1220.0599117731615, -1241.1567686229894, -1252.511285163737, -1259.511285163737, -1260.4292662352582, -1267.4292662352582, -1271.54072241526, -1285.54072241526, -1294.1597560927908, -1301.4326844426837, -1322.015263372516, -1342.7201021031906]
 -- BestCostElement: [-1342.7201021 -1342.7201021 -1342.7201021 -1342.7201021]
 -- BestRoute: [array([ 0, 65, 75, 83, 82, 74, 68, 64, 58,  0])
 array([ 0, 23, 22, 18, 11, 15, 24, 25,  0])
 array([ 0, 54, 47, 43, 42, 40, 34, 21,  0])
 array([ 0, 55, 59, 66, 69, 77, 85, 87, 78, 70, 60,  0])
 array([ 0, 48, 53, 52, 57, 62, 72, 73,  0])
 array([ 0, 35, 33, 29, 16, 17, 30,  0])]
 -- Custo: 
 ---------20.60181429023674
 ---------20.834824716514987
 ---------19.525026318025517
 ---------20.779271744364845
 ---------20.99851445020445
 ---------20.08052295485581
 ---- Total: 122.81997447420235
 -- Premio: 
 ---------49.0
 ---------37.0
 ---------52.0
 ---------51.0
 ---------39.0
 ---------34.0
 ---- Total: 262.0
 - Execucao 1
 -- BestCostGenaration: [-90.46233428647824, -1165.5665670409803, -1389.278030326422, -1393.9308502754052, -1442.9481916980935, -1445.5074393665784, -1445.5864987179268, -1448.642226807928, -1477.5307706279261, -1480.586498717927, -1499.9931161672544, -1506.6979548979289, -1509.7614265967484]
 -- BestCostElement: [-1509.7614266 -1509.7614266 -1509.7614266 -1509.7614266]
 -- BestRoute: [array([ 0, 41, 31, 27, 14, 20,  8, 26,  0])
 array([ 0, 55, 59, 66, 69, 76, 84, 83, 75, 74, 68,  0])
 array([ 0, 43, 42, 40, 34, 29, 21, 16,  0])
 array([ 0, 35, 22, 23, 30, 19, 15, 24, 25, 37,  0])
 array([ 0, 50, 60, 56, 61, 71, 67, 70,  0])
 array([ 0, 54, 47, 48, 53, 52, 57, 62, 58,  0])]
 -- Custo: 
 ---------20.997677687304893
 ---------20.881832902051922
 ---------19.624462804580553
 ---------20.912687064829253
 ---------20.765928589759028
 ---------19.877054302287245
 ---- Total: 123.05964335081289
 -- Premio: 
 ---------42.0
 ---------52.0
 ---------53.0
 ---------46.0
 ---------43.0
 ---------50.0
 ---- Total: 286.0
 - Execucao 2
 -- BestCostGenaration: [-166.22371739412773, -1173.6435087869859, -1203.1569867763453, -1203.4330995494847, -1227.9948811822862, -1232.7205957552694, -1236.6780262702566, -1244.3756885615117, -1261.1582012697763, -1285.3898908402823, -1286.8150555192688, -1297.7166579967939]
 -- BestCostElement: [-1297.716658 -1297.716658 -1297.716658 -1297.716658]
 -- BestRoute: [array([ 0, 21, 16,  9, 17, 18,  0])
 array([ 0, 36, 22, 29, 28, 34, 33, 35,  0])
 array([ 0, 49, 44, 41, 31, 26,  8,  0])
 array([ 0, 37, 24, 25, 12, 15, 19, 23, 30,  0])
 array([ 0, 54, 47, 43, 42, 40, 39, 46, 48,  0])
 array([ 0, 55, 59, 66, 69, 76, 84, 83, 75, 74, 68,  0])]
 -- Custo: 
 ---------20.67163376670752
 ---------19.320327917582855
 ---------20.689811215547053
 ---------20.443433543200516
 ---------19.81379615571165
 ---------20.881832902051922
 ---- Total: 121.82083550080152
 -- Premio: 
 ---------31.0
 ---------40.0
 ---------38.0
 ---------38.0
 ---------56.0
 ---------52.0
 ---- Total: 255.0
 - Execucao 3
 -- BestCostGenaration: [-1095.1435678505616, -1154.5178682724136, -1349.0495897742283, -1369.8110897616962, -1369.8703508856788, -1392.3331565698393, -1392.9463783586457, -1412.5614537062252, -1429.8701711193717, -1458.5007345303861, -1464.1575887798786, -1486.5007345303861, -1499.5177255256865, -1501.148288936701]
 -- BestCostElement: [-1501.14828894 -1501.14828894 -1501.14828894 -1501.14828894]
 -- BestRoute: [array([ 0, 55, 59, 66, 69, 76, 84, 83, 75, 74, 68,  0])
 array([ 0, 33, 34, 29, 21, 16,  9, 17,  0])
 array([ 0, 36, 30, 23, 22, 18, 10, 11, 15, 24,  0])
 array([ 0, 37, 41, 44, 49, 45, 51, 56, 60,  0])
 array([ 0, 54, 58, 53, 52, 48, 47, 43, 40, 42,  0])
 array([ 0, 50, 61, 71, 79, 86, 78, 70,  0])]
 -- Custo: 
 ---------20.881832902051922
 ---------20.874744778152635
 ---------20.57772817821186
 ---------20.73454147995595
 ---------19.902377369982506
 ---------20.49170305746984
 ---- Total: 123.4629277658247
 -- Premio: 
 ---------52.0
 ---------45.0
 ---------47.0
 ---------40.0
 ---------60.0
 ---------41.0
 ---- Total: 285.0
 - Execucao 4
 -- BestCostGenaration: [-162.05962470319173, -1096.1212507876749, -1108.0420956866694, -1144.7305624589676, -1179.1544600832103, -1185.0439359829497, -1192.4536134442985, -1206.8835171637575, -1217.1399049453137, -1227.1355961879744, -1249.3173130317473, -1253.8873643210725, -1256.073821933377, -1295.9160537689947, -1296.628636108488, -1301.9160537689947, -1319.987891490188, -1323.6819266000223, -1331.6819266000223, -1333.987891490188, -1334.7004738296814, -1336.0458334951811, -1354.8111843475447, -1379.7554562575438, -1383.0458334951811, -1384.3409947645066, -1388.5237666870378, -1403.1543300980522, -1404.1990043751962, -1406.1728773277114, -1406.7860991165176, -1421.4336535228324, -1432.832527363341]
 -- BestCostElement: [-1432.83252736 -1432.83252736 -1432.83252736 -1432.83252736]
 -- BestRoute: [array([ 0, 48, 46, 39, 28, 21,  0])
 array([ 0, 55, 59, 66, 69, 76, 84, 83, 75, 74, 68,  0])
 array([ 0, 47, 43, 42, 40, 34, 29, 17, 18, 22, 33, 35,  0])
 array([ 0, 36, 30, 23, 10, 11, 19, 15, 24,  0])
 array([ 0, 37, 25, 26, 31, 27, 20,  8,  0])
 array([ 0, 50, 56, 60, 67, 61, 51, 49, 44, 41,  0])]
 -- Custo: 
 ---------20.559550729372326
 ---------20.881832902051922
 ---------20.307135789365265
 ---------20.64222328045784
 ---------20.059294513511254
 ---------20.591830944406112
 ---- Total: 123.04186815916471
 -- Premio: 
 ---------33.0
 ---------52.0
 ---------72.0
 ---------34.0
 ---------37.0
 ---------47.0
 ---- Total: 275.0
 - Execucao 5
 -- BestCostGenaration: [-1248.0861632604501, -1253.2294635481521, -1289.5726092986595, -1291.9157550491673, -1350.2314041542259, -1351.1229075513547, -1351.8619675652403, -1381.6302779947343, -1382.5217813918632, -1383.2608414057488, -1404.1950142353514, -1404.2314041542259, -1409.6302779947343, -1420.0436411458566, -1420.2225622034923, -1421.674204556871, -1422.358434400767]
 -- BestCostElement: [-1422.3584344 -1422.3584344 -1422.3584344 -1422.3584344]
 -- BestRoute: [array([ 0, 59, 66, 69, 76, 84, 83, 75, 74, 68,  0])
 array([ 0, 22, 18, 23, 19, 15, 24, 25,  0])
 array([ 0, 47, 53, 62, 57, 52, 48, 42, 43,  0])
 array([ 0, 36, 30, 35, 33, 40, 34, 21, 29,  0])
 array([ 0, 54, 58, 63, 73, 82, 64, 65, 55,  0])
 array([ 0, 50, 56, 60, 67, 61, 51, 49, 44, 41,  0])]
 -- Custo: 
 ---------20.837102637643028
 ---------20.93089334409867
 ---------18.88362701190674
 ---------20.117900879551712
 ---------20.79903658220193
 ---------20.591830944406112
 ---- Total: 122.16039139980818
 -- Premio: 
 ---------44.0
 ---------36.0
 ---------55.0
 ---------47.0
 ---------44.0
 ---------47.0
 ---- Total: 273.0
 - Execucao 6
 -- BestCostGenaration: [-135.07127630128383, -1166.244465078782, -1251.6212281819983, -1251.7325316961471, -1255.9146164749534, -1321.8587589746369, -1336.42387352257, -1346.4117778932552, -1354.5574101657323, -1356.7066869176954, -1366.82998990489, -1380.8663798237644, -1408.8220225240034, -1428.2286399733307, -1428.8514597755263, -1448.2580772248537, -1458.7504997273243]
 -- BestCostElement: [-1458.75049973 -1458.75049973 -1458.75049973 -1458.75049973]
 -- BestRoute: [array([ 0, 50, 60, 67, 71, 79, 86, 78, 70,  0])
 array([ 0, 43, 42, 40, 34, 29, 21, 16,  0])
 array([ 0, 47, 48, 53, 52, 57, 62, 63, 58, 64,  0])
 array([ 0, 49, 44, 41, 31,  8,  0])
 array([ 0, 55, 59, 66, 69, 76, 84, 83, 75, 74, 68,  0])
 array([ 0, 35, 33, 22, 23, 30, 19, 15, 24, 36,  0])]
 -- Custo: 
 ---------20.53643332187874
 ---------19.624462804580553
 ---------19.478708664619077
 ---------20.511665630673747
 ---------20.881832902051922
 ---------20.779271744364845
 ---- Total: 121.81237506816889
 -- Premio: 
 ---------43.0
 ---------53.0
 ---------51.0
 ---------35.0
 ---------52.0
 ---------44.0
 ---- Total: 278.0
 - Execucao 7
 -- BestCostGenaration: [-189.99269292765067, -1181.969537861528, -1201.7555836037743, -1217.5149359310185, -1249.9928691228754, -1272.9692067129972, -1276.5827393517031, -1292.9439137815432, -1305.7794820345214, -1333.484320765196, -1347.484320765196, -1357.897683916318, -1363.244887585871, -1381.1891594958702, -1387.8382711307352, -1398.2516342818576, -1414.7685209125075, -1415.0292538444724, -1422.5823955227816, -1449.316671504979, -1470.316671504979, -1498.159983366776, -1526.159983366776, -1545.010706614813, -1552.6497181750901]
 -- BestCostElement: [-1552.64971818 -1552.64971818 -1552.64971818 -1552.64971818]
 -- BestRoute: [array([ 0, 30, 24, 25, 26,  8, 20, 27, 31, 41,  0])
 array([ 0, 55, 60, 56, 61, 71, 67, 70,  0])
 array([ 0, 34, 29, 21, 16,  9, 17, 22,  0])
 array([ 0, 59, 66, 69, 76, 84, 83, 75, 74, 68,  0])
 array([ 0, 58, 53, 48, 52, 57, 62, 63, 64,  0])
 array([ 0, 35, 33, 28, 39, 40, 42, 43, 47, 54,  0])]
 -- Custo: 
 ---------20.895804660363012
 ---------20.765928589759028
 ---------20.962466869436373
 ---------20.837102637643028
 ---------20.242640687119284
 ---------20.88362701190674
 ---- Total: 124.58757045622745
 -- Premio: 
 ---------53.0
 ---------48.0
 ---------50.0
 ---------44.0
 ---------44.0
 ---------54.0
 ---- Total: 293.0
 - Execucao 8
 -- BestCostGenaration: [-106.83625169342697, -1202.6818540424808, -1226.0814324234332, -1228.6825585829247, -1236.341854705018, -1238.9429808645095, -1250.2934468699916, -1255.9513238044567, -1258.5524499639482, -1275.357941253784, -1296.9255569970157, -1299.5266831565073, -1301.1572465675217, -1314.8698289070148, -1345.2207182663412, -1345.9333006058346, -1348.5344267653263, -1352.2129746575226, -1378.5824112465082]
 -- BestCostElement: [-1378.58241125 -1378.58241125 -1378.58241125 -1378.58241125]
 -- BestRoute: [array([ 0, 35,  9, 16, 21,  0])
 array([ 0, 36, 30, 23, 22, 11, 10, 18, 17, 29,  0])
 array([ 0, 50, 60, 56, 61, 71, 67, 70,  0])
 array([ 0, 54, 58, 63, 62, 57, 53, 48, 42, 43, 47,  0])
 array([ 0, 55, 59, 66, 69, 76, 84, 83, 75, 74, 68,  0])
 array([ 0, 33, 40, 34, 28, 39, 46,  0])]
 -- Custo: 
 ---------20.123958174891413
 ---------20.23155136217904
 ---------20.765928589759028
 ---------19.950844619618653
 ---------20.881832902051922
 ---------20.650281539872886
 ---- Total: 122.60439718837296
 -- Premio: 
 ---------24.0
 ---------46.0
 ---------43.0
 ---------66.0
 ---------52.0
 ---------36.0
 ---- Total: 267.0
 - Execucao 9
 -- BestCostGenaration: [-64.34898017257092, -1087.0991601170597, -1123.370177380365, -1154.807125394654, -1242.7874139280927, -1268.600956315788, -1270.1124044308394, -1332.5316777428652, -1346.1619544363232, -1348.0504982563214, -1350.135663597845, -1381.6138038438514, -1382.079935507844, -1423.0801425619939, -1457.2776560400243, -1472.3630284356977, -1473.3707720445166, -1478.769645885025, -1479.2357775490177, -1491.7619022762062, -1494.1127916355326, -1494.5302127057003, -1494.996344369693, -1508.7091337633358, -1509.1752654273284, -1509.708926709186, -1514.1078005496947]
 -- BestCostElement: [-1514.10780055 -1514.10780055 -1514.10780055 -1514.10780055]
 -- BestRoute: [array([ 0, 48, 53, 52, 57, 62, 63, 58, 64,  0])
 array([ 0, 54, 68, 74, 83, 84, 77, 69, 66,  0])
 array([ 0, 47, 43, 42, 40, 34, 29, 21, 16,  0])
 array([ 0, 55, 59, 70, 67, 61, 56, 49, 44, 41,  0])
 array([ 0, 35, 22, 23, 30, 19, 15, 24, 25,  0])
 array([ 0, 37, 12, 13, 20,  8, 26, 31,  0])]
 -- Custo: 
 ---------19.34166020071207
 ---------20.443433543200516
 ---------20.462185144412175
 ---------20.487475676864218
 ---------20.69230059649977
 ---------20.545994700887594
 ---- Total: 121.97304986257633
 -- Premio: 
 ---------44.0
 ---------47.0
 ---------60.0
 ---------56.0
 ---------42.0
 ---------37.0
 ---- Total: 286.0
