 - Execucao 0
 -- BestCostGenaration: [-219.09856340877377, -1622.506449792115, -1672.2794990625619, -1678.6119353396687, -1687.7293621521185, -1716.1244667543303, -1735.0070399418805, -1737.5291067500234, -1739.9688605282372, -1741.5324983383466, -1742.0904340808916, -1755.3778517413984, -1765.8436511828122, -1766.3995453841026, -1767.3257508328188, -1772.9826050823112, -1774.318007224, -1775.8811850372174, -1776.1391654462013, -1782.7022639795819, -1782.9602443885658, -1793.3444052349857, -1810.5788473284726, -1810.8368277374566]
 -- BestCostElement: [-1810.83682774 -1810.83682774 -1810.83682774 -1810.83682774]
 -- BestRoute: [array([ 0, 59, 66, 69, 76, 84, 83, 75, 74, 68,  0])
 array([ 0, 55, 65, 64, 58, 53, 48, 52, 57, 62,  0])
 array([ 0, 41, 44, 49, 56, 61, 71, 79, 67, 60,  0])
 array([ 0, 37, 26, 12,  8, 20, 13, 14, 27, 31,  0])
 array([ 0, 46, 39, 28, 21, 16,  9, 17, 18, 22,  0])
 array([ 0, 36, 30, 19, 15, 25, 24, 23, 35, 33, 29, 34, 40, 42, 43, 47,  0])]
 -- Custo: 
 ---------20.837102637643028
 ---------22.78360710003691
 ---------23.251407699364425
 ---------24.1376657173888
 ---------25.309660559464376
 ---------27.72134935173836
 ---- Total: 144.0407930656359
 -- Premio: 
 ---------44.0
 ---------53.0
 ---------54.0
 ---------48.0
 ---------57.0
 ---------85.0
 ---- Total: 341.0
 - Execucao 1
 -- BestCostGenaration: [-181.19164900817506, -1528.6714439634295, -1531.272570122921, -1638.6823532874866, -1641.8171407288357, -1644.4182668883275, -1657.339207536979, -1660.4739949783282, -1678.730544734225, -1702.4739949783282, -1704.1045583893426, -1705.787703477313, -1706.7776578976816, -1707.6735946995911, -1725.0463866833504, -1726.405074895651, -1732.3701942627317, -1756.4336659615515, -1758.4816504427333, -1763.008501282565, -1765.0564857637469, -1783.008501282565, -1788.8235244833977, -1812.3516470330728, -1814.3996315142545, -1833.286744681166, -1833.9029825725597, -1836.7791671836367, -1837.3954050750303, -1857.6828227355372, -1864.6905663443558, -1871.6905663443558, -1878.6905663443558]
 -- BestCostElement: [-1878.69056634 -1878.69056634 -1878.69056634 -1878.69056634]
 -- BestRoute: [array([ 0, 35, 33, 22, 11, 10, 18, 17,  0])
 array([ 0, 55, 59, 66, 69, 76, 84, 83, 75, 74, 68, 64, 58,  0])
 array([ 0, 36, 24, 25, 26,  8, 20, 13, 12, 15, 19, 30,  0])
 array([ 0, 50, 49, 45, 44, 41, 31, 27, 32, 38,  0])
 array([ 0, 43, 40, 34, 29, 21,  9, 16, 28, 39, 46, 42, 47,  0])
 array([ 0, 60, 70, 77, 85, 87, 78, 86, 79, 80, 71, 67, 61, 56,  0])]
 -- Custo: 
 ---------20.288958340525728
 ---------22.307135789365265
 ---------23.773387165490547
 ---------24.339895042201395
 ---------25.62511840008253
 ---------29.992863676245545
 ---- Total: 146.327358413911
 -- Premio: 
 ---------32.0
 ---------62.0
 ---------54.0
 ---------45.0
 ---------84.0
 ---------75.0
 ---- Total: 352.0
 - Execucao 2
 -- BestCostGenaration: [-225.5139370147565, -1515.0720792654865, -1626.5380228211027, -1708.8080371923384, -1721.952722973036, -1736.9869582499737, -1763.5684031833725, -1793.803052331009, -1855.1724889199945, -1857.4601302639758, -1877.4601302639758, -1881.7136701271966, -1884.71811067296, -1889.4262524666897, -1894.0612564234675, -1897.344233538211, -1908.2589115466767, -1917.6301021053416, -1929.2589115466767, -1940.9360669955076, -1954.7571459378719, -1968.6486493350008, -1977.2792127460152, -1978.9097761570297, -2009.2234846560143, -2034.1677565660136, -2036.5109023165212, -2047.9888355083779, -2052.933107418377, -2055.2762531688845, -2071.4110406102336]
 -- BestCostElement: [-2071.41104061 -2071.41104061 -2071.41104061 -2071.41104061]
 -- BestRoute: [array([ 0, 37, 25, 24, 15, 12,  8, 26,  0])
 array([ 0, 66, 69, 77, 85, 84, 83, 75, 74, 68, 58,  0])
 array([ 0, 31, 32, 27, 14, 20, 13,  0])
 array([ 0, 55, 59, 70, 78, 86, 79, 71, 61, 56, 49, 44, 41,  0])
 array([ 0, 35, 33, 40, 34, 29, 21, 28, 16,  9, 17, 18, 22, 23, 30, 36,  0])
 array([ 0, 47, 43, 42, 48, 53, 52, 57, 62, 72, 81, 82, 73, 63, 64, 65, 54,
        0])]
 -- Custo: 
 ---------20.658957052769722
 ---------22.537319187990754
 ---------23.89179902184815
 ---------24.730116363983505
 ---------25.96399003885765
 ---------29.365058181991753
 ---- Total: 147.1472398474415
 -- Premio: 
 ---------36.0
 ---------54.0
 ---------32.0
 ---------73.0
 ---------89.0
 ---------96.0
 ---- Total: 380.0
 - Execucao 3
 -- BestCostGenaration: [-152.67551256700312, -1686.9017491273842, -1701.8446044623465, -1721.8446044623465, -1752.2032374304918, -1753.7438966590298, -1767.7012272265556, -1787.6934836177368, -1796.749211707738, -1821.401281925542, -1823.4864472670656, -1839.8373366263922, -1840.3709979082496, -1843.2672853370668, -1849.6510474456732, -1854.5953193556725, -1860.516260004324, -1865.9941931961807, -1879.9228774536514, -1881.9535768380822, -1885.400810645508, -1902.0793585377046, -1907.7439563960156]
 -- BestCostElement: [-1907.7439564 -1907.7439564 -1907.7439564 -1907.7439564]
 -- BestRoute: [array([ 0, 68, 74, 82, 73, 62,  0])
 array([ 0, 66, 69, 84, 83, 75, 64, 58, 53, 52, 48,  0])
 array([ 0, 50, 60, 67, 61, 56, 51, 45, 49, 44, 41,  0])
 array([ 0, 59, 70, 77, 85, 87, 78, 86, 79, 71,  0])
 array([ 0, 54, 47, 43, 42, 40, 34, 29, 21, 16,  9, 17, 18, 22, 23,  0])
 array([ 0, 55, 37, 31, 27, 20, 13,  8, 12, 25, 24, 15, 30,  0])]
 -- Custo: 
 ---------20.52987708797738
 ---------22.93690178132931
 ---------22.591830944406112
 ---------24.751080309371673
 ---------25.342582136372656
 ---------29.911738641538957
 ---- Total: 146.0640109009961
 -- Premio: 
 ---------37.0
 ---------53.0
 ---------51.0
 ---------48.0
 ---------95.0
 ---------72.0
 ---- Total: 356.0
 - Execucao 4
 -- BestCostGenaration: [-78.61302260401288, -1657.8102622426281, -1666.6774888131008, -1670.9623272299623, -1722.1816335635986, -1727.1336490824165, -1742.8169013428947, -1775.5770917703917, -1788.5770917703917, -1800.8602925686096, -1803.4614187281013, -1816.4614187281013, -1817.1740010675944, -1821.4056906381002, -1825.9385610670838, -1828.435127889623, -1841.435127889623, -1841.8720293562428, -1849.297194035229, -1850.0097763747224, -1854.8123080874277, -1867.0919821391153, -1869.435127889623, -1882.8123080874277, -1883.524890426921, -1884.326631286752, -1885.0392136262453, -1885.572874908103, -1900.3823593767527, -1902.9834855362444, -1914.2034383191171, -1916.8045644786087, -1919.1105293687747, -1923.5094032092832, -1950.79682086979, -1951.5094032092834]
 -- BestCostElement: [-1951.50940321 -1951.50940321 -1951.50940321 -1951.50940321]
 -- BestRoute: [array([ 0, 35, 33, 17, 18, 10, 11, 22, 23,  0])
 array([ 0, 55, 59, 70, 60, 67, 61, 56, 49, 44, 41,  0])
 array([ 0, 66, 69, 76, 84, 83, 75, 74, 68, 64, 58, 53, 48,  0])
 array([ 0, 37, 31, 27, 20,  8, 26, 25, 24, 15, 19, 30, 36,  0])
 array([ 0, 65, 63, 73, 82, 81, 72, 62, 57, 52,  0])
 array([ 0, 54, 47, 43, 42, 40, 34, 29, 21,  9, 16, 28, 39, 46,  0])]
 -- Custo: 
 ---------19.790083154422167
 ---------21.901689239237314
 ---------23.878979388702824
 ---------24.660751162624543
 ---------25.512156048200403
 ---------28.128990204491963
 ---- Total: 143.8726491976792
 -- Premio: 
 ---------35.0
 ---------60.0
 ---------66.0
 ---------62.0
 ---------48.0
 ---------90.0
 ---- Total: 361.0
 - Execucao 5
 -- BestCostGenaration: [-155.6978858949391, -1591.9050559322914, -1595.1397050799278, -1634.3241946899957, -1695.2507822283487, -1695.990516478771, -1744.2064249285877, -1744.94615917901, -1745.6587415185033, -1770.4756372848, -1801.2068921109749, -1803.356168862938, -1822.7627863122652, -1838.818514402266, -1840.7070582222643, -1854.6643887897903, -1881.6566451809715, -1910.6421558703578, -1925.1758171522154, -1926.0937982237365, -1938.929366476715, -1945.4632348127222, -1948.776943311707, -1950.4075067227213, -1963.2430749756998, -1977.2430749756998]
 -- BestCostElement: [-1977.24307498 -1977.24307498 -1977.24307498 -1977.24307498]
 -- BestRoute: [array([ 0, 55, 66, 69, 76, 84, 83, 75, 74, 68,  0])
 array([ 0, 58, 53, 48, 46, 57, 62, 63, 64, 54,  0])
 array([ 0, 36, 30, 23, 22, 18, 17, 10, 11, 19, 15, 24,  0])
 array([ 0, 59, 70, 77, 85, 87, 78, 86, 79, 71,  0])
 array([ 0, 35, 33, 34, 29, 21,  9, 16, 28, 39, 40, 42, 43, 47,  0])
 array([ 0, 60, 61, 56, 49, 44, 41, 31, 26,  8, 20, 13, 12, 25, 37,  0])]
 -- Custo: 
 ---------20.053405777305734
 ---------22.714776642118867
 ---------22.64222328045784
 ---------24.751080309371673
 ---------24.307135789365265
 ---------29.97060945745574
 ---- Total: 144.43923125607512
 -- Premio: 
 ---------50.0
 ---------52.0
 ---------53.0
 ---------48.0
 ---------85.0
 ---------77.0
 ---- Total: 365.0
 - Execucao 6
 -- BestCostGenaration: [-1621.0745189559416, -1653.8469780936896, -1682.8620397871064, -1689.4368751081201, -1706.8357489486284, -1718.5289931169953, -1747.8721388675028, -1754.4469741885164, -1771.8458480290249, -1777.6327056881782, -1810.1114131035843, -1815.1669885277322, -1828.0556850135836, -1844.222716617733, -1849.2941850261154, -1862.1669885277324, -1883.2941850261154, -1897.2941850261154, -1897.4054885402643, -1901.1123884762271, -1904.168116566228, -1930.1151842623644, -1932.458330012872]
 -- BestCostElement: [-1932.45833001 -1932.45833001 -1932.45833001 -1932.45833001]
 -- BestRoute: [array([ 0, 60, 70, 77, 87, 85,  0])
 array([ 0, 44, 49, 56, 61, 71, 79, 67,  0])
 array([ 0, 41, 31, 27, 14, 13, 20,  8, 25, 30,  0])
 array([ 0, 43, 42, 40, 34, 29, 21, 28, 16,  9, 17, 18, 22,  0])
 array([ 0, 55, 50, 59, 66, 69, 76, 84, 83, 75, 74, 68, 63, 58,  0])
 array([ 0, 47, 48, 53, 52, 46, 57, 62, 72, 81, 73, 82, 64, 65, 54,  0])]
 -- Custo: 
 ---------19.58067296902629
 ---------22.452988370644288
 ---------23.879936735658085
 ---------23.886151782005854
 ---------25.365058181991753
 ---------29.97060945745574
 ---- Total: 145.135417496782
 -- Premio: 
 ---------28.0
 ---------43.0
 ---------57.0
 ---------85.0
 ---------64.0
 ---------82.0
 ---- Total: 359.0
 - Execucao 7
 -- BestCostGenaration: [-177.53163738870808, -1498.5849884026059, -1543.5904143144883, -1560.5513641259304, -1567.6598607288015, -1580.029297317787, -1678.4993448183327, -1680.5922537686756, -1720.2711298081374, -1751.845965129151, -1762.559545375668, -1770.9546255230152, -1787.6405663971227, -1816.0241600741433, -1822.7601168128508, -1825.1032625633584, -1843.0131493991535, -1846.528427242345, -1850.0131493991535, -1864.7678604216699, -1867.1110061721774, -1867.5361708511641, -1875.9613355301503, -1876.0282611310554, -1891.1372970106554, -1895.1220168471673, -1919.0946275781816, -1919.8072099176748, -1936.5484386558169, -1937.26102099531, -1938.8915844063245, -1944.7919297541866, -1948.1056382531715, -1950.6132157507009, -1957.6132157507009, -1966.0354208525569, -1972.547181526154, -1993.547181526154, -1995.1777449371684, -2000.4555667469983, -2002.0861301580128]
 -- BestCostElement: [-2002.08613016 -2002.08613016 -2002.08613016 -2002.08613016]
 -- BestRoute: [array([ 0, 36, 37, 25, 24, 15, 19, 23, 22,  0])
 array([ 0, 55, 59, 66, 69, 76, 84, 83, 75, 74, 68, 63, 58,  0])
 array([ 0, 70, 77, 85, 87, 79, 71, 61, 56,  0])
 array([ 0, 54, 64, 82, 73, 81, 72, 62, 57, 52, 53, 48,  0])
 array([ 0, 50, 49, 44, 41, 31, 26,  8, 13, 20, 27,  0])
 array([ 0, 47, 43, 42, 40, 39, 34, 33, 29, 28, 21, 16,  9, 17, 18, 30,  0])]
 -- Custo: 
 ---------19.895446997091284
 ---------22.307135789365265
 ---------23.714590204435964
 ---------24.011706578422043
 ---------25.441940785608683
 ---------29.857647105573612
 ---- Total: 145.22846746049683
 -- Premio: 
 ---------36.0
 ---------61.0
 ---------51.0
 ---------65.0
 ---------55.0
 ---------101.0
 ---- Total: 369.0
 - Execucao 8
 -- BestCostGenaration: [-134.60794679591862, -1556.4699515938212, -1718.0184254886324, -1721.1532129299817, -1750.3209548810412, -1753.4557423223905, -1761.682647861208, -1765.6276654333456, -1792.6199218245267, -1795.7645029986936, -1797.395066409708, -1822.7991764846126, -1825.933963925962, -1828.443178243196, -1846.5704979694247, -1864.7646303509996, -1890.1687702835127, -1895.1130421935118, -1908.701640712496, -1909.1941909892796, -1923.1941909892796, -1932.276560544666, -1941.7841380421953, -1946.4409922916877]
 -- BestCostElement: [-1946.44099229 -1946.44099229 -1946.44099229 -1946.44099229]
 -- BestRoute: [array([ 0, 12,  8, 13, 20, 27, 31,  0])
 array([ 0, 55, 66, 69, 76, 84, 83, 75, 82, 74, 68,  0])
 array([ 0, 47, 48, 53, 52, 57, 62, 63, 58, 64, 65, 54,  0])
 array([ 0, 50, 44, 41, 37, 25, 24, 15, 19, 23, 22,  0])
 array([ 0, 43, 42, 40, 33, 34, 29, 21, 16,  9, 17, 18, 10, 11, 30,  0])
 array([ 0, 59, 70, 77, 85, 86, 79, 80, 71, 61, 49, 56, 60,  0])]
 -- Custo: 
 ---------20.67575159278914
 ---------22.62989699984721
 ---------21.54320376686506
 ---------24.53643332187874
 ---------25.7838567882422
 ---------29.97060945745574
 ---- Total: 145.1397519270781
 -- Premio: 
 ---------35.0
 ---------59.0
 ---------61.0
 ---------48.0
 ---------89.0
 ---------69.0
 ---- Total: 361.0
 - Execucao 9
 -- BestCostGenaration: [-187.0156873713594, -1564.5590047347814, -1595.2741496000017, -1640.5417124101748, -1647.3745281401723, -1658.9529612161268, -1664.080157723721, -1667.0291684746728, -1725.2705697870715, -1736.2055325639499, -1744.3298309110542, -1750.780781105731, -1754.2579931898608, -1802.5072702680204, -1805.2682482768246, -1808.0365587063188, -1822.4539797764864, -1823.6742985567525, -1840.2664690130023, -1844.621575234618, -1871.1627564418195]
 -- BestCostElement: [-1871.16275644 -1871.16275644 -1871.16275644 -1871.16275644]
 -- BestRoute: [array([ 0, 50, 56, 67, 61, 51, 49, 44, 41,  0])
 array([ 0, 55, 59, 66, 69, 76, 84, 83, 75, 74, 68, 63, 58,  0])
 array([ 0, 34, 29, 33, 35, 22, 23, 19, 15, 24, 25,  0])
 array([ 0, 37, 31, 38, 32, 27, 14, 13, 20,  8, 26,  0])
 array([ 0, 60, 70, 77, 85, 87, 86, 79, 71,  0])
 array([ 0, 54, 47, 43, 42, 40, 39, 28, 21, 16,  9, 17, 18, 10, 11, 30, 36,
        0])]
 -- Custo: 
 ---------19.76340381965992
 ---------22.307135789365265
 ---------23.69482536659888
 ---------24.64966183768429
 ---------24.73131547153459
 ---------29.562968604702142
 ---- Total: 144.7093108895451
 -- Premio: 
 ---------43.0
 ---------61.0
 ---------53.0
 ---------51.0
 ---------47.0
 ---------95.0
 ---- Total: 350.0
