 - Execucao 0
 -- BestCostGenaration: [-181.36995186201221, -1706.4817498074317, -1723.6090774109161, -1728.04107624559, -1773.5419785306754, -1777.9739773653491, -1809.2063978962478, -1818.536252158573, -1826.8019761763758, -1828.6294685979565, -1851.6851966879572, -1861.856870369138, -1892.4876399467703, -1894.0019631460946, -1898.9725710853072, -1909.7802548597328, -1916.2651859982702, -1936.2651859982702, -1938.1537298182684, -1943.2651859982702, -1949.9599708392839, -1968.6268789784367, -1971.9988619237852, -1974.3420076742927, -1985.1073585266563, -1987.2612395440005, -1998.8493781176726, -1999.4552431181169, -2001.4505042771643, -2003.6043852945086, -2005.9475310450161, -2007.5780944560304, -2020.5102707367148, -2042.8534164872224, -2043.4592814876667, -2044.0737352674885, -2048.145572988682, -2071.913883418176, -2077.5180143455336, -2101.24866314631, -2104.5180143455336]
 -- BestCostElement: [-2104.51801435 -2104.51801435 -2104.51801435 -2104.51801435]
 -- BestRoute: [array([ 0, 54, 53, 52, 48, 40, 42, 43, 47,  0])
 array([ 0, 36, 30, 23, 22, 18, 10, 11, 15,  0])
 array([ 0, 65, 75, 83, 84, 76, 85, 77, 70, 69, 66, 55,  0])
 array([ 0, 41, 44, 49, 56, 61, 71, 79, 67, 60, 50,  0])
 array([ 0, 37, 31, 27, 14, 13, 20,  8, 12, 25, 24,  0])
 array([ 0, 35, 33, 34, 29, 21, 17,  9, 16, 28, 39,  0])
 array([ 0, 58, 63, 64, 68, 74, 82, 73, 81, 72, 62, 57, 46,  0])]
 -- Custo: 
 ---------17.656854249492383
 ---------20.242640687119284
 ---------22.245523120490127
 ---------23.649753337032593
 ---------24.167411528970923
 ---------24.587245678645782
 ---------29.07106781186548
 ---- Total: 161.62049641361656
 -- Premio: 
 ---------54.0
 ---------43.0
 ---------56.0
 ---------57.0
 ---------53.0
 ---------59.0
 ---------71.0
 ---- Total: 393.0
 - Execucao 1
 -- BestCostGenaration: [-175.26674847699297, -1890.3027611956363, -1892.1940575386157, -1892.3220457774046, -1917.4212153223184, -1945.2001655816593, -1946.4250209964785, -1963.5696021706453, -1965.912747921153, -1973.5434751231605, -1993.2452538418133, -1993.9578361813064, -1998.8577507915447, -1999.597485041967, -2001.2008965420523, -2014.3100673814602, -2015.3549918506208, -2017.6981376011283]
 -- BestCostElement: [-2017.6981376 -2017.6981376 -2017.6981376 -2017.6981376]
 -- BestRoute: [array([ 0, 65, 75, 83, 84, 76, 69, 66, 59, 55,  0])
 array([ 0, 37, 25, 24, 15, 19, 23, 22,  0])
 array([ 0, 50, 49, 44, 41, 31, 27, 20,  8,  0])
 array([ 0, 34, 29, 21, 16,  9, 17, 18, 10, 11, 30, 36,  0])
 array([ 0, 60, 56, 61, 67, 70, 77, 85, 87, 78,  0])
 array([ 0, 47, 43, 42, 35, 33, 40, 28, 39, 46, 48, 53,  0])
 array([ 0, 54, 64, 58, 63, 68, 74, 82, 73, 81, 72, 62, 57, 52,  0])]
 -- Custo: 
 ---------17.83788226773653
 ---------18.50099827255527
 ---------22.42858009825691
 ---------23.915211834928368
 ---------24.754306317793034
 ---------25.09994144925337
 ---------26.28854535919441
 ---- Total: 158.8254655997179
 -- Premio: 
 ---------41.0
 ---------34.0
 ---------47.0
 ---------64.0
 ---------50.0
 ---------68.0
 ---------75.0
 ---- Total: 379.0
 - Execucao 2
 -- BestCostGenaration: [-1581.2758990491243, -1747.725779100865, -1792.1751361136498, -1835.32677966525, -1837.8614276146654, -1873.6222014894902, -1875.9653472399978, -1876.677929579491, -1888.3270402201647, -1906.0133317211798, -1918.6998754670803, -1924.6174626485376, -1944.6174626485376, -1960.199108411577, -1962.8002345710688, -1972.7818511324026, -1982.8296718225915, -1985.4307979820833, -1986.1433803215766, -1987.0613613930977, -1992.4307979820833, -1993.1433803215766, -1995.0319241415746, -1995.744506481068, -2036.4865260720837, -2037.226260322506, -2040.2819884125072, -2062.0706705262182]
 -- BestCostElement: [-2062.07067053 -2062.07067053 -2062.07067053 -2062.07067053]
 -- BestRoute: [array([ 0, 65, 77, 85, 87, 70,  0])
 array([ 0, 36, 30, 23, 22, 18, 10, 11, 15,  0])
 array([ 0, 50, 56, 61, 67, 86, 79, 71,  0])
 array([ 0, 82, 73, 81, 72, 62, 57, 52, 53,  0])
 array([ 0, 58, 63, 64, 68, 74, 75, 83, 84, 76, 69, 66, 59, 55,  0])
 array([ 0, 41, 31, 26,  8, 13, 20, 27, 32, 38, 45, 49, 44,  0])
 array([ 0, 54, 47, 43, 42, 40, 33, 34, 29, 21,  9, 16, 28, 39, 46, 48,  0])]
 -- Custo: 
 ---------18.973822358300048
 ---------20.242640687119284
 ---------22.657525154203178
 ---------23.23013076129642
 ---------24.30713578936527
 ---------25.942786360203613
 ---------29.878291257957628
 ---- Total: 165.23233236844544
 -- Premio: 
 ---------28.0
 ---------43.0
 ---------41.0
 ---------46.0
 ---------65.0
 ---------63.0
 ---------103.0
 ---- Total: 389.0
 - Execucao 3
 -- BestCostGenaration: [-279.30650125761815, -1606.0425513365376, -1745.8675868583582, -1747.03201860538, -1803.839440971213, -1810.298781742675, -1815.1559452563351, -1817.4990910068427, -1830.9834583361405, -1831.011364082168, -1838.7831490719727, -1878.4400033214652, -1897.1340384312991, -1899.4771841818067, -1904.1340384312991, -1932.1340384312991, -1948.7598630013608, -1951.1030087518684, -1964.1324460033914, -1970.3081207663404, -1988.2523926763392]
 -- BestCostElement: [-1988.25239268 -1988.25239268 -1988.25239268 -1988.25239268]
 -- BestRoute: [array([ 0, 36, 30, 22, 11, 10, 18, 33,  0])
 array([ 0, 31, 27, 20, 13,  8, 12, 25,  0])
 array([ 0, 47, 43, 42, 40, 34, 29, 21, 16,  9, 17,  0])
 array([ 0, 54, 82, 81, 72, 62, 57, 52, 48, 53,  0])
 array([ 0, 65, 64, 58, 63, 68, 74, 75, 83, 84, 76, 69, 66, 59, 55,  0])
 array([ 0, 35, 23, 19, 15, 24, 37, 41, 44, 49,  0])
 array([ 0, 50, 60, 56, 61, 67, 70, 77, 85, 87, 78, 86, 79,  0])]
 -- Custo: 
 ---------18.650281539872886
 ---------20.681211271559523
 ---------22.28895834052573
 ---------23.872970951472187
 ---------24.844454977356023
 ---------24.843766846610826
 ---------29.255257903517986
 ---- Total: 164.43690183091516
 -- Premio: 
 ---------36.0
 ---------39.0
 ---------71.0
 ---------57.0
 ---------69.0
 ---------42.0
 ---------64.0
 ---- Total: 378.0
 - Execucao 4
 -- BestCostGenaration: [-113.22790528809314, -1578.719290300979, -1653.4322949385553, -1709.6816775860339, -1715.2594724841779, -1725.4738014257846, -1748.0499083680486, -1753.6277032661926, -1758.9966590868019, -1767.8480220464587, -1796.7024957245003, -1819.8253226947418, -1852.8175790859232, -1853.1127403552487, -1871.511614195757, -1871.8067754650824, -1873.933819297613, -1879.9899133850072, -1888.0196891795806, -1905.96396108958, -1918.3333976785655, -1919.1954589764218, -1923.381757645483, -1944.2854131973836, -1952.468551117308, -1959.0915874619955, -1973.9379586895366, -1974.6799782805524, -2015.6799782805524, -2029.6799782805524, -2032.0231240310604]
 -- BestCostElement: [-2032.02312403 -2032.02312403 -2032.02312403 -2032.02312403]
 -- BestRoute: [array([ 0, 41, 44, 49, 45, 51, 56,  0])
 array([ 0, 54, 64, 58, 53, 48, 52, 57, 62,  0])
 array([ 0, 30, 15, 19, 23, 22, 18, 17, 21,  0])
 array([ 0, 55, 60, 67, 61, 71, 80, 79, 86, 78, 70,  0])
 array([ 0, 37, 31, 27, 14, 13, 20,  8, 12, 25, 24,  0])
 array([ 0, 43, 35, 33, 34, 29,  9, 16, 28, 39, 40, 42, 47,  0])
 array([ 0, 66, 69, 65, 68, 73, 72, 81, 82, 74, 83, 84,  0])]
 -- Custo: 
 ---------18.336009426753158
 ---------20.78360710003691
 ---------22.752487211185077
 ---------23.95064688425183
 ---------24.167411528970923
 ---------24.59625606037856
 ---------29.407800780658505
 ---- Total: 163.99421899223495
 -- Premio: 
 ---------32.0
 ---------47.0
 ---------48.0
 ---------61.0
 ---------53.0
 ---------78.0
 ---------65.0
 ---- Total: 384.0
 - Execucao 5
 -- BestCostGenaration: [-142.4770603397384, -1645.1244466970684, -1663.3139226973199, -1755.0426314014223, -1778.1335997456908, -1781.311056619514, -1792.1335997456908, -1792.237967900614, -1792.594395992123, -1793.7703574726283, -1806.3115386798302, -1843.4194902453382, -1855.5150828145242, -1868.8573971880467, -1873.1788492958503, -1918.5187035609356, -1926.2736743791036, -1932.5825691498194, -1934.2736743791036, -1936.874800538595, -1953.843302081784, -1961.322141518529, -1973.130719742291, -2006.9712521592025, -2011.2927042670062, -2016.0269802492035, -2026.803034287516, -2031.1244863953198, -2033.4304512854858, -2035.3561759658257, -2037.6621408559918, -2040.0052866064993, -2040.1247938843608, -2073.1322852482945, -2092.673466455496, -2101.987174954481, -2127.0354116805483, -2127.747994020041, -2134.747994020041, -2136.6365378400396, -2138.979683590547, -2139.663913434443, -2162.007059184951]
 -- BestCostElement: [-2162.00705918 -2162.00705918 -2162.00705918 -2162.00705918]
 -- BestRoute: [array([ 0, 47, 43, 42, 40, 33, 34, 21, 29,  0])
 array([ 0, 41, 44, 49, 45, 51, 61, 56, 60,  0])
 array([ 0, 50, 67, 71, 80, 79, 86, 78, 70,  0])
 array([ 0, 55, 66, 69, 77, 85, 84, 83, 75, 74, 68, 63, 58,  0])
 array([ 0, 24, 25, 12,  8, 20, 13, 14, 27, 31, 37,  0])
 array([ 0, 54, 53, 52, 57, 62, 72, 81, 73, 82, 64, 65,  0])
 array([ 0, 36, 30, 23, 22, 11, 10, 18, 17,  9, 16, 28, 39, 46, 48,  0])]
 -- Custo: 
 ---------18.881832902051926
 ---------20.77927174436485
 ---------22.49170305746984
 ---------23.478708664619077
 ---------24.16741152897092
 ---------24.79972471294713
 ---------28.39958259333855
 ---- Total: 162.99823520376228
 -- Premio: 
 ---------57.0
 ---------43.0
 ---------45.0
 ---------65.0
 ---------53.0
 ---------60.0
 ---------79.0
 ---- Total: 402.0
 - Execucao 6
 -- BestCostGenaration: [-194.42399856793048, -1594.8656000657336, -1713.2553989360918, -1737.375389307973, -1742.1338550695255, -1758.6642508190212, -1775.0220623501796, -1775.7465258809434, -1795.7465258809434, -1819.7207135412752, -1833.938654581893, -1840.9523690226802, -1859.6598682144127, -1874.5798931931574, -1888.5798931931574, -1898.269144271303, -1921.324872361304, -1940.4562897061337, -1943.2246001356277, -1959.862907155461, -1972.6984754084392, -1979.8551635466422, -1988.4590422291144, -1989.3748224528995, -1993.6065120234055, -1995.8266285972713, -1996.3748224528995, -1998.975948612391, -2003.826671860428, -2016.6622401134061, -2023.6622401134061, -2036.691677364929, -2043.691677364929, -2043.8560658487943, -2060.28251570561, -2073.801436100708, -2080.118083958588, -2093.6370043536863]
 -- BestCostElement: [-2093.63700435 -2093.63700435 -2093.63700435 -2093.63700435]
 -- BestRoute: [array([ 0, 59, 79, 86, 78, 70,  0])
 array([ 0, 37, 15, 11, 10, 18, 22, 23,  0])
 array([ 0, 48, 53, 52, 57, 62, 72, 81, 73, 68, 64, 54,  0])
 array([ 0, 41, 31, 32, 27, 20, 13,  8, 12, 25, 24,  0])
 array([ 0, 50, 56, 60, 67, 71, 61, 51, 49, 45,  0])
 array([ 0, 55, 66, 69, 77, 85, 84, 83, 75, 74, 82, 63, 58,  0])
 array([ 0, 36, 30, 35, 33, 34, 29, 21, 17,  9, 16, 28, 39, 40, 42, 43, 47,
        0])]
 -- Custo: 
 ---------18.679143857428578
 ---------20.877065599971168
 ---------22.64222328045784
 ---------23.70014567308433
 ---------24.834471631525396
 ---------25.478708664619077
 ---------28.128990204491963
 ---- Total: 164.34074891157837
 -- Premio: 
 ---------25.0
 ---------36.0
 ---------62.0
 ---------54.0
 ---------48.0
 ---------68.0
 ---------100.0
 ---- Total: 393.0
 - Execucao 7
 -- BestCostGenaration: [-87.03925063959382, -1599.7753169954167, -1625.6122348786544, -1760.560526211233, -1767.7696927252423, -1803.679696533533, -1808.4450473858965, -1810.5002473470106, -1854.0228422840405, -1869.1713838850046, -1871.9731697360517, -1956.0948680526926, -1961.5728012445497, -1970.2176950229345, -1985.318782388761, -2006.4859666587636, -2010.4596758202856, -2033.0271478659656, -2037.0008570274877, -2057.9714197759645, -2060.0565851174883, -2061.9451289374865, -2076.858532942876, -2079.2016786933837, -2084.866276551695, -2087.2094223022027, -2089.523130801187, -2090.23571314068, -2091.1536942122016, -2093.496839962709, -2094.2094223022023, -2110.1753878549057, -2112.5185336054133, -2127.9407387072692, -2128.6533210467624, -2139.0666841978846]
 -- BestCostElement: [-2139.0666842 -2139.0666842 -2139.0666842 -2139.0666842]
 -- BestRoute: [array([ 0, 55, 50, 49, 51, 45, 44, 41,  0])
 array([ 0, 65, 69, 84, 83, 74, 68, 58,  0])
 array([ 0, 37, 26, 31, 27, 20, 13,  8, 12, 25, 24,  0])
 array([ 0, 43, 42, 40, 34, 29, 21, 16,  9, 17, 10, 18, 30,  0])
 array([ 0, 54, 64, 63, 73, 82, 81, 72, 62, 57, 52, 53,  0])
 array([ 0, 47, 48, 46, 39, 28, 33, 35, 23, 22,  0])
 array([ 0, 59, 66, 70, 77, 85, 87, 86, 79, 80, 71, 67, 61, 56, 60,  0])]
 -- Custo: 
 ---------18.93497669491373
 ---------20.83130955811703
 ---------22.840133703168235
 ---------23.7838567882422
 ---------24.514155011626464
 ---------24.70143348751305
 ---------29.627463706948124
 ---- Total: 165.23332895052883
 -- Premio: 
 ---------36.0
 ---------44.0
 ---------50.0
 ---------82.0
 ---------59.0
 ---------52.0
 ---------77.0
 ---- Total: 400.0
 - Execucao 8
 -- BestCostGenaration: [-263.64646902001516, -1651.2018443585234, -1685.6901680493288, -1688.9595192485526, -1691.458844476216, -1729.7425873829766, -1861.083838701506, -1863.4269844520136, -1863.7585356402137, -1883.4564217035363, -1886.3698111319738, -1913.5945479465352, -1917.7754830159924, -1921.9701191584822, -1926.1510542279395, -1926.6120533597364, -1928.494199978447, -1930.7929884291937, -1933.1361341797012, -1944.0419116889398, -1945.5825709174778, -1950.9257618587212, -1969.6754798678207, -1970.2102804830888, -1974.9939715995552, -1975.266899949448, -1987.8007682854554, -1990.4390753052885, -2003.4685125568112]
 -- BestCostElement: [-2003.46851256 -2003.46851256 -2003.46851256 -2003.46851256]
 -- BestRoute: [array([ 0, 65, 75, 85, 77, 70,  0])
 array([ 0, 50, 56, 60, 67, 61, 51, 49, 44, 41,  0])
 array([ 0, 54, 73, 72, 81, 82, 74, 68,  0])
 array([ 0, 37, 31, 27, 20, 13,  8, 12, 15,  0])
 array([ 0, 40, 34, 29, 21, 28, 16,  9, 17, 18, 22, 23, 30,  0])
 array([ 0, 35, 33, 42, 43, 47, 48, 53, 52, 57, 62, 63, 58, 64,  0])
 array([ 0, 55, 59, 71, 80, 79, 86, 78, 87, 84, 76, 69, 66,  0])]
 -- Custo: 
 ---------18.727444685953508
 ---------20.591830944406112
 ---------21.302619174044516
 ---------23.42468318512475
 ---------24.40119265974434
 ---------25.72134935173836
 ---------28.2137518597856
 ---- Total: 162.38287186079717
 -- Premio: 
 ---------24.0
 ---------47.0
 ---------45.0
 ---------47.0
 ---------80.0
 ---------75.0
 ---------61.0
 ---- Total: 379.0
 - Execucao 9
 -- BestCostGenaration: [-183.2036024554248, -1610.4110698443008, -1620.4812872449154, -1670.4630142132191, -1698.4777956061876, -1718.9172351156658, -1721.2603808661734, -1727.4508963975231, -1766.4216590491706, -1805.985358841052, -1837.5181106697778, -1845.3391896121423, -1871.698668677317, -1894.5618743751256, -1906.4298867003617, -1915.3974426281038, -1935.5977518922714, -1940.5420238022707, -1952.8616745004376, -1955.470421027898, -1955.6271891437943, -1956.1830033673912, -1956.339771483288, -1963.1907469762102, -1965.5338927267178, -1973.0384221932243, -1999.6017277807543, -2002.4031632044137, -2027.0894547054288, -2027.7084451198032, -2030.0515908703107, -2032.3947366208188, -2038.2719096505768, -2063.216181560576]
 -- BestCostElement: [-2063.21618156 -2063.21618156 -2063.21618156 -2063.21618156]
 -- BestRoute: [array([ 0, 60, 56, 61, 67, 70,  0])
 array([ 0, 30, 36, 41, 44, 49, 50, 55,  0])
 array([ 0, 65, 76, 84, 83, 74, 68, 63, 58, 54,  0])
 array([ 0, 48, 53, 52, 57, 62, 72, 81, 73, 82, 64,  0])
 array([ 0, 37, 25, 24, 15, 12,  8, 13, 20, 27, 31,  0])
 array([ 0, 47, 43, 42, 40, 34, 29, 28, 21, 16,  9, 17, 18, 22, 23,  0])
 array([ 0, 51, 71, 80, 79, 86, 78, 87, 85, 77, 69, 66, 59,  0])]
 -- Custo: 
 ---------17.309660559464376
 ---------20.123265553522568
 ---------20.488163807609414
 ---------23.94721147617606
 ---------24.90159773988901
 ---------25.278087034126678
 ---------29.397968439067828
 ---- Total: 161.44595460985593
 -- Premio: 
 ---------32.0
 ---------40.0
 ---------48.0
 ---------59.0
 ---------55.0
 ---------95.0
 ---------58.0
 ---- Total: 387.0
