 - Execucao 0
 -- BestCostGenaration: [-50.12966549430507, -912.1926048641595, -918.9463612428087, -949.8249410520245, -1079.9336008652997, -1102.8017730010808, -1128.9336008652995, -1149.3139274761488, -1186.1173059546236, -1206.1173059546236, -1211.2287621346252, -1252.523923403951, -1255.5796514939516, -1270.4843149776898, -1284.9227972444592, -1290.6035147665107, -1301.6090887454745, -1317.890932427017, -1320.2340781775247, -1333.234078177525, -1334.082237905643, -1344.6329520180334, -1346.976097768541, -1350.0946934518088, -1352.781148743817, -1365.2675085192689, -1375.0389653618076, -1390.211780429268, -1409.9538000202842, -1412.5315949184283, -1424.5843634312982, -1437.4641300407943, -1440.519858130795, -1443.5901187945665, -1445.933264545074, -1475.4407987794466, -1490.023377709279, -1502.9071374975892, -1505.8034249264063, -1508.1465706769138, -1512.542648731285, -1512.5503923401038, -1522.8935380906114, -1552.236683841119]
 -- BestCostElement: [-1552.23668384 -1552.23668384 -1552.23668384 -1552.23668384]
 -- BestRoute: [array([ 0, 26, 20, 17, 16, 25, 24, 15,  8,  7, 11, 14,  6,  1])
 array([ 0, 37, 34, 35, 31, 27, 23, 22, 21, 18, 13,  9,  5, 10,  2])
 array([ 0, 41, 33, 29, 32, 36, 39, 40, 42, 47, 46, 55, 57, 61,  3])
 array([ 0, 48, 54, 49, 43, 53, 44, 50, 51, 45, 38, 52, 59, 64,  4])]
 -- Custo: 
 ---------23.34009275541994
 ---------24.5180406270747
 ---------27.533908551779625
 ---------30.04878710544596
 ---- Total: 105.44082903972023
 -- Premio: 
 ---------62.0
 ---------84.0
 ---------62.0
 ---------74.0
 ---- Total: 282.0
 - Execucao 1
 -- BestCostGenaration: [-117.29465333292174, -820.5831444096582, -838.129777390335, -1092.9954703803974, -1151.6817618814125, -1183.918396459489, -1188.7805077958305, -1195.2292107903143, -1218.9904585328968, -1232.9739377135752, -1251.7665125712097, -1268.0710919990245, -1292.617028765097, -1298.0949619569537, -1301.1506900469547, -1311.5718400700525, -1327.4452674289628, -1351.4643985459395, -1361.8866036477955, -1370.8260915261062, -1373.1135543773487, -1382.0530422556594, -1405.4086704559386, -1408.9526378723424, -1428.1795886018956, -1432.7146805368402, -1452.7146805368402, -1458.7146805368402, -1461.0578262873478, -1462.258647953244, -1464.6017937037516, -1466.9449394542592, -1469.2880852047667]
 -- BestCostElement: [-1469.2880852 -1469.2880852 -1469.2880852 -1469.2880852]
 -- BestRoute: [array([ 0, 33, 25, 24, 19, 14, 11, 15,  8,  7,  1])
 array([ 0, 37, 34, 35, 31, 27, 23, 22, 21, 18, 13,  9,  5, 10,  2])
 array([ 0, 29, 32, 36, 39, 40, 42, 47, 46, 55, 57, 56, 61,  3])
 array([ 0, 41, 54, 48, 49, 43, 44, 50, 51, 45, 38, 52, 60, 59, 64,  4])]
 -- Custo: 
 ---------22.349878388032025
 ---------24.5180406270747
 ---------26.440364694295052
 ---------30.11969498940653
 ---- Total: 103.4279786988083
 -- Premio: 
 ---------53.0
 ---------84.0
 ---------54.0
 ---------78.0
 ---- Total: 269.0
 - Execucao 2
 -- BestCostGenaration: [-66.05644498245917, -935.423110517615, -1161.9479645064912, -1194.015265593132, -1209.9273456757587, -1239.2100244953128, -1256.5314766031165, -1290.5314766031165, -1294.85292871092, -1309.571969720365, -1324.8188942636232, -1339.7817134032816, -1341.766125750753, -1353.6732168004103, -1374.680960409229, -1379.7291971352965, -1382.5195880279514, -1384.5148491869986, -1385.1159753464904, -1405.10517172565, -1418.862733778459, -1421.641395533235, -1438.3199434254311, -1452.2037032137412, -1456.3151593937428, -1474.65534556712, -1479.1477680695907, -1492.0315278579005, -1492.2104489155363, -1499.110587209249, -1503.2220433892508, -1503.4009644468865, -1504.050865940434, -1504.2297869980698]
 -- BestCostElement: [-1504.229787 -1504.229787 -1504.229787 -1504.229787]
 -- BestRoute: [array([ 0, 33, 25, 24, 29, 19, 14, 11, 15,  8,  7,  1])
 array([ 0, 26, 20, 17, 16,  9,  5, 13, 18, 21, 22, 27, 23, 10,  2])
 array([ 0, 43, 49, 48, 54, 62, 61, 57, 47, 40, 36, 39, 46, 55,  3])
 array([ 0, 37, 44, 53, 50, 45, 34, 35, 31, 38, 52, 59, 64, 60,  4])]
 -- Custo: 
 ---------23.43024141498293
 ---------24.93245190266634
 ---------27.90611435520976
 ---------30.673745577623585
 ---- Total: 106.9425532504826
 -- Premio: 
 ---------57.0
 ---------75.0
 ---------64.0
 ---------80.0
 ---- Total: 276.0
 - Execucao 3
 -- BestCostGenaration: [-1.5455587787474485, -749.1601680688912, -1157.1009885271199, -1165.1975965548259, -1196.7797016169006, -1214.3229930369355, -1221.871143629407, -1244.540093508214, -1276.7097712481293, -1300.3883191403256, -1302.2692718077772, -1330.8029330896347, -1338.3510836821063, -1370.7205202710918, -1377.6269716091297, -1380.9434326310952, -1405.8877045410943]
 -- BestCostElement: [-1405.88770454 -1405.88770454 -1405.88770454 -1405.88770454]
 -- BestRoute: [array([ 0, 33, 39, 36, 32, 29, 24, 25, 15, 11, 14,  6,  1])
 array([ 0, 37, 18,  9,  5, 13, 21, 27, 22, 23,  2])
 array([ 0, 45, 51, 50, 44, 43, 49, 48, 54, 62, 56, 57, 61, 55,  3])
 array([ 0, 16, 17, 20, 26, 30, 34, 35, 31, 38, 52, 60, 59, 64,  4])]
 -- Custo: 
 ---------23.837194136991332
 ---------24.668708895830033
 ---------27.659048552118026
 ---------29.113122279787035
 ---- Total: 105.27807386472642
 -- Premio: 
 ---------69.0
 ---------60.0
 ---------64.0
 ---------68.0
 ---- Total: 261.0
 - Execucao 4
 -- BestCostGenaration: [-71.4296711036725, -904.4386756040939, -963.9628214398816, -978.0520732618614, -1009.4731800218025, -1100.6075592316454, -1108.1587691898608, -1158.6873327890842, -1180.3813678989184, -1200.3891115077372, -1205.49282407892, -1207.3813678989184, -1231.976863260952, -1232.49282407892, -1260.234843669936, -1262.8359698294275, -1264.9211351709512, -1265.8916979194285, -1268.0559226123003, -1291.4694928175725, -1293.554658159096, -1309.580948997574, -1336.967727009248, -1344.3487365948736, -1348.0019031017237, -1353.1886129589136, -1367.8678438258862, -1381.009691901278, -1389.8266697867302, -1397.1168832333742, -1398.292801450723, -1402.5244910212286, -1405.1256171807204, -1413.4715587173653, -1415.814704467873, -1420.7617721640095, -1423.104917914517]
 -- BestCostElement: [-1423.10491791 -1423.10491791 -1423.10491791 -1423.10491791]
 -- BestRoute: [array([ 0, 41, 25, 24, 15,  8,  7, 11, 14, 19,  6,  1])
 array([ 0, 17, 20, 26, 30, 27, 23, 22, 21, 18, 13,  9,  5,  2])
 array([ 0, 33, 29, 32, 36, 39, 40, 42, 47, 46, 55, 61, 57,  3])
 array([ 0, 37, 34, 35, 31, 38, 45, 52, 51, 50, 44, 43, 49, 53, 60,  4])]
 -- Custo: 
 ---------22.820368865331147
 ---------25.87829125795763
 ---------26.148755042329046
 ---------29.626355355752914
 ---- Total: 104.47377052137074
 -- Premio: 
 ---------52.0
 ---------69.0
 ---------59.0
 ---------83.0
 ---- Total: 263.0
 - Execucao 5
 -- BestCostGenaration: [-92.52023929971101, -888.1749872540887, -900.4653644917261, -933.0299417890997, -975.6968951189884, -1001.1397611493966, -1030.4829068999043, -1032.553124300519, -1032.9494517846645, -1035.292597535172, -1054.8962700510265, -1055.292597535172, -1076.0363575277179, -1077.4937092927266, -1080.2707996212043, -1098.4937092927266, -1098.890036776872, -1101.2331825273795, -1103.1244788703589, -1105.013022690357, -1105.4676246208664, -1107.3561684408646, -1114.326731189342, -1116.6698769398495, -1139.7035669617842, -1205.4006697697241, -1243.1180361409058, -1254.162169757192, -1287.2149382700625, -1291.8795361283737, -1293.7631321256904, -1298.8113688517578, -1303.475966710069, -1311.4594883230243, -1328.1622582110845, -1330.26690394906, -1330.9822820746904, -1358.0879828914244, -1371.170001819903, -1398.6218079642751, -1402.5583362654554]
 -- BestCostElement: [-1402.55833627 -1402.55833627 -1402.55833627 -1402.55833627]
 -- BestRoute: [array([ 0, 33, 40, 39, 36, 32, 29, 24, 25, 15, 11,  1])
 array([ 0,  9,  5, 10, 13, 18, 21, 27, 22, 23,  2])
 array([ 0, 37, 45, 51, 50, 44, 43, 49, 48, 54, 62, 56, 57, 61, 55,  3])
 array([ 0, 16, 17, 20, 26, 30, 34, 35, 31, 38, 52, 60, 59, 64,  4])]
 -- Custo: 
 ---------22.734541479955947
 ---------24.79407861864212
 ---------27.718673555251026
 ---------29.113122279787035
 ---- Total: 104.36041593363613
 -- Premio: 
 ---------62.0
 ---------59.0
 ---------71.0
 ---------68.0
 ---- Total: 260.0
 - Execucao 6
 -- BestCostGenaration: [-92.09455852430744, -820.0563679136495, -973.612075434521, -1027.2437545488115, -1041.521073128922, -1088.3026290518571, -1152.4832525569605, -1194.8673485745562, -1200.9320600416775, -1246.8832009020553, -1290.5650428656218, -1296.629754332743, -1307.9320600416775, -1326.1370648836414, -1359.7705878717861, -1365.248521063643, -1394.7705878717861, -1401.9581438260057, -1413.1631919311262, -1420.614998075498, -1427.9101593448238, -1460.3090331853323, -1465.5140380272962, -1467.8571837778038, -1474.5992033688199]
 -- BestCostElement: [-1474.59920337 -1474.59920337 -1474.59920337 -1474.59920337]
 -- BestRoute: [array([ 0, 41, 33, 29, 24, 25, 15,  8,  7, 11, 14,  6,  1])
 array([ 0, 34, 35, 38, 31, 27, 23, 22, 21, 18,  9,  5, 10,  2])
 array([ 0, 32, 36, 39, 40, 42, 47, 46, 55, 57, 56, 61,  3])
 array([ 0, 37, 45, 51, 50, 44, 43, 49, 48, 54, 58, 63, 53, 64, 59,  4])]
 -- Custo: 
 ---------21.785844453984343
 ---------24.705481427033437
 ---------24.81913190966076
 ---------30.789741367116505
 ---- Total: 102.10019915779505
 -- Premio: 
 ---------60.0
 ---------82.0
 ---------50.0
 ---------77.0
 ---- Total: 269.0
 - Execucao 7
 -- BestCostGenaration: [-25.62910183494882, -805.0325537644361, -839.4266887639919, -1054.4056317469117, -1079.8363795838789, -1103.4232876002127, -1154.7780279130277, -1178.687266622909, -1213.8436060617832, -1239.5151775794986, -1240.089826064598, -1283.2757444001738, -1319.8366296873023, -1330.1270069249397, -1353.2912316178117, -1365.8875737456149, -1371.127752587078, -1376.8163031938209, -1378.4096857444936, -1388.8318908463496, -1389.2285709901014, -1393.3199232071959, -1403.7421283090519, -1404.4547106485452, -1406.3958361454995, -1416.1115648980376, -1423.6597154905091, -1426.0028612410167, -1427.7711716705107, -1430.1143174210183, -1435.6891527420319, -1437.6302782389862, -1438.2902789015234, -1440.2314043984777]
 -- BestCostElement: [-1440.2314044 -1440.2314044 -1440.2314044 -1440.2314044]
 -- BestRoute: [array([ 0, 33, 29, 24, 25, 15,  8,  7, 11, 14, 19,  6,  1])
 array([ 0, 35, 38, 31, 27, 23, 22, 21, 18,  9,  5, 10,  2])
 array([ 0, 32, 36, 39, 40, 42, 47, 46, 55, 57, 56, 61,  3])
 array([ 0, 41, 54, 48, 49, 43, 37, 34, 44, 50, 51, 52, 60, 59, 64,  4])]
 -- Custo: 
 ---------21.899494936611667
 ---------24.705481427033437
 ---------24.81913190966076
 ---------30.518040627074697
 ---- Total: 101.94214890038057
 -- Premio: 
 ---------60.0
 ---------73.0
 ---------50.0
 ---------81.0
 ---- Total: 264.0
 - Execucao 8
 -- BestCostGenaration: [-44.32281485500236, -935.164386021235, -1023.702762901118, -1025.4505294411078, -1057.3234856085778, -1060.623955794655, -1081.3659753856714, -1185.2336491910244, -1192.781799783496, -1203.726071693495, -1227.3299503759672, -1251.2742222859665, -1259.6293451607867, -1296.0916907001147, -1319.2636590018055, -1324.891075999775, -1329.5773675007904, -1346.729997719948, -1359.3574147179174, -1362.9013821343212]
 -- BestCostElement: [-1362.90138213 -1362.90138213 -1362.90138213 -1362.90138213]
 -- BestRoute: [array([ 0, 25, 24, 29, 28, 19, 14, 11, 15,  8,  7,  1])
 array([ 0, 26, 20, 21, 22, 23, 27, 34, 35, 38, 31,  2])
 array([ 0, 33, 41, 42, 40, 32, 36, 39, 47, 46, 55, 57, 56, 61,  3])
 array([ 0, 37, 43, 49, 48, 54, 62, 58, 63, 53, 44, 45, 50, 59, 60,  4])]
 -- Custo: 
 ---------22.844454977356023
 ---------25.667323872244037
 ---------27.941549404533227
 ---------30.821326212286404
 ---- Total: 107.27465446641969
 -- Premio: 
 ---------52.0
 ---------67.0
 ---------60.0
 ---------77.0
 ---- Total: 256.0
 - Execucao 9
 -- BestCostGenaration: [-74.53145206548831, -760.795468367996, -857.6673303546207, -981.849063228528, -1004.7933351385271, -1061.883491565889, -1070.5960739053821, -1104.0787911289272, -1110.6448492394384, -1117.0015791388535, -1146.843692508955, -1165.6271947271864, -1170.5569340634152, -1178.430176948441, -1183.4784136745084, -1188.852382050297, -1217.6158085664608, -1218.7056143669151, -1225.6423516498244, -1245.109436030105, -1250.1576727561724, -1279.101692421286, -1281.4448381717937, -1286.6498430137576, -1304.8919487383696, -1309.8223050871547, -1341.0784063506744, -1345.7275169913478, -1355.7835317989052, -1355.9669501706726, -1357.3759230915775, -1358.3100959211802, -1360.5062132187945, -1360.6532416716877, -1374.5062132187945, -1376.5764306194094, -1393.163067468287, -1395.2332848689018, -1395.7891790701922, -1397.8593964708068, -1398.4573762172536, -1401.1436677182687, -1408.1436677182687, -1419.837702828103, -1423.1514113270875, -1436.1436677182687]
 -- BestCostElement: [-1436.14366772 -1436.14366772 -1436.14366772 -1436.14366772]
 -- BestRoute: [array([ 0, 37, 30, 26, 20, 17, 16, 12,  8,  7, 11, 14,  1])
 array([ 0,  9,  5, 13, 18, 21, 22, 27, 31, 23, 10,  2])
 array([ 0, 33, 25, 15, 24, 29, 32, 36, 39, 40, 42, 47, 46, 55,  3])
 array([ 0, 43, 49, 53, 44, 50, 51, 45, 34, 35, 38, 52, 60, 59, 64,  4])]
 -- Custo: 
 ---------23.05909680029271
 ---------25.74476331035587
 ---------27.365058181991753
 ---------30.295164777792497
 ---- Total: 106.46408307043284
 -- Premio: 
 ---------50.0
 ---------64.0
 ---------69.0
 ---------83.0
 ---- Total: 266.0
 - Execucao 10
 -- BestCostGenaration: [-92.22501487244392, -941.137783287687, -1015.9623207653239, -1044.439155615266, -1055.507619046201, -1065.0519463794556, -1127.1459260660345, -1129.936316958689, -1156.2326569318598, -1169.1535975805116, -1193.3177574445594, -1197.7680073545728, -1223.2121131532824, -1244.304628213561, -1271.6075330917054, -1294.024954161873, -1297.0556320692292, -1301.4170175603554, -1321.3123718223799, -1325.5440613928856, -1355.3123718223799, -1359.5440613928856, -1368.3344522855405, -1372.3768771228831, -1388.8844546204125, -1391.485580779904, -1393.2904609831728, -1395.28572214222, -1403.9017962426205, -1406.2449419931281, -1422.558650492113, -1435.0172456014363, -1437.6183717609279, -1438.4471943121112, -1440.753159202277, -1454.9203434722795, -1455.7491660234627]
 -- BestCostElement: [-1455.74916602 -1455.74916602 -1455.74916602 -1455.74916602]
 -- BestRoute: [array([ 0, 33, 36, 32, 29, 24, 25, 15,  8,  7, 11,  1])
 array([ 0, 37, 26, 20,  9,  5, 13, 18, 21, 27, 22, 23,  2])
 array([ 0, 43, 49, 48, 54, 62, 61, 57, 47, 42, 40, 39, 46, 55,  3])
 array([ 0, 30, 34, 35, 31, 38, 45, 44, 53, 50, 51, 52, 59, 64, 60,  4])]
 -- Custo: 
 ---------23.207365565700723
 ---------25.463688798564252
 ---------27.49847350245616
 ---------30.6431806274131
 ---- Total: 106.81270849413424
 -- Premio: 
 ---------59.0
 ---------69.0
 ---------62.0
 ---------79.0
 ---- Total: 269.0
 - Execucao 11
 -- BestCostGenaration: [-62.77759538068228, -861.1872249866274, -1085.7532886451736, -1131.3342585891487, -1137.0363654550672, -1144.0363654550672, -1184.4429829043945, -1185.8447793858802, -1185.8519558252995, -1213.9578732731184, -1213.9650497125376, -1227.7861286549023, -1238.099837153887, -1239.5088100747919, -1255.4537865252348, -1256.8627594461398, -1263.8627594461395, -1264.034504064356, -1274.4644527750308, -1285.8261457551976, -1289.9415951140136, -1310.8757679436162, -1331.5734302348712, -1332.9824031557762, -1337.5734302348712, -1338.9824031557762, -1342.038131245777, -1343.3812769962847]
 -- BestCostElement: [-1343.381277 -1343.381277 -1343.381277 -1343.381277]
 -- BestRoute: [array([ 0, 37, 34, 35, 30, 17, 16, 12,  8, 11,  1])
 array([ 0, 26, 20, 18, 21, 22, 27, 23, 10, 13,  9,  5,  2])
 array([ 0, 25, 15, 24, 29, 28, 32, 36, 39, 40, 42, 47, 46, 55,  3])
 array([ 0, 33, 41, 57, 61, 56, 54, 48, 49, 43, 44, 50, 51, 45, 52, 60,  4])]
 -- Custo: 
 ---------23.961314242370307
 ---------24.556395895082645
 ---------27.607698869111037
 ---------30.77927174436485
 ---- Total: 106.90468075092883
 -- Premio: 
 ---------44.0
 ---------68.0
 ---------64.0
 ---------77.0
 ---- Total: 253.0
 - Execucao 12
 -- BestCostGenaration: [-15.221903561022103, -1145.0201236002317, -1148.3338320992166, -1150.7560372010726, -1172.026319605509, -1185.193331670224, -1203.040908505216, -1225.8501859197165, -1259.4825940035241, -1267.0307445959957, -1274.8518235383601, -1276.5011412331833, -1301.9308828897083, -1328.3854848202177, -1328.85182353836, -1332.9632797183617, -1348.0787742679133, -1355.7471778003844, -1372.586144711293, -1375.8998532102778, -1379.4438206266816, -1394.2058181004436, -1403.2615461904445, -1405.604691940952, -1411.8055136068483, -1417.2121310561756, -1428.3158436273584, -1433.7224610766857, -1441.8984225571908, -1456.0656068271933, -1460.7069738590478, -1461.4195561985412, -1463.1878666280352]
 -- BestCostElement: [-1463.18786663 -1463.18786663 -1463.18786663 -1463.18786663]
 -- BestRoute: [array([ 0, 25, 24, 29, 28, 19, 14, 11, 15,  8,  7,  1])
 array([ 0, 34, 35, 38, 31, 27, 23, 22, 21, 18, 13,  9,  5,  2])
 array([ 0, 33, 32, 36, 39, 46, 40, 42, 62, 56, 57, 61, 55,  3])
 array([ 0, 41, 48, 54, 58, 49, 43, 37, 44, 50, 51, 45, 52, 60, 59, 64,  4])]
 -- Custo: 
 ---------22.844454977356023
 ---------25.54320376686506
 ---------27.837194136991332
 ---------30.478180461778784
 ---- Total: 106.7030333429912
 -- Premio: 
 ---------52.0
 ---------80.0
 ---------59.0
 ---------79.0
 ---- Total: 270.0
 - Execucao 13
 -- BestCostGenaration: [-110.55550777170886, -694.9465829880658, -956.670633616458, -990.3345167584032, -1020.6857886115167, -1077.257063411186, -1105.8659331794963, -1122.9320774236032, -1151.3279023256464, -1171.97701296632, -1188.5842451159867, -1196.436353737782, -1203.554807864464, -1218.9056972237904, -1235.31072224521, -1237.8370338083128, -1248.7770609633524, -1251.4789401168962, -1254.6137275582453, -1265.7430265160554, -1285.8250454445342, -1288.1681911950418, -1291.7121586114456, -1293.608943526557, -1316.6646716165578, -1325.5387261259423, -1328.7626720876292, -1333.161545928138, -1345.2952350275723, -1355.5982403406076, -1365.236547360441, -1368.7805147768447, -1371.1236605273523, -1373.1793886173532, -1383.9182617953243, -1386.2614075458318]
 -- BestCostElement: [-1386.26140755 -1386.26140755 -1386.26140755 -1386.26140755]
 -- BestRoute: [array([ 0, 41, 33, 28, 19, 14, 11, 15,  8,  7,  1])
 array([ 0, 34, 35, 38, 31, 27, 23, 22, 21, 18,  9,  5, 10,  2])
 array([ 0, 25, 24, 29, 32, 36, 39, 40, 42, 47, 46, 55, 57, 56, 61,  3])
 array([ 0, 37, 53, 64, 59, 52, 45, 50, 44, 43, 49, 63,  4])]
 -- Custo: 
 ---------23.724231785109204
 ---------24.705481427033437
 ---------27.71205413665293
 ---------30.542880764746435
 ---- Total: 106.68464811354201
 -- Premio: 
 ---------46.0
 ---------82.0
 ---------66.0
 ---------65.0
 ---- Total: 259.0
 - Execucao 14
 -- BestCostGenaration: [-71.76148840849501, -916.305214069627, -927.8450655135846, -1064.529469346041, -1083.9866720119992, -1101.9819331710464, -1151.69933739065, -1192.4664420131733, -1199.8474515987987, -1213.8474515987987, -1246.806005765262, -1253.1120158461636, -1280.1754423542477, -1280.6456771280214, -1296.1491515157695, -1322.8617790459984, -1329.790463303469, -1341.7152548170166, -1375.084691406002, -1380.1329281320695, -1381.675013944653, -1386.7232506707205, -1388.9012385615633, -1399.420345792576, -1410.401798562917, -1411.4095421717357, -1413.9775433370621, -1420.5073989447599, -1423.813363834926, -1443.813363834926, -1446.1565095854335]
 -- BestCostElement: [-1446.15650959 -1446.15650959 -1446.15650959 -1446.15650959]
 -- BestRoute: [array([ 0, 41, 32, 29, 24, 25, 15,  8,  7, 11, 14,  1])
 array([ 0, 26, 20,  9,  5, 10, 13, 18, 21, 27, 22, 23,  2])
 array([ 0, 33, 36, 39, 40, 42, 54, 47, 46, 55, 57, 61,  3])
 array([ 0, 37, 34, 35, 31, 38, 45, 52, 51, 50, 44, 43, 49, 53, 59, 60,  4])]
 -- Custo: 
 ---------23.384823019828836
 ---------24.946134448410582
 ---------27.690301633073705
 ---------29.68961350232851
 ---- Total: 105.71087260364163
 -- Premio: 
 ---------56.0
 ---------68.0
 ---------55.0
 ---------88.0
 ---- Total: 267.0
 - Execucao 15
 -- BestCostGenaration: [-37.08890301700521, -1148.929147301885, -1172.2840945802568, -1190.7579698530683, -1211.1615825345293, -1236.4293134131744, -1253.3203568649908, -1269.2538251541496, -1312.520125468301, -1343.0623764560069, -1354.1328461015069, -1373.241549758528, -1377.7339722609986, -1389.1328461015069, -1399.4243216810592, -1410.371346114039, -1410.8231955215674, -1411.1106131820743, -1420.7086799758217, -1450.0576376150543, -1462.6324729360676, -1463.5239763331965, -1466.3980308425812, -1488.6929850577571, -1493.3420956984305, -1495.2411356502284, -1513.1063482088794, -1517.7554588495527, -1533.9274271512436, -1538.576537791917, -1552.4680411890458, -1560.0161917815176, -1561.9479360510095, -1580.604790300502, -1592.8922079610084]
 -- BestCostElement: [-1592.89220796 -1592.89220796 -1592.89220796 -1592.89220796]
 -- BestRoute: [array([ 0, 41, 33, 29, 24, 25, 15,  8,  7, 11, 14, 19,  6,  1])
 array([ 0, 26, 20, 17, 16,  9,  5, 13, 18, 21, 22, 27, 23, 10,  2])
 array([ 0, 48, 54, 62, 56, 61, 57, 47, 42, 40, 32, 36, 39, 46,  3])
 array([ 0, 43, 49, 53, 50, 44, 37, 34, 35, 38, 45, 51, 52, 60, 59, 64,  4])]
 -- Custo: 
 ---------23.96399003885765
 ---------24.93245190266634
 ---------27.789415018100378
 ---------30.841091050123488
 ---- Total: 107.52694800974785
 -- Premio: 
 ---------63.0
 ---------75.0
 ---------61.0
 ---------90.0
 ---- Total: 289.0
 - Execucao 16
 -- BestCostGenaration: [-91.37378940015397, -784.7342315634867, -846.1883015933486, -868.2703571220858, -1118.7878492548762, -1122.101557753861, -1126.840430931832, -1129.59112729846, -1169.4338998835283, -1179.5609437160588, -1188.78948687352, -1189.2954267524055, -1189.502069213013, -1216.8290880342631, -1226.0576311917243, -1226.7702135312175, -1234.5679612122344, -1234.8259416212184, -1240.2248154617268, -1240.93739780122, -1241.2325590705457, -1252.889413320038, -1279.9684726713865, -1282.311618421894, -1291.2001622418925, -1293.5433079924, -1307.7104922624026, -1309.3038748130753, -1314.7104922624026, -1316.3038748130753, -1322.8864537429076, -1323.0249268740304, -1324.1218290031873]
 -- BestCostElement: [-1324.121829 -1324.121829 -1324.121829 -1324.121829]
 -- BestRoute: [array([ 0, 40, 42, 47, 46, 39, 36, 32, 28, 19, 14,  1])
 array([ 0, 34, 35, 38, 31, 27, 23, 22, 21, 18, 13,  9,  5,  2])
 array([ 0, 26, 20, 30, 37, 43, 49, 48, 54, 62, 57, 61,  3])
 array([ 0, 33, 41, 58, 63, 53, 44, 50, 51, 45, 52, 59, 64, 60,  4])]
 -- Custo: 
 ---------23.883638309590662
 ---------25.54320376686506
 ---------26.985306482961295
 ---------30.057394189786194
 ---- Total: 106.46954274920321
 -- Premio: 
 ---------46.0
 ---------80.0
 ---------56.0
 ---------68.0
 ---- Total: 250.0
 - Execucao 17
 -- BestCostGenaration: [-87.52547034580786, -925.6076769892727, -1103.2295418227914, -1106.5432503217762, -1148.6361592721187, -1156.2514806407735, -1167.1343936633143, -1195.0678619524733, -1217.7355198228056, -1251.477539413822, -1251.825424005282, -1253.7835043039877, -1256.9648087309984, -1278.9044833566304, -1284.0438680823468, -1288.782741260318, -1290.9292654893002, -1301.7417547258162, -1304.2638215339593, -1313.3908653664898, -1318.789739206998, -1327.5580496364923, -1332.9569234770008, -1335.478990285144, -1337.6060341176744, -1342.6432149780162, -1345.4712465877321, -1347.2923256186896, -1366.688842993429, -1392.0849643109566, -1396.872548082753, -1418.9205325639348, -1421.9762606539357, -1423.587486888015, -1426.1095536961584, -1426.1886130475068, -1440.3557973175093]
 -- BestCostElement: [-1440.35579732 -1440.35579732 -1440.35579732 -1440.35579732]
 -- BestRoute: [array([ 0, 26, 20, 17, 16, 25, 24, 15,  8,  7, 11, 14,  1])
 array([ 0, 30, 34, 35, 31, 27, 23, 22, 21, 18, 13,  9,  5, 10,  2])
 array([ 0, 37, 43, 49, 48, 54, 56, 61, 57, 47, 36, 39, 46,  3])
 array([ 0, 33, 41, 53, 64, 59, 50, 44, 45, 38, 52, 60,  4])]
 -- Custo: 
 ---------23.29536249101104
 ---------25.827898921905902
 ---------27.605711203368895
 ---------30.43207805433684
 ---- Total: 107.16105067062269
 -- Premio: 
 ---------59.0
 ---------80.0
 ---------63.0
 ---------65.0
 ---- Total: 267.0
 - Execucao 18
 -- BestCostGenaration: [-29.900391394774687, -1048.563851845293, -1071.0859186534362, -1080.1682882088226, -1108.7636674193402, -1127.8319231498483, -1130.1750689003559, -1180.811498388872, -1184.2151110703333, -1223.9188966498284, -1238.8534632809024, -1247.3854415345886, -1269.9308396040792, -1315.0794766444228, -1317.9535311538073, -1320.4411696245895, -1320.9720783834664, -1333.7335783709343, -1343.329713444588, -1367.7180911532967, -1373.1960243451535, -1382.5829098218833, -1388.9937720261703, -1392.2925325842461, -1394.6356783347537, -1395.606241083231, -1396.6836628159358, -1410.4334260157707, -1413.7471345147555, -1417.5496662274609, -1431.895771555099, -1435.2094800540835, -1445.6006102857732, -1450.2497209264466, -1454.787067898078, -1456.8350523792599, -1459.4361785387514, -1462.7498870377362]
 -- BestCostElement: [-1462.74988704 -1462.74988704 -1462.74988704 -1462.74988704]
 -- BestRoute: [array([ 0, 33, 39, 36, 32, 29, 24, 25, 15, 11, 14,  1])
 array([ 0, 26, 20, 17,  9,  5, 10, 13, 18, 21, 22, 23,  2])
 array([ 0, 43, 49, 53, 63, 58, 48, 54, 62, 56, 57, 61, 55,  3])
 array([ 0, 37, 34, 30, 27, 31, 35, 38, 45, 44, 50, 51, 52, 59, 60,  4])]
 -- Custo: 
 ---------23.792463872582434
 ---------24.612283912988392
 ---------26.086454242708708
 ---------28.821326212286408
 ---- Total: 103.31252824056594
 -- Premio: 
 ---------66.0
 ---------63.0
 ---------56.0
 ---------83.0
 ---- Total: 268.0
 - Execucao 19
 -- BestCostGenaration: [-58.79851720380371, -923.3873503432663, -1071.3836090429677, -1140.9463485351469, -1208.6403836449808, -1213.6886203710483, -1236.0317661215558, -1257.8456407318301, -1264.5056413943673, -1265.3971447914962, -1278.133058392337, -1283.7472432093555, -1299.090388959863, -1318.3807661975004, -1320.981892356992, -1323.3250381074995, -1325.3952555081141, -1330.3250381074995, -1330.620199376825, -1332.1122896567167, -1336.9508174868256, -1338.5813808978398, -1339.0332303053683, -1353.5519436463169, -1355.2615664086798, -1355.6221610469318, -1357.0738034003105, -1369.4287506786823, -1371.498968079297, -1372.9506104326756, -1382.2643189316605, -1385.808286348064, -1402.4868342402606, -1405.5992235870551, -1407.396971268072, -1407.9306325499297, -1410.5317587094212]
 -- BestCostElement: [-1410.53175871 -1410.53175871 -1410.53175871 -1410.53175871]
 -- BestRoute: [array([ 0, 33, 25, 24, 29, 19, 14, 11, 15,  8,  7,  1])
 array([ 0, 26, 20, 21, 27, 22, 23, 10, 13, 18,  9,  5,  2])
 array([ 0, 43, 53, 49, 48, 54, 58, 62, 56, 61, 57, 46, 55,  3])
 array([ 0, 37, 30, 34, 35, 31, 38, 45, 44, 50, 51, 52, 60, 59, 64,  4])]
 -- Custo: 
 ---------23.43024141498293
 ---------25.320327917582855
 ---------27.67881338995511
 ---------29.437677600123795
 ---- Total: 105.86706032264469
 -- Premio: 
 ---------57.0
 ---------68.0
 ---------56.0
 ---------81.0
 ---- Total: 262.0
 - Execucao 20
 -- BestCostGenaration: [-28.671766816812713, -1098.2207384845767, -1111.925577215251, -1122.8505119483154, -1136.9768060496663, -1137.3859860247208, -1142.5909908666847, -1171.3859860247208, -1176.5909908666847, -1178.0981376265897, -1178.3035363586177, -1195.8317921217028, -1200.88002884777, -1222.8317921217028, -1230.2309182070967, -1233.1590804859034, -1241.902022181836, -1250.3127753607546, -1251.7644177141333, -1304.1408070590637, -1305.5924494124424, -1322.3180904094627, -1344.7697327628414, -1349.262155265312, -1356.2016883343586, -1372.8802362265549, -1386.7717396236837]
 -- BestCostElement: [-1386.77173962 -1386.77173962 -1386.77173962 -1386.77173962]
 -- BestRoute: [array([ 0, 33, 29, 19, 14, 11, 15, 25, 24,  1])
 array([ 0, 26, 20, 17, 16,  9,  5, 13, 18, 21, 22, 27, 23, 10,  2])
 array([ 0, 43, 53, 49, 58, 48, 54, 62, 56, 61, 57, 46, 55,  3])
 array([ 0, 45, 51, 50, 44, 37, 34, 35, 31, 38, 52, 60, 59, 64,  4])]
 -- Custo: 
 ---------23.12447358917121
 ---------24.93245190266634
 ---------27.67881338995511
 ---------30.821326212286404
 ---- Total: 106.55706509407906
 -- Premio: 
 ---------50.0
 ---------75.0
 ---------56.0
 ---------78.0
 ---- Total: 259.0
 - Execucao 21
 -- BestCostGenaration: [-50.34381679155456, -780.087048500064, -889.8442082360592, -921.9557076792175, -1187.5735806749708, -1188.793899455237, -1226.9106616455908, -1247.6837561067734, -1254.7317405879553, -1306.0377054781213, -1336.0256098488067, -1360.32683589802, -1364.7229139523909, -1387.0660597028987, -1393.9725110409363, -1397.2889720629018, -1416.8638073839154, -1417.1217877928993, -1420.2341771396937, -1422.4912243818849, -1425.6036137286796, -1429.4121650305367, -1429.7073262998624, -1435.0690192800291]
 -- BestCostElement: [-1435.06901928 -1435.06901928 -1435.06901928 -1435.06901928]
 -- BestRoute: [array([ 0, 33, 39, 36, 32, 29, 24, 25, 15, 11, 14,  1])
 array([ 0, 37, 27, 21, 22, 23, 10, 13, 18,  9,  5,  2])
 array([ 0, 43, 44, 45, 51, 50, 53, 49, 48, 54, 56, 57, 61, 55,  3])
 array([ 0, 16, 17, 20, 26, 30, 34, 35, 31, 38, 52, 60, 59, 64,  4])]
 -- Custo: 
 ---------23.792463872582434
 ---------25.877054302287245
 ---------26.200104725336033
 ---------29.113122279787035
 ---- Total: 104.98274517999275
 -- Premio: 
 ---------66.0
 ---------66.0
 ---------65.0
 ---------68.0
 ---- Total: 265.0
 - Execucao 22
 -- BestCostGenaration: [-128.69077515876037, -888.7805849222327, -1103.908513383005, -1159.322119844094, -1181.9650240597014, -1201.8752615224037, -1212.5584066103738, -1218.623118077495, -1248.0422179765942, -1258.1547922511372, -1260.4636774163116, -1260.4979380016448, -1265.7980459563166, -1278.3094095785104, -1279.3171531873293, -1280.8286013023808, -1286.1629698423858, -1311.7640425011123, -1313.6293085605282, -1314.365168660604, -1316.2304347200197, -1322.2304347200197, -1335.36288332001, -1335.5502368106638, -1347.9468253105786, -1355.49497590305, -1355.6710218764129, -1357.4953678849483, -1368.1971466036014, -1393.0992465674208, -1401.4423923179284, -1412.15975868911, -1426.3550582521484, -1426.4741735481114, -1458.753932092657, -1467.0970778431645, -1468.7791223334793, -1479.0928308324642, -1483.1671061521242, -1492.6409814249357, -1505.633237816117, -1517.0321116566251]
 -- BestCostElement: [-1517.03211166 -1517.03211166 -1517.03211166 -1517.03211166]
 -- BestRoute: [array([ 0, 41, 33, 29, 24, 25, 15,  8,  7, 11, 14,  6,  1])
 array([ 0, 37, 34, 35, 38, 31, 27, 23, 22, 21, 18,  9,  5, 10,  2])
 array([ 0, 26, 20, 17, 16, 12, 19, 28, 32, 36, 39, 46, 55,  3])
 array([ 0, 42, 47, 57, 61, 56, 62, 54, 48, 49, 43, 44, 50, 51, 45, 52, 60,
        4])]
 -- Custo: 
 ---------21.785844453984343
 ---------25.103827064701605
 ---------27.644883237919615
 ---------30.957417329238154
 ---- Total: 105.49197208584371
 -- Premio: 
 ---------60.0
 ---------89.0
 ---------51.0
 ---------77.0
 ---- Total: 277.0
 - Execucao 23
 -- BestCostGenaration: [-88.41438088909246, -871.5408987239506, -931.1796355360214, -958.2661987793799, -989.272204097065, -1032.6365327800852, -1044.7558210790903, -1097.4698259377444, -1100.6442763889042, -1145.0010822988368, -1145.6346052869817, -1172.6772747194557, -1199.7067119709786, -1204.7549486970458, -1206.3932557168791, -1241.0980944475534, -1245.5905169500243, -1247.2288239698573]
 -- BestCostElement: [-1247.22882397 -1247.22882397 -1247.22882397 -1247.22882397]
 -- BestRoute: [array([ 0, 34, 37, 33, 29, 11,  1])
 array([ 0, 15, 16, 17, 20,  9, 18, 21, 22, 27, 23, 10,  2])
 array([ 0, 25, 24, 32, 36, 39, 40, 42, 47, 46, 55, 57, 56, 61,  3])
 array([ 0, 48, 54, 62, 58, 49, 43, 44, 50, 51, 45, 38, 52, 59, 64,  4])]
 -- Custo: 
 ---------23.752808908008188
 ---------25.886151782005854
 ---------27.667323872244033
 ---------30.88650944527758
 ---- Total: 108.19279400753565
 -- Premio: 
 ---------35.0
 ---------67.0
 ---------62.0
 ---------76.0
 ---- Total: 240.0
 - Execucao 24
 -- BestCostGenaration: [-62.420719023569355, -773.3053393452409, -933.3398100539666, -1006.4405141963448, -1059.302055456887, -1137.3410341963424, -1154.3115969448195, -1210.9893455112037, -1238.428791800377, -1245.9769423928483, -1271.5402479803786, -1271.8354092497043, -1276.5884847064458, -1294.5433512555564, -1304.0890360426035, -1306.432181793111, -1311.637186635075, -1344.0066232240606, -1346.6077493835523, -1351.3980057006356, -1357.1850937731467, -1361.0475105456603, -1387.5844633129404, -1392.2335739536138, -1409.2744612752135, -1409.4388497590787, -1415.7117781089717, -1415.8876830640197, -1418.2071601885727, -1420.643897864199]
 -- BestCostElement: [-1420.64389786 -1420.64389786 -1420.64389786 -1420.64389786]
 -- BestRoute: [array([ 0, 33, 32, 29, 24, 25, 15,  8,  7, 11, 14,  6,  1])
 array([ 0, 16,  9,  5, 13, 18, 21, 30, 27, 22, 23, 10,  2])
 array([ 0, 43, 44, 45, 51, 50, 53, 49, 48, 54, 62, 56, 57, 61,  3])
 array([ 0, 17, 20, 26, 37, 34, 35, 31, 38, 52, 60, 59, 64,  4])]
 -- Custo: 
 ---------22.128990204491963
 ---------25.970609457455744
 ---------26.89024643050483
 ---------30.09917944149769
 ---- Total: 105.08902553395023
 -- Premio: 
 ---------63.0
 ---------65.0
 ---------66.0
 ---------69.0
 ---- Total: 263.0
 - Execucao 25
 -- BestCostGenaration: [-8.919155921896987, -1048.6001116992206, -1061.7785822483067, -1105.7838167885445, -1153.1904342378718, -1158.238670963939, -1163.797372286088, -1222.2157300104686, -1235.3693587829275, -1256.3560088057243, -1271.4820540849532, -1281.063699847993, -1292.9788286079197, -1295.8809279254617, -1322.0932163793527, -1330.585766656136, -1335.6340033822032, -1339.0518983201287, -1342.1076264101296, -1356.939200786437, -1359.5403269459284, -1371.8421546372122, -1374.4432807967037, -1387.4355371878848, -1387.9836877803564, -1396.0249265597433, -1396.5730771522149, -1398.9239665115413, -1414.6845333322165]
 -- BestCostElement: [-1414.68453333 -1414.68453333 -1414.68453333 -1414.68453333]
 -- BestRoute: [array([ 0, 30, 26, 20, 17, 16, 12,  8,  7, 11, 14, 19,  6,  1])
 array([ 0,  9,  5, 10, 13, 18, 21, 22, 27, 23,  2])
 array([ 0, 33, 25, 15, 24, 29, 32, 36, 39, 40, 42, 47, 46, 55,  3])
 array([ 0, 37, 34, 35, 38, 45, 52, 51, 50, 44, 43, 49, 58, 63, 53, 59,  4])]
 -- Custo: 
 ---------23.429553284237734
 ---------24.79407861864212
 ---------27.365058181991753
 ---------30.99017658207428
 ---- Total: 106.5788666669459
 -- Premio: 
 ---------49.0
 ---------59.0
 ---------69.0
 ---------86.0
 ---- Total: 263.0
 - Execucao 26
 -- BestCostGenaration: [-46.872257251199215, -884.4738831340436, -1203.8150715792633, -1252.4502321860518, -1256.6896653653766, -1258.8761229776812, -1259.0328111158842, -1261.219268728189, -1269.7933779365594, -1271.9798355488642, -1280.3307249081906, -1291.6924178883573, -1294.035563638865, -1327.3978237884312, -1330.1583906091064, -1341.4055673972503, -1348.4055673972503, -1353.3498393072493, -1355.3978237884312, -1357.475784797865, -1362.536296919554, -1373.23635161854, -1378.2968637402291, -1385.2891201314103, -1391.871699061243, -1399.4198496537142, -1419.047266651684, -1426.935810471682]
 -- BestCostElement: [-1426.93581047 -1426.93581047 -1426.93581047 -1426.93581047]
 -- BestRoute: [array([ 0, 33, 32, 29, 24, 25, 15,  8,  7, 11, 14,  6,  1])
 array([ 0, 26, 20, 17,  9,  5, 10, 13, 18, 21, 22, 23,  2])
 array([ 0, 49, 48, 54, 62, 61, 57, 55, 46, 39, 36,  3])
 array([ 0, 37, 34, 27, 31, 35, 38, 45, 52, 51, 50, 44, 43, 53, 59,  4])]
 -- Custo: 
 ---------22.128990204491963
 ---------24.612283912988392
 ---------27.60838699985623
 ---------30.916386264742872
 ---- Total: 105.26604738207945
 -- Premio: 
 ---------63.0
 ---------63.0
 ---------54.0
 ---------84.0
 ---- Total: 264.0
 - Execucao 27
 -- BestCostGenaration: [-24.46801342278468, -956.631044694217, -1060.065217108391, -1104.5573280465076, -1115.065217108391, -1141.1529656338669, -1151.1637692547072, -1186.7018640299389, -1189.3057427124113, -1216.6130561365085, -1220.2621667771818, -1221.6612928625757, -1226.4033124535918, -1249.36613159325, -1254.1081511842663, -1255.0787139327433, -1274.6516970118987, -1295.212403032178, -1298.0027939248325, -1299.99805508388, -1322.6787417503201, -1347.3049531408387, -1349.6480988913463, -1363.5318586796561, -1368.009791871513, -1374.9307325201648, -1382.009791871513]
 -- BestCostElement: [-1382.00979187 -1382.00979187 -1382.00979187 -1382.00979187]
 -- BestRoute: [array([ 0, 26, 20, 17, 16, 25, 24, 15,  8,  7, 11, 14,  1])
 array([ 0,  9,  5, 10, 13, 18, 21, 22, 27, 23,  2])
 array([ 0, 43, 49, 48, 54, 62, 61, 57, 47, 40, 36, 39, 46, 55,  3])
 array([ 0, 37, 34, 35, 31, 38, 45, 51, 52, 60, 59, 50, 44, 53,  4])]
 -- Custo: 
 ---------23.29536249101104
 ---------24.79407861864212
 ---------27.90611435520976
 ---------30.00199656725882
 ---- Total: 105.99755203212175
 -- Premio: 
 ---------59.0
 ---------59.0
 ---------64.0
 ---------76.0
 ---- Total: 258.0
 - Execucao 28
 -- BestCostGenaration: [-74.19775349981387, -1058.0888365471312, -1082.6963772923573, -1126.6746836496534, -1133.6669400408346, -1201.5102519026316, -1265.3169838483009, -1323.3429671977383, -1329.178742504866, -1349.7124037867238, -1370.1961927767393, -1389.9950374155424, -1396.9872938067233, -1436.1434242638688, -1446.6145470136996, -1468.3751138343748, -1477.0506017145499, -1493.8083727490878, -1503.1143376392538, -1512.1778093380733, -1522.8563572302699, -1537.5804693032464, -1549.5611959609441, -1552.0832627690872, -1553.9600698014526, -1556.4821366095957]
 -- BestCostElement: [-1556.48213661 -1556.48213661 -1556.48213661 -1556.48213661]
 -- BestRoute: [array([ 0, 26, 20, 17, 16, 25, 24, 15,  8,  7, 11, 14,  1])
 array([ 0, 37, 34, 35, 31, 27, 23, 22, 21, 18,  9,  5, 13, 10,  2])
 array([ 0, 41, 33, 29, 32, 36, 39, 40, 42, 47, 46, 55, 57, 61,  3])
 array([ 0, 48, 54, 58, 49, 43, 44, 50, 51, 45, 38, 52, 60, 59, 64,  4])]
 -- Custo: 
 ---------23.29536249101104
 ---------24.413685359532806
 ---------27.533908551779625
 ---------30.88650944527758
 ---- Total: 106.12946584760105
 -- Premio: 
 ---------59.0
 ---------84.0
 ---------62.0
 ---------78.0
 ---- Total: 283.0
 - Execucao 29
 -- BestCostGenaration: [-98.41730474717065, -941.7551890543655, -1136.6779953308485, -1142.4701101915912, -1212.3461358594245, -1214.689281609932, -1216.7422139137957, -1242.853713356954, -1257.03242736044, -1260.0881554504408, -1283.4018639494254, -1285.745009699933, -1286.4575920394263, -1287.7979420037966, -1288.8948441329533, -1290.8536700937975, -1299.1265337034592, -1305.5331511527866, -1325.5331511527866, -1327.8762969032941, -1335.767800300423, -1338.1109460509306, -1338.902587741772, -1341.24573349228, -1342.2190487637376, -1343.5888792427875, -1354.961068354754, -1357.3042141052615, -1377.4127107081326, -1378.5096128372893, -1397.040127706102, -1398.1370298352588, -1403.7938840847512, -1404.5064664242445, -1406.1370298352588, -1406.849612174752, -1406.9100791057056, -1413.2079129203184, -1441.468645852283, -1442.1812281917764, -1449.8195352116095, -1450.532117551103]
 -- BestCostElement: [-1450.53211755 -1450.53211755 -1450.53211755 -1450.53211755]
 -- BestRoute: [array([ 0, 33, 39, 36, 32, 29, 24, 25, 15, 11, 14,  6,  1])
 array([ 0, 26, 17, 20, 27, 23, 22, 21, 18, 13,  9,  5, 10,  2])
 array([ 0, 45, 51, 50, 44, 43, 49, 48, 54, 62, 56, 57, 61, 55,  3])
 array([ 0, 37, 30, 34, 35, 31, 38, 52, 59, 64, 53, 63,  4])]
 -- Custo: 
 ---------23.837194136991332
 ---------25.848351890488182
 ---------27.659048552118026
 ---------30.77237603262673
 ---- Total: 108.11697061222426
 -- Premio: 
 ---------69.0
 ---------72.0
 ---------64.0
 ---------64.0
 ---- Total: 269.0
