 - Execucao 0
 -- BestCostGenaration: [-217.5784869705402, -1081.237929024354, -1096.705867258078, -1132.7913102540294, -1136.1050187530143, -1140.2653925809907, -1150.3994343602012, -1170.2391017425125, -1173.384428578818, -1180.3766849699991, -1210.4262471773432, -1218.2590629073406, -1247.4046951798177, -1261.6577277661204, -1274.513191782689, -1288.7662243689915, -1297.109370119499, -1301.5082439600076, -1302.3997473571362, -1304.1465509798409, -1305.0380543769695, -1310.7739679778101, -1319.829696067811, -1334.8374396766299, -1339.3547676438204, -1346.42608338635, -1357.5375395663516, -1359.168102977366, -1361.7769727456764]
 -- BestCostElement: [-1361.77697275 -1361.77697275 -1361.77697275 -1361.77697275]
 -- BestRoute: [array([ 0, 37, 34, 35, 31, 38, 45, 51, 50, 44, 43, 49,  0])
 array([ 0, 29, 24, 25, 15,  8,  7, 11, 14, 19,  0])
 array([ 0, 26, 20, 18, 21, 27, 22, 23, 10,  5,  9, 17,  0])
 array([ 0, 33, 32, 36, 39, 46, 55, 61, 57, 56, 62, 54, 48, 42, 41,  0])]
 -- Custo: 
 ---------23.000159927904907
 ---------25.104276804925433
 ---------27.17398423859042
 ---------30.52733584216013
 ---- Total: 105.80575681358089
 -- Premio: 
 ---------68.0
 ---------50.0
 ---------68.0
 ---------69.0
 ---- Total: 255.0
 - Execucao 1
 -- BestCostGenaration: [-206.42173560877546, -1104.3883508205968, -1115.5722620765384, -1146.2984466381204, -1154.7595943472834, -1180.3188008054806, -1185.7257069355564, -1201.0608203964966, -1222.247485062951, -1227.594688732504, -1229.0685640053155, -1238.2837327564998, -1249.3559816658224, -1255.7331618636267, -1273.0345295580187, -1275.802839987513, -1276.6943433846413, -1282.180020185317, -1282.7546965630872, -1286.068405062072, -1288.4115508125797, -1288.672327007701, -1296.8394680145468, -1325.015429495052, -1328.0711575850528, -1328.9626609821817, -1334.8249139637019, -1337.1680597142094, -1339.0526103553937, -1342.8404011813395, -1366.518949073536, -1366.9180751589297]
 -- BestCostElement: [-1366.91807516 -1366.91807516 -1366.91807516 -1366.91807516]
 -- BestRoute: [array([ 0, 41, 42, 57, 61, 55, 46, 39, 36, 32,  0])
 array([ 0, 33, 29, 24, 25, 15,  8,  7, 11, 14, 19,  0])
 array([ 0, 30, 27, 23, 22, 21, 13, 10,  5,  9, 17, 20, 26,  0])
 array([ 0, 37, 34, 35, 31, 38, 45, 51, 59, 50, 44, 43, 49, 54, 48,  0])]
 -- Custo: 
 ---------23.877054302287245
 ---------25.54753912253712
 ---------27.783168657497004
 ---------30.81271912794617
 ---- Total: 108.02048121026753
 -- Premio: 
 ---------46.0
 ---------57.0
 ---------71.0
 ---------83.0
 ---- Total: 257.0
 - Execucao 2
 -- BestCostGenaration: [-154.6678168421388, -1106.9780340857392, -1154.3846515350667, -1181.6720691955734, -1183.757234537097, -1216.7092500559152, -1217.108376141309, -1232.8689429619842, -1239.8689429619842, -1242.9362007854684, -1243.5742210877454, -1261.8087064443887, -1262.28278877135, -1266.1257251474115, -1271.0699970574105, -1284.9615004545394]
 -- BestCostElement: [-1284.96150045 -1284.96150045 -1284.96150045 -1284.96150045]
 -- BestRoute: [array([ 0, 45, 51, 50, 44, 43, 49, 48, 54, 41,  0])
 array([ 0, 37, 34, 35, 38, 52, 60, 59, 64, 53,  0])
 array([ 0, 33, 24, 25, 15,  8,  7, 11, 14, 19, 29, 32,  0])
 array([ 0, 26, 20, 17, 16,  9,  5, 10, 13, 18, 21, 22, 23, 27, 30,  0])]
 -- Custo: 
 ---------22.77927174436485
 ---------25.12221975950564
 ---------27.469413449533647
 ---------30.388719932960996
 ---- Total: 105.75962488636513
 -- Premio: 
 ---------47.0
 ---------56.0
 ---------63.0
 ---------78.0
 ---- Total: 244.0
 - Execucao 3
 -- BestCostGenaration: [-201.57337989457676, -1032.4038070928339, -1032.9550170510493, -1053.6956678976321, -1129.7983086946113, -1146.5716102099434, -1161.2576494660732, -1163.9627404416328, -1183.9627404416328, -1196.798308694611, -1216.3616142821415, -1250.376103592755, -1260.9059140097172, -1261.708400531687, -1268.9059140097172, -1279.5550246503908, -1287.9772297522468, -1300.3761035927553, -1308.7192493432628, -1309.4318316827562, -1321.3761035927553, -1327.9156716303578, -1334.8950239878536, -1335.6076063273467]
 -- BestCostElement: [-1335.60760633 -1335.60760633 -1335.60760633 -1335.60760633]
 -- BestRoute: [array([ 0, 15,  8,  7, 11, 14, 19, 28, 29, 24, 25,  0])
 array([ 0, 43, 59, 64, 53, 49, 48, 54,  0])
 array([ 0, 41, 42, 40, 47, 56, 57, 61, 55, 46, 39, 36, 32, 33,  0])
 array([ 0, 26, 20, 21, 22, 23, 27, 31, 35, 34, 38, 45, 52, 51, 50, 44, 37,
        0])]
 -- Custo: 
 ---------23.73044683145697
 ---------23.883638309590665
 ---------27.36505818199175
 ---------30.36895509512391
 ---- Total: 105.34809841816329
 -- Premio: 
 ---------52.0
 ---------39.0
 ---------60.0
 ---------100.0
 ---- Total: 251.0
 - Execucao 4
 -- BestCostGenaration: [-166.49043992761534, -1055.848913165235, -1128.60271473462, -1164.3030542097083, -1205.5428819253746, -1208.8565904243594, -1256.263207873687, -1258.3483732152104, -1258.6457755100434, -1272.6457755100434, -1287.276338921058, -1308.730940851567, -1314.0077207350955, -1314.7280466834077, -1323.3586100944221, -1324.0934253533478, -1342.571358545205, -1344.6565238867283, -1344.9145042957125, -1349.8470394180786, -1355.052087523199, -1357.1372528647225, -1358.2341549938792, -1358.6332810792733]
 -- BestCostElement: [-1358.63328108 -1358.63328108 -1358.63328108 -1358.63328108]
 -- BestRoute: [array([ 0, 32, 36, 39, 46, 55, 61, 57, 42,  0])
 array([ 0, 25, 24, 15,  8,  7, 11, 14, 19, 28, 29, 33,  0])
 array([ 0, 37, 34, 35, 31, 38, 45, 51, 50, 44, 43, 49, 54, 48,  0])
 array([ 0, 26, 20, 30, 27, 23, 22, 21, 18, 13, 10,  5,  9, 17,  0])]
 -- Custo: 
 ---------23.812559200041264
 ---------24.549776476484553
 ---------27.57665115044638
 ---------30.6526929032095
 ---- Total: 106.5916797301817
 -- Premio: 
 ---------43.0
 ---------59.0
 ---------78.0
 ---------75.0
 ---- Total: 255.0
 - Execucao 5
 -- BestCostGenaration: [-126.37530831517202, -1011.7127304682151, -1101.5958056303625, -1173.3731630712186, -1178.7600303232343, -1207.514454716788, -1224.9289162098248, -1254.0664994373114, -1266.3059326166363, -1280.200140096078, -1284.5171587991008, -1294.2078837048969, -1297.8123200684263, -1312.152155614896, -1312.2374847474127, -1316.4691743179187, -1321.4134462279178, -1335.3049496250467, -1336.01753196454, -1337.2974582611132, -1339.3454427422953, -1339.864449538417, -1343.7118193192596, -1358.5832383029765, -1374.382623602637, -1375.0952059421302, -1390.6963321016217, -1421.2974582611132, -1423.3454427422953, -1429.8985844206047, -1431.9465689017868, -1432.6591512412801]
 -- BestCostElement: [-1432.65915124 -1432.65915124 -1432.65915124 -1432.65915124]
 -- BestRoute: [array([ 0, 25, 24, 15,  8,  7, 11, 14, 19, 29,  0])
 array([ 0, 33, 32, 36, 39, 46, 55, 57, 61, 62, 54, 48,  0])
 array([ 0, 26, 20, 17, 16,  9,  5, 13, 18, 21, 22, 23, 27, 30,  0])
 array([ 0, 37, 34, 35, 31, 38, 45, 51, 52, 60, 59, 50, 44, 43, 49,  0])]
 -- Custo: 
 ---------22.934941283619057
 ---------25.951532750363853
 ---------27.226442272792614
 ---------29.472295882904486
 ---- Total: 105.58521218968
 -- Premio: 
 ---------50.0
 ---------60.0
 ---------72.0
 ---------83.0
 ---- Total: 265.0
 - Execucao 6
 -- BestCostGenaration: [-131.52597370256368, -1167.4905201488264, -1184.1810561860093, -1205.4545238126307, -1234.8456540443203, -1243.9044222623902, -1274.5469286276555, -1302.36800757002, -1329.476504172891, -1330.36800757002, -1332.1673928696803]
 -- BestCostElement: [-1332.16739287 -1332.16739287 -1332.16739287 -1332.16739287]
 -- BestRoute: [array([ 0, 34, 35, 31, 38, 45, 51, 50, 44, 43, 49,  0])
 array([ 0, 33, 42, 47, 57, 61, 55, 46, 39, 36, 32,  0])
 array([ 0, 25, 24, 29, 19, 14, 11,  7,  8, 15, 12, 16, 17, 20, 26,  0])
 array([ 0,  9,  5, 10, 13, 18, 21, 22, 23, 27, 30, 37,  0])]
 -- Custo: 
 ---------22.60181429023674
 ---------25.22677276241436
 ---------27.397968439067828
 ---------29.231596290861006
 ---- Total: 104.45815178257993
 -- Premio: 
 ---------61.0
 ---------52.0
 ---------68.0
 ---------69.0
 ---- Total: 250.0
 - Execucao 7
 -- BestCostGenaration: [-131.05854172721763, -1034.9428677113888, -1114.5852162046544, -1173.6372514319582, -1188.0666781639693, -1220.4655520044776, -1247.0067332116796, -1249.6880768900132, -1264.1104457828624, -1285.6586396384905, -1291.8809375617448, -1294.2243719930011]
 -- BestCostElement: [-1294.22437199 -1294.22437199 -1294.22437199 -1294.22437199]
 -- BestRoute: [array([ 0, 37, 34, 35, 31, 38, 45, 51, 50, 44, 43, 49,  0])
 array([ 0, 26, 21, 27, 22, 23, 10, 13, 18, 20, 17,  0])
 array([ 0, 48, 54, 62, 56, 57, 61, 55, 46, 39, 36, 32,  0])
 array([ 0, 41, 42, 40, 33, 29, 24, 25, 15,  8,  7, 11, 14,  0])]
 -- Custo: 
 ---------23.000159927904907
 ---------25.581625091344016
 ---------26.42366870536343
 ---------30.1884532771374
 ---- Total: 105.19390700174975
 -- Premio: 
 ---------68.0
 ---------58.0
 ---------55.0
 ---------64.0
 ---- Total: 245.0
 - Execucao 8
 -- BestCostGenaration: [-127.84555580734892, -1074.6247458133062, -1085.9332832305743, -1113.7362019933078, -1129.9148209932305, -1213.5489840691866, -1215.0640529306493, -1254.7808973231672, -1255.4857360538413, -1260.4300079638406, -1280.4300079638406, -1281.9450768253034, -1286.9933135513706, -1288.5729630524843, -1288.6974477416013, -1297.8866715514691, -1305.931889835088, -1310.1713230144128, -1318.7759759204343, -1325.350811241448, -1331.6459725107736, -1356.9999218821215, -1359.0479063633034, -1373.3086825584246, -1384.4467802038118, -1386.494764684994]
 -- BestCostElement: [-1386.49476468 -1386.49476468 -1386.49476468 -1386.49476468]
 -- BestRoute: [array([ 0, 37, 34, 35, 31, 38, 45, 51, 50, 44, 43, 49,  0])
 array([ 0, 25, 24, 15,  8,  7, 11, 14, 19, 28, 29, 33,  0])
 array([ 0, 26, 20, 18, 21, 27, 23, 22, 13,  5,  9, 17, 16,  0])
 array([ 0, 41, 42, 48, 54, 62, 56, 57, 61, 55, 46, 39, 36, 32,  0])]
 -- Custo: 
 ---------23.000159927904907
 ---------24.549776476484553
 ---------26.799036582201932
 ---------30.52733584216013
 ---- Total: 104.87630882875152
 -- Premio: 
 ---------68.0
 ---------59.0
 ---------69.0
 ---------62.0
 ---- Total: 258.0
 - Execucao 9
 -- BestCostGenaration: [-172.60319724297975, -1034.1683368618378, -1054.3387966765124, -1064.3171030338085, -1090.9240641879733, -1188.1378341643162, -1235.5444516136436, -1238.100739704998, -1243.462432685165, -1246.330604820946, -1249.2046593303303, -1251.3539360822933, -1258.0959556733096, -1288.70482544162, -1304.0479711921275, -1304.7605535316206, -1306.8307709322357, -1325.4876251817277]
 -- BestCostElement: [-1325.48762518 -1325.48762518 -1325.48762518 -1325.48762518]
 -- BestRoute: [array([ 0, 26, 20,  9,  5, 13, 21, 22, 23, 27,  0])
 array([ 0, 37, 44, 50, 45, 51, 52, 60, 59, 64, 53, 49, 43,  0])
 array([ 0, 15,  8,  7, 11, 14, 19, 28, 29, 24, 25, 33, 41,  0])
 array([ 0, 48, 54, 62, 56, 57, 61, 55, 46, 39, 36, 32, 40, 42,  0])]
 -- Custo: 
 ---------23.54052797037772
 ---------25.96131424237031
 ---------27.552301246583667
 ---------29.073950245236315
 ---- Total: 106.12809370456802
 -- Premio: 
 ---------58.0
 ---------68.0
 ---------62.0
 ---------62.0
 ---- Total: 250.0
 - Execucao 10
 -- BestCostGenaration: [-191.40161509975675, -1067.268707479533, -1103.0877758796935, -1150.4943933290208, -1207.64244708147, -1210.9561555804548, -1233.220241979614, -1236.5339504785989, -1238.8770962291064, -1244.9584409210483, -1248.3690515491899, -1267.4805077291917, -1274.8596473413622, -1288.7805879900138, -1316.7805879900138, -1330.6016669323783]
 -- BestCostElement: [-1330.60166693 -1330.60166693 -1330.60166693 -1330.60166693]
 -- BestRoute: [array([ 0, 37, 34, 35, 31, 38, 45, 51, 50, 44, 43, 49,  0])
 array([ 0, 26, 30, 27, 23, 22, 21, 18, 13,  5,  9, 17,  0])
 array([ 0, 36, 39, 40, 42, 47, 46, 57, 61, 56, 54, 48,  0])
 array([ 0, 41, 33, 29, 24, 25, 15,  8,  7, 11, 14, 19, 28, 32,  0])]
 -- Custo: 
 ---------23.000159927904907
 ---------25.898056095794715
 ---------27.9155227892215
 ---------29.785844453984343
 ---- Total: 106.59958326690546
 -- Premio: 
 ---------68.0
 ---------64.0
 ---------51.0
 ---------68.0
 ---- Total: 251.0
 - Execucao 11
 -- BestCostGenaration: [-141.56781044733702, -1128.2762964813915, -1223.73558332667, -1234.3222201755475, -1266.2365835539902, -1277.2037547141445, -1279.646261015339, -1283.8856941946638, -1285.3031152648314, -1288.5348048353371, -1299.8934378034826, -1300.2925638888764, -1310.542548444156, -1312.8856941946638, -1313.2848202800576]
 -- BestCostElement: [-1313.28482028 -1313.28482028 -1313.28482028 -1313.28482028]
 -- BestRoute: [array([ 0, 25, 24, 29, 28, 19, 14, 11,  7,  8, 15,  0])
 array([ 0, 33, 42, 47, 57, 61, 55, 46, 39, 36, 32,  0])
 array([ 0, 34, 35, 31, 38, 45, 51, 50, 44, 43, 49, 54, 48,  0])
 array([ 0, 37, 30, 27, 23, 22, 21, 18, 13, 10,  5,  9, 17,  0])]
 -- Custo: 
 ---------23.730446831456966
 ---------25.22677276241436
 ---------27.178305512778213
 ---------29.543269823336075
 ---- Total: 105.67879492998561
 -- Premio: 
 ---------52.0
 ---------52.0
 ---------71.0
 ---------73.0
 ---- Total: 248.0
 - Execucao 12
 -- BestCostGenaration: [-195.46801089736684, -1072.3337456095996, -1081.562288767061, -1099.1699571824165, -1126.4842049581298, -1148.7805279254726, -1156.235230290873, -1190.2948511247969, -1191.7728847515448, -1221.091276847327, -1239.840042140138, -1262.6006089608131, -1263.5185900323345, -1270.5108464235154, -1273.7532391799707, -1295.6223026035173, -1298.498363973744, -1301.3645292486829, -1302.6098201537457, -1305.5570516408752, -1313.2696339803686, -1313.9822163198617, -1347.852212910201, -1348.564795249694, -1350.649960591218, -1357.6499605912177, -1362.30681484071]
 -- BestCostElement: [-1362.30681484 -1362.30681484 -1362.30681484 -1362.30681484]
 -- BestRoute: [array([ 0, 26, 20,  9,  5, 13, 21, 22, 23, 27,  0])
 array([ 0, 37, 34, 35, 38, 45, 51, 52, 60, 59, 50, 44, 43,  0])
 array([ 0, 33, 29, 28, 19, 14,  6, 11,  7,  8, 15, 24, 25,  0])
 array([ 0, 41, 49, 48, 54, 62, 56, 57, 61, 55, 46, 39, 36, 32,  0])]
 -- Custo: 
 ---------23.54052797037772
 ---------25.540527970377717
 ---------27.607698869111033
 ---------30.73454147995595
 ---- Total: 107.42329628982242
 -- Premio: 
 ---------58.0
 ---------71.0
 ---------62.0
 ---------65.0
 ---- Total: 256.0
 - Execucao 13
 -- BestCostGenaration: [-153.00025449849772, -1039.9970096369293, -1149.0136669831488, -1155.07837845027, -1181.6705212326412, -1187.7352326997625, -1190.2533063290914, -1231.7909607897632, -1257.7832171809446, -1278.7832171809446, -1294.5809648619613, -1348.9746073784681, -1368.966863769649, -1375.7206201482984, -1392.955062241785, -1416.0330232512188, -1417.7371574414492, -1419.7851419226313]
 -- BestCostElement: [-1419.78514192 -1419.78514192 -1419.78514192 -1419.78514192]
 -- BestRoute: [array([ 0, 37, 34, 35, 31, 38, 45, 51, 50, 44, 43, 49,  0])
 array([ 0, 25, 24, 15,  8,  7, 11, 14, 19, 28, 29, 33,  0])
 array([ 0, 41, 48, 54, 62, 56, 57, 61, 55, 46, 39, 36, 32,  0])
 array([ 0, 26, 20, 17, 16,  9,  5, 10, 13, 18, 21, 22, 23, 27, 30,  0])]
 -- Custo: 
 ---------23.000159927904907
 ---------24.549776476484553
 ---------27.36505818199175
 ---------30.388719932960996
 ---- Total: 105.3037145193422
 -- Premio: 
 ---------68.0
 ---------59.0
 ---------58.0
 ---------78.0
 ---- Total: 263.0
 - Execucao 14
 -- BestCostGenaration: [-131.7921465965054, -1031.6813047315727, -1205.0587183984376, -1219.3154930004507, -1239.723602974305, -1288.723602974305, -1296.1153796552312, -1303.1260098487955, -1305.6372318258107, -1310.5177865297217, -1313.0290085067368, -1349.6929599158116, -1350.009894107678, -1357.0847365967377, -1362.0290085067368, -1364.3721542572446]
 -- BestCostElement: [-1364.37215426 -1364.37215426 -1364.37215426 -1364.37215426]
 -- BestRoute: [array([ 0, 33, 32, 36, 39, 46, 55, 61, 57, 42,  0])
 array([ 0, 37, 34, 35, 31, 38, 45, 52, 51, 50, 44, 43, 49,  0])
 array([ 0, 25, 24, 29, 28, 19, 14, 11,  7,  8, 15, 12, 16, 17,  0])
 array([ 0, 26, 20,  9,  5, 10, 13, 18, 21, 22, 23, 27, 30,  0])]
 -- Custo: 
 ---------23.812559200041264
 ---------24.414373490278003
 ---------27.64879599007734
 ---------27.53123275529229
 ---- Total: 103.4069614356889
 -- Premio: 
 ---------50.0
 ---------72.0
 ---------61.0
 ---------71.0
 ---- Total: 254.0
 - Execucao 15
 -- BestCostGenaration: [-189.13962375707172, -1129.3555761754697, -1147.6043184879152, -1168.3463380789312, -1180.9655306997058, -1191.6146413403794, -1223.6221612657237, -1236.0210351062321, -1241.5067119069076, -1254.4989682980888, -1261.4617874377473, -1263.1659216279777, -1290.4533392884846, -1315.5570518596674]
 -- BestCostElement: [-1315.55705186 -1315.55705186 -1315.55705186 -1315.55705186]
 -- BestRoute: [array([ 0, 41, 42, 47, 57, 61, 55, 46, 39,  0])
 array([ 0, 25, 24, 15,  8,  7, 11, 14, 19, 29, 32, 33,  0])
 array([ 0, 26, 20, 21, 22, 23, 27, 31, 38, 35, 34, 37, 43, 49,  0])
 array([ 0, 44, 50, 51, 45, 52, 60, 59, 64, 53, 63, 58, 54,  0])]
 -- Custo: 
 ---------22.99488653139938
 ---------25.785844453984343
 ---------27.679501520700306
 ---------30.400504528999143
 ---- Total: 106.86073703508316
 -- Premio: 
 ---------36.0
 ---------63.0
 ---------86.0
 ---------64.0
 ---- Total: 249.0
 - Execucao 16
 -- BestCostGenaration: [-124.84813239103502, -1096.2958682444416, -1153.5254797269026, -1184.4770274446626, -1191.051862765676, -1231.7039781742158, -1258.7334154257385, -1265.308250746752, -1281.088297963879, -1282.7043288011232, -1284.8566083933733, -1288.3611830506156, -1288.9947060387603, -1289.173627096396, -1289.4580851797723, -1295.8584544135988, -1301.574532445612, -1307.8691360338805, -1311.712072409942, -1316.6563443199411, -1330.3689266594345, -1330.54784771707, -1344.1109462504505, -1352.3689266594345, -1372.3689266594345, -1380.5333584064563]
 -- BestCostElement: [-1380.53335841 -1380.53335841 -1380.53335841 -1380.53335841]
 -- BestRoute: [array([ 0, 37, 34, 35, 31, 38, 45, 51, 50, 44, 43, 49,  0])
 array([ 0, 33, 29, 24, 25, 15,  8,  7, 11, 14, 19,  0])
 array([ 0, 32, 36, 39, 40, 42, 47, 57, 61, 56, 62, 54, 48,  0])
 array([ 0, 26, 20, 17, 16,  9,  5, 10, 13, 18, 21, 22, 23, 27, 30,  0])]
 -- Custo: 
 ---------23.000159927904907
 ---------25.54753912253712
 ---------27.43024141498293
 ---------30.388719932960996
 ---- Total: 106.36666039838595
 -- Premio: 
 ---------68.0
 ---------57.0
 ---------55.0
 ---------78.0
 ---- Total: 258.0
 - Execucao 17
 -- BestCostGenaration: [-103.39279774446419, -1015.8647995294473, -1067.370066012816, -1147.7647252031738, -1155.3128757956456, -1182.9436462608096, -1190.4917968532811, -1193.661012631991, -1262.8426862126075, -1267.4513489267683, -1273.8579663760956, -1293.1453840366023, -1295.4513489267683, -1319.1298968189647]
 -- BestCostElement: [-1319.12989682 -1319.12989682 -1319.12989682 -1319.12989682]
 -- BestRoute: [array([ 0, 25, 24, 29, 28, 19, 14, 11,  7,  8, 15,  0])
 array([ 0, 33, 41, 42, 40, 32, 36, 39, 46, 47,  0])
 array([ 0, 37, 34, 35, 31, 38, 45, 51, 50, 44, 43, 49, 48, 54,  0])
 array([ 0, 26, 20, 17,  9,  5, 18, 21, 13, 10, 23, 22, 27, 30,  0])]
 -- Custo: 
 ---------23.730446831456966
 ---------23.93975529467841
 ---------27.676432671794846
 ---------30.620890997328626
 ---- Total: 105.96752579525885
 -- Premio: 
 ---------52.0
 ---------44.0
 ---------78.0
 ---------75.0
 ---- Total: 249.0
 - Execucao 18
 -- BestCostGenaration: [-203.03628294535258, -1091.4836681636675, -1101.062276615147, -1145.295696602741, -1152.5143787670186, -1173.2513393029799, -1205.749027914655, -1234.835544245859, -1236.5451670082218, -1297.2392021180558, -1323.9925079881555, -1332.8697655290703, -1340.678799489171, -1342.1834740280551, -1359.62307139917, -1361.5529106170407, -1378.8500221287236, -1379.5626044682167, -1388.163730627708, -1392.190021466186, -1395.245749556187, -1403.5888953066947, -1404.3014776461878, -1404.4631136070723, -1404.8622396924661, -1407.9207203054477, -1412.8649922154468, -1426.5775745549402, -1426.7564956125757]
 -- BestCostElement: [-1426.75649561 -1426.75649561 -1426.75649561 -1426.75649561]
 -- BestRoute: [array([ 0, 15,  8,  7, 11, 14, 19, 28, 29, 24, 25,  0])
 array([ 0, 41, 42, 47, 56, 57, 61, 55, 46, 39, 36, 32, 33,  0])
 array([ 0, 37, 34, 35, 31, 38, 45, 51, 50, 44, 43, 49, 54, 48,  0])
 array([ 0, 26, 20, 17, 16,  9,  5, 10, 13, 18, 21, 22, 23, 27, 30,  0])]
 -- Custo: 
 ---------23.73044683145697
 ---------25.36505818199175
 ---------27.57665115044638
 ---------30.388719932960996
 ---- Total: 107.06087609685609
 -- Premio: 
 ---------52.0
 ---------57.0
 ---------78.0
 ---------78.0
 ---- Total: 265.0
 - Execucao 19
 -- BestCostGenaration: [-223.07686726661296, -1067.948456257168, -1126.6586571552868, -1142.4738355638083, -1147.400676746303, -1245.566287481673, -1250.2153981223466, -1268.872252371839, -1276.7902334433602, -1282.9868549648857, -1283.8753987848838, -1285.1411228026866, -1290.5028157828533, -1298.9605641264075, -1310.1922536969134, -1328.965348158096, -1329.6779304975892, -1347.4462409270832, -1353.2820162342111, -1372.569433894718, -1373.2820162342111]
 -- BestCostElement: [-1373.28201623 -1373.28201623 -1373.28201623 -1373.28201623]
 -- BestRoute: [array([ 0, 37, 43, 44, 50, 45, 51, 59, 64, 53, 49,  0])
 array([ 0, 26, 20, 18, 13, 21, 22, 23, 27, 31, 38, 35, 34,  0])
 array([ 0, 48, 54, 62, 56, 57, 61, 55, 46, 39, 36, 32,  0])
 array([ 0, 25, 24, 15,  8,  7, 11, 14, 19, 28, 29, 33, 40, 42, 41,  0])]
 -- Custo: 
 ---------23.8285870526511
 ---------25.320327917582855
 ---------26.42366870536343
 ---------30.85691226584982
 ---- Total: 106.42949594144721
 -- Premio: 
 ---------58.0
 ---------75.0
 ---------55.0
 ---------69.0
 ---- Total: 257.0
 - Execucao 20
 -- BestCostGenaration: [-178.85990047021238, -1109.1241887625977, -1168.3758794153791, -1186.1528247414572, -1209.3211492324021, -1230.8468598512914, -1238.8096789909496, -1296.7050744632618, -1309.0667674434285, -1309.697330854443, -1328.3541851039354, -1329.0667674434285, -1330.955311263427]
 -- BestCostElement: [-1330.95531126 -1330.95531126 -1330.95531126 -1330.95531126]
 -- BestRoute: [array([ 0, 37, 34, 35, 31, 38, 45, 51, 50, 44, 43, 49,  0])
 array([ 0, 40, 42, 47, 57, 61, 55, 46, 39, 36, 32,  0])
 array([ 0, 41, 33, 29, 24, 25, 15,  8,  7, 11, 14, 19,  0])
 array([ 0, 30, 18, 21, 27, 22, 23, 10, 13,  5,  9, 17, 20, 26,  0])]
 -- Custo: 
 ---------23.000159927904907
 ---------25.863873471753582
 ---------27.612034224783102
 ---------30.035104559701722
 ---- Total: 106.5111721841433
 -- Premio: 
 ---------68.0
 ---------48.0
 ---------60.0
 ---------75.0
 ---- Total: 251.0
 - Execucao 21
 -- BestCostGenaration: [-174.1382680767822, -1139.449726308378, -1172.9225204337824, -1183.0817335699342, -1219.7668192639785, -1221.8148037451606, -1223.3756890322888, -1244.8900122316131, -1251.7033475651588, -1252.844880708303, -1273.2831278937429, -1294.424661036887, -1311.898377366455, -1314.1252829052728, -1318.8906337576364, -1321.3069564858888, -1345.7601912671757, -1364.0958456537498, -1364.5868827824625, -1381.3302877472365, -1381.8213248759491, -1382.5339072154422]
 -- BestCostElement: [-1382.53390722 -1382.53390722 -1382.53390722 -1382.53390722]
 -- BestRoute: [array([ 0, 33, 29, 24, 15,  8,  7, 11, 14, 25,  0])
 array([ 0, 37, 34, 35, 31, 38, 45, 51, 50, 44, 53, 49, 43,  0])
 array([ 0, 41, 48, 54, 62, 61, 57, 47, 42, 40, 39, 36, 32,  0])
 array([ 0, 30, 18, 21, 27, 22, 23, 10, 13,  5,  9, 17, 20, 26,  0])]
 -- Custo: 
 ---------23.155327751948537
 ---------24.954741532750813
 ---------27.72134935173836
 ---------30.035104559701722
 ---- Total: 105.86652319613944
 -- Premio: 
 ---------54.0
 ---------73.0
 ---------56.0
 ---------75.0
 ---- Total: 258.0
 - Execucao 22
 -- BestCostGenaration: [-185.73397420081506, -1170.8848120392524, -1174.4714488881302, -1191.8367844197078, -1253.7299533281512, -1264.035918218317, -1273.722209719332, -1284.777937809333, -1292.833665899334, -1297.0653554698397, -1313.833665899334, -1314.546248238827, -1318.0653554698397, -1338.5421903197819, -1338.8001707287658, -1345.5421903197819, -1345.9413164051757]
 -- BestCostElement: [-1345.94131641 -1345.94131641 -1345.94131641 -1345.94131641]
 -- BestRoute: [array([ 0, 28, 19, 14, 11,  7,  8, 15, 25,  0])
 array([ 0, 41, 42, 47, 57, 46, 39, 36, 32, 29, 24, 33,  0])
 array([ 0, 37, 34, 35, 31, 38, 45, 51, 50, 44, 43, 49, 54, 48,  0])
 array([ 0, 30, 27, 23, 22, 21, 18, 13, 10,  5,  9, 16, 17, 20, 26,  0])]
 -- Custo: 
 ---------22.76539126351909
 ---------25.53390855177962
 ---------27.57665115044638
 ---------30.388719932960992
 ---- Total: 106.26467089870609
 -- Premio: 
 ---------40.0
 ---------57.0
 ---------78.0
 ---------78.0
 ---- Total: 253.0
 - Execucao 23
 -- BestCostGenaration: [-180.48784787613766, -1125.1101037867716, -1208.4671715261175, -1220.919020933646, -1237.3246856666851, -1238.3213734097783, -1252.6678314171927, -1262.3541229182078, -1282.1038861180427, -1288.6415405787147, -1298.1491180762441, -1298.7050122775345, -1319.622642722148, -1323.4655790982097, -1346.905626977874, -1347.1636073868578, -1376.0551107839867, -1395.3425284444934, -1402.6972686687154, -1405.9319178163519, -1406.175408914722, -1424.7676931234798, -1430.8617004157372, -1449.4539846244952, -1461.5626882815159, -1464.461728233314, -1477.4539846244952, -1496.1108388739876]
 -- BestCostElement: [-1496.11083887 -1496.11083887 -1496.11083887 -1496.11083887]
 -- BestRoute: [array([ 0, 15,  8,  7, 11, 14, 19, 28, 29, 24, 25,  0])
 array([ 0, 43, 44, 50, 51, 45, 52, 60, 59, 64, 53, 49,  0])
 array([ 0, 48, 54, 42, 47, 57, 61, 55, 46, 39, 36, 32, 33,  0])
 array([ 0, 26, 20, 17,  9,  5, 13, 18, 21, 22, 23, 27, 31, 38, 35, 34, 37,
        0])]
 -- Custo: 
 ---------23.73044683145697
 ---------25.271860667946708
 ---------27.430241414982927
 ---------30.789741367116502
 ---- Total: 107.2222902815031
 -- Premio: 
 ---------52.0
 ---------61.0
 ---------62.0
 ---------100.0
 ---- Total: 275.0
 - Execucao 24
 -- BestCostGenaration: [-177.12762136001732, -1048.5304010850664, -1110.4760902024232, -1150.696853301577, -1180.0296416403626, -1186.0943531074838, -1267.0447310076584, -1280.7806446084992, -1285.807042619485, -1324.8363726984999, -1329.8627707094856, -1329.9112327044163, -1331.504615255089, -1336.5310132660748, -1355.6885884928029, -1356.5174110439862, -1370.2222497746604]
 -- BestCostElement: [-1370.22224977 -1370.22224977 -1370.22224977 -1370.22224977]
 -- BestRoute: [array([ 0, 37, 34, 35, 31, 38, 45, 51, 50, 44, 43, 49,  0])
 array([ 0, 26,  9,  5, 13, 18, 21, 22, 23, 27, 30,  0])
 array([ 0, 20, 17, 16, 12, 15,  8,  7, 11, 14, 19, 29, 24, 25,  0])
 array([ 0, 33, 32, 36, 39, 40, 42, 47, 46, 55, 61, 57, 56, 54,  0])]
 -- Custo: 
 ---------23.000159927904907
 ---------24.32978306057319
 ---------27.264553118603416
 ---------29.09994144925337
 ---- Total: 103.69443755633489
 -- Premio: 
 ---------68.0
 ---------60.0
 ---------64.0
 ---------63.0
 ---- Total: 255.0
 - Execucao 25
 -- BestCostGenaration: [-167.48217225144123, -1060.1972596101737, -1073.263241297304, -1086.127042209559, -1322.861406407315, -1329.2146512382192, -1334.2410492492052, -1351.4754913426918, -1368.7969434504953, -1380.195817291004]
 -- BestCostElement: [-1380.19581729 -1380.19581729 -1380.19581729 -1380.19581729]
 -- BestRoute: [array([ 0, 37, 34, 35, 31, 38, 45, 51, 50, 44, 43, 49,  0])
 array([ 0, 26,  9,  5, 13, 18, 21, 22, 23, 27, 30,  0])
 array([ 0, 41, 48, 54, 62, 56, 57, 61, 55, 46, 39, 36, 32,  0])
 array([ 0, 20, 17, 16, 12, 15,  8,  7, 11, 14, 19, 24, 25, 29, 33,  0])]
 -- Custo: 
 ---------23.000159927904907
 ---------24.32978306057319
 ---------27.36505818199175
 ---------30.006044506779205
 ---- Total: 104.70104567724906
 -- Premio: 
 ---------68.0
 ---------60.0
 ---------58.0
 ---------71.0
 ---- Total: 257.0
 - Execucao 26
 -- BestCostGenaration: [-192.4020101954505, -1141.6708146746855, -1151.3759056502454, -1175.6708146746855, -1205.3089800493399, -1214.992266782489, -1254.3089800493399, -1261.3012364405213, -1264.2051953838154, -1293.016317471109, -1321.4669158809309, -1334.3024841339093, -1349.310227742728, -1356.623396964984, -1365.2539603759985, -1384.466708826781, -1397.4589652179623, -1404.3984982870088, -1410.3984982870088, -1412.7416440375164, -1413.4542263770097, -1416.367468607578, -1417.043661028197, -1426.3573695271818, -1426.7564956125757]
 -- BestCostElement: [-1426.75649561 -1426.75649561 -1426.75649561 -1426.75649561]
 -- BestRoute: [array([ 0, 25, 24, 29, 28, 19, 14, 11,  7,  8, 15,  0])
 array([ 0, 33, 32, 36, 39, 46, 55, 61, 57, 56, 47, 42, 41,  0])
 array([ 0, 37, 34, 35, 31, 38, 45, 51, 50, 44, 43, 49, 54, 48,  0])
 array([ 0, 26, 20, 17, 16,  9,  5, 10, 13, 18, 21, 22, 23, 27, 30,  0])]
 -- Custo: 
 ---------23.730446831456966
 ---------25.365058181991753
 ---------27.57665115044638
 ---------30.388719932960996
 ---- Total: 107.06087609685609
 -- Premio: 
 ---------52.0
 ---------57.0
 ---------78.0
 ---------78.0
 ---- Total: 265.0
 - Execucao 27
 -- BestCostGenaration: [-190.82754171062192, -1149.1659564875172, -1154.4799517040583, -1190.7146008516947, -1193.0577466022023, -1209.7362944943986, -1209.9865312945637, -1213.672822795579, -1223.7890178165333, -1243.7285508855798, -1257.549629827944, -1259.8927755784518, -1264.6316487564231, -1268.3179402574383, -1281.4566204427108]
 -- BestCostElement: [-1281.45662044 -1281.45662044 -1281.45662044 -1281.45662044]
 -- BestRoute: [array([ 0, 26, 20, 17, 16, 12,  8,  7, 11, 14, 19,  0])
 array([ 0, 34, 35, 31, 38, 45, 52, 51, 50, 44, 43, 49,  0])
 array([ 0,  9,  5, 13, 18, 21, 22, 23, 27, 30, 37,  0])
 array([ 0, 33, 42, 57, 61, 46, 39, 36, 32, 29, 24, 25, 15,  0])]
 -- Custo: 
 ---------23.974944813127806
 ---------24.016027852609835
 ---------26.069318630692628
 ---------30.825553592892035
 ---- Total: 104.88584488932231
 -- Premio: 
 ---------43.0
 ---------65.0
 ---------63.0
 ---------72.0
 ---- Total: 243.0
 - Execucao 28
 -- BestCostGenaration: [-124.6163372891404, -1048.2357539730945, -1063.212156822446, -1104.6416209819797, -1167.4626999243442, -1170.732051123568, -1211.7692319839098, -1221.7621348243274, -1249.0829404828944, -1256.4747171638205, -1266.2352839844957, -1271.179555894495, -1272.825606523147, -1274.8658473955102, -1304.2167367548368, -1306.5598825053444, -1309.3281929348382, -1311.3984103354528, -1312.3163914069742, -1313.725364327879, -1317.0468164356826, -1325.9460634416303, -1338.9383198328114]
 -- BestCostElement: [-1338.93831983 -1338.93831983 -1338.93831983 -1338.93831983]
 -- BestRoute: [array([ 0, 17, 16, 12,  8,  7, 11, 14, 19,  0])
 array([ 0, 37, 34, 35, 31, 38, 45, 51, 50, 44, 53, 49, 43,  0])
 array([ 0, 26, 20,  9,  5, 10, 13, 18, 21, 22, 23, 27, 30,  0])
 array([ 0, 33, 42, 47, 57, 61, 46, 39, 36, 32, 29, 24, 15, 25,  0])]
 -- Custo: 
 ---------23.054199488883505
 ---------24.954741532750813
 ---------27.53123275529229
 ---------30.72524626487052
 ---- Total: 106.26542004179713
 -- Premio: 
 ---------34.0
 ---------73.0
 ---------71.0
 ---------74.0
 ---- Total: 252.0
 - Execucao 29
 -- BestCostGenaration: [-184.657451704225, -1011.6200959576524, -1046.9575972920325, -1059.2435640323904, -1154.356704069758, -1191.9606260153869, -1206.160394530104, -1217.8958414945303, -1233.172131317737, -1238.8958414945303, -1242.9682902184297, -1246.736600647924, -1254.7923287379247, -1269.374907667757, -1271.680872557923, -1290.7923287379247, -1301.1912025784331, -1319.460073009281, -1327.5080574904628, -1332.452329400462, -1336.1386209014772, -1349.970403029791, -1355.2500770814788]
 -- BestCostElement: [-1355.25007708 -1355.25007708 -1355.25007708 -1355.25007708]
 -- BestRoute: [array([ 0, 48, 54, 62, 61, 57, 46, 40, 42, 41,  0])
 array([ 0, 26, 30, 27, 23, 22, 21, 18, 13,  5,  9, 17,  0])
 array([ 0, 37, 34, 35, 31, 38, 45, 50, 44, 53, 63, 49, 43,  0])
 array([ 0, 33, 24, 25, 15,  8,  7, 11, 14, 19, 28, 32, 36, 39,  0])]
 -- Custo: 
 ---------23.672882102102214
 ---------25.898056095794715
 ---------27.531232755292287
 ---------30.33530977644107
 ---- Total: 107.43748072963028
 -- Premio: 
 ---------41.0
 ---------64.0
 ---------76.0
 ---------74.0
 ---- Total: 255.0
