 - Execucao 0
 -- BestCostGenaration: [-202.85215306823028, -818.1138360898835, -844.1132946969897, -888.2019455747557, -944.2256428334962, -946.8267689929878, -970.5705615603744, -978.6052313429703, -1010.5176292565109, -1040.3444551478492, -1042.0485893380796, -1042.6876008983568, -1061.7990570783586, -1064.5673675078524, -1066.2715016980828, -1066.637584908467, -1068.3417190986977, -1070.9233648617374, -1093.4454316698807]
 -- BestCostElement: [-1093.44543167 -1093.44543167 -1093.44543167 -1093.44543167]
 -- BestRoute: [array([ 0, 37, 34, 35, 31, 38, 45, 51, 50, 44, 53, 49, 43,  0])
 array([ 0, 25, 24, 15,  8,  7, 11, 14, 19, 29, 32, 33,  0])
 array([ 0, 26, 30, 27, 23, 22, 21, 18, 13,  5,  9, 17,  0])]
 -- Custo: 
 ---------24.954741532750813
 ---------25.785844453984343
 ---------25.898056095794715
 ---- Total: 76.63864208252987
 -- Premio: 
 ---------73.0
 ---------63.0
 ---------64.0
 ---- Total: 200.0
 - Execucao 1
 -- BestCostGenaration: [-155.53830771212452, -843.970234438582, -852.962579679528, -882.3731014579047, -883.5446573428333, -887.2270978903598, -895.7534280687539, -920.3908019217945, -936.4119415025575, -956.5763732495793, -980.6692821999218, -981.8896009801879, -992.6955082981688, -1003.2998456109362, -1018.0765393608688, -1040.5986061690119, -1042.9417519195197, -1046.1734414900254, -1048.5165872405332, -1050.2207214307637, -1050.8597329910408, -1052.2687059119457, -1052.5638671812712, -1054.6118516624533, -1073.7233078424551]
 -- BestCostElement: [-1073.72330784 -1073.72330784 -1073.72330784 -1073.72330784]
 -- BestRoute: [array([ 0, 26, 30, 27, 23, 22, 21, 18, 13,  5,  9, 20,  0])
 array([ 0, 25, 24, 15,  8,  7, 11, 14, 19, 28, 29, 33,  0])
 array([ 0, 37, 34, 35, 31, 38, 45, 52, 51, 50, 44, 43, 49,  0])]
 -- Custo: 
 ---------25.6050230726237
 ---------24.549776476484553
 ---------24.414373490278003
 ---- Total: 74.56917303938624
 -- Premio: 
 ---------65.0
 ---------59.0
 ---------72.0
 ---- Total: 196.0
 - Execucao 2
 -- BestCostGenaration: [-228.84753709848314, -836.1637002571192, -859.9123736548797, -911.878036566292, -946.5351775333406, -1000.7480331566311, -1008.4606154961244, -1010.8828205979804, -1018.0617416556158, -1038.3491593161227, -1040.6923050666303]
 -- BestCostElement: [-1040.69230507 -1040.69230507 -1040.69230507 -1040.69230507]
 -- BestRoute: [array([ 0, 37, 34, 35, 31, 38, 45, 52, 51, 50, 44, 43, 49,  0])
 array([ 0, 41, 33, 29, 24, 25, 15,  8,  7, 11, 14,  0])
 array([ 0, 26, 20,  9,  5, 10, 23, 22, 21, 27, 30,  0])]
 -- Custo: 
 ---------24.414373490278003
 ---------25.94581259001811
 ---------25.46673765304631
 ---- Total: 75.82692373334243
 -- Premio: 
 ---------72.0
 ---------57.0
 ---------63.0
 ---- Total: 192.0
 - Execucao 3
 -- BestCostGenaration: [-155.6266950094128, -871.5969684617753, -913.5752748190714, -930.6885103514884, -954.4111917713781, -954.5151565874463, -989.0633071799177, -1006.741855072114, -1037.8827485036386, -1043.1221816829634, -1066.80072957516, -1069.9062868191359, -1081.406594575604, -1082.0119313099326, -1084.3550770604404]
 -- BestCostElement: [-1084.35507706 -1084.35507706 -1084.35507706 -1084.35507706]
 -- BestRoute: [array([ 0, 37, 34, 35, 31, 38, 45, 52, 51, 50, 44, 43, 49,  0])
 array([ 0, 26, 20, 17,  9,  5, 13, 18, 21, 22, 23, 27, 30,  0])
 array([ 0, 33, 29, 24, 25, 15,  8,  7, 11, 14, 19,  0])]
 -- Custo: 
 ---------24.414373490278003
 ---------25.449318122074818
 ---------25.54753912253712
 ---- Total: 75.41123073488994
 -- Premio: 
 ---------72.0
 ---------69.0
 ---------57.0
 ---- Total: 198.0
 - Execucao 4
 -- BestCostGenaration: [-156.71694235014968, -769.6337810143087, -830.5333554251621, -882.2942657900309, -888.5402857279072, -902.827703388414, -921.9921351354357, -924.1785927477404, -926.9364070454349, -935.731710800982, -938.2951753317558]
 -- BestCostElement: [-938.29517533 -938.29517533 -938.29517533 -938.29517533]
 -- BestRoute: [array([ 0, 26, 20, 17, 16, 12,  8,  7, 11, 14, 19, 28, 29,  0])
 array([ 0, 18, 21, 22, 23, 27, 31, 35, 34, 37, 43, 49,  0])
 array([ 0, 33, 41, 42, 40, 39, 36, 32, 24, 25, 15,  0])]
 -- Custo: 
 ---------25.29785187196376
 ---------25.891288045042263
 ---------25.737066250055058
 ---- Total: 76.92620616706108
 -- Premio: 
 ---------49.0
 ---------72.0
 ---------57.0
 ---- Total: 178.0
 - Execucao 5
 -- BestCostGenaration: [-208.54282754662427, -844.4779924450226, -861.5769109519697, -867.0000592531658, -908.9706220016428, -944.6760279017168, -953.9897364007016, -967.19809470986, -986.7326891585104, -989.7884172485113, -1012.1315629990189, -1029.7806736396924, -1035.1795474802009, -1037.3143349215502, -1043.594008973238, -1076.171803871382, -1078.7729300308736, -1085.485512370367, -1088.0866385298582, -1108.0866385298582]
 -- BestCostElement: [-1108.08663853 -1108.08663853 -1108.08663853 -1108.08663853]
 -- BestRoute: [array([ 0, 33, 25, 24, 29, 28, 19, 14, 11,  7,  8, 15,  0])
 array([ 0, 43, 44, 50, 51, 45, 52, 60, 59, 64, 53, 49,  0])
 array([ 0, 26, 20, 18, 13, 21, 22, 23, 27, 31, 38, 35, 34, 37,  0])]
 -- Custo: 
 ---------25.487806144337682
 ---------25.271860667946708
 ---------25.718673555251023
 ---- Total: 76.47834036753542
 -- Premio: 
 ---------59.0
 ---------61.0
 ---------82.0
 ---- Total: 202.0
 - Execucao 6
 -- BestCostGenaration: [-167.17401335149486, -877.8712822740194, -990.0460906469851, -996.8075906344532, -997.5201729739463, -999.8633187244538, -1001.7029448964774, -1004.046090646985, -1004.7586729864784, -1006.5681574551282, -1032.2250117046206, -1034.5681574551281, -1057.6238855451293, -1059.9670312956368]
 -- BestCostElement: [-1059.9670313 -1059.9670313 -1059.9670313 -1059.9670313]
 -- BestRoute: [array([ 0, 41, 33, 29, 24, 25, 15,  8,  7, 11, 14,  0])
 array([ 0, 37, 34, 35, 31, 38, 45, 52, 51, 50, 44, 43, 49,  0])
 array([ 0, 26, 20, 18, 21, 27, 23, 22, 13,  5,  9, 17,  0])]
 -- Custo: 
 ---------25.94581259001811
 ---------24.414373490278003
 ---------25.898056095794715
 ---- Total: 76.25824217609083
 -- Premio: 
 ---------57.0
 ---------72.0
 ---------66.0
 ---- Total: 195.0
 - Execucao 7
 -- BestCostGenaration: [-217.8534892020503, -825.4960766610584, -831.9810077995955, -848.9815297782595, -870.264954259952, -883.5074474512983, -898.5229346689359, -919.4732713588227, -941.5430197241899, -956.4707492491998, -963.4102823182463, -974.7006595558836, -983.5892033758819, -983.8650913029053, -992.7536351229037, -1006.2872964047613, -1009.0673436218884, -1026.5747140652682, -1042.8884225642528, -1048.1680966159408, -1049.0888302104427]
 -- BestCostElement: [-1049.08883021 -1049.08883021 -1049.08883021 -1049.08883021]
 -- BestRoute: [array([ 0, 17, 16, 15,  8,  7, 11, 14, 19, 29, 24, 25,  0])
 array([ 0, 26, 20, 21, 22, 23, 27, 31, 35, 34, 37, 43, 49,  0])
 array([ 0, 41, 48, 54, 62, 61, 57, 46, 39, 36, 32, 33,  0])]
 -- Custo: 
 ---------25.82694157495064
 ---------25.679501520700306
 ---------25.721349351738358
 ---- Total: 77.2277924473893
 -- Premio: 
 ---------57.0
 ---------77.0
 ---------60.0
 ---- Total: 194.0
 - Execucao 8
 -- BestCostGenaration: [-178.92798859796594, -840.933094788528, -854.5567828335675, -859.8707780501084, -889.5567828335675, -928.5459792127272, -950.7296843020512, -985.8891249632347, -991.2508179434014, -1020.1687990149227, -1047.635137733065, -1049.9782834835728, -1050.403448162559, -1095.0417551823925, -1097.3849009329]
 -- BestCostElement: [-1097.38490093 -1097.38490093 -1097.38490093 -1097.38490093]
 -- BestRoute: [array([ 0, 26, 20, 17,  9,  5, 13, 18, 21, 22, 23, 27, 30,  0])
 array([ 0, 37, 34, 35, 31, 38, 45, 52, 51, 50, 44, 43, 49,  0])
 array([ 0, 33, 24, 25, 15,  8,  7, 11, 14, 19, 28, 29,  0])]
 -- Custo: 
 ---------25.449318122074818
 ---------24.414373490278003
 ---------25.79008315442217
 ---- Total: 75.653774766775
 -- Premio: 
 ---------69.0
 ---------72.0
 ---------59.0
 ---- Total: 200.0
 - Execucao 9
 -- BestCostGenaration: [-180.6881945513249, -844.8769292310195, -871.8769292310195, -907.016214075094, -925.840252594589, -935.4441745402178, -955.1833983450965, -958.4971068440814, -979.4971068440814, -982.635247752625, -985.9489562516098, -990.108772398529, -996.5606218060575, -1010.635247752625, -1033.7834693372365, -1034.1045459593047, -1045.8549921339159, -1047.9401574754395, -1049.3768518879092, -1052.1423665312661, -1054.2275318727898, -1062.749598680933, -1079.0927444314407]
 -- BestCostElement: [-1079.09274443 -1079.09274443 -1079.09274443 -1079.09274443]
 -- BestRoute: [array([ 0, 26, 30, 27, 23, 22, 21, 18, 13,  5,  9, 20,  0])
 array([ 0, 37, 34, 35, 31, 38, 45, 52, 51, 50, 44, 43, 49,  0])
 array([ 0, 25, 24, 15, 11, 14, 19, 28, 36, 32, 33,  0])]
 -- Custo: 
 ---------25.6050230726237
 ---------24.414373490278003
 ---------24.95741732923815
 ---- Total: 74.97681389213986
 -- Premio: 
 ---------65.0
 ---------72.0
 ---------60.0
 ---- Total: 197.0
 - Execucao 10
 -- BestCostGenaration: [-219.1726783504468, -802.5265938828153, -812.8014839028149, -850.0585486418919, -897.4651660912192, -897.7776687832331, -911.2044331592546, -918.7525837517261, -962.3184696569498, -966.6399217647535, -981.983067515261, -982.6956498547543, -1019.5869894608899, -1045.0684399109346, -1045.6984456408916, -1053.329172842899, -1055.6723185934068, -1056.205234213126, -1073.0711924339153, -1073.329172842899, -1076.205234213126, -1078.2903995546496, -1110.6598361436354, -1113.002981894143, -1115.0731992947576, -1133.73005354425]
 -- BestCostElement: [-1133.73005354 -1133.73005354 -1133.73005354 -1133.73005354]
 -- BestRoute: [array([ 0, 33, 32, 29, 19, 14, 11,  7,  8, 15, 24, 25,  0])
 array([ 0, 26, 20, 18, 13, 21, 22, 23, 27, 31, 38, 35, 34,  0])
 array([ 0, 37, 44, 50, 45, 51, 52, 60, 59, 64, 53, 49, 43,  0])]
 -- Custo: 
 ---------25.785844453984343
 ---------25.320327917582855
 ---------25.96131424237031
 ---- Total: 77.0674866139375
 -- Premio: 
 ---------63.0
 ---------75.0
 ---------68.0
 ---- Total: 206.0
 - Execucao 11
 -- BestCostGenaration: [-203.11958082670955, -847.0784364209431, -893.837106181544, -921.6513294911465, -928.5986061690119, -969.057946940474, -1003.7100623490137, -1009.9897364007015, -1033.2508632227305, -1044.572315330534, -1047.0454644907024, -1047.8860238295188, -1067.1734414900254, -1071.564571721715, -1096.2508632227305, -1098.594008973238, -1100.2981431634687, -1102.3461276446506, -1114.715564233636, -1125.4018557346515]
 -- BestCostElement: [-1125.40185573 -1125.40185573 -1125.40185573 -1125.40185573]
 -- BestRoute: [array([ 0, 26, 20, 17,  9,  5, 13, 18, 21, 22, 23, 27, 30,  0])
 array([ 0, 37, 34, 35, 31, 38, 45, 52, 51, 50, 44, 43, 49,  0])
 array([ 0, 25, 24, 15,  8,  7, 11, 14, 19, 29, 32, 33,  0])]
 -- Custo: 
 ---------25.449318122074818
 ---------24.414373490278003
 ---------25.785844453984343
 ---- Total: 75.64953606633716
 -- Premio: 
 ---------69.0
 ---------72.0
 ---------63.0
 ---- Total: 204.0
 - Execucao 12
 -- BestCostGenaration: [-156.99299980187521, -857.7946884138087, -896.0120197242734, -922.5532009314753, -937.896346681983, -953.6569135026582, -961.5748945741793, -995.7914772605327, -999.1423666198592, -1017.7992208693516, -1021.6955082981688, -1039.5462315462057, -1080.538487937387, -1082.2426221276173, -1107.374056190365, -1109.0781903805955, -1109.7907727200889, -1116.1307720575517, -1118.8387572012707]
 -- BestCostElement: [-1118.8387572 -1118.8387572 -1118.8387572 -1118.8387572]
 -- BestRoute: [array([ 0, 43, 44, 50, 51, 45, 52, 60, 59, 64, 53, 49,  0])
 array([ 0, 25, 15,  8,  7, 11, 14, 24, 29, 32, 33,  0])
 array([ 0, 26, 20, 18, 13, 21, 22, 23, 27, 31, 38, 35, 34, 37,  0])]
 -- Custo: 
 ---------25.271860667946708
 ---------24.54977647648455
 ---------25.718673555251023
 ---- Total: 75.54031069968228
 -- Premio: 
 ---------61.0
 ---------60.0
 ---------82.0
 ---- Total: 203.0
 - Execucao 13
 -- BestCostGenaration: [-204.19094307068195, -851.3152262979083, -914.1765445651952, -949.1019825279791, -954.0462544379782, -985.7169928705507, -989.0307013695356, -991.3738471200431, -1001.2870893506116, -1013.8959139281865, -1015.9810792697101, -1016.239059678694, -1018.3242250202177, -1060.5899490380204]
 -- BestCostElement: [-1060.58994904 -1060.58994904 -1060.58994904 -1060.58994904]
 -- BestRoute: [array([ 0, 37, 34, 35, 31, 38, 45, 52, 51, 50, 44, 43, 49,  0])
 array([ 0, 26, 30, 27, 23, 22, 21, 18, 13,  5,  9, 17,  0])
 array([ 0, 33, 24, 25, 15,  8,  7, 11, 14, 19, 28, 29,  0])]
 -- Custo: 
 ---------24.414373490278003
 ---------25.898056095794715
 ---------25.79008315442217
 ---- Total: 76.10251274049489
 -- Premio: 
 ---------72.0
 ---------64.0
 ---------59.0
 ---- Total: 195.0
 - Execucao 14
 -- BestCostGenaration: [-209.35826767515596, -916.4800541021418, -928.136908351634, -929.2338104807909, -980.0811802616332, -983.136908351634, -989.3425141378118, -1014.2895385707917, -1016.17808239079, -1016.8906647302832, -1021.3117714902244, -1022.1405940414077]
 -- BestCostElement: [-1022.14059404 -1022.14059404 -1022.14059404 -1022.14059404]
 -- BestRoute: [array([ 0, 37, 43, 49, 44, 50, 51, 52, 59, 64, 53,  0])
 array([ 0, 41, 33, 29, 24, 25, 15,  8,  7, 11, 14,  0])
 array([ 0, 26, 20, 18, 13, 21, 22, 23, 27, 31, 38, 35, 34,  0])]
 -- Custo: 
 ---------25.698710982047118
 ---------25.94581259001811
 ---------25.320327917582855
 ---- Total: 76.96485148964808
 -- Premio: 
 ---------58.0
 ---------57.0
 ---------75.0
 ---- Total: 190.0
 - Execucao 15
 -- BestCostGenaration: [-153.0131107251974, -855.6217470569143, -863.1702118760433, -894.5768293253706, -910.3971626055965, -957.8037800549239, -968.1654730350906, -986.5865797950319, -1012.0645129868886, -1015.1202410768894, -1023.1279846857083, -1048.4896776658752, -1050.4154023462152, -1052.7585480967227, -1076.437095988919, -1077.4451282784867]
 -- BestCostElement: [-1077.44512828 -1077.44512828 -1077.44512828 -1077.44512828]
 -- BestRoute: [array([ 0, 37, 34, 35, 31, 38, 45, 52, 51, 50, 44, 43, 49,  0])
 array([ 0, 33, 32, 29, 24, 25, 15,  7, 11, 14,  0])
 array([ 0, 26, 20, 17,  9,  5, 13, 18, 21, 22, 23, 27, 30,  0])]
 -- Custo: 
 ---------24.414373490278003
 ---------25.52502631802552
 ---------25.449318122074818
 ---- Total: 75.38871793037833
 -- Premio: 
 ---------72.0
 ---------56.0
 ---------69.0
 ---- Total: 197.0
 - Execucao 16
 -- BestCostGenaration: [-176.00881661073828, -829.270939376433, -916.2104791308502, -938.7325459389934, -986.0082268118672, -992.295644472374, -1007.6387902228815, -1013.1362038111903, -1040.0494008510232, -1042.6505270105145, -1062.6505270105145, -1070.3631093500078, -1073.5977584976442, -1092.2546127471367]
 -- BestCostElement: [-1092.25461275 -1092.25461275 -1092.25461275 -1092.25461275]
 -- BestRoute: [array([ 0, 41, 33, 29, 24, 25, 15,  8,  7, 11, 14,  0])
 array([ 0, 43, 44, 50, 51, 45, 52, 60, 59, 64, 53, 49,  0])
 array([ 0, 26, 20, 18, 13, 21, 22, 23, 27, 31, 38, 35, 34, 37,  0])]
 -- Custo: 
 ---------25.94581259001811
 ---------25.271860667946708
 ---------25.718673555251023
 ---- Total: 76.93634681321583
 -- Premio: 
 ---------57.0
 ---------61.0
 ---------82.0
 ---- Total: 200.0
 - Execucao 17
 -- BestCostGenaration: [-140.96601752935229, -797.3091356529219, -935.1911419539153, -977.1617047023924, -980.2174327923933, -1004.8665434330669, -1010.0241647380625, -1036.9338445197077, -1067.332882151209, -1072.572315330534, -1086.9371547237456, -1096.2508632227305, -1098.594008973238]
 -- BestCostElement: [-1098.59400897 -1098.59400897 -1098.59400897 -1098.59400897]
 -- BestRoute: [array([ 0, 37, 34, 35, 31, 38, 45, 52, 51, 50, 44, 43, 49,  0])
 array([ 0, 33, 25, 24, 29, 28, 19, 14, 11,  7,  8, 15,  0])
 array([ 0, 26, 20, 17,  9,  5, 13, 18, 21, 22, 23, 27, 30,  0])]
 -- Custo: 
 ---------24.414373490278003
 ---------25.487806144337682
 ---------25.449318122074818
 ---- Total: 75.3514977566905
 -- Premio: 
 ---------72.0
 ---------59.0
 ---------69.0
 ---- Total: 200.0
 - Execucao 18
 -- BestCostGenaration: [-217.3311416986665, -900.1110118071834, -901.8587783471734, -918.5321185671247, -964.8587783471734, -1009.6642696370092, -1012.2653957965008, -1030.306427521738, -1032.9075536812297, -1034.332718360216, -1036.9338445197077, -1038.1951783958862, -1059.4559113278508, -1061.1600455180815, -1063.2080299992633, -1086.2637580892642, -1088.6069038397718]
 -- BestCostElement: [-1088.60690384 -1088.60690384 -1088.60690384 -1088.60690384]
 -- BestRoute: [array([ 0, 25, 24, 15,  8,  7, 11, 14, 19, 29, 32, 33,  0])
 array([ 0, 37, 34, 35, 31, 38, 45, 52, 51, 50, 44, 43, 49,  0])
 array([ 0, 26, 30, 27, 23, 22, 21, 18, 13,  5,  9, 17,  0])]
 -- Custo: 
 ---------25.785844453984343
 ---------24.414373490278003
 ---------25.898056095794715
 ---- Total: 76.09827404005706
 -- Premio: 
 ---------63.0
 ---------72.0
 ---------64.0
 ---- Total: 199.0
 - Execucao 19
 -- BestCostGenaration: [-210.52553578067364, -872.4779586521418, -873.0654825895447, -899.1691951607276, -899.5683212461214, -907.0871762322488, -908.169418844202, -923.2468691383178, -929.4787823922984, -929.6133461501729, -952.449912310175, -963.5758578007906, -977.3941842201742, -978.027707208319, -978.285687617303, -1022.6288333678106, -1024.143156567135, -1024.8557389066282]
 -- BestCostElement: [-1024.85573891 -1024.85573891 -1024.85573891 -1024.85573891]
 -- BestRoute: [array([ 0, 41, 33, 29, 24, 25, 15,  8,  7, 11, 14,  0])
 array([ 0, 26, 20, 18, 13, 21, 22, 23, 27, 31, 38, 35, 34,  0])
 array([ 0, 48, 54, 58, 49, 43, 44, 50, 51, 52, 45, 37,  0])]
 -- Custo: 
 ---------25.94581259001811
 ---------25.320327917582855
 ---------25.019924765741987
 ---- Total: 76.28606527334296
 -- Premio: 
 ---------57.0
 ---------75.0
 ---------58.0
 ---- Total: 190.0
 - Execucao 20
 -- BestCostGenaration: [-179.8279044248863, -878.8716934621484, -882.0769332509328, -887.4686027593511, -892.8579790213613, -912.572315330534, -917.6328274522232, -935.7071027718832, -937.7895155904262, -938.0502485223908, -943.8067574240208, -955.0012641180126, -980.0208112708679, -982.0765393608688, -997.2525008413738, -1016.6591182907011, -1021.9387923423891]
 -- BestCostElement: [-1021.93879234 -1021.93879234 -1021.93879234 -1021.93879234]
 -- BestRoute: [array([ 0, 33, 25, 24, 29, 28, 19, 14, 11,  7,  8, 15,  0])
 array([ 0, 34, 35, 31, 38, 45, 51, 59, 50, 44, 43, 49,  0])
 array([ 0, 37, 27, 23, 22, 21, 18, 13,  5,  9, 20,  0])]
 -- Custo: 
 ---------25.487806144337682
 ---------25.83788226773653
 ---------25.68961350232851
 ---- Total: 77.01530191440273
 -- Premio: 
 ---------59.0
 ---------66.0
 ---------65.0
 ---- Total: 190.0
 - Execucao 21
 -- BestCostGenaration: [-207.55010761796376, -795.1950969230081, -857.3624070821219, -862.9120244129097, -889.3697136254161, -893.3960044638941, -915.9180712720372, -987.1840813198726, -989.5272270703801, -1009.9044072681847, -1036.9338445197075, -1040.344455147849, -1061.7990570783584, -1063.503191268589, -1065.551175749771, -1069.49544765977, -1088.6069038397718, -1091.3752142692658, -1093.4454316698805]
 -- BestCostElement: [-1093.44543167 -1093.44543167 -1093.44543167 -1093.44543167]
 -- BestRoute: [array([ 0, 37, 34, 35, 31, 38, 45, 51, 50, 44, 53, 49, 43,  0])
 array([ 0, 26, 30, 27, 23, 22, 21, 18, 13,  5,  9, 17,  0])
 array([ 0, 25, 24, 15,  8,  7, 11, 14, 19, 29, 32, 33,  0])]
 -- Custo: 
 ---------24.954741532750813
 ---------25.898056095794715
 ---------25.785844453984343
 ---- Total: 76.63864208252987
 -- Premio: 
 ---------73.0
 ---------64.0
 ---------63.0
 ---- Total: 200.0
 - Execucao 22
 -- BestCostGenaration: [-213.03836969532082, -920.191205788548, -930.5900796290565, -937.3515796165244, -963.3732732592285, -971.3438360077056]
 -- BestCostElement: [-971.34383601 -971.34383601 -971.34383601 -971.34383601]
 -- BestRoute: [array([ 0, 41, 33, 29, 24, 25, 15,  8,  7, 11, 14,  0])
 array([ 0, 26, 20, 21, 22, 23, 27, 31, 35, 34, 37, 43, 49,  0])
 array([ 0, 38, 45, 51, 50, 44, 53, 63, 58, 48,  0])]
 -- Custo: 
 ---------25.94581259001811
 ---------25.679501520700306
 ---------25.788726887355182
 ---- Total: 77.4140409980736
 -- Premio: 
 ---------57.0
 ---------77.0
 ---------49.0
 ---- Total: 183.0
 - Execucao 23
 -- BestCostGenaration: [-186.34422593631007, -839.5089036127888, -850.6601430794269, -855.9943134668333, -870.3396278530042, -927.0989411247297, -961.9422529865269, -989.6241924670462, -1014.2733031077198, -1019.2175750177189, -1021.5607207682265, -1045.2392686604228]
 -- BestCostElement: [-1045.23926866 -1045.23926866 -1045.23926866 -1045.23926866]
 -- BestRoute: [array([ 0, 37, 34, 35, 31, 38, 52, 51, 50, 44, 43, 49, 48,  0])
 array([ 0, 33, 42, 47, 57, 61, 55, 46, 39, 36, 32,  0])
 array([ 0, 26, 20, 17,  9,  5, 13, 18, 21, 22, 23, 27, 30,  0])]
 -- Custo: 
 ---------25.764091950405117
 ---------25.22677276241436
 ---------25.449318122074818
 ---- Total: 76.44018283489429
 -- Premio: 
 ---------72.0
 ---------52.0
 ---------69.0
 ---- Total: 193.0
 - Execucao 24
 -- BestCostGenaration: [-265.6858523804151, -776.3853984191942, -922.8786288314352, -957.8786288314352, -959.9637941729588, -983.2775026719437, -983.5726639412693, -990.3565056973549, -995.7727209605516, -1016.7727209605516, -1017.0678822298772, -1039.5899490380204, -1042.3582594675145, -1044.701405218022, -1063.3582594675145]
 -- BestCostElement: [-1063.35825947 -1063.35825947 -1063.35825947 -1063.35825947]
 -- BestRoute: [array([ 0, 37, 34, 35, 31, 38, 45, 51, 50, 44, 53, 43, 49,  0])
 array([ 0, 33, 24, 25, 15,  8,  7, 11, 14, 19, 28, 29,  0])
 array([ 0, 26, 30, 27, 23, 22, 21, 18, 13,  5,  9, 17,  0])]
 -- Custo: 
 ---------25.472295882904486
 ---------25.79008315442217
 ---------25.898056095794715
 ---- Total: 77.16043513312137
 -- Premio: 
 ---------73.0
 ---------59.0
 ---------64.0
 ---- Total: 196.0
 - Execucao 25
 -- BestCostGenaration: [-203.42025141068277, -932.4542736206142, -935.6889227682507, -954.1846987379158, -959.2187331852126, -959.297792536561, -962.6098634169023, -990.7737641469043, -1000.1688875574081, -1003.6015887910637, -1007.7170381498795, -1009.2468485668417, -1033.115911990388, -1044.7727662398804, -1064.7727662398804, -1069.1688442942516, -1072.519733653578, -1081.8334421525628, -1083.8814266337447, -1106.9371547237456]
 -- BestCostElement: [-1106.93715472 -1106.93715472 -1106.93715472 -1106.93715472]
 -- BestRoute: [array([ 0, 49, 43, 44, 50, 51, 52, 60, 59, 64, 53,  0])
 array([ 0, 25, 24, 15,  8,  7, 11, 14, 19, 29, 32, 33,  0])
 array([ 0, 26, 20, 18, 13, 21, 22, 23, 27, 31, 38, 35, 34, 37,  0])]
 -- Custo: 
 ---------25.26119330982823
 ---------25.785844453984343
 ---------25.718673555251023
 ---- Total: 76.7657113190636
 -- Premio: 
 ---------57.0
 ---------63.0
 ---------82.0
 ---- Total: 202.0
 - Execucao 26
 -- BestCostGenaration: [-171.73790477362041, -824.1817868002623, -830.5764500659338, -845.6968556617252, -871.1103184019412, -886.4825075139074, -907.1130709249219, -910.1687990149227, -951.4639602842484, -959.3554636813772, -979.6283920312701, -989.2295181907616, -1016.695856908904, -1032.0390026594116, -1039.5871532518831, -1057.43787649992, -1084.2734447528983, -1084.9860270923914, -1088.2206762400278, -1106.8775304895203]
 -- BestCostElement: [-1106.87753049 -1106.87753049 -1106.87753049 -1106.87753049]
 -- BestRoute: [array([ 0, 43, 44, 50, 51, 45, 52, 60, 59, 64, 53, 49,  0])
 array([ 0, 33, 24, 25, 15,  8,  7, 11, 14, 19, 28, 29,  0])
 array([ 0, 26, 20, 18, 13, 21, 22, 23, 27, 31, 38, 35, 34, 37,  0])]
 -- Custo: 
 ---------25.271860667946708
 ---------25.79008315442217
 ---------25.718673555251023
 ---- Total: 76.7806173776199
 -- Premio: 
 ---------61.0
 ---------59.0
 ---------82.0
 ---- Total: 202.0
 - Execucao 27
 -- BestCostGenaration: [-203.90520384770673, -794.6581860114403, -928.1838921168026, -956.7924751675566, -963.1093300795862, -968.0536019895854, -1025.6574806720578, -1030.6017525820569, -1042.9417519195197, -1067.6280434205348, -1072.572315330534, -1096.2508632227305]
 -- BestCostElement: [-1096.25086322 -1096.25086322 -1096.25086322 -1096.25086322]
 -- BestRoute: [array([ 0, 26, 20, 17,  9,  5, 13, 18, 21, 22, 23, 27, 30,  0])
 array([ 0, 37, 34, 35, 31, 38, 45, 51, 50, 44, 43, 49, 48,  0])
 array([ 0, 33, 25, 24, 29, 28, 19, 14, 11,  7,  8, 15,  0])]
 -- Custo: 
 ---------25.449318122074818
 ---------25.000159927904907
 ---------25.487806144337682
 ---- Total: 75.93728419431741
 -- Premio: 
 ---------69.0
 ---------72.0
 ---------59.0
 ---- Total: 200.0
 - Execucao 28
 -- BestCostGenaration: [-231.23324246142465, -824.2626647505945, -887.7897046820812, -925.5916525074689, -946.333672098485, -977.0251632913638, -990.4119415025575, -992.1160756927882, -994.0046195127863, -1017.2197882639709, -1019.1083320839691, -1024.425186995999, -1030.8023671938033, -1045.6716376714994, -1052.9812882514389, -1076.6598361436352, -1078.3801620919473, -1080.7233078424551, -1104.4018557346515]
 -- BestCostElement: [-1104.40185573 -1104.40185573 -1104.40185573 -1104.40185573]
 -- BestRoute: [array([ 0, 37, 34, 35, 31, 38, 45, 52, 51, 50, 44, 43, 49,  0])
 array([ 0, 25, 24, 15,  8,  7, 11, 14, 19, 29, 32, 33,  0])
 array([ 0, 26, 20, 17,  9,  5, 13, 18, 21, 22, 23, 27,  0])]
 -- Custo: 
 ---------24.414373490278003
 ---------25.785844453984343
 ---------25.449318122074818
 ---- Total: 75.64953606633716
 -- Premio: 
 ---------72.0
 ---------63.0
 ---------66.0
 ---- Total: 201.0
 - Execucao 29
 -- BestCostGenaration: [-259.47437914213884, -862.7826784843623, -911.7826784843623, -915.0963869833472, -942.3288674067273, -945.6425759057122, -964.6270886880744, -975.9857216562198, -978.6270886880744, -980.970234438582, -988.9779780474009, -991.3211237979085, -994.2538227112677, -999.4932558905925, -1022.0153226987359]
 -- BestCostElement: [-1022.0153227 -1022.0153227 -1022.0153227 -1022.0153227]
 -- BestRoute: [array([ 0, 33, 42, 47, 57, 61, 55, 46, 39, 36, 32,  0])
 array([ 0, 37, 34, 35, 31, 38, 45, 52, 51, 50, 44, 43, 49,  0])
 array([ 0, 26, 30, 27, 23, 22, 21, 18, 13,  5,  9, 20,  0])]
 -- Custo: 
 ---------25.22677276241436
 ---------24.414373490278003
 ---------25.6050230726237
 ---- Total: 75.24616932531606
 -- Premio: 
 ---------52.0
 ---------72.0
 ---------65.0
 ---- Total: 189.0
