 - Execucao 0
 -- BestCostGenaration: [-364.39455816505699, -490.20555252712717, -666.43190639874069, -784.40911845694882, -868.78390006712743, -942.16774586374368, -1045.7357789575053, -1099.2990958797568, -1183.0679044642848, -1225.6444371409279, -1264.6035748700738, -1277.5878624104473, -1336.2250860197407, -1341.8051596682326, -1366.1983615009958, -1394.6861528637387, -1418.622681164919, -1451.200269008913, -1468.5991428494217, -1492.9786785188035, -1501.6649700198188, -1516.5322346300477, -1517.4697608382519, -1526.5634732912072, -1536.8422986495468, -1546.3526738607925, -1548.7945231500935, -1560.5892660632442, -1563.4463411230122, -1576.2751636741955, -1578.6068605766154, -1581.3086392952682, -1588.4575838246524, -1589.3490872217812, -1592.3461276446506, -1593.3343908570173, -1597.42009547527, -1601.3566237764503, -1601.5133119146531, -1601.7712923236372]
 -- BestCostElement: [-1601.77129232 -1601.77129232 -1601.77129232 -1601.77129232]
 -- BestRoute: [array([ 0, 12,  9,  7,  4,  5,  6,  8, 11, 10,  0]), array([ 1, 18, 14, 15, 13, 16, 17, 22, 19, 20,  1]), array([ 2, 27, 30, 24, 23, 25, 26, 28, 29, 32, 31,  2]), array([ 3, 42, 37, 34, 33, 35, 36, 38, 39, 41, 40,  3])]
 -- Custo: 
 ---------22.5366310572
 ---------23.9415494045
 ---------24.0805229549
 ---------21.4984735025
 ---- Total: 92.0571769191
 -- Premio: 
 ---------49.0
 ---------46.0
 ---------54.0
 ---------48.0
 ---- Total: 197.0
 - Execucao 1
 -- BestCostGenaration: [-267.47784125985299, -448.57950381208593, -662.0647377582859, -767.88177898596609, -881.71477962429867, -973.54471707981918, -997.56480856283827, -1105.2809361168318, -1144.5071035620076, -1240.1646198379231, -1267.0118402936266, -1332.6213916333825, -1333.0690173524499, -1337.3432663436033, -1373.0100907535773, -1393.907198985281, -1445.3565387120448, -1449.7129997803297, -1465.5811719161111, -1476.9626958310441, -1493.3760589821663, -1496.1728741651305, -1516.1210381503129, -1517.5699731714467, -1532.2034961595914, -1533.7928855314499, -1556.4886135040829, -1559.7555178351938, -1560.7194569775593, -1561.8798321896647, -1576.9053753131354, -1592.0988504216159, -1601.7679388564425, -1605.1096973056126, -1619.3146588844202, -1625.5197069895405, -1626.2002431272879, -1628.8598931629176, -1630.8337661154328, -1635.5726392934039]
 -- BestCostElement: [-1635.57263929 -1635.57263929 -1635.57263929 -1635.57263929]
 -- BestRoute: [array([ 0,  8,  6,  5,  4,  7,  9, 12, 10, 11,  0]), array([ 1, 21, 18, 14, 15, 13, 16, 17, 19, 20, 22,  1]), array([ 2, 29, 28, 26, 25, 23, 24, 27, 30, 31, 32,  2]), array([ 3, 34, 33, 35, 36, 38, 39, 41, 40, 42, 37,  3])]
 -- Custo: 
 ---------21.365058182
 ---------24.5563958951
 ---------21.9508446196
 ---------20.73454148
 ---- Total: 88.6068401766
 -- Premio: 
 ---------49.0
 ---------48.0
 ---------54.0
 ---------48.0
 ---- Total: 199.0
 - Execucao 2
 -- BestCostGenaration: [-279.27473121278501, -472.34999181475689, -681.11421399291646, -818.21952075708055, -881.58924571545469, -937.94974381861084, -1019.2992845295778, -1070.4536242658105, -1114.002906406673, -1195.7157057317067, -1216.8538466402504, -1272.8629143240667, -1317.0092127281125, -1324.5401491045936, -1364.7775231576065, -1379.9296631208501, -1387.7803863688871, -1439.2065427705295, -1461.3435853371584, -1477.7657904390144, -1482.108936189522, -1487.8664429981759, -1494.6384391174433, -1504.926890379634, -1521.2806940367623, -1531.7400348082242, -1545.9261427013234, -1552.5752533419968, -1555.3428807967148, -1559.3428807967148, -1568.8910313891861, -1579.055857026272, -1581.6780758842538, -1589.7306575612099, -1594.0043120237458, -1596.4217330939134, -1597.7306575612099, -1606.5750678535151, -1608.6534226644194, -1612.3319705566155, -1614.1718037827889, -1614.4697175750953, -1617.872584594418, -1618.858095283804, -1619.4659671450906, -1620.4514778344767]
 -- BestCostElement: [-1620.45147783 -1620.45147783 -1620.45147783 -1620.45147783]
 -- BestRoute: [array([ 0,  6,  5,  4,  7,  9, 12, 10, 11,  8,  0]), array([ 1, 22, 20, 19, 17, 16, 13, 15, 14, 18,  1]), array([ 2, 31, 30, 27, 24, 23, 25, 26, 28, 29, 32,  2]), array([ 3, 33, 34, 37, 42, 40, 41, 35, 36, 38, 39,  3])]
 -- Custo: 
 ---------20.5366310572
 ---------20.7147766421
 ---------23.1355629141
 ---------23.0001599279
 ---- Total: 87.3871305414
 -- Premio: 
 ---------49.0
 ---------46.0
 ---------54.0
 ---------48.0
 ---- Total: 197.0
