 - Execucao 0
 -- BestCostGenaration: [-96.58927754316507, -216.84395165211714, -271.5939878804282, -399.1179176292414, -422.42492594532837, -493.24055380335074, -512.7034901367125, -587.034562142826, -639.8989269994198, -678.2191282204436, -731.408312238062, -750.1717282953191, -766.0695796740998, -790.7393859033452, -816.9164520572413, -823.5545741687392, -873.1603422231867, -873.5259278586836, -901.9450367961383, -913.3655541193003, -927.048712519761, -934.1318297901546, -939.4354392087428, -946.732999087513, -960.7886840396469, -961.4456818618971, -969.4563850478465, -974.2844167461557, -975.2921603549745]
 -- BestCostElement: [-975.29216035 -975.29216035 -975.29216035 -975.29216035]
 -- BestRoute: [array([ 0, 17, 16, 21, 20, 10, 11,  6,  9,  5,  1])
 array([ 0, 18, 12, 22, 19, 15, 14,  7, 13,  8,  2])
 array([ 0, 26, 27, 25, 29, 30, 33, 37, 36,  3])
 array([ 0, 23, 24, 28, 31, 32, 39, 34, 35, 38,  4])]
 -- Custo: 
 ---------22.705481427033437
 ---------26.595925570756812
 ---------21.941549404533223
 ---------27.934003508932904
 ---- Total: 99.17695991125638
 -- Premio: 
 ---------52.0
 ---------39.0
 ---------49.0
 ---------56.0
 ---- Total: 196.0
 - Execucao 1
 -- BestCostGenaration: [-122.9976493171802, -145.14919736051635, -251.14282904475016, -377.82623701069645, -413.4833135600303, -472.5163261756794, -500.70276781267023, -592.4566819374104, -605.1987015284265, -627.9328048114351, -667.0578583455455, -709.5105843390934, -750.3083320201102, -779.2264921645171, -806.2534365734182, -823.7062414706113, -863.0929757642715, -896.7441497579676, -933.1418501490898, -961.3896031449888, -978.773340394767, -982.6591328369515, -988.4936663430792, -994.140421423582, -998.5912729240865, -1001.6470010140874, -1007.1249342059442, -1007.4200954752699]
 -- BestCostElement: [-1007.42009548 -1007.42009548 -1007.42009548 -1007.42009548]
 -- BestRoute: [array([ 0, 17, 16, 21, 20, 10,  9, 11,  6,  5,  1])
 array([ 0, 22, 18, 12,  7, 13, 14, 19, 15,  8,  2])
 array([ 0, 26, 27, 25, 29, 30, 33, 37, 36,  3])
 array([ 0, 23, 24, 28, 31, 32, 39, 38, 34, 35,  4])]
 -- Custo: 
 ---------22.883627011906743
 ---------22.66562126173752
 ---------21.941549404533223
 ---------23.654178453005045
 ---- Total: 91.14497613118253
 -- Premio: 
 ---------52.0
 ---------39.0
 ---------49.0
 ---------56.0
 ---- Total: 196.0
 - Execucao 2
 -- BestCostGenaration: [-71.90122655926318, -180.85722865614176, -222.3383231626865, -329.4569491158285, -373.1077422155061, -436.0460522019523, -448.3805748481594, -502.72309710123807, -564.3487018093177, -575.0239876083822, -644.7803427035531, -659.0587140858679, -667.470944368499, -698.4249862515067, -725.3521938073043, -737.823860092015, -738.1528035637523, -759.9396416734099, -772.3310792688505, -788.1941433214804, -792.0084202800278, -807.100695094409, -813.3311448966135, -816.9549618068943, -836.8976357531875, -843.2091560912136, -854.8443688664913, -856.6040724475677, -862.2665287776115, -867.8677001278388, -877.1862574873361, -877.6849282053076, -881.7640523854801, -883.1785138785173, -887.085007653267, -890.6919457014833, -892.1064071945204, -892.921072746262, -894.3355342392991]
 -- BestCostElement: [-894.33553424 -894.33553424 -894.33553424 -894.33553424]
 -- BestRoute: [array([ 0, 23, 22, 14, 18, 12, 10,  5,  9,  1])
 array([ 0, 17, 16, 21, 20, 11,  6,  7, 13,  2])
 array([ 0, 26, 27, 25, 30, 29, 37, 33, 36,  3])
 array([ 0, 19, 15, 24, 28, 31, 32, 39, 38, 34, 35,  4])]
 -- Custo: 
 ---------29.03665616596829
 ---------28.89292222699217
 ---------23.12221975950564
 ---------29.61431828770913
 ---- Total: 110.66611644017522
 -- Premio: 
 ---------45.0
 ---------41.0
 ---------49.0
 ---------56.0
 ---- Total: 191.0
 - Execucao 3
 -- BestCostGenaration: [-128.21876696325563, -226.48218182725674, -284.93680467915243, -370.79313181724933, -447.2639541888161, -470.00201916193646, -492.1347875952014, -542.3943135106058, -564.453595684195, -607.9308124968429, -625.9224312292732, -657.9419406109844, -675.7150350721669, -696.2520065580626, -707.1507747521762, -730.8786925956393, -751.75527594453, -763.4722986742911, -797.8234789235391, -803.9946563723558, -818.3285293459126, -824.3519254360842, -834.0742129659097, -836.5142608455742, -861.9837828243216, -881.7342136284469, -888.3616306264165, -891.0961136627634]
 -- BestCostElement: [-891.09611366 -891.09611366 -891.09611366 -891.09611366]
 -- BestRoute: [array([ 0, 22, 14, 13,  7, 12, 11,  6,  9,  5, 10,  1])
 array([ 0, 25, 20, 21, 17, 16,  8,  2])
 array([ 0, 26, 27, 37, 33, 36, 29, 30,  3])
 array([ 0, 18, 23, 24, 28, 31, 32, 39, 38, 34, 35,  4])]
 -- Custo: 
 ---------29.5006678050818
 ---------28.212282212726596
 ---------23.792463872582434
 ---------28.220557693918316
 ---- Total: 109.72597158430915
 -- Premio: 
 ---------56.0
 ---------35.0
 ---------40.0
 ---------59.0
 ---- Total: 190.0
 - Execucao 4
 -- BestCostGenaration: [-120.26749664661554, -200.07287264581322, -252.80726987840194, -297.2798098986299, -369.53757027140057, -423.29122060473276, -464.4341184355199, -520.7100006093489, -603.8075067554655, -651.5260282935747, -692.0425866407261, -710.9063333387562, -743.2537007993024, -776.1290340040172, -802.5121112102681, -808.1840818322554, -822.0128516319398, -847.4687037066249, -871.3121362215483, -876.6956092454425, -904.5183258064503, -921.1021854844821, -933.2835351022284, -943.4050903626264, -949.3973467538076, -952.274153786173, -953.3710559153296, -955.0542010033]
 -- BestCostElement: [-955.054201 -955.054201 -955.054201 -955.054201]
 -- BestRoute: [array([ 0, 17, 16, 21, 20, 10,  5,  6, 11,  9,  1])
 array([ 0, 18, 22, 14, 19, 15,  8,  7, 12, 13,  2])
 array([ 0, 26, 27, 25, 29, 30, 33, 37, 36,  3])
 array([ 0, 23, 28, 24, 35, 34, 31, 32, 39, 38,  4])]
 -- Custo: 
 ---------25.896819140124325
 ---------28.73454147995595
 ---------21.941549404533223
 ---------27.663539724561492
 ---- Total: 104.23644974917498
 -- Premio: 
 ---------52.0
 ---------39.0
 ---------49.0
 ---------56.0
 ---- Total: 196.0
 - Execucao 5
 -- BestCostGenaration: [-80.99087229100039, -195.66168537539895, -297.972491975098, -364.0435201852504, -422.1467813493107, -462.0284999709794, -527.6447479037301, -548.3919567191931, -599.5797919995227, -640.2026331595613, -723.5488004333582, -767.0599358336714, -788.6738922435302, -832.9845993749498, -847.8353084456865, -878.0083128596498, -880.0607307456125, -922.7810388128503, -928.1804960467748, -936.79873994548, -950.2222671613183, -960.2641685417507, -970.2042007000354, -977.3862680821227, -984.1482655558848, -990.9561123172982]
 -- BestCostElement: [-990.95611232 -990.95611232 -990.95611232 -990.95611232]
 -- BestRoute: [array([ 0, 17, 11,  6,  9, 10, 16, 21, 20,  5,  1])
 array([ 0, 18, 12,  7, 13, 14, 22, 19, 15,  8,  2])
 array([ 0, 26, 27, 25, 29, 30, 37, 36, 33,  3])
 array([ 0, 23, 24, 28, 31, 32, 39, 38, 34, 35,  4])]
 -- Custo: 
 ---------24.54977647648455
 ---------22.620890997328626
 ---------24.436125993857225
 ---------23.654178453005045
 ---- Total: 95.26097192067544
 -- Premio: 
 ---------52.0
 ---------39.0
 ---------49.0
 ---------56.0
 ---- Total: 196.0
 - Execucao 6
 -- BestCostGenaration: [-54.50575858657609, -243.22360228643294, -267.64703609887874, -412.3629072019466, -438.65026968024483, -474.1753361457679, -511.8291008213738, -546.1206208302879, -576.9988726322356, -616.7900205652458, -643.5510516898721, -677.4114279916032, -680.4589667127249, -719.629625543038, -725.5924446826962, -746.2892755786676, -752.2815319698487, -755.1158127892571, -758.7504341193168, -762.3468214378556, -767.9246163359996, -769.275505695326, -771.4095434940889, -777.6186514458337, -779.7526892445965, -797.3606710368499, -798.2437861409966, -804.2360425321777]
 -- BestCostElement: [-804.23604253 -804.23604253 -804.23604253 -804.23604253]
 -- BestRoute: [array([ 0, 17,  6,  9,  5, 10, 20, 21, 16, 11,  1])
 array([ 0, 26, 27, 25, 12,  7, 13,  2])
 array([ 0, 31, 38, 32, 37, 33, 30, 29, 36,  3])
 array([ 0, 18, 14, 19, 22, 23, 28, 24, 35, 34,  4])]
 -- Custo: 
 ---------29.59435571450522
 ---------25.762748224157942
 ---------29.234431401316012
 ---------29.34945402697639
 ---- Total: 113.94098936695556
 -- Premio: 
 ---------52.0
 ---------39.0
 ---------40.0
 ---------49.0
 ---- Total: 180.0
 - Execucao 7
 -- BestCostGenaration: [-112.24311469973735, -163.5974612863997, -245.60084076966834, -313.3943824985477, -333.9960536030085, -430.1709522327838, -450.5397456215376, -473.6084163414016, -522.3245140533911, -550.1730352489742, -569.821933850545, -598.6239405286456, -622.6811051765874, -659.0885655346341, -704.1619048257178, -749.6353062307717, -773.6749235631819, -781.695447507318, -806.9976262728194, -811.700623949817, -823.412768687764, -858.316075540336, -887.2475307251159, -935.3902688294337, -941.0843039392678, -952.6702751037005, -957.2480700018446, -958.6625314948816, -964.9306758130863, -965.4865700143766, -966.367370225556]
 -- BestCostElement: [-966.36737023 -966.36737023 -966.36737023 -966.36737023]
 -- BestRoute: [array([ 0, 17, 16, 21, 20, 11,  6,  9, 10,  5,  1])
 array([ 0, 12, 18, 22, 14,  8,  7, 13, 15,  2])
 array([ 0, 26, 27, 25, 29, 30, 37, 33, 36,  3])
 array([ 0, 23, 24, 28, 31, 32, 39, 38, 34, 35,  4])]
 -- Custo: 
 ---------22.95741732923815
 ---------28.934225984841973
 ---------22.362335676525813
 ---------23.654178453005045
 ---- Total: 97.90815744361099
 -- Premio: 
 ---------52.0
 ---------37.0
 ---------49.0
 ---------56.0
 ---- Total: 194.0
 - Execucao 8
 -- BestCostGenaration: [-73.73875869618958, -170.43975673648237, -286.27683102648626, -317.00078415621937, -352.4878597536053, -445.2220000443652, -459.7614577239609, -519.6653999118322, -547.7370908383522, -593.5206549544057, -608.3664503763802, -653.1356960255358, -673.8519459958356, -684.2105385145953, -707.434275502287, -726.2332300643232, -750.6257673305633, -769.8158089941555, -783.0317591021385, -799.5579290200626, -822.030913005109, -856.2911066603451, -859.7094608973055, -866.7017172884866, -869.9959453910194, -872.7759926081465, -875.1981977100024]
 -- BestCostElement: [-875.19819771 -875.19819771 -875.19819771 -875.19819771]
 -- BestRoute: [array([ 0, 26, 27, 30, 33, 36, 29, 25, 16,  9, 10,  1])
 array([ 0, 17, 11,  5,  6, 12,  7,  8,  2])
 array([ 0, 23, 28, 31, 32, 34, 38, 39,  3])
 array([ 0, 18, 22, 13, 14, 15, 19, 24, 35,  4])]
 -- Custo: 
 ---------29.844030616300383
 ---------27.42955328423773
 ---------26.284695155040843
 ---------24.892171516920413
 ---- Total: 108.45045057249938
 -- Premio: 
 ---------66.0
 ---------43.0
 ---------40.0
 ---------38.0
 ---- Total: 187.0
 - Execucao 9
 -- BestCostGenaration: [-92.23395781231778, -189.37064350923234, -273.9228932310369, -339.69161157379756, -406.5758198496274, -449.4347902424528, -502.94771666655436, -523.7200590425398, -567.592423028878, -602.7498777602059, -687.7176372888838, -691.5683605369209, -732.5828065843781, -759.7827184210821, -799.7472915304198, -817.7768925729358, -838.0988484940368, -842.5915232413929, -867.8453466805694, -898.8507880090972, -908.3631419473458, -917.091021168245, -942.6246176212785, -955.0011986498729, -972.0352782879053, -988.2855150880704, -991.5199571815571, -1006.6284537844283]
 -- BestCostElement: [-1006.62845378 -1006.62845378 -1006.62845378 -1006.62845378]
 -- BestRoute: [array([ 0, 17, 16, 21, 20, 10, 11,  6,  9,  5,  1])
 array([ 0, 18, 12,  7, 13, 14, 22, 19, 15,  8,  2])
 array([ 0, 26, 27, 25, 29, 30, 37, 33, 36,  3])
 array([ 0, 23, 24, 28, 31, 32, 39, 38, 34, 35,  4])]
 -- Custo: 
 ---------22.705481427033437
 ---------22.620890997328626
 ---------22.362335676525813
 ---------23.654178453005045
 ---- Total: 91.34288655389292
 -- Premio: 
 ---------52.0
 ---------39.0
 ---------49.0
 ---------56.0
 ---- Total: 196.0
 - Execucao 10
 -- BestCostGenaration: [-110.78210329858786, -214.17236908486987, -251.26697674271986, -299.41857964764546, -331.9246728381675, -386.5204814539496, -402.81581798512775, -452.301160462947, -481.1557896471924, -511.9768669444602, -563.0987921680997, -578.9929904643179, -615.5476435975502, -657.954785773535, -666.2145746986719, -718.4781644179849, -778.1567122215881, -793.2390817769744, -822.9231857980083, -852.1500913368259, -868.4576527433862, -876.7217391425456, -878.0931611619711, -894.1800177114966, -901.3347001124309, -901.42856330366, -905.445716066466, -908.3896373495577, -909.3229426517287, -909.6363460677824, -919.6406650025968, -920.2281889399998]
 -- BestCostElement: [-920.22818894 -920.22818894 -920.22818894 -920.22818894]
 -- BestRoute: [array([ 0, 21, 20, 16, 17, 11,  6,  9, 10,  5,  1])
 array([ 0, 12, 18, 22, 14, 19, 15, 13,  7,  8,  2])
 array([ 0, 23, 26, 33, 36, 29, 30, 25, 27,  3])
 array([ 0, 34, 38, 39, 32, 31, 28, 24, 35,  4])]
 -- Custo: 
 ---------22.848005547048654
 ---------25.44820977087961
 ---------29.570535766403772
 ---------28.07620168066802
 ---- Total: 105.94295276500006
 -- Premio: 
 ---------52.0
 ---------39.0
 ---------51.0
 ---------50.0
 ---- Total: 192.0
 - Execucao 11
 -- BestCostGenaration: [-80.3488634203871, -193.76168533757422, -272.59971520452524, -321.36421739941017, -351.93839676019024, -424.81925784207533, -564.5648079165608, -596.0134372474911, -643.5408135676895, -677.9791790281265, -689.1877610207596, -703.1927088434411, -730.1369109103665, -737.0838895063332, -760.0933828833595, -771.096163967751, -781.3041787909845, -795.395976082291, -798.6839762821872, -808.4978335943966, -844.3532524202298, -853.0844704432744, -853.839181465791]
 -- BestCostElement: [-853.83918147 -853.83918147 -853.83918147 -853.83918147]
 -- BestRoute: [array([ 0, 28, 18, 11,  6, 10,  9,  5,  1])
 array([ 0, 23, 12,  7, 13, 14, 19,  8, 15,  2])
 array([ 0, 16, 17, 26, 27, 25, 29, 33, 30, 36,  3])
 array([ 0, 22, 24, 35, 38, 39, 32, 31, 34,  4])]
 -- Custo: 
 ---------27.379766505181234
 ---------28.62596645873263
 ---------29.581625091344016
 ---------28.202846578294388
 ---- Total: 113.79020463355226
 -- Premio: 
 ---------43.0
 ---------37.0
 ---------61.0
 ---------46.0
 ---- Total: 187.0
 - Execucao 12
 -- BestCostGenaration: [-79.98554171455211, -162.80028947834558, -263.1687796787839, -360.44693333601623, -426.70319986006353, -481.8094095118018, -533.7385188540336, -542.375887662015, -577.1180545234157, -585.950418896718, -613.7035080719122, -649.8564363386511, -685.0904227346773, -749.2615163779279, -813.6650857248574, -821.1987470067149, -827.5037133435794, -845.9917652539212, -864.4560200934807, -873.0097351644345, -901.9584791017784, -916.4097612068842, -946.3252069519276, -959.8019345363334, -978.4716404777962, -985.0990574757657, -990.9640629802668, -993.9300285329699, -995.6131736209403]
 -- BestCostElement: [-995.61317362 -995.61317362 -995.61317362 -995.61317362]
 -- BestRoute: [array([ 0, 17, 16, 21, 20, 11,  6,  9, 10,  5,  1])
 array([ 0, 18, 22, 12,  7, 13, 14, 19, 15,  8,  2])
 array([ 0, 26, 27, 25, 30, 33, 37, 36, 29,  3])
 array([ 0, 23, 24, 28, 31, 32, 39, 38, 34, 35,  4])]
 -- Custo: 
 ---------22.95741732923815
 ---------23.805609291821426
 ---------23.679501520700303
 ---------23.654178453005045
 ---- Total: 94.09670659476492
 -- Premio: 
 ---------52.0
 ---------39.0
 ---------49.0
 ---------56.0
 ---- Total: 196.0
 - Execucao 13
 -- BestCostGenaration: [-145.02579049487093, -232.2098199208139, -246.8297637237373, -318.2174138610032, -393.3614624712377, -421.54679170315876, -485.80388976460324, -529.8820153914744, -571.4503833318335, -602.4175544919876, -655.1560383413334, -684.3120376285633, -705.0031601528862, -743.1018595940329, -752.0223166649682, -781.6378514886401, -799.6996166642567, -833.2077130218803, -858.9712303813303, -864.7333498397102, -912.9834444145497, -946.0239074976655, -970.361656072576, -980.2833464524072, -983.3754644612824, -987.1964982129111, -991.0803031919568, -994.3149523395932]
 -- BestCostElement: [-994.31495234 -994.31495234 -994.31495234 -994.31495234]
 -- BestRoute: [array([ 0, 17,  6, 11, 16, 21, 20, 10,  9,  5,  1])
 array([ 0, 18, 12,  7, 13, 14, 19, 15,  8,  2])
 array([ 0, 26, 27, 25, 30, 33, 37, 36, 29,  3])
 array([ 0, 23, 22, 24, 28, 31, 32, 39, 38, 34, 35,  4])]
 -- Custo: 
 ---------24.11969498940653
 ---------19.562968604702142
 ---------23.679501520700303
 ---------27.059096800292707
 ---- Total: 94.42126191510168
 -- Premio: 
 ---------52.0
 ---------34.0
 ---------49.0
 ---------61.0
 ---- Total: 196.0
 - Execucao 14
 -- BestCostGenaration: [-73.41334458090623, -182.71941510365838, -205.6280681319863, -283.74306141967986, -329.79168610440314, -376.1390711413049, -436.5359348955606, -483.4520949748036, -497.2389067222689, -577.4609423365413, -639.3715169943662, -651.7987911288503, -696.7551106713865, -719.5204615237502, -735.9067142450522, -755.7069191360549, -766.8076949360665, -793.3531418291183, -826.2561344173209, -846.4554527685856, -896.6069387230564, -900.2033260415952, -907.7067934515901, -923.157069346048, -925.2493322233457, -949.1497575489018, -971.1150421796974, -985.6631927721689, -988.8978419198054, -993.1295314903114]
 -- BestCostElement: [-993.12953149 -993.12953149 -993.12953149 -993.12953149]
 -- BestRoute: [array([ 0, 26, 25, 20, 21, 16, 17, 11,  6, 10,  9,  5,  1])
 array([ 0, 18, 12,  7, 13, 14, 22, 19, 15,  8,  2])
 array([ 0, 27, 30, 29, 37, 33, 36,  3])
 array([ 0, 23, 24, 28, 31, 32, 39, 38, 34, 35,  4])]
 -- Custo: 
 ---------27.384823019828833
 ---------22.620890997328626
 ---------21.05772465725966
 ---------23.654178453005045
 ---- Total: 94.71761712742216
 -- Premio: 
 ---------69.0
 ---------39.0
 ---------32.0
 ---------56.0
 ---- Total: 196.0
