 - Execucao 0
 -- BestCostGenaration: [-134.11145618000168, -204.93578141705282, -291.77166389668866, -392.45211754609647, -448.1728909884024, -506.18602805333285, -553.52539867457745, -575.52539867457745, -637.08511029872523, -659.08541574358514, -671.24372489893926, -731.98744260104445, -770.1521972121767, -798.70433225741613, -824.21190975494551, -841.23194443274269, -873.48191194716628, -879.53894514311219, -911.40292977243985, -923.09696488227382, -960.84185182436647, -984.47981088460335, -1008.137517877889, -1017.1209349818241, -1023.5245973683216, -1045.4901506873111, -1046.9428373295548, -1086.4328191694665, -1091.3194661226685, -1125.1570874500221, -1144.4943787032423, -1145.7525010231154, -1152.9809016009474, -1158.0165857511167, -1160.396246677521, -1162.1957124856519, -1163.0990970740513, -1165.1156394590405, -1167.9355086668641, -1170.8194746217919, -1171.7221505944342, -1175.5612880461902, -1175.6403473975383, -1176.4287116161288, -1178.445254001118, -1178.5243133524662]
 -- BestCostElement: [-1178.52431335 -1178.445254   -1177.81173101 -1176.50777097]
 -- BestRoute: [array([ 0,  5,  4,  3,  6,  8,  9, 10,  7, 18, 19, 21, 20, 17,  1, 14, 13,
       12, 15, 16, 23, 22, 24,  2, 26, 29, 30, 31, 27, 28, 25, 11,  0])]
 -- Premio: 
 ---------82.8689216619
 -- Custo: 
 ---------151.0
 - Execucao 1
 -- BestCostGenaration: [-134.11145618000168, -204.72467796880795, -300.06229280349976, -367.48508556756718, -424.13319341628295, -466.4119650642765, -527.93406332065865, -557.75524214466486, -648.70795082988889, -653.38515634650935, -679.61798675493117, -744.61939765191642, -768.08209011770271, -800.40553787565341, -853.02644960476982, -867.37452644479208, -877.94001294978614, -904.29715111315829, -978.28349995178849, -994.45966759891144, -1000.1092787423008, -1013.4045323813233, -1023.000073029348, -1029.7365381604175, -1052.4500427973321, -1077.5568150924234, -1090.4245527765549, -1107.6923852604659, -1115.4391050473982, -1127.1236559296276, -1136.4218772109748, -1138.1780786602606, -1138.8440823128308, -1141.4823893326638, -1141.6600050309314, -1144.2983120507647, -1148.066622480259, -1152.2983120507647]
 -- BestCostElement: [-1152.29831205 -1148.06662248 -1144.29831205 -1142.7049295 ]
 -- BestRoute: [array([ 0,  6,  3,  4,  5,  7, 16, 15,  1, 14, 12, 13, 17, 20, 21, 19, 18,
       10,  9,  8, 11, 23, 22, 24,  2, 25, 27, 28, 31, 29, 26, 30,  0])]
 -- Premio: 
 ---------89.4254219873
 -- Custo: 
 ---------151.0
 - Execucao 2
 -- BestCostGenaration: [-134.11145618000168, -200.38111325288548, -315.49387698639669, -390.50245295197499, -451.05692985107191, -495.53490630608525, -522.79934061954054, -561.31296463046101, -647.37957044686436, -679.79819536453715, -695.095718143206, -720.78229516698025, -767.29648361331328, -792.452527673948, -808.83148919866585, -820.69978162445545, -892.93163685683112, -906.12626253325766, -950.29126029067572, -958.69139750639818, -969.12027584151838, -969.27482468402127, -995.4563171146167, -1017.7397103239923, -1035.4082281496533, -1037.9826166666721, -1049.2846426791232, -1064.5830414209979, -1068.0896672543777, -1100.9666650437357, -1127.2921128771236, -1143.8932730073307, -1149.0926871964925, -1158.7963708781738, -1163.9328144355234, -1166.9235145923458, -1171.5726252330196]
 -- BestCostElement: [-1171.57262523 -1171.49356588 -1170.86004289 -1169.26666034]
 -- BestRoute: [array([ 0,  8,  6,  3,  4,  5,  7,  9, 10, 18, 19, 21, 20, 17,  1, 14, 13,
       12, 15, 16, 11, 23, 22,  2, 26, 29, 30, 31, 28, 27, 25, 24,  0])]
 -- Premio: 
 ---------84.6068436917
 -- Custo: 
 ---------151.0
 - Execucao 3
 -- BestCostGenaration: [-134.11145618000168, -225.70413510970343, -304.50943806400511, -338.17640110385253, -403.24417898027423, -457.74289170135012, -490.35551215874159, -534.80040602400732, -578.69129895778588, -624.11914104331345, -683.28845735141715, -700.44379749559653, -758.12333898120767, -783.31088040374289, -820.82538583766359, -854.4162452848766, -917.24549023488407, -939.39961584735966, -984.22079949701185, -990.09781358352677, -1001.3072926923177, -1021.5653128363189, -1028.048006099245, -1029.6360550040026, -1043.3862613963761, -1060.7864262650701, -1070.3433845543966, -1070.4356831188529, -1091.820850933125, -1093.7942094677396, -1100.3623256741198, -1103.8689858544067, -1104.1788455418387, -1111.8687363316039, -1122.8485773895318, -1125.0273985655256, -1126.3084759599853, -1129.1529860453393, -1147.9160154734034]
 -- BestCostElement: [-1147.91601547 -1144.97458699 -1140.28063808 -1137.86803099]
 -- BestRoute: [array([ 0,  9,  7,  5,  4,  3,  6,  8, 11, 10, 19, 21, 20, 17,  1, 13, 14,
       12, 15, 16, 18, 23, 22, 24, 25, 27, 28,  2, 31, 29, 26, 30,  0])]
 -- Premio: 
 ---------90.5209961316
 -- Custo: 
 ---------151.0
 - Execucao 4
 -- BestCostGenaration: [-134.11145618000168, -222.19655761217408, -297.09516667770379, -354.8514378306752, -444.28368721764571, -464.53981086561026, -518.70257480546184, -577.85946156377724, -615.17635332336704, -654.20303805190906, -723.91525913880901, -742.13256666423729, -779.70340897892333, -815.82342366543799, -837.24047114940277, -866.41246465309405, -899.55987530683137, -909.30250184651504, -939.09360441300373, -968.67618334283611, -971.28086603329973, -993.66196016938329, -993.83793988310867, -1018.3606554218475, -1033.9803067206026, -1049.9450191095291, -1084.5483875498956, -1097.0731718720963, -1110.6957589244719, -1122.5742348422723, -1126.633602110059, -1155.8254550937795, -1157.3397782931038, -1159.2954412655865, -1164.332034684285, -1173.1710062534246, -1176.3057936947739, -1180.9544231225498, -1187.1353748013612]
 -- BestCostElement: [-1187.1353748  -1187.05631545 -1186.42279246 -1185.39336761]
 -- BestRoute: [array([ 0,  8,  6,  3,  4,  5,  7, 10, 18, 16, 15, 12, 13, 14,  1, 17, 20,
       21, 19, 23, 22, 24, 25, 27, 28, 31, 30, 29, 26,  2, 11,  9,  0])]
 -- Premio: 
 ---------80.7161562997
 -- Custo: 
 ---------151.0
 - Execucao 5
 -- BestCostGenaration: [-134.11145618000168, -232.11145618000168, -314.06073238104022, -360.92650578647948, -438.87264111036984, -471.86234884004318, -554.8420351292325, -615.21397996918813, -664.92105995120107, -698.45482927406533, -722.8504884145583, -732.84071150600903, -790.45239870923797, -822.73183041433526, -834.53191797081445, -847.0617036398661, -876.25201825322279, -892.92689798575509, -901.73324385042929, -911.21184470088133, -942.73990134768383, -963.06898693791777, -987.69443051654594, -1005.2954427944942, -1043.6656717191893, -1045.1863188947023, -1046.4214158982763, -1076.7841810014334, -1083.9694129424865, -1109.6109009788638, -1113.8378299055935, -1118.669494216917, -1133.4854559558366, -1145.2638655543203, -1150.3857112885976, -1160.4621246944891, -1170.3361359407172, -1175.2804078507163, -1178.219895729027, -1178.3254327547679, -1182.2726642418975, -1183.064305932739, -1183.6978289208839]
 -- BestCostElement: [-1183.69782892 -1183.06430593 -1183.06430593 -1182.90618723]
 -- BestRoute: [array([ 0,  3,  4,  5,  7,  9, 10, 12, 14, 13, 17, 20, 21, 19,  1, 15, 16,
       18, 23, 26, 29, 30, 31,  2, 28, 27, 25, 24, 22, 11,  8,  6,  0])]
 -- Premio: 
 ---------81.5755427698
 -- Custo: 
 ---------151.0
 - Execucao 6
 -- BestCostGenaration: [-134.11145618000168, -208.80977940098035, -283.36005413953421, -404.77515722523066, -417.6534885654475, -430.4038760338322, -496.60980584706391, -558.76594000013893, -626.45844295268455, -690.18208869344403, -719.76488189521058, -723.62828241524403, -753.46266658509103, -817.73151456531036, -818.45879001127594, -852.73628056881603, -874.7273971177799, -885.82604451571592, -894.29199530713038, -903.98706915131788, -927.74403057504537, -952.37346990751848, -1000.0511195557581, -1011.6817885179396, -1018.0457149428908, -1047.7232615457269, -1062.2150072782258, -1089.2986325837383, -1093.6186169137438, -1127.3973467538076, -1129.1221050078818, -1135.8992184141491, -1137.8730913666641, -1153.4212419591358, -1161.2423209015001, -1162.3974002522448, -1163.866095347563, -1163.937454353249, -1166.5292281164634]
 -- BestCostElement: [-1166.52922812 -1166.45016877 -1165.95399674 -1165.87493739]
 -- BestRoute: [array([ 0,  4,  3,  6,  8, 11,  9, 10,  7,  5, 18, 16, 15, 12, 13, 14,  1,
       17, 20, 21, 19, 23, 22, 24,  2, 26, 29, 30, 31, 28, 27, 25,  0])]
 -- Premio: 
 ---------85.8676929709
 -- Custo: 
 ---------151.0
 - Execucao 7
 -- BestCostGenaration: [-134.11145618000168, -230.22291236000336, -271.20580116728689, -343.90092042222199, -410.17443219566997, -468.47213700624752, -492.86343881160082, -560.31273412569408, -578.13748727330938, -622.98678666433284, -678.10748775911566, -748.20566699184917, -750.49858700983623, -772.5808374154451, -790.63494249887663, -866.46649630211436, -872.28313546162178, -911.35755672790208, -927.28852524164085, -932.41817713593707, -947.02591718297822, -972.12118050655329, -988.48020467426295, -989.14087131046244, -994.64673955017042, -1011.109083572984, -1021.6059122611648, -1036.0029903970301, -1061.3966704930513, -1075.7552792198517, -1086.6661223992871, -1091.7140513678505, -1093.139216046837, -1098.0638277089101, -1108.7805935916847, -1125.3295168479012, -1130.5986724290033, -1138.0189730324869, -1138.3141343018126, -1140.7301629286148, -1148.012227330692, -1154.8477955836702, -1159.4475292997963, -1163.463116952325, -1166.5188450423259, -1168.1494084533404, -1170.5716135551963]
 -- BestCostElement: [-1170.57161356 -1168.14940845 -1167.51588547 -1167.10421976]
 -- BestRoute: [array([ 0,  5,  4,  3,  6,  8,  9, 10,  7, 15, 12, 14, 13, 17, 20, 21, 19,
        1, 16, 18, 29, 30, 31, 28, 27, 25, 24, 22,  2, 26, 23, 11,  0])]
 -- Premio: 
 ---------84.8570966112
 -- Custo: 
 ---------151.0
 - Execucao 8
 -- BestCostGenaration: [-134.11145618000168, -217.46965713695454, -285.77166389668866, -352.42451022158036, -398.05395934655576, -444.53631204755413, -507.11503390057459, -546.66710364357266, -581.61050622572748, -655.73742070282856, -667.89591211181369, -697.63809074135656, -717.50787043867649, -775.03473330199358, -819.9559957756951, -848.27367533369215, -851.87236384993821, -907.37304289571262, -926.20639437668103, -950.19335730000307, -960.81256083187895, -969.72387330589186, -988.27850603999786, -988.27983082393735, -992.72932668883936, -1002.6631713711763, -1022.2503423777282, -1033.389381377709, -1040.8133431502586, -1067.8032054958544, -1069.0680655798469, -1090.329791084921, -1116.2257006703444, -1138.3077397484478, -1141.1990287075328, -1150.1074756750158, -1151.4844920818273, -1153.3421248226523, -1158.1074756750158, -1161.1632037650168, -1164.2189318550177, -1167.2374790846766, -1168.8259138126677, -1170.1230799266634, -1171.8215617921719, -1171.9006211435203, -1174.9191683731794, -1179.3984019578556, -1179.4774613092038]
 -- BestCostElement: [-1179.47746131 -1179.39840196 -1176.45891408 -1176.37985473]
 -- BestRoute: [array([ 0,  5,  4,  3,  6,  8,  9,  7, 16, 15, 12, 13, 14,  1, 17, 20, 21,
       19, 18, 10, 11, 22, 24, 25, 27, 28,  2, 31, 30, 29, 26, 23,  0])]
 -- Premio: 
 ---------82.6306346727
 -- Custo: 
 ---------151.0
 - Execucao 9
 -- BestCostGenaration: [-134.11145618000168, -229.24674477695118, -324.55760733722985, -377.32125052610274, -427.08912796770619, -445.08681394824401, -513.1297906840515, -556.20270474954805, -588.53407133679798, -679.35797167304736, -692.40880234154338, -737.05676478832072, -756.72586568036843, -848.68646614918441, -880.98036705869606, -905.92080966946719, -937.25320588400996, -958.76096911917398, -994.5765225092897, -1004.5093795287495, -1017.2820599271457, -1017.4969861736095, -1022.3000912256148, -1060.3874756543873, -1060.5620454397272, -1076.7247302472344, -1079.305157357275, -1086.8229842269993, -1104.942830627562, -1111.9300303468767, -1113.1545422043951, -1125.4421416840778, -1131.3098832377304, -1136.4920580848739, -1141.1623113068767, -1142.2883019882279, -1152.5152075270455, -1155.0941007671042, -1159.5074639182267, -1162.5631920082274, -1162.6221476960382, -1162.7584915712659, -1162.8174472590767]
 -- BestCostElement: [-1162.81744726 -1162.75849157 -1162.6221477  -1162.56319201]
 -- BestRoute: [array([ 0,  3,  4,  5,  7, 16, 20, 17, 13, 14, 12, 15,  1, 19, 21, 18, 10,
        9, 23, 26, 29, 30, 31,  2, 27, 28, 25, 24, 22, 11,  8,  6,  0])]
 -- Premio: 
 ---------86.7956381852
 -- Custo: 
 ---------151.0
