 - Execucao 0
 -- BestCostGenaration: [-62.02634342407453, -62.02634342407454, -77.54841023221773, -84.3825931114379, -125.59545885036871, -149.11451362205753, -151.09132856648347, -157.25851283648598, -212.25851283648598, -239.41428946868848, -240.1873387391352, -254.24905646827543, -265.27849371979823, -270.36051284779694, -284.0391268423857, -292.5829023756056, -319.9140970216771, -321.9665149076399, -328.27127399083497, -356.73829989744445, -367.6469809262684, -382.9978702855949, -398.4359621886996, -404.7407212718946, -424.6955325768499, -429.98311402834986, -449.7251336193659, -504.0125512798727, -515.6046940622439, -535.30292851751, -541.7065863897068, -553.4198732696439, -560.698842780888, -572.7726206142538, -578.6004452584132, -620.2339682465581, -663.5476767455428, -684.8234679086447, -689.9349240886464, -705.1811997336878, -714.3222569562055, -723.9449129674078, -727.9745140099238, -736.3176597604314, -739.2958023267344, -752.2880587179154, -772.9232193247038, -773.5460391268994]
 -- BestCostElement: [-773.54603913 -773.54603913 -773.54603913 -773.54603913]
 -- BestRoute: [array([ 0, 19, 13, 11, 12, 18, 23, 27,  0])
 array([ 0, 14,  9,  5, 15, 16, 17, 21, 24,  0])
 array([ 0, 28, 29, 34, 38, 42, 31, 30,  0])
 array([ 0, 25, 32, 40, 39, 43, 36,  0])]
 -- Custo: 
 ---------23.520727721245958
 ---------23.87829125795763
 ---------23.76749844601062
 ---------22.446972793060944
 ---- Total: 93.61349021827516
 -- Premio: 
 ---------49.0
 ---------38.0
 ---------40.0
 ---------37.0
 ---- Total: 164.0
 - Execucao 1
 -- BestCostGenaration: [-96.78756699981278, -137.75583267834517, -154.48648147912138, -244.80756767812494, -254.18150590550195, -294.9545551759487, -297.2161627663536, -333.8268971701808, -369.1822515676404, -380.55378347136053, -403.8164421600758, -415.0954937982089, -433.7079907479403, -437.7740416904053, -458.7740416904053, -477.62476493844224, -490.62476493844224, -508.85920703192903, -514.437001930073, -529.859207031929, -532.3812738400721, -543.5717893714223, -547.8034789419281, -591.5484581100748, -620.8064385190586, -642.0526821404095, -683.1693991400277, -701.1708840222061, -702.9992962727924, -713.7457193432197, -717.4728188859976, -720.6227334297346]
 -- BestCostElement: [-720.62273343 -720.62273343 -720.62273343 -720.62273343]
 -- BestRoute: [array([ 0, 25, 31, 32, 40, 39, 43, 36, 30,  0])
 array([ 0, 27, 33, 37, 41, 38, 34, 29,  0])
 array([ 0, 13,  8,  7, 11,  6, 12, 19,  0])
 array([ 0, 35, 28, 22, 23, 18,  0])]
 -- Custo: 
 ---------23.088156853215224
 ---------22.514155011626467
 ---------22.56549337480125
 ---------21.176511402923396
 ---- Total: 89.34431664256634
 -- Premio: 
 ---------50.0
 ---------36.0
 ---------43.0
 ---------25.0
 ---- Total: 154.0
 - Execucao 2
 -- BestCostGenaration: [-142.33584545681478, -176.98260062591072, -185.34354387489796, -220.57044941371552, -248.40907703243775, -264.3372393112444, -279.8870102242945, -298.3789568061387, -301.24839571542066, -342.8819187035656, -364.9808738185044, -364.98087381850445, -404.3797476590129, -415.4093919646855, -417.6749089283385, -429.7863651083402, -454.8978212883419, -478.0034655796188, -493.93162785842543, -501.7702554771477, -505.695934966752, -521.2365941952901, -525.8143890934341, -554.6432116446174, -588.9161399945103, -604.6091771973206, -634.3774876268146, -648.9839197966585, -652.3217595368137, -664.4061248985142, -671.7043461798613, -671.7043461798614, -676.1326572718928]
 -- BestCostElement: [-676.13265727 -676.13265727 -676.13265727 -676.13265727]
 -- BestRoute: [array([ 0, 35, 42, 38, 41, 37, 29,  0])
 array([ 0, 19, 13,  8,  7, 11,  6, 12, 23,  0])
 array([ 0, 28, 30, 36, 43, 39, 32, 31, 25,  0])
 array([ 0, 27, 34, 33, 22, 18,  0])]
 -- Custo: 
 ---------22.414373490278
 ---------23.676432671794842
 ---------23.828587052651095
 ---------23.547442467302883
 ---- Total: 93.46683568202681
 -- Premio: 
 ---------28.0
 ---------46.0
 ---------50.0
 ---------26.0
 ---- Total: 150.0
 - Execucao 3
 -- BestCostGenaration: [-67.16391821189742, -112.69374734747512, -146.78848970213824, -191.0130397693782, -206.509039422518, -223.52266524944451, -243.27734985201207, -244.68632277291695, -246.38858234853916, -272.7294482811822, -297.57486659291527, -318.79128548827555, -323.86839024359745, -363.56422109480764, -369.4805365664213, -391.5215516623337, -400.5586873319397, -402.50295924193887, -420.3007069229558, -430.244978832955, -460.36107748805944, -481.1899000392427, -486.00248564160876, -523.6810335338051, -534.0799073743136, -535.398354714251, -561.301497864423, -593.8863870750974, -634.0552542430721, -644.4774593449282, -663.9127231043111, -667.9654916171814, -679.3349282061671, -718.7338020466756, -722.7865705595459, -722.9918276463951, -740.8161716020619, -741.0214286889111, -743.6680200670139, -761.0214286889111, -761.6976211095299, -788.6976211095299, -791.6009260345229, -808.1522230400393, -824.0437264371681, -824.7533491995308, -851.6742898481824, -856.2443411375076, -860.0950643855446, -865.5580496364923, -867.4571328514469]
 -- BestCostElement: [-867.45713285 -867.45713285 -867.45713285 -867.45713285]
 -- BestRoute: [array([ 0, 19, 18, 23, 12,  6, 11, 13,  0])
 array([ 0, 14,  9,  5, 10, 15, 24,  0])
 array([ 0, 35, 38, 41, 37, 33, 34, 27, 29, 28,  0])
 array([ 0, 30, 36, 43, 39, 40, 32, 31, 25,  0])]
 -- Custo: 
 ---------22.358287737005426
 ---------23.58162509134402
 ---------23.857647105573612
 ---------23.08815685321522
 ---- Total: 92.88571678713828
 -- Premio: 
 ---------47.0
 ---------33.0
 ---------47.0
 ---------50.0
 ---- Total: 177.0
 - Execucao 4
 -- BestCostGenaration: [-101.39937593683212, -124.2119251544228, -180.10399572095122, -199.03377832033652, -204.94840592466312, -205.04826763095036, -213.4092108799376, -235.69685222391897, -260.61779287257065, -294.7686899451123, -344.1512304709537, -353.69904884084616, -382.8512851699396, -383.81189039460594, -401.781067769325, -407.6626136426429, -414.2012874407409, -416.20327287118096, -447.5727094601665, -452.971583300675, -507.971583300675, -527.2590009611818, -533.1771458236962, -539.2886020036979, -584.1615581711675, -592.5047039216752, -601.2366244322948, -626.6354982728031, -644.5797701828023, -648.7919793568564, -663.5032899865062, -666.7362512668556, -692.0470001887098, -701.3607086876946, -710.6247950868539, -719.9385035858386, -720.8928745762342, -723.6687196328182, -727.8958341533647, -744.4109482055632, -770.2353979131871, -798.2353979131871, -818.2276543043681, -839.1042376532588]
 -- BestCostElement: [-839.10423765 -839.10423765 -839.10423765 -839.10423765]
 -- BestRoute: [array([ 0, 20, 15,  5,  9, 14, 13, 19,  0])
 array([ 0, 18, 23, 22, 12,  6, 11,  0])
 array([ 0, 35, 38, 41, 37, 33, 34, 27, 29, 28,  0])
 array([ 0, 30, 36, 43, 39, 40, 32, 31, 25,  0])]
 -- Custo: 
 ---------23.919259774448747
 ---------23.85887685344771
 ---------23.857647105573612
 ---------23.08815685321522
 ---- Total: 94.7239405866853
 -- Premio: 
 ---------42.0
 ---------35.0
 ---------47.0
 ---------50.0
 ---- Total: 174.0
 - Execucao 5
 -- BestCostGenaration: [-52.24297043601484, -72.59810194510095, -107.59143302836083, -112.64972364408897, -113.75861729836336, -153.05634109341628, -153.63612142200034, -175.03025449397697, -218.49955471682892, -267.4268449214708, -282.948911729614, -308.24792386383524, -327.63520323062926, -387.1852431064828, -391.0375557067616, -396.13469609957355, -411.92131549507155, -428.716103598958, -449.59986338726793, -455.737797241662, -469.74554085048084, -490.74554085048084, -495.13667108217044, -514.0664536815557, -530.3353241124034, -536.1516190230794, -591.1516190230794, -605.1671062407172, -625.1593626318983, -632.6814294400415, -643.637295823755, -682.2802000393624, -703.9097850928483, -730.4846204138619, -739.7983289128466, -745.4024598402043, -747.0622736668271, -774.0889583953692, -788.0889583953692, -789.2638862741906, -803.2638862741906, -807.8339375635157]
 -- BestCostElement: [-807.83393756 -807.83393756 -807.83393756 -807.83393756]
 -- BestRoute: [array([ 0, 32, 40, 39, 43, 36, 30,  0])
 array([ 0, 19, 18, 23, 12,  6, 11, 13,  0])
 array([ 0, 25, 31, 26, 21, 16, 15, 24,  0])
 array([ 0, 35, 38, 41, 37, 33, 34, 27, 29, 28,  0])]
 -- Custo: 
 ---------22.398015148046422
 ---------22.358287737005426
 ---------23.427565618495592
 ---------23.857647105573612
 ---- Total: 92.04151560912106
 -- Premio: 
 ---------35.0
 ---------47.0
 ---------39.0
 ---------47.0
 ---- Total: 168.0
 - Execucao 6
 -- BestCostGenaration: [-118.44729465580228, -144.49637542603028, -150.66355969603285, -198.04787948569634, -238.6635596960328, -242.83757812172257, -244.19246065986323, -261.3039168398649, -276.8259836480081, -285.2047200801711, -288.56520745288685, -316.9903721318733, -369.76346659305574, -388.71053428919225, -404.2326010973355, -410.1693383802446, -446.22506647024545, -468.7471332783887, -486.5877573574361, -518.438480605473, -520.131724862433, -525.9595495065923, -571.5373444047364, -578.4316435880024, -601.9778325103673, -614.272993779693, -620.8134007633456, -646.6377879821689, -648.6081436764964, -655.8810720263893, -660.9974760290726, -683.7021509687537, -685.3779030748128, -689.4413747736324, -703.4413747736324]
 -- BestCostElement: [-703.44137477 -703.44137477 -703.44137477 -703.44137477]
 -- BestRoute: [array([ 0, 28, 29, 34, 38, 42, 35, 25,  0])
 array([ 0, 19, 13, 11, 12, 18, 23, 27,  0])
 array([ 0, 36, 43, 39, 40, 32, 31,  0])
 array([ 0, 24, 15, 16, 21, 26, 30,  0])]
 -- Custo: 
 ---------22.275399939955413
 ---------23.520727721245958
 ---------22.679143857428578
 ---------23.414384787961925
 ---- Total: 91.88965630659186
 -- Premio: 
 ---------36.0
 ---------49.0
 ---------40.0
 ---------28.0
 ---- Total: 153.0
 - Execucao 7
 -- BestCostGenaration: [-94.40082397226683, -155.31371557592777, -172.73482233586896, -200.8488410415979, -218.87844208411394, -246.69952102647835, -301.69952102647835, -310.06046427546556, -311.56473358512915, -315.5020075484479, -347.61346372844963, -350.3308300996312, -381.32604606794285, -408.86670529648086, -431.45609466833935, -485.15012977817344, -487.867496149355, -543.1286229713838, -550.3866033803678, -561.4980595603695, -568.4980595603695, -576.0201263685127, -595.6767735638554, -600.0679037955449, -646.4812669466672, -700.768684607174, -715.19088970903, -724.0901367149777, -733.9181684132868, -747.9336556309245, -766.5123418168337, -775.5758135156532, -791.918959266161, -797.496754164305, -802.0590618448113, -816.074549062449]
 -- BestCostElement: [-816.07454906 -816.07454906 -816.07454906 -816.07454906]
 -- BestRoute: [array([ 0, 28, 29, 38, 41, 37, 33, 34, 27,  0])
 array([ 0, 24, 15,  5,  9, 14, 19,  0])
 array([ 0, 18, 22, 12,  6, 11, 13,  0])
 array([ 0, 25, 31, 32, 40, 39, 43, 36, 30,  0])]
 -- Custo: 
 ---------23.099941449253368
 ---------23.429553284237727
 ---------23.86371114768143
 ---------23.088156853215224
 ---- Total: 93.48136273438774
 -- Premio: 
 ---------44.0
 ---------37.0
 ---------39.0
 ---------50.0
 ---- Total: 170.0
 - Execucao 8
 -- BestCostGenaration: [-78.13855601926136, -91.67904074647487, -175.41601183362133, -210.8224203012198, -269.44824487128153, -316.9616049538006, -331.29671841474055, -364.9345241680468, -380.27766991855447, -408.9036967081228, -426.0798643552457, -439.79244669473894, -446.22775371727835, -450.3367082125933, -464.1720256272775, -491.9335256147455, -521.8325655665435, -529.967129324418, -549.7091489154341, -560.1574378902114, -568.500583640719, -582.500583640719, -619.2688940702132, -639.2688940702132, -658.1560072371246, -675.8778894197952, -678.0596627890251, -680.2089395409881, -721.0140337794207, -721.9873490508787, -723.1633105313838, -728.2027053067175, -730.3277422784054, -748.5621843718923, -755.7266161189139, -755.8892204912072, -759.9610582124005, -775.3832633142565]
 -- BestCostElement: [-775.38326331 -775.38326331 -775.38326331 -775.38326331]
 -- BestRoute: [array([ 0, 29, 34, 38, 41, 37, 33, 27,  0])
 array([ 0, 30, 25, 24, 21, 17, 16, 15, 20,  0])
 array([ 0, 19, 13,  8,  7, 11,  6, 12, 18,  0])
 array([ 0, 31, 32, 39, 43, 36, 35, 28,  0])]
 -- Custo: 
 ---------22.514155011626467
 ---------22.50237041558832
 ---------22.95741732923815
 ---------23.430241414982927
 ---- Total: 91.40418417143587
 -- Premio: 
 ---------36.0
 ---------34.0
 ---------50.0
 ---------43.0
 ---- Total: 163.0
 - Execucao 9
 -- BestCostGenaration: [-68.0563284338978, -86.05300143126843, -120.99128350260835, -164.13691577508558, -204.5435332244129, -276.6881143985798, -296.42733820345853, -348.5948217776767, -370.78415183532667, -382.26208502718345, -415.65710800279635, -433.59127166524735, -441.0430778096194, -471.4342080413089, -486.8006850531641, -498.2786182450209, -507.75655143687766, -533.1554252773861, -536.5063146367125, -539.0283814448558, -572.0578186963786, -573.572141895703, -576.7069293370522, -610.4489489280683, -632.0081965965531, -635.1429840379024, -647.4304016984091, -651.0048863925151, -666.4270914943711, -712.0048863925151, -727.0203736101529, -758.1240861813357, -796.8894370336993, -809.8816934248804, -819.1954019238651]
 -- BestCostElement: [-819.19540192 -819.19540192 -819.19540192 -819.19540192]
 -- BestRoute: [array([ 0, 28, 27, 22, 12, 13, 18, 19,  0])
 array([ 0, 25, 31, 32, 40, 39, 43, 36, 30,  0])
 array([ 0, 24, 21, 17, 16, 15,  5,  9, 14,  0])
 array([ 0, 29, 34, 33, 37, 41, 38, 35,  0])]
 -- Custo: 
 ---------23.941549404533223
 ---------23.088156853215224
 ---------23.878291257957635
 ---------21.79315200332763
 ---- Total: 92.70114951903372
 -- Premio: 
 ---------52.0
 ---------50.0
 ---------38.0
 ---------30.0
 ---- Total: 170.0
 - Execucao 10
 -- BestCostGenaration: [-63.64212236725523, -64.67805973858599, -73.09693135191424, -146.93528428443415, -155.95731014971716, -226.99432257847303, -251.8397408902061, -287.1552904061712, -288.38383356363227, -290.5992419001837, -310.596249791836, -324.0158923679647, -329.0741829836928, -351.6635723555513, -362.06244619605974, -365.67131596437014, -402.1656451115841, -434.79306210955366, -436.1284642512424, -437.700753215893, -441.30962298420343, -454.14325735437524, -461.30962298420343, -498.98817087639975, -536.8315260013535, -563.7447230411863, -579.2667898493295, -593.6019033102694, -612.3878418800081, -626.0926806106824, -629.1484087006833]
 -- BestCostElement: [-629.1484087 -629.1484087 -629.1484087 -629.1484087]
 -- BestRoute: [array([ 0,  8,  7, 11,  6, 12, 18, 19,  0])
 array([ 0, 31, 32, 40, 26, 25,  0])
 array([ 0, 20, 24, 21, 16, 15, 14, 13,  0])
 array([ 0, 30, 39, 43, 36, 35, 28,  0])]
 -- Custo: 
 ---------22.57319043510206
 ---------22.866848449225152
 ---------23.737066250055058
 ---------22.035792690446918
 ---- Total: 91.21289782482918
 -- Premio: 
 ---------43.0
 ---------33.0
 ---------31.0
 ---------35.0
 ---- Total: 142.0
 - Execucao 11
 -- BestCostGenaration: [-37.67153194489917, -92.63652399435512, -123.3150718865515, -163.7216893358788, -182.7155825467647, -207.7653269895754, -216.9480989121066, -253.00360331863283, -255.7209696898144, -262.59798377632933, -262.5979837763294, -280.6492126107445, -299.6492126107445, -305.76066879074614, -311.3384636888902, -344.33072008007133, -361.19337011299484, -389.20367624754095, -422.9162585870342, -437.62963186799476, -439.7789086199578, -476.49685128748786, -477.2993378094575, -489.489107678669, -492.8399970379955, -493.6424835599651, -509.2213768000239, -512.5722661593504, -549.337617011714, -566.105927441208, -571.5577768487366, -593.1136710500269, -608.5358761518829, -654.1136710500269, -674.1136710500269, -681.7442344610413, -693.4010887105337, -701.7442344610413, -706.3142857503665, -715.6279942493513, -734.7786361343648, -752.8082371768808, -753.2716163178927]
 -- BestCostElement: [-753.27161632 -753.27161632 -753.27161632 -753.27161632]
 -- BestRoute: [array([ 0, 23, 22, 12,  6, 11, 19,  0])
 array([ 0, 30, 36, 43, 39, 40, 32, 31, 25,  0])
 array([ 0, 35, 38, 41, 37, 33, 34, 29, 27,  0])
 array([ 0, 20, 15, 14, 13, 18, 28,  0])]
 -- Custo: 
 ---------22.867770384885734
 ---------23.08815685321522
 ---------23.59253037283523
 ---------23.883638309590665
 ---- Total: 93.43209592052685
 -- Premio: 
 ---------37.0
 ---------50.0
 ---------39.0
 ---------35.0
 ---- Total: 161.0
 - Execucao 12
 -- BestCostGenaration: [-67.48562106496676, -72.82391545496935, -149.55194124730872, -172.1413306191672, -200.09697331940623, -208.31329892085807, -214.48048319086058, -215.8353657290013, -252.05267345394947, -259.80907489052333, -279.8558535647344, -282.8295627262564, -317.22218902000395, -359.7372578814667, -386.9084805210192, -411.8409704526496, -436.43735777118843, -456.8892071787169, -468.30783512990376, -496.17958441635426, -501.77328189154105, -519.6572939247365, -538.9447115852432, -542.5605786314941, -574.1079026764315, -598.4568660603113, -621.2430192676138, -634.2306783744277, -642.7502028750789, -649.752745182571, -660.6799854744643, -662.7117781975647, -674.1106520380732, -674.8232343775663, -684.1369428765512, -693.7675062875657]
 -- BestCostElement: [-693.76750629 -693.76750629 -693.76750629 -693.76750629]
 -- BestRoute: [array([ 0, 20, 24, 16, 15, 14, 13, 18, 19,  0])
 array([ 0, 30, 31, 32, 26, 21,  0])
 array([ 0, 28, 29, 27, 34, 33, 37, 41, 38, 35,  0])
 array([ 0, 36, 43, 39, 40, 25,  0])]
 -- Custo: 
 ---------23.97060945745574
 ---------20.67292881108081
 ---------23.85764710557361
 ---------22.30693805399844
 ---- Total: 90.80812342810859
 -- Premio: 
 ---------43.0
 ---------27.0
 ---------47.0
 ---------34.0
 ---- Total: 151.0
 - Execucao 13
 -- BestCostGenaration: [-46.17409460272857, -149.31862018564266, -202.0698871631404, -223.51540549816116, -243.51540549816116, -251.35403311688344, -256.29478776869485, -280.1785927477405, -293.68577635520575, -321.31633976622015, -338.79723253520746, -366.4277959462218, -378.2862628030777, -411.30075211369154, -423.15921897054733, -431.0427717047076, -442.9012385615634, -447.94680274234366, -459.80526959919945, -464.7449010502681, -485.3800616570565, -492.86569326699646, -506.2570757435715, -512.4995689349176, -540.1567099019662, -582.093983865285, -588.3276802966333, -619.1543162206672, -643.4032476247678, -643.5754229806083, -663.4032476247678, -665.1090842624659, -678.8254527266237, -683.9369089066254, -685.8457539259623]
 -- BestCostElement: [-685.84575393 -685.84575393 -685.84575393 -685.84575393]
 -- BestRoute: [array([ 0, 25, 31, 32, 39, 43, 36, 30, 28,  0])
 array([ 0, 29, 34, 27, 22, 12, 18,  0])
 array([ 0, 20, 15, 14, 13, 11, 19,  0])
 array([ 0,  9,  5, 10, 17, 21, 24,  0])]
 -- Custo: 
 ---------23.8285870526511
 ---------23.877054302287245
 ---------23.51823834029324
 ---------23.314681823277848
 ---- Total: 94.53856151850944
 -- Premio: 
 ---------50.0
 ---------36.0
 ---------35.0
 ---------31.0
 ---- Total: 152.0
 - Execucao 14
 -- BestCostGenaration: [-63.72288796231565, -109.7523252138385, -134.2227105163049, -196.25214776782775, -223.9740133945951, -251.03698402640765, -291.4436014757349, -327.78674722624254, -330.8424753162434, -350.8424753162434, -369.7722579156287, -383.52899050073324, -389.4161036676446, -411.4846332009722, -417.3717463678837, -426.71209633225396, -449.8502372407977, -470.1663476358557, -515.0393038033254, -534.3267214638322, -540.6485241985433, -545.7522367697262, -549.9465140164948, -555.0502265876776, -589.3231549375704, -605.0161921403807, -611.7021330144883, -622.9604640503799, -634.64360913835, -641.4383972422366, -653.2968640990924, -656.8452217457136, -659.9828049732]
 -- BestCostElement: [-659.98280497 -659.98280497 -659.98280497 -659.98280497]
 -- BestRoute: [array([ 0, 35, 29, 34, 38, 41, 37,  0])
 array([ 0, 25, 31, 32, 39, 43, 36, 30, 28,  0])
 array([ 0, 12,  6, 11,  7,  8, 13,  0])
 array([ 0, 14, 19, 18, 23, 22, 27,  0])]
 -- Custo: 
 ---------23.805490822824698
 ---------23.8285870526511
 ---------22.527551088124632
 ---------23.842669793099542
 ---- Total: 94.00429875669998
 -- Premio: 
 ---------28.0
 ---------50.0
 ---------34.0
 ---------36.0
 ---- Total: 148.0
