 - Execucao 0
 -- BestRoute: [[ 0  6  5  4  7  9 23 25 26 28 29 32 31 30 27 24 33 34 37 40 41 39 38 36
  35 21 18 14 15 13 16 20 22 19 17  8 11 12 10  0]]
 -- Custo: 
 ---------96.424540733
 ---- Total: 96.424540733
 -- Premio: 
 ---------197.0
 ---- Total: 197.0
 - Execucao 1
 -- BestRoute: [[ 0  9  7  4  5  6  8 17 16 13 15 14 18 21 22 20 19 33 35 36 38 39 41 40
   3 34 37 30 27 31 32 28 29 26 25 23 24 10 12 11  0]]
 -- Custo: 
 ---------97.5721326653
 ---- Total: 97.5721326653
 -- Premio: 
 ---------197.0
 ---- Total: 197.0
 - Execucao 2
 -- BestRoute: [[ 0  9  7  4  5  6  8 11 19 17 16 13 15 14 18 21 20 22 33 34 35 36 38 39
  41 40 37 30 27 31 32 29 28 26 25 23 24 12 10  0]]
 -- Custo: 
 ---------90.7642837981
 ---- Total: 90.7642837981
 -- Premio: 
 ---------197.0
 ---- Total: 197.0
 - Execucao 3
 -- BestRoute: [[ 0 12 23 25 26 28 29 32 31 30 27 24 34 35 36 38 39 41 40 37 33 20 16 15
  13 14 18 21 22 19 17 11 10  9  7  4  8  6  5  0]]
 -- Custo: 
 ---------101.649990619
 ---- Total: 101.649990619
 -- Premio: 
 ---------197.0
 ---- Total: 197.0
 - Execucao 4
 -- BestRoute: [[ 0  6  5  4  7  9 10  8 19 17 16 13 15 14 18 21 20 22 33 34 35 36 38 39
  41 40 37 30 27 31 32 29 28 26 25 23 24 12 11  0]]
 -- Custo: 
 ---------93.0885753266
 ---- Total: 93.0885753266
 -- Premio: 
 ---------197.0
 ---- Total: 197.0
 - Execucao 5
 -- BestRoute: [[ 0  5  4  7  6  8 17 19 20 21 18 14 15 13 16 22 33 35 36 38 39 41 40 37
  34 24 27 30 31 32 29 28 26 25 23 10  9 12 11  0]]
 -- Custo: 
 ---------101.772754296
 ---- Total: 101.772754296
 -- Premio: 
 ---------197.0
 ---- Total: 197.0
 - Execucao 6
 -- BestRoute: [[ 0  7  4  5  6  8 11 16  1 18 14 15 13 17 19 20 22 21 36 35 38 39 41 40
  33 34 37 27 30 31 32 29 28 26 25 23 24  9 12 10  0]]
 -- Custo: 
 ---------102.328118436
 ---- Total: 102.328118436
 -- Premio: 
 ---------197.0
 ---- Total: 197.0
 - Execucao 7
 -- BestRoute: [[ 0  9  7  4  5  6  8 10 17 16 13 15 14 18 21 19 20 22 33 34 37  3 35 36
  38 39 41 40 30 27 25 26 28 29 32 31 24 23 12 11  0]]
 -- Custo: 
 ---------100.081328926
 ---- Total: 100.081328926
 -- Premio: 
 ---------197.0
 ---- Total: 197.0
 - Execucao 8
 -- BestRoute: [[ 0  8  6  5  4  7  9 24 23 25 26 28 29 32 31 30 27 37 40 41 39 38 36 35
  34 33 21 18 14 13 15 16 17 22 20 19 11 12 10  0]]
 -- Custo: 
 ---------97.1162109785
 ---- Total: 97.1162109785
 -- Premio: 
 ---------197.0
 ---- Total: 197.0
 - Execucao 9
 -- BestRoute: [[ 0  6  5  4  7  9 24 23 25 26 28 29 32 31 27 30 37 40 41 39 38 36 35 33
  34 22 19 20 21 18 14 15 13 16 17  8 10 11 12  0]]
 -- Custo: 
 ---------96.807550459
 ---- Total: 96.807550459
 -- Premio: 
 ---------197.0
 ---- Total: 197.0
 - Execucao 10
 -- BestRoute: [[ 0  5  4  7  9  6  8 10 12 23 25 27 30 31 32 29 28 26 24 34 37 40 41 39
  38 36 35 33 22 20 21 18 14 15 13 16 17 19 11  0]]
 -- Custo: 
 ---------98.3801447684
 ---- Total: 98.3801447684
 -- Premio: 
 ---------197.0
 ---- Total: 197.0
 - Execucao 11
 -- BestRoute: [[ 0 12 24 23 25 26 28 29 32 31 27 30 40 41 39 36 38 35  3 37 34 33 22 21
  18 14 13 15 16 17 20 19 11 10  9  7  4  8  6  5  0]]
 -- Custo: 
 ---------97.9591140742
 ---- Total: 97.9591140742
 -- Premio: 
 ---------197.0
 ---- Total: 197.0
 - Execucao 12
 -- BestRoute: [[ 0  6  5  4  7  9 10 11  8 17 16 13 15 14 18 21 20 22 33 34 35 36 38 39
  41 40 37 24 27 30 31 32 29 28 26 25 23 12 19  0]]
 -- Custo: 
 ---------101.032029757
 ---- Total: 101.032029757
 -- Premio: 
 ---------197.0
 ---- Total: 197.0
 - Execucao 13
 -- BestRoute: [[ 0  4  5  7  9 10 12 24 23 25 26 28 29 32 31 27 30 40 41 39 38 36 35 37
  34 33 22 20 21 18 14 15 13 16 17 19  8 11  6  0]]
 -- Custo: 
 ---------96.0691568322
 ---- Total: 96.0691568322
 -- Premio: 
 ---------197.0
 ---- Total: 197.0
 - Execucao 14
 -- BestRoute: [[ 0  5  6  4  7  9 10  8 17 16 13 14 15 18 21 22 20 19 33 34 35 36 38 39
  41 40 37 30 27 31 32 29 28 26 25 23 24 12 11  0]]
 -- Custo: 
 ---------96.2429924627
 ---- Total: 96.2429924627
 -- Premio: 
 ---------197.0
 ---- Total: 197.0
