 - Execucao 0
 -- BestCostGenaration: [-134.11145618000168, -201.24959708854544, -273.97731429789042, -329.38215897036719, -377.75159555935272, -438.64789278156951, -494.52490686808443, -564.78629925018708, -605.90951615027507, -636.36224857059335, -697.96238365725526, -746.35619889021427, -765.14444048525115, -813.81656459508895, -892.25379971426457, -951.27723656462854, -967.25090349323636, -1000.1501494689417, -1046.5993064162458, -1098.7535406075021, -1144.8114523106046, -1210.261159367242, -1247.2078948407996, -1279.0200357738599, -1319.7148592746844, -1333.0096899736991, -1363.151006530436, -1396.3079112550461, -1423.5431227243325, -1448.7792862497622, -1467.8833743066805, -1486.6034550797146, -1503.200588060392, -1522.5543423810511, -1545.457526652918, -1555.5148923615623, -1555.879731754774, -1561.1838422403694, -1563.0968322260524, -1568.4957060665611, -1571.0968322260526, -1574.1525603160535, -1580.62328917582, -1583.3466751361534, -1583.9369976748048, -1584.3018370680163]
 -- BestCostElement: [-1584.30183707 -1584.04491183 -1583.93699767 -1583.71151453]
 -- BestRoute: [array([ 0,  6,  5,  4,  7,  9, 23, 25, 26, 28, 29, 32, 31, 30, 27, 24, 33,
       34, 37, 40, 41, 39, 38, 36, 35, 21, 18, 14, 15, 13, 16, 20, 22, 19,
       17,  8, 11, 12, 10,  0])]
 -- Custo: 
 ---------96.424540733
 ---- Total: 96.424540733
 -- Premio: 
 ---------197.0
 ---- Total: 197.0
 - Execucao 1
 -- BestCostGenaration: [-134.11145618000168, -219.24959708854544, -273.97731429789042, -327.25792573014382, -411.83276105115738, -458.35482785930054, -503.18429054116996, -534.32871709635265, -611.7292359393989, -671.8830375883507, -708.96565127084, -734.23445480401153, -814.09610285150757, -875.04677024075636, -928.46899437388583, -975.0807343344909, -1019.9828000084074, -1068.6449196926428, -1089.3391216013426, -1124.8255849298791, -1159.2060753317216, -1190.9491465796766, -1224.2162066014473, -1264.1386340791557, -1308.1287208305075, -1348.7573838282012, -1366.9970710230791, -1393.8561775915546, -1427.3249363913069, -1438.5440057549608, -1460.5522254196712, -1473.3259874896171, -1489.8630381475527, -1499.605497750312, -1507.1143006632922, -1512.5178486045222, -1524.4024996805974, -1532.9603801998596, -1539.0718363798612, -1548.6643728335046, -1556.3692115641788, -1557.1345624165424, -1565.8471447560357, -1570.9508573272185, -1575.3730624290745, -1579.7114693386293]
 -- BestCostElement: [-1579.71146934 -1579.42583094 -1576.74933317 -1575.37306243]
 -- BestRoute: [array([ 0,  9,  7,  4,  5,  6,  8, 17, 16, 13, 15, 14, 18, 21, 22, 20, 19,
       33, 35, 36, 38, 39, 41, 40,  3, 34, 37, 30, 27, 31, 32, 28, 29, 26,
       25, 23, 24, 10, 12, 11,  0])]
 -- Custo: 
 ---------97.5721326653
 ---- Total: 97.5721326653
 -- Premio: 
 ---------197.0
 ---- Total: 197.0
 - Execucao 2
 -- BestCostGenaration: [-134.11145618000168, -229.97731429789042, -283.24959708854544, -363.82198453051575, -432.7918468075901, -481.32130922317685, -546.40616720094954, -615.44491413347919, -660.78316451800106, -703.8443830063618, -759.58820266018961, -808.9846178500726, -854.11084862646464, -905.95299631244495, -939.04921201250124, -983.64988577527924, -1062.4947911467661, -1091.3510719964386, -1125.0774891267806, -1180.8686981601522, -1221.0766807940563, -1256.478730472277, -1288.1944841275581, -1325.614791761207, -1349.5734936276701, -1375.3142987252554, -1413.405611491627, -1422.332541978938, -1455.1010921458123, -1466.8676488051469, -1489.9186422585722, -1491.9827906749222, -1505.6711434351378, -1539.7211912693424, -1548.7134476605233, -1550.2714635375128, -1562.8971527498475, -1568.8816655322098, -1572.8180933984991, -1575.5307761728832, -1579.778743813901, -1583.2248112827174, -1588.5865042628841, -1597.2364057564319, -1602.5980987365986, -1603.72092570684, -1604.4422852568359, -1606.9428648076848]
 -- BestCostElement: [-1606.94286481 -1606.62145789 -1606.49561967 -1606.16960848]
 -- BestRoute: [array([ 0,  9,  7,  4,  5,  6,  8, 11, 19, 17, 16, 13, 15, 14, 18, 21, 20,
       22, 33, 34, 35, 36, 38, 39, 41, 40, 37, 30, 27, 31, 32, 29, 28, 26,
       25, 23, 24, 12, 10,  0])]
 -- Custo: 
 ---------90.7642837981
 ---- Total: 90.7642837981
 -- Premio: 
 ---------197.0
 ---- Total: 197.0
 - Execucao 3
 -- BestCostGenaration: [-134.11145618000168, -225.61001700841854, -274.22291236000336, -378.8716700066135, -409.62486851656814, -480.37436461835443, -532.30371888820855, -582.28918334145533, -660.58433086776267, -699.47576569633179, -766.33529759768487, -812.90519931808331, -853.13642296975672, -915.82419944833885, -953.05673174169192, -997.63801405106085, -1029.6289666133634, -1089.8766342133979, -1129.0816737997402, -1145.4637999211568, -1219.0297715844963, -1232.8282491518576, -1260.179138511184, -1296.0404441031892, -1320.7467059444853, -1341.4293702640796, -1363.1624601521205, -1384.8085107807726, -1409.4980546824138, -1443.5335176413357, -1453.2444211518978, -1463.3535619621393, -1483.0702389352148, -1498.1069263783033, -1512.3538529744305, -1531.3023878047559, -1538.1716196598882, -1545.1174478042458, -1554.2883290987434, -1562.8097149849791, -1563.4000375236303]
 -- BestCostElement: [-1563.40003752 -1562.80971498 -1562.39229391 -1559.75398689]
 -- BestRoute: [array([ 0, 12, 23, 25, 26, 28, 29, 32, 31, 30, 27, 24, 34, 35, 36, 38, 39,
       41, 40, 37, 33, 20, 16, 15, 13, 14, 18, 21, 22, 19, 17, 11, 10,  9,
        7,  4,  8,  6,  5,  0])]
 -- Custo: 
 ---------101.649990619
 ---- Total: 101.649990619
 -- Premio: 
 ---------197.0
 ---- Total: 197.0
 - Execucao 4
 -- BestCostGenaration: [-134.11145618000168, -225.61001700841854, -294.1049428330183, -336.16997076619657, -408.27780314456908, -455.48564703582679, -509.62153170731131, -566.59244111033877, -606.59268631359612, -663.51390207218628, -734.53801787940961, -767.31063458008055, -823.68098654931578, -891.76469375189686, -951.57526568813341, -984.35884679277319, -1036.026640826472, -1061.0767640818976, -1091.4570794598435, -1143.4586702718073, -1155.755695599476, -1197.2895861494956, -1230.2601488979726, -1250.3874606267932, -1301.2579613183902, -1319.7041066994004, -1352.2875381648914, -1372.8693929096598, -1398.051861167794, -1439.8334071927736, -1456.8605929883229, -1474.4069623893929, -1489.844940553118, -1504.2261989079059, -1516.4222775588182, -1528.105695129892, -1543.1074490995716, -1552.4330575084425, -1566.0674249245421, -1573.1619695659492, -1576.2146948156628, -1579.6032249806435, -1579.9802527221761, -1581.1014593718392, -1589.3801271321581, -1589.5284033146477, -1593.5929301808187, -1595.3198380399326, -1597.6456986936892]
 -- BestCostElement: [-1597.64569869 -1597.64569869 -1597.19845355 -1597.19845355]
 -- BestRoute: [array([ 0,  6,  5,  4,  7,  9, 10,  8, 19, 17, 16, 13, 15, 14, 18, 21, 20,
       22, 33, 34, 35, 36, 38, 39, 41, 40, 37, 30, 27, 31, 32, 29, 28, 26,
       25, 23, 24, 12, 11,  0])]
 -- Custo: 
 ---------93.0885753266
 ---- Total: 93.0885753266
 -- Premio: 
 ---------197.0
 ---- Total: 197.0
 - Execucao 5
 -- BestCostGenaration: [-134.11145618000168, -230.22291236000336, -286.55179899199641, -333.38432800443763, -380.92373643478896, -427.10856786567092, -506.86381824250412, -549.22709660905821, -591.77311812143716, -649.50966334968166, -697.88586791013904, -763.16073974337235, -787.95481847957535, -877.27811289467104, -917.88953111901128, -966.42106512066664, -1026.1319124637807, -1085.8152823671658, -1125.7206606574314, -1167.7917340118147, -1208.6214587781487, -1232.8855342499223, -1269.0706508016376, -1317.30263817383, -1336.8652131480287, -1357.6520936799834, -1389.3317387487577, -1416.8242045143847, -1424.8194656734322, -1446.0710326917933, -1465.1142177576946, -1483.5413254914963, -1508.1571932064871, -1514.8063038471607, -1522.1571932064871, -1532.8964170113659, -1540.1368215222701, -1542.443718910489, -1549.614754714127, -1557.4358336564915, -1562.7975266366582, -1562.9089828166598]
 -- BestCostElement: [-1562.90898282 -1562.79752664 -1559.74179855 -1559.74179855]
 -- BestRoute: [array([ 0,  5,  4,  7,  6,  8, 17, 19, 20, 21, 18, 14, 15, 13, 16, 22, 33,
       35, 36, 38, 39, 41, 40, 37, 34, 24, 27, 30, 31, 32, 29, 28, 26, 25,
       23, 10,  9, 12, 11,  0])]
 -- Custo: 
 ---------101.772754296
 ---- Total: 101.772754296
 -- Premio: 
 ---------197.0
 ---- Total: 197.0
 - Execucao 6
 -- BestCostGenaration: [-134.11145618000168, -229.24674477695118, -285.77166389668866, -348.41987988255391, -417.44994915612301, -490.97605681109093, -538.56050786399169, -585.9113972233182, -639.75586656599182, -696.64164252135697, -761.80101937651375, -801.63141625772687, -846.03666482822996, -940.12821436769707, -984.51269346108074, -1011.1174229454178, -1082.551537040194, -1120.1293319383381, -1160.7414520869856, -1184.9989327110341, -1230.1646395127082, -1266.0056252215425, -1280.1975171839676, -1317.5389089647961, -1332.3308346031267, -1361.8836077197093, -1373.1401235781796, -1404.5864075403792, -1418.0667115867116, -1444.639077774287, -1450.0619657840168, -1472.880248940244, -1478.2062594346812, -1492.7321115216914, -1508.2234363940672, -1516.2053058725955, -1532.9457965395682, -1539.7196290719201, -1542.5261539634396, -1550.6130711438457, -1551.0921472451264, -1555.027919483651, -1558.0836475736519, -1558.8165311124835, -1560.6875262561241]
 -- BestCostElement: [-1560.68752626 -1559.46664051 -1559.18100211 -1558.81653111]
 -- BestRoute: [array([ 0,  7,  4,  5,  6,  8, 11, 16,  1, 18, 14, 15, 13, 17, 19, 20, 22,
       21, 36, 35, 38, 39, 41, 40, 33, 34, 37, 27, 30, 31, 32, 29, 28, 26,
       25, 23, 24,  9, 12, 10,  0])]
 -- Custo: 
 ---------102.328118436
 ---- Total: 102.328118436
 -- Premio: 
 ---------197.0
 ---- Total: 197.0
 - Execucao 7
 -- BestCostGenaration: [-134.11145618000168, -225.70413510970343, -283.24959708854544, -335.97945359740413, -386.47437942200395, -427.5634017371371, -477.54110244668857, -524.14574591090161, -568.96297056582557, -636.44485464390982, -695.08694798289184, -720.4275121884807, -805.51050900001565, -852.88309200204617, -918.57523693603821, -996.07814502235647, -1041.5419033907888, -1080.8293210512957, -1152.9256654993951, -1194.2266571673385, -1209.3601364880014, -1247.9705936395251, -1270.1386395129209, -1300.5664582464849, -1321.7014967077644, -1340.6284271950753, -1358.8648536961241, -1389.0182970662052, -1407.3541578381892, -1438.8001335995548, -1441.3222004076979, -1455.111007479454, -1475.1896464533086, -1481.9226226730229, -1501.5052016028555, -1510.4974579940367, -1516.1543122435291, -1523.7499470491141, -1530.4985495807684, -1538.70590989431, -1548.6095654462104, -1552.6573861363993, -1554.8518507376098, -1564.4000013300811, -1569.674684295931]
 -- BestCostElement: [-1569.6746843  -1564.40000133 -1563.94815192 -1563.27601751]
 -- BestRoute: [array([ 0,  9,  7,  4,  5,  6,  8, 10, 17, 16, 13, 15, 14, 18, 21, 19, 20,
       22, 33, 34, 37,  3, 35, 36, 38, 39, 41, 40, 30, 27, 25, 26, 28, 29,
       32, 31, 24, 23, 12, 11,  0])]
 -- Custo: 
 ---------100.081328926
 ---- Total: 100.081328926
 -- Premio: 
 ---------197.0
 ---- Total: 197.0
 - Execucao 8
 -- BestCostGenaration: [-134.11145618000168, -226.72467796880795, -294.1049428330183, -333.96493195101942, -390.65726553285873, -452.69004567699039, -507.70971020854086, -578.85671034672851, -612.33136929887416, -654.49021290804876, -697.81158694584065, -786.15130245892419, -840.99519027953738, -897.27573038652883, -949.59595155636748, -996.63901152920971, -1030.4910999144124, -1069.0394575610337, -1133.5199552061968, -1168.0410306142358, -1216.0531612033399, -1240.4442818057541, -1263.7579903047388, -1299.1863950741385, -1318.1481696226042, -1369.7612597251987, -1408.090485994453, -1417.0245849196742, -1436.653672575459, -1463.7644263564789, -1479.5686492037494, -1485.8991057944404, -1505.0054070976109, -1515.941377717734, -1520.3191607873314, -1534.2632256431809, -1544.1668811950813, -1559.4280080171102, -1559.8516603711719, -1565.4121701725649, -1574.9603207650364, -1578.0890886172338, -1581.5351560860499]
 -- BestCostElement: [-1581.53515609 -1580.11417385 -1578.08908862 -1577.91695188]
 -- BestRoute: [array([ 0,  8,  6,  5,  4,  7,  9, 24, 23, 25, 26, 28, 29, 32, 31, 30, 27,
       37, 40, 41, 39, 38, 36, 35, 34, 33, 21, 18, 14, 13, 15, 16, 17, 22,
       20, 19, 11, 12, 10,  0])]
 -- Custo: 
 ---------97.1162109785
 ---- Total: 97.1162109785
 -- Premio: 
 ---------197.0
 ---- Total: 197.0
 - Execucao 9
 -- BestCostGenaration: [-134.11145618000168, -204.48727454933319, -287.61001700841854, -364.71411287270047, -404.70756401658127, -488.7146287951245, -525.49504529106161, -615.11576467487669, -632.89957684662272, -714.28113232682324, -751.28585123211269, -791.75510706063483, -846.46488606486355, -884.03684361929868, -940.10812911299899, -979.46061016428291, -1032.0914832322126, -1081.1070256478574, -1117.5819117189776, -1160.3713228718657, -1195.3378425925619, -1247.7112446657625, -1282.5362885686452, -1311.743389748141, -1349.5265603333917, -1386.7022807098233, -1403.3069016519694, -1425.6489288790233, -1449.499856185553, -1477.6167494463928, -1486.188359673981, -1503.6782489770731, -1519.0212197071824, -1522.3073954530164, -1533.4230540123531, -1545.796482892621, -1546.5197684180637, -1555.740502557735, -1569.0552108913228, -1572.5012783601389, -1574.5167655777768, -1581.7620545552602, -1582.769798164079]
 -- BestCostElement: [-1582.76979816 -1581.76205456 -1581.31480941 -1580.80928499]
 -- BestRoute: [array([ 0,  6,  5,  4,  7,  9, 24, 23, 25, 26, 28, 29, 32, 31, 27, 30, 37,
       40, 41, 39, 38, 36, 35, 33, 34, 22, 19, 20, 21, 18, 14, 15, 13, 16,
       17,  8, 10, 11, 12,  0])]
 -- Custo: 
 ---------96.807550459
 ---- Total: 96.807550459
 -- Premio: 
 ---------197.0
 ---- Total: 197.0
 - Execucao 10
 -- BestCostGenaration: [-134.11145618000168, -226.72467796880795, -272.92123558098206, -334.92123558098206, -381.44330238912522, -422.8793118383943, -500.85935495725812, -566.21942578203539, -614.97880628176722, -664.91717188686221, -701.01461219859016, -759.46389825631547, -793.93569784366116, -866.10065632317321, -915.84556649452713, -954.85724847266931, -973.2314732463027, -1004.7638587539507, -1094.9605590401916, -1143.7523875669476, -1171.2093386027018, -1225.9778941539846, -1253.0618401957377, -1287.0621510516025, -1311.2915091943928, -1350.6792153441838, -1363.0854593860747, -1410.6143177000633, -1437.1486213220751, -1451.3975533531002, -1466.1940976758876, -1492.6929604439815, -1507.5848144680178, -1517.5848144680178, -1527.2788495778518, -1539.4894217134092, -1547.5712335877383, -1559.5596391140239, -1569.0375723058808, -1574.262472911435, -1576.4794209264419]
 -- BestCostElement: [-1576.47942093 -1574.26247291 -1572.06895194 -1569.03757231]
 -- BestRoute: [array([ 0,  5,  4,  7,  9,  6,  8, 10, 12, 23, 25, 27, 30, 31, 32, 29, 28,
       26, 24, 34, 37, 40, 41, 39, 38, 36, 35, 33, 22, 20, 21, 18, 14, 15,
       13, 16, 17, 19, 11,  0])]
 -- Custo: 
 ---------98.3801447684
 ---- Total: 98.3801447684
 -- Premio: 
 ---------197.0
 ---- Total: 197.0
 - Execucao 11
 -- BestCostGenaration: [-134.11145618000168, -229.97731429789042, -286.50223341762791, -331.11460259304658, -406.53667302000719, -463.11115771411318, -487.86843046341818, -547.56927601527832, -618.88210930236551, -652.12773694339626, -707.79577045492158, -772.13007828067941, -814.47098199073798, -845.10938709500647, -895.54475557382716, -950.81367137011443, -1028.1026145720127, -1054.3977758413382, -1091.4757958190417, -1136.0040685542544, -1161.4606597502438, -1192.8235409071945, -1230.1212918921328, -1251.441586314641, -1291.8456398679441, -1321.722653954459, -1342.546692473954, -1374.2391498213829, -1397.900845449409, -1406.7165690965949, -1431.0182643729731, -1450.7324827018056, -1474.2058203271927, -1474.9337260933305, -1485.7257184110797, -1498.689253958516, -1511.5241902771604, -1519.5039642185702, -1534.6495910347321, -1540.7287010331315, -1546.8869360868641, -1556.7905916387645, -1560.304914838089, -1565.7828480299459, -1566.1469243794877, -1572.607901746796, -1578.1635437032007]
 -- BestCostElement: [-1578.1635437  -1574.46201723 -1572.60790175 -1572.15605234]
 -- BestRoute: [array([ 0, 12, 24, 23, 25, 26, 28, 29, 32, 31, 27, 30, 40, 41, 39, 36, 38,
       35,  3, 37, 34, 33, 22, 21, 18, 14, 13, 15, 16, 17, 20, 19, 11, 10,
        9,  7,  4,  8,  6,  5,  0])]
 -- Custo: 
 ---------97.9591140742
 ---- Total: 97.9591140742
 -- Premio: 
 ---------197.0
 ---- Total: 197.0
 - Execucao 12
 -- BestCostGenaration: [-134.11145618000168, -217.8737037710618, -287.97126074939973, -342.3290677232601, -412.01214807099939, -469.09913646871888, -553.61607001662833, -593.47449361032761, -637.52026224893837, -700.17177544430797, -768.37943764017928, -819.88701513770866, -852.51462280998157, -885.05415258134951, -940.51082779349315, -984.73908049634724, -1026.8591512868734, -1061.5014367126869, -1087.8809723820691, -1146.0657785017891, -1170.5046050491824, -1217.6788665624204, -1261.4653206612177, -1275.8838216689714, -1339.7334327897456, -1359.5545117321099, -1384.2670940716032, -1416.412538274406, -1446.6177501705197, -1454.8818365696789, -1466.4388291128839, -1473.743695661135, -1495.12787313688, -1517.2333489965711, -1527.1017460893952, -1533.8864135472177, -1541.1719634900098, -1549.2152337781044, -1559.6469371047363, -1562.8161528834464, -1565.8718809734473]
 -- BestCostElement: [-1565.87188097 -1562.81615288 -1562.70266519 -1560.92760906]
 -- BestRoute: [array([ 0,  6,  5,  4,  7,  9, 10, 11,  8, 17, 16, 13, 15, 14, 18, 21, 20,
       22, 33, 34, 35, 36, 38, 39, 41, 40, 37, 24, 27, 30, 31, 32, 29, 28,
       26, 25, 23, 12, 19,  0])]
 -- Custo: 
 ---------101.032029757
 ---- Total: 101.032029757
 -- Premio: 
 ---------197.0
 ---- Total: 197.0
 - Execucao 13
 -- BestCostGenaration: [-134.11145618000168, -239.24959708854544, -294.1049428330183, -337.28473551279387, -396.89190550196702, -441.73037983131076, -499.25178429176253, -566.07362234573998, -614.32739801577793, -647.12340398061633, -693.14214652979626, -767.75536831860256, -815.77237487166212, -852.60112248236953, -928.15655571111552, -942.25636365263153, -1002.2563636526315, -1032.2423570046963, -1085.8189354531019, -1102.5436134219099, -1134.9402844599558, -1159.8635169697718, -1239.1092463324076, -1253.4737350987116, -1281.2319320331972, -1304.8886905891486, -1348.0196717761912, -1365.5808917149129, -1395.1399674143272, -1401.7172153904237, -1418.4932694287365, -1453.9307190762429, -1462.7417548511062, -1480.9366649312378, -1498.4001426652346, -1519.7071054624244, -1526.1030197258024, -1541.7884661834014, -1551.6921217353017, -1560.4313455401805, -1572.3571458881374, -1581.3494022793184, -1583.3659446643076, -1583.7068302862904, -1585.7233726712793]
 -- BestCostElement: [-1585.72337267 -1585.72337267 -1585.27152326 -1585.27152326]
 -- BestRoute: [array([ 0,  4,  5,  7,  9, 10, 12, 24, 23, 25, 26, 28, 29, 32, 31, 27, 30,
       40, 41, 39, 38, 36, 35, 37, 34, 33, 22, 20, 21, 18, 14, 15, 13, 16,
       17, 19,  8, 11,  6,  0])]
 -- Custo: 
 ---------96.0691568322
 ---- Total: 96.0691568322
 -- Premio: 
 ---------197.0
 ---- Total: 197.0
 - Execucao 14
 -- BestCostGenaration: [-134.11145618000168, -235.74201959101609, -287.61001700841854, -337.425107949086, -381.64143877221562, -440.93776408744111, -506.63751224243902, -566.66719380738891, -653.6320166289114, -701.33235610399993, -741.28704007533702, -787.90944952913696, -864.52948495648184, -917.33528554417433, -942.10476917589131, -999.39925903615676, -1054.3307308887806, -1097.874186822585, -1123.0316390912351, -1158.8659240123447, -1200.2301033461472, -1235.7317776986583, -1261.8918752558677, -1289.8100718524092, -1309.8185764018394, -1336.6128261373055, -1358.9540509838678, -1386.8441426069278, -1420.0629733342248, -1435.9298931749863, -1450.5254031123234, -1470.7769920489798, -1508.0320119933012, -1524.8826919781818, -1537.7115145293651, -1541.6000583493633, -1547.7567464875663, -1551.371175899716, -1560.5855690387496, -1569.1512117821219, -1571.0877400833022, -1574.6922411870628, -1584.5807850070614, -1585.0280301492085]
 -- BestCostElement: [-1585.02803015 -1584.59071332 -1584.58078501 -1584.14346817]
 -- BestRoute: [array([ 0,  5,  6,  4,  7,  9, 10,  8, 17, 16, 13, 14, 15, 18, 21, 22, 20,
       19, 33, 34, 35, 36, 38, 39, 41, 40, 37, 30, 27, 31, 32, 29, 28, 26,
       25, 23, 24, 12, 11,  0])]
 -- Custo: 
 ---------96.2429924627
 ---- Total: 96.2429924627
 -- Premio: 
 ---------197.0
 ---- Total: 197.0
