 - Execucao 0
 -- BestRoute: [[ 0  7 10  9 11 22 24 25 27 28 31  2 26 30 29 23 18 19 21 20 17  1 13 14
  12 15 16  5  8  6  3  4  0]]
 -- Custo: 
 ---------82.2221770847
 ---- Total: 82.2221770847
 -- Premio: 
 ---------151.0
 ---- Total: 151.0
 - Execucao 1
 -- BestRoute: [[ 0  6  3  4  5  7 10 15 12 14 13 17 20 21 19  1 16 18 23 26 29 30 31  2
  28 27 25 24 22  8 11  9  0]]
 -- Custo: 
 ---------83.1426308243
 ---- Total: 83.1426308243
 -- Premio: 
 ---------151.0
 ---- Total: 151.0
 - Execucao 2
 -- BestRoute: [[ 0  7  5  4  3  6  8 25 27 28 31 30 29 26  2 24 22 23 18 19 21 20 13 17
   1 14 12 15 16 10  9 11  0]]
 -- Custo: 
 ---------82.2237586115
 ---- Total: 82.2237586115
 -- Premio: 
 ---------151.0
 ---- Total: 151.0
 - Execucao 3
 -- BestRoute: [[ 0  7 16 15 12 14 13 17 20  1 21 19 18 23 26 29 30 31  2 28 27 25 24 22
  11 10  9  8  6  3  5  4  0]]
 -- Custo: 
 ---------79.9778909199
 ---- Total: 79.9778909199
 -- Premio: 
 ---------151.0
 ---- Total: 151.0
 - Execucao 4
 -- BestRoute: [[ 0  3  6  8 11 22 24 25 27 28  2 31 30 29 26 23 18 19 21 20 17  1 14 13
  12 15 16  7 10  9  5  4  0]]
 -- Custo: 
 ---------79.7259550177
 ---- Total: 79.7259550177
 -- Premio: 
 ---------151.0
 ---- Total: 151.0
 - Execucao 5
 -- BestRoute: [[ 0  8  6  3  4  5  7  9 18 16 15  1 12 14 13 17 20 21 19 29 30 26  2 31
  28 27 25 24 22 23 11 10  0]]
 -- Custo: 
 ---------84.7333597854
 ---- Total: 84.7333597854
 -- Premio: 
 ---------151.0
 ---- Total: 151.0
 - Execucao 6
 -- BestRoute: [[ 0  9 11 22 24 25 27 28 31 30 29 26  2 23 18 19 21 20 17  1 14 13 12 15
  16 10  7  8  6  3  5  4  0]]
 -- Custo: 
 ---------81.4341589502
 ---- Total: 81.4341589502
 -- Premio: 
 ---------151.0
 ---- Total: 151.0
 - Execucao 7
 -- BestRoute: [[ 0  5  4  3  6  8 11  2 26 29 30 31 28 27 25 24 22 23 18  1 21 19 17 20
  13 12 14 15 16  7 10  9  0]]
 -- Custo: 
 ---------83.2748208562
 ---- Total: 83.2748208562
 -- Premio: 
 ---------151.0
 ---- Total: 151.0
 - Execucao 8
 -- BestRoute: [[ 0  8  6  3  4  5  7 16 15 12 13 14  1 17 20 21 19 18 10 22 24 25 27 28
   2 31 30 29 26 23 11  9  0]]
 -- Custo: 
 ---------80.4171826743
 ---- Total: 80.4171826743
 -- Premio: 
 ---------151.0
 ---- Total: 151.0
 - Execucao 9
 -- BestRoute: [[ 0  4  3  6  8  5  7 10 16 15 12 13 14 17  1 20 21 19 18 23 26 29 30 31
   2 28 27 25 24 22 11  9  0]]
 -- Custo: 
 ---------82.1980909727
 ---- Total: 82.1980909727
 -- Premio: 
 ---------151.0
 ---- Total: 151.0
 - Execucao 10
 -- BestRoute: [[ 0  3  4  5  7 16 15 12 13 14  1 17 21 20 19 18 23 26 29 30 31  2 28 27
  25 24 22  8  6  9 10 11  0]]
 -- Custo: 
 ---------88.4779160286
 ---- Total: 88.4779160286
 -- Premio: 
 ---------151.0
 ---- Total: 151.0
 - Execucao 11
 -- BestRoute: [[ 0  7 10  9  8 11 22 24  2 26 29 30 31 28 27 25 23 18 19 21 20 17  1 13
  14 12 15 16  5  6  3  4  0]]
 -- Custo: 
 ---------82.9629449309
 ---- Total: 82.9629449309
 -- Premio: 
 ---------151.0
 ---- Total: 151.0
 - Execucao 12
 -- BestRoute: [[ 0  3  6  9  8 11 22 24 25 27 28 31 30 29 26  2 23 18 19 21 20 17  1 14
  13 12 15 16 10  7  5  4  0]]
 -- Custo: 
 ---------82.3960013954
 ---- Total: 82.3960013954
 -- Premio: 
 ---------151.0
 ---- Total: 151.0
 - Execucao 13
 -- BestRoute: [[ 0  6  8 11 22 24 25 27 28  2 31 30 29 26 23 21 19  1 20 17 13 14 12 15
  16 18  9 10  7  5  3  4  0]]
 -- Custo: 
 ---------82.3069739897
 ---- Total: 82.3069739897
 -- Premio: 
 ---------151.0
 ---- Total: 151.0
 - Execucao 14
 -- BestRoute: [[ 0  7  9 22 24 25 27 28  2 31 30 29 26 23 18 19 21 20 17  1 13 14 12 15
  16 10 11  8  6  3  4  5  0]]
 -- Custo: 
 ---------80.2874262126
 ---- Total: 80.2874262126
 -- Premio: 
 ---------151.0
 ---- Total: 151.0
