 - Execucao 0
 -- BestCostGenaration: [-134.11145618000168, -213.46993292712509, -277.23079761400095, -343.31086344781056, -395.26515147163951, -456.27354950609538, -511.34800915727038, -562.08475798471568, -616.07618298061311, -663.77652245570175, -711.97008685360879, -781.97008685360879, -805.3856668700995, -855.12310454723411, -894.28098344902946, -918.29701920054367, -960.7449206122601, -994.07049118010025, -1017.8389237052776, -1041.4319759609505, -1070.1182674619656, -1077.5218281859004, -1099.6887166016329, -1106.5532733796867, -1129.116578967217, -1137.4099316913389, -1137.5213878713405, -1139.9217740367735, -1141.8162997108918, -1152.7977902162647, -1156.9037027277409, -1168.0657274803198, -1177.7604023017734, -1181.1112916610998]
 -- BestCostElement: [-1181.11129166 -1180.11425124 -1177.79758316 -1177.7604023 ]
 -- BestRoute: [array([ 0,  7, 10,  9, 11, 22, 24, 25, 27, 28, 31,  2, 26, 30, 29, 23, 18,
       19, 21, 20, 17,  1, 13, 14, 12, 15, 16,  5,  8,  6,  3,  4,  0])]
 -- Custo: 
 ---------82.2221770847
 ---- Total: 82.2221770847
 -- Premio: 
 ---------151.0
 ---- Total: 151.0
 - Execucao 1
 -- BestCostGenaration: [-134.11145618000168, -239.24959708854544, -294.1049428330183, -341.80528230810694, -417.88785608180899, -471.5227100464104, -562.0165892670102, -611.11973445071465, -665.81758324271379, -737.24269797761826, -762.25726295584889, -800.03035741703138, -863.61809831683331, -888.824010045357, -929.58589984624723, -974.58294168622524, -1027.3094819658888, -1041.1232625966747, -1072.5975510902538, -1078.8005811546523, -1107.651785134369, -1119.1975972235659, -1129.5908473559507, -1143.2470122692418, -1145.0741972017815, -1159.3822101630776, -1162.1893390715568, -1173.58210692189, -1176.004312023746, -1177.4294767027325]
 -- BestCostElement: [-1177.4294767  -1176.63783501 -1176.00431202 -1175.21267033]
 -- BestRoute: [array([ 0,  6,  3,  4,  5,  7, 10, 15, 12, 14, 13, 17, 20, 21, 19,  1, 16,
       18, 23, 26, 29, 30, 31,  2, 28, 27, 25, 24, 22,  8, 11,  9,  0])]
 -- Custo: 
 ---------83.1426308243
 ---- Total: 83.1426308243
 -- Premio: 
 ---------151.0
 ---- Total: 151.0
 - Execucao 2
 -- BestCostGenaration: [-134.11145618000168, -203.86281887735171, -272.22323879722478, -316.22323879722478, -404.68584834591428, -456.89436381208208, -495.98088963434679, -577.32397230443564, -596.17429064173439, -658.22118967091023, -704.17457969479574, -748.18155457409239, -785.53392450978811, -806.60791905476526, -832.55615772379792, -885.17260535782259, -913.92492573255186, -961.09093829001131, -1006.9380550362976, -1021.2867375583671, -1043.2512437619012, -1047.9093019944453, -1068.2909567640211, -1073.4581410340236, -1083.2392298680888, -1097.4206011324802, -1116.0279766383824, -1119.3416851373672, -1126.7005242721302, -1141.3944864127259, -1149.1281149961658, -1161.8562849881878, -1174.8005568981869, -1181.1049655539941]
 -- BestCostElement: [-1181.10496555 -1178.42972787 -1174.8005569  -1174.4978972 ]
 -- BestRoute: [array([ 0,  7,  5,  4,  3,  6,  8, 25, 27, 28, 31, 30, 29, 26,  2, 24, 22,
       23, 18, 19, 21, 20, 13, 17,  1, 14, 12, 15, 16, 10,  9, 11,  0])]
 -- Custo: 
 ---------82.2237586115
 ---- Total: 82.2237586115
 -- Premio: 
 ---------151.0
 ---- Total: 151.0
 - Execucao 3
 -- BestCostGenaration: [-134.11145618000168, -182.72467796880795, -239.24959708854544, -294.1049428330183, -349.68512775835865, -400.56769015399175, -465.71494987027245, -526.55335717254457, -586.32100188851257, -639.54545820715009, -676.89634756647661, -718.50296999635066, -751.24518426958423, -801.32491921342262, -841.46729228370702, -868.22127719358036, -902.0931260266841, -951.18554474881194, -969.67615082828002, -985.27047273477706, -1046.031112289138, -1060.8163757365369, -1090.1055156516372, -1097.0131109252056, -1111.0681325471837, -1123.2795868219223, -1140.0343070816157, -1153.4190238340891, -1153.8068006871774, -1164.2791381343941, -1166.36880079005, -1173.5399782388668, -1182.4207784500461, -1185.4393256797052, -1189.2967946295371, -1190.0884363203786]
 -- BestCostElement: [-1190.08843632 -1189.29679463 -1188.49505377 -1188.45787291]
 -- BestRoute: [array([ 0,  7, 16, 15, 12, 14, 13, 17, 20,  1, 21, 19, 18, 23, 26, 29, 30,
       31,  2, 28, 27, 25, 24, 22, 11, 10,  9,  8,  6,  3,  5,  4,  0])]
 -- Custo: 
 ---------79.9778909199
 ---- Total: 79.9778909199
 -- Premio: 
 ---------151.0
 ---- Total: 151.0
 - Execucao 4
 -- BestCostGenaration: [-134.11145618000168, -214.58749684615969, -290.90304114094283, -342.33094830305623, -398.10038923082163, -451.09631008280547, -516.5919306647952, -567.31887181590128, -615.53621350218009, -671.59525179621903, -740.20787202873305, -777.49348045386546, -830.95585884427521, -872.53552634408413, -905.00505024267727, -931.19707941623847, -951.04724795512766, -985.96934958638417, -1014.5508251228634, -1025.0616160605093, -1045.1843481110084, -1064.2249644691069, -1076.9866610859358, -1083.590307914402, -1100.581565717582, -1108.4767135941966, -1117.8441495391153, -1122.4313430799762, -1129.9910367935211, -1157.4567358000438, -1164.890076745319, -1190.2254788870077, -1191.0961799291977]
 -- BestCostElement: [-1191.09617993 -1191.01712058 -1190.30453824 -1190.22547889]
 -- BestRoute: [array([ 0,  3,  6,  8, 11, 22, 24, 25, 27, 28,  2, 31, 30, 29, 26, 23, 18,
       19, 21, 20, 17,  1, 14, 13, 12, 15, 16,  7, 10,  9,  5,  4,  0])]
 -- Custo: 
 ---------79.7259550177
 ---- Total: 79.7259550177
 -- Premio: 
 ---------151.0
 ---- Total: 151.0
 - Execucao 5
 -- BestCostGenaration: [-134.11145618000168, -220.12952264128469, -330.50223341762791, -332.88973646789651, -400.17632767563521, -443.58265214182086, -506.81585696085722, -580.07267619869276, -639.69074793769641, -711.236759355289, -744.98459413585942, -781.20159073054174, -823.48437080199199, -862.10364793392273, -911.87598289786126, -920.36971147904501, -993.21497235469087, -1004.2511952753395, -1020.6359574832452, -1053.3455786361446, -1072.4792059889401, -1082.2926950704957, -1090.471847595411, -1094.1905999231631, -1105.7596154185289, -1116.3272039707404, -1129.8813345585133, -1138.6836769748772, -1150.3822935755459, -1158.513580778907, -1165.2934663973165, -1168.4617035538017, -1171.0665608584991]
 -- BestCostElement: [-1171.06656086 -1170.06952044 -1168.46170355 -1168.42825384]
 -- BestRoute: [array([ 0,  8,  6,  3,  4,  5,  7,  9, 18, 16, 15,  1, 12, 14, 13, 17, 20,
       21, 19, 29, 30, 26,  2, 31, 28, 27, 25, 24, 22, 23, 11, 10,  0])]
 -- Custo: 
 ---------84.7333597854
 ---- Total: 84.7333597854
 -- Premio: 
 ---------151.0
 ---- Total: 151.0
 - Execucao 6
 -- BestCostGenaration: [-134.11145618000168, -182.72467796880795, -239.24959708854544, -294.1049428330183, -343.93092075974499, -400.23105148993693, -467.20240922056405, -517.51363517702191, -571.56971008127732, -628.21953268383925, -669.02774395069014, -722.46261175031702, -753.79843071331868, -793.58160344494058, -843.19751353555603, -893.45150085431885, -920.95389919633578, -944.91727433064079, -997.95480380171784, -1017.8157582877921, -1043.06659919351, -1068.3174630555561, -1080.5921796709304, -1098.6177659689647, -1101.0317179804438, -1107.7209092330106, -1120.6757246132793, -1126.4055415497146, -1136.5509889138566, -1140.1287838120006, -1143.7327057576294, -1152.4794661171775, -1166.6328007881857, -1180.8334154885254, -1184.2633641992002]
 -- BestCostElement: [-1184.2633642  -1184.18430485 -1181.12857676 -1181.12857676]
 -- BestRoute: [array([ 0,  9, 11, 22, 24, 25, 27, 28, 31, 30, 29, 26,  2, 23, 18, 19, 21,
       20, 17,  1, 14, 13, 12, 15, 16, 10,  7,  8,  6,  3,  5,  4,  0])]
 -- Custo: 
 ---------81.4341589502
 ---- Total: 81.4341589502
 -- Premio: 
 ---------151.0
 ---- Total: 151.0
 - Execucao 7
 -- BestCostGenaration: [-134.11145618000168, -191.24959708854544, -285.77166389668866, -338.1049428330183, -386.77739904172114, -440.79624424065258, -492.0435842396426, -564.7445499565672, -611.90365406408137, -650.68149661603593, -682.74971745049208, -732.09585309927297, -784.43698845449774, -818.71913039634023, -876.16644525119978, -899.88826835756822, -942.99323967395571, -967.47245626284439, -996.30281027620174, -1033.6501651969197, -1062.1930738652588, -1080.3374985143928, -1081.9437567641896, -1094.9182957129701, -1101.9620722862678, -1120.066202847697, -1120.7668106898047, -1137.0378713219832, -1156.8238174751359, -1163.1961943105487, -1168.9395566198189, -1176.7234547018415, -1176.9007165751661]
 -- BestCostElement: [-1176.90071658 -1176.7234547  -1176.66048407 -1173.91001642]
 -- BestRoute: [array([ 0,  5,  4,  3,  6,  8, 11,  2, 26, 29, 30, 31, 28, 27, 25, 24, 22,
       23, 18,  1, 21, 19, 17, 20, 13, 12, 14, 15, 16,  7, 10,  9,  0])]
 -- Custo: 
 ---------83.2748208562
 ---- Total: 83.2748208562
 -- Premio: 
 ---------151.0
 ---- Total: 151.0
 - Execucao 8
 -- BestCostGenaration: [-134.11145618000168, -199.3610532685471, -283.85347577101777, -351.59634797542145, -406.24426110019567, -481.73627138344204, -545.74055605408398, -604.37102414365347, -652.21033333829405, -689.04937890965209, -763.97585897233296, -823.94644103360724, -856.12589737969552, -897.73077405778486, -918.68467801329098, -964.43133132562059, -995.16839795537237, -1016.6151012437688, -1022.7754230508896, -1044.2055496600726, -1076.4762990579379, -1094.2067241752395, -1096.1253664354547, -1108.4490128694208, -1114.6150364149446, -1123.5314864870811, -1132.4057061715876, -1136.443326427016, -1166.865531528872, -1167.2349681178575, -1167.9618327138151, -1178.3204656819603, -1183.5923961248295, -1188.3312693028006]
 -- BestCostElement: [-1188.3312693  -1187.53962761 -1185.31272207 -1183.68215866]
 -- BestRoute: [array([ 0,  8,  6,  3,  4,  5,  7, 16, 15, 12, 13, 14,  1, 17, 20, 21, 19,
       18, 10, 22, 24, 25, 27, 28,  2, 31, 30, 29, 26, 23, 11,  9,  0])]
 -- Custo: 
 ---------80.4171826743
 ---- Total: 80.4171826743
 -- Premio: 
 ---------151.0
 ---- Total: 151.0
 - Execucao 9
 -- BestCostGenaration: [-134.11145618000168, -225.61001700841854, -292.09457882312552, -392.46190572086965, -466.38654286015304, -500.47986533127613, -577.5495281427518, -622.18374371880896, -678.94935078520564, -724.02831654543911, -772.68953943494898, -827.20567616144558, -864.83623957246004, -913.80596455497425, -953.06598690313217, -969.37701375132337, -996.48936188783011, -1011.5220194867284, -1030.333212131922, -1061.6970804853688, -1071.4503399652162, -1093.8798571370858, -1110.5092191174499, -1120.3682602544818, -1130.6205115064586, -1134.4656216162939, -1137.1059725433506, -1157.867286144829, -1160.8487389151699, -1174.6699816485275, -1180.9124748398738, -1181.2076361091995]
 -- BestCostElement: [-1181.20763611 -1180.91247484 -1179.31909229 -1176.30054506]
 -- BestRoute: [array([ 0,  4,  3,  6,  8,  5,  7, 10, 16, 15, 12, 13, 14, 17,  1, 20, 21,
       19, 18, 23, 26, 29, 30, 31,  2, 28, 27, 25, 24, 22, 11,  9,  0])]
 -- Custo: 
 ---------82.1980909727
 ---- Total: 82.1980909727
 -- Premio: 
 ---------151.0
 ---- Total: 151.0
 - Execucao 10
 -- BestCostGenaration: [-134.11145618000168, -215.48403918203218, -292.69203757433979, -350.83045549323469, -423.909360333118, -485.54185942810517, -544.51727589552115, -601.2845826491864, -655.91196980989412, -688.87921201759787, -738.64496797845436, -765.90544935531091, -845.22285085957947, -894.72341360431687, -926.25147025111937, -955.87140965129174, -982.17014693629244, -997.42313866844779, -1023.8847803405079, -1051.7502710533558, -1067.9411372116133, -1075.9299829638655, -1107.9542713003179, -1112.3764764021739, -1119.253822711268, -1121.3698483462622, -1131.6552819720559, -1140.3202539872179, -1146.0561675880588, -1156.0092765341396, -1156.088335885488]
 -- BestCostElement: [-1156.08833589 -1156.00927653 -1152.93901587 -1152.40481927]
 -- BestRoute: [array([ 0,  3,  4,  5,  7, 16, 15, 12, 13, 14,  1, 17, 21, 20, 19, 18, 23,
       26, 29, 30, 31,  2, 28, 27, 25, 24, 22,  8,  6,  9, 10, 11,  0])]
 -- Custo: 
 ---------88.4779160286
 ---- Total: 88.4779160286
 -- Premio: 
 ---------151.0
 ---- Total: 151.0
 - Execucao 11
 -- BestCostGenaration: [-134.11145618000168, -182.72467796880795, -285.77166389668866, -338.1049428330183, -369.33700800062911, -437.10836905042567, -490.36450082550567, -553.27471672254035, -630.96878459486288, -685.22545365294013, -725.51278019647839, -764.16509782452476, -815.5555207006596, -861.53782023676979, -885.0941716715646, -919.33057771948052, -952.52543424917474, -978.06688432285341, -1018.1131762628791, -1046.3477664970542, -1051.4031968052057, -1080.4794545764621, -1081.6978618421672, -1098.3783629315321, -1102.4769738396328, -1105.1371449866247, -1110.0588718475578, -1126.7377519623333, -1137.0062717662734, -1142.7435073256011, -1163.4089964716773, -1164.9233196710018, -1175.9213147377386, -1178.148220276556]
 -- BestCostElement: [-1178.14822028 -1175.92131474 -1175.09249219 -1175.09249219]
 -- BestRoute: [array([ 0,  7, 10,  9,  8, 11, 22, 24,  2, 26, 29, 30, 31, 28, 27, 25, 23,
       18, 19, 21, 20, 17,  1, 13, 14, 12, 15, 16,  5,  6,  3,  4,  0])]
 -- Custo: 
 ---------82.9629449309
 ---- Total: 82.9629449309
 -- Premio: 
 ---------151.0
 ---- Total: 151.0
 - Execucao 12
 -- BestCostGenaration: [-134.11145618000168, -182.72467796880795, -239.24959708854544, -294.1049428330183, -340.1585273301036, -393.88680836854536, -461.07847546132155, -515.43407467007319, -569.90349911435578, -617.98805720350492, -678.61364226999387, -733.5717687228946, -771.00251655986165, -799.69516785714711, -840.13836535599569, -889.8568631578546, -929.60681688549926, -953.33538542581618, -999.73320993792174, -1021.8756957973542, -1036.4459057592544, -1052.2946894752658, -1067.1186312308391, -1084.531748471813, -1088.5959247110763, -1108.5615450267308, -1122.6980951025773, -1128.5896004272854, -1138.2517697254857, -1151.7727905334293, -1167.9458048353199, -1180.3369350670096, -1180.4159944183577]
 -- BestCostElement: [-1180.41599442 -1180.33693507 -1178.11002953 -1177.28120698]
 -- BestRoute: [array([ 0,  3,  6,  9,  8, 11, 22, 24, 25, 27, 28, 31, 30, 29, 26,  2, 23,
       18, 19, 21, 20, 17,  1, 14, 13, 12, 15, 16, 10,  7,  5,  4,  0])]
 -- Custo: 
 ---------82.3960013954
 ---- Total: 82.3960013954
 -- Premio: 
 ---------151.0
 ---- Total: 151.0
 - Execucao 13
 -- BestCostGenaration: [-134.11145618000168, -182.72467796880795, -239.24959708854544, -303.4526796702537, -371.25553928772763, -435.32615098351511, -497.36954117465547, -553.17462806938238, -610.07646805110039, -662.36541635793412, -710.10152197010473, -764.09090074902974, -802.99927587246168, -840.18173157494289, -896.4508986763451, -921.95380743596093, -950.14834645780684, -983.45440468118375, -1007.6519489620587, -1019.958261782146, -1077.4438847543508, -1080.5488755438882, -1105.5439980367835, -1123.8972295551973, -1128.1215725682875, -1136.8181269406923, -1136.9579054678798, -1137.4711302366961, -1139.3499422023247, -1148.6878231527676, -1163.6938140654752, -1170.0065893976671, -1178.7982310885088, -1180.772104041024]
 -- BestCostElement: [-1180.77210404 -1178.79823109 -1175.77968386 -1171.96266284]
 -- BestRoute: [array([ 0,  6,  8, 11, 22, 24, 25, 27, 28,  2, 31, 30, 29, 26, 23, 21, 19,
        1, 20, 17, 13, 14, 12, 15, 16, 18,  9, 10,  7,  5,  3,  4,  0])]
 -- Custo: 
 ---------82.3069739897
 ---- Total: 82.3069739897
 -- Premio: 
 ---------151.0
 ---- Total: 151.0
 - Execucao 14
 -- BestCostGenaration: [-134.11145618000168, -225.61001700841854, -287.61001700841854, -360.05038401009938, -399.39077369413491, -462.1862924198137, -518.10939811445223, -599.71908868564924, -658.31113533530254, -701.397900772914, -760.63799022628086, -788.65871818163259, -829.23437754481984, -869.71602233572094, -904.57159338179747, -935.73518125186615, -960.52704525120441, -1014.2728942300416, -1052.3196499702583, -1077.0322323097514, -1093.7473590780285, -1114.3432153795477, -1131.0295068805631, -1152.4253375246917, -1156.4280900476724, -1160.1309671082404, -1165.4548128973429, -1171.8100542771654, -1179.2137121493622, -1186.623389610711, -1188.8502951495284]
 -- BestCostElement: [-1188.85029515 -1186.62338961 -1185.91080727 -1185.83174792]
 -- BestRoute: [array([ 0,  7,  9, 22, 24, 25, 27, 28,  2, 31, 30, 29, 26, 23, 18, 19, 21,
       20, 17,  1, 13, 14, 12, 15, 16, 10, 11,  8,  6,  3,  4,  5,  0])]
 -- Custo: 
 ---------80.2874262126
 ---- Total: 80.2874262126
 -- Premio: 
 ---------151.0
 ---- Total: 151.0
